# time = 0.6
# Grid points = 474
# Pressure (Pa) = 101325
#             1_pos             2_posf             3_uvel             4_vvel             5_wvel
  -3.6980046009e-01  -3.7040911034e-01   1.2215128025e+00   5.5870233078e-01   9.1132639669e-01
  -3.6856309884e-01  -3.6919180984e-01   1.3277296687e+00   4.7711581672e-01   9.9499301589e-01
  -3.6719571256e-01  -3.6793438783e-01   1.4302257191e+00   3.8126132313e-01   1.0761360150e+00
  -3.6550425528e-01  -3.6645703728e-01   1.5327555261e+00   2.5559479176e-01   1.1572887296e+00
  -3.6352456955e-01  -3.6455147329e-01   1.6170126467e+00   1.0070404050e-01   1.2230570239e+00
  -3.6149434233e-01  -3.6249766581e-01   1.6613184152e+00  -6.3920539820e-02   1.2553615739e+00
  -3.5948235097e-01  -3.6049101885e-01   1.6620087936e+00  -2.2850855230e-01   1.2509355429e+00
  -3.5742497542e-01  -3.5847368308e-01   1.6191522905e+00  -3.9316959146e-01   1.2097298646e+00
  -3.5537969225e-01  -3.5637626776e-01   1.5356400809e+00  -5.4780899963e-01   1.1348026918e+00
  -3.5360295803e-01  -3.5438311673e-01   1.4333513163e+00  -6.7014113051e-01   1.0457190395e+00
  -3.5215260755e-01  -3.5282279934e-01   1.3306175017e+00  -7.5934802881e-01   9.5810135129e-01
  -3.5087716451e-01  -3.5148241577e-01   1.2284285371e+00  -8.2771962296e-01   8.7247849474e-01
  -3.4970931790e-01  -3.5027191324e-01   1.1263685920e+00  -8.8124374663e-01   7.8840262322e-01
  -3.4861366285e-01  -3.4914672256e-01   1.0240542620e+00  -9.2297748204e-01   7.0556372467e-01
  -3.4756821222e-01  -3.4808060315e-01   9.2236308461e-01  -9.5433917371e-01   6.2470794144e-01
  -3.4655796858e-01  -3.4705582129e-01   8.1972445254e-01  -9.7683298471e-01   5.4467200431e-01
  -3.4557183201e-01  -3.4606011586e-01   7.1804792856e-01  -9.9072448201e-01   4.6704553347e-01
  -3.4460090548e-01  -3.4508354816e-01   6.1615186934e-01  -9.9672640744e-01   3.9102553961e-01
  -3.4363780905e-01  -3.4411826280e-01   5.1365660042e-01  -9.9498432389e-01   3.1650690430e-01
  -3.4267587517e-01  -3.4315735530e-01   4.1155714511e-01  -9.8558838263e-01   2.4439943639e-01
  -3.4170878770e-01  -3.4219439503e-01   3.0966046373e-01  -9.6858659749e-01   1.7475335095e-01
  -3.4073027657e-01  -3.4122318036e-01   2.0792409370e-01  -9.4389114088e-01   1.0777153024e-01
  -3.3973362143e-01  -3.4023737278e-01   1.0532599737e-01  -9.1089559043e-01   4.3119750148e-02
  -3.3871147447e-01  -3.3922987008e-01   3.8103704635e-03  -8.6989392590e-01  -1.7629064915e-02
  -3.3765518467e-01  -3.3819307886e-01  -9.8744289132e-02  -8.1950632537e-01  -7.5292331521e-02
  -3.3655421543e-01  -3.3711729047e-01  -2.0053694278e-01  -7.5987675770e-01  -1.2827927165e-01
  -3.3539515369e-01  -3.3599114039e-01  -3.0274962585e-01  -6.8943635183e-01  -1.7651336815e-01
  -3.3415987004e-01  -3.3479916699e-01  -4.0469830478e-01  -6.0735996796e-01  -2.1871728404e-01
  -3.3282243166e-01  -3.3352057309e-01  -5.0691151360e-01  -5.1143413634e-01  -2.5381431594e-01
  -3.3134287553e-01  -3.3212429024e-01  -6.0895578309e-01  -3.9941890584e-01  -2.7978070948e-01
  -3.2965256758e-01  -3.3056146083e-01  -7.1120570286e-01  -2.6669332843e-01  -2.9379593699e-01
  -3.2770284760e-01  -3.2874367432e-01  -8.0985043344e-01  -1.1214720233e-01  -2.9120136343e-01
  -3.2556415782e-01  -3.2666202088e-01  -8.9429156315e-01   5.2235698209e-02  -2.6918454204e-01
  -3.2324631451e-01  -3.2446629475e-01  -9.5867348540e-01   2.1728301351e-01  -2.2852354804e-01
  -3.2054105131e-01  -3.2202633427e-01  -9.9974211796e-01   3.8270867473e-01  -1.6942513921e-01
  -3.1674371534e-01  -3.1905576834e-01  -9.9982282258e-01   5.5096710180e-01  -8.9424490973e-02
  -3.1238079856e-01  -3.1443166234e-01  -9.3014146039e-01   6.5158323706e-01  -3.3583280841e-02
  -3.0895551843e-01  -3.1032993479e-01  -8.2611467381e-01   6.6428962766e-01  -3.3648000951e-02
  -3.0646137763e-01  -3.0758110207e-01  -7.2371906481e-01   6.4223783769e-01  -6.1521715770e-02
  -3.0436491620e-01  -3.0534165320e-01  -6.2167482336e-01   6.0820441348e-01  -1.0087447100e-01
  -3.0250404712e-01  -3.0338817920e-01  -5.1951106788e-01   5.6882308470e-01  -1.4553147222e-01
  -3.0079950389e-01  -3.0161991503e-01  -4.1760092546e-01   5.2708488047e-01  -1.9187144555e-01
  -2.9920380982e-01  -2.9997909274e-01  -3.1555203009e-01   4.8411154811e-01  -2.3791994484e-01
  -2.9768485373e-01  -2.9842852689e-01  -2.1357288978e-01   4.4050047588e-01  -2.8213254147e-01
  -2.9621847628e-01  -2.9694118056e-01  -1.1152898370e-01   3.9627326115e-01  -3.2351957958e-01
  -2.9478481705e-01  -2.9549577200e-01  -9.6420773452e-03   3.5132271432e-01  -3.6118735343e-01
  -2.9336593630e-01  -2.9407386209e-01   9.2483746385e-02   3.0504315918e-01  -3.9459142295e-01
  -2.9194390117e-01  -2.9265801050e-01   1.9458357589e-01   2.5689411852e-01  -4.2298100208e-01
  -2.9049875810e-01  -2.9122979184e-01   2.9653960807e-01   2.0600959466e-01  -4.4566117450e-01
  -2.8900562369e-01  -2.8976772435e-01   3.9860488497e-01   1.5093078235e-01  -4.6187200287e-01
  -2.8742923550e-01  -2.8824352302e-01   5.0075155370e-01   8.9621541341e-02  -4.7045328463e-01
  -2.8571172558e-01  -2.8661494798e-01   6.0293148765e-01   1.8671766391e-02  -4.6958856088e-01
  -2.8373476412e-01  -2.8480850318e-01   7.0556451641e-01  -6.9222087633e-02  -4.5569618064e-01
  -2.8121582204e-01  -2.8266102505e-01   8.0681014951e-01  -1.9157450332e-01  -4.1982613025e-01
  -2.7830563667e-01  -2.7977061903e-01   8.7651278388e-01  -3.4684243407e-01  -3.5896541645e-01
  -2.7546723023e-01  -2.7684065431e-01   8.8892010861e-01  -5.1097369046e-01  -2.8656369252e-01
  -2.7275723922e-01  -2.7409380614e-01   8.4654454871e-01  -6.7539346790e-01  -2.1314772114e-01
  -2.7022767359e-01  -2.7142067229e-01   7.6120236379e-01  -8.2985517523e-01  -1.4737941104e-01
  -2.6810376250e-01  -2.6903467489e-01   6.5849725255e-01  -9.5592465708e-01  -9.7746349448e-02
  -2.6636669944e-01  -2.6717285011e-01   5.5616919189e-01  -1.0531797477e+00  -6.2780846998e-02
  -2.6482459598e-01  -2.6556054878e-01   4.5389291832e-01  -1.1331635876e+00  -3.6612032998e-02
  -2.6339462608e-01  -2.6408864318e-01   3.5155555268e-01  -1.2003741558e+00  -1.6727748337e-02
  -2.6203057718e-01  -2.6270060899e-01   2.4970117801e-01  -1.2566700343e+00  -1.7989118609e-03
  -2.6070140776e-01  -2.6136054537e-01   1.4761686933e-01  -1.3035132352e+00   9.1950336269e-03
  -2.5938270385e-01  -2.6004227014e-01   4.5486797971e-02  -1.3410999556e+00   1.6851199951e-02
  -2.5805181966e-01  -2.5872313756e-01  -5.6794329587e-02  -1.3692128945e+00   2.1670152722e-02
  -2.5668449322e-01  -2.5738050176e-01  -1.5868436539e-01  -1.3869502311e+00   2.4080593632e-02
  -2.5525036620e-01  -2.5598848468e-01  -2.6087160402e-01  -1.3928683056e+00   2.4552115145e-02
  -2.5370505959e-01  -2.5451224772e-01  -3.6310567610e-01  -1.3839926746e+00   2.3628888881e-02
  -2.5197146206e-01  -2.5289787147e-01  -4.6541773022e-01  -1.3547359486e+00   2.2190303163e-02
  -2.4987344115e-01  -2.5104505265e-01  -5.6830574167e-01  -1.2917816946e+00   2.2160620375e-02
  -2.4723415019e-01  -2.4870182965e-01  -6.6080864101e-01  -1.1713135059e+00   2.8794729236e-02
  -2.4457369352e-01  -2.4576647073e-01  -7.1101718151e-01  -1.0086015812e+00   4.6723548124e-02
  -2.4234456015e-01  -2.4338091632e-01  -7.1799953169e-01  -8.4363726096e-01   7.3038783094e-02
  -2.4035808220e-01  -2.4130820398e-01  -6.9862548066e-01  -6.7871162680e-01   1.0578657509e-01
  -2.3850639994e-01  -2.3940796042e-01  -6.6085082088e-01  -5.1428487809e-01   1.4361035983e-01
  -2.3672686272e-01  -2.3760483947e-01  -6.0849386561e-01  -3.4932545735e-01   1.8571489964e-01
  -2.3497392530e-01  -2.3584888596e-01  -5.4418707928e-01  -1.8507255836e-01   2.3077494897e-01
  -2.3320634623e-01  -2.3409896465e-01  -4.6834929336e-01  -1.9973433362e-02   2.7809432253e-01
  -2.3137790691e-01  -2.3231372781e-01  -3.8162643614e-01   1.4451642192e-01   3.2582210026e-01
  -2.2946740203e-01  -2.3044208601e-01  -2.8449244562e-01   3.0593083469e-01   3.7117045117e-01
  -2.2753587010e-01  -2.2849271804e-01  -1.8264324883e-01   4.5320824575e-01   4.0831997626e-01
  -2.2561831779e-01  -2.2657902215e-01  -8.0787273071e-02   5.7877456870e-01   4.3246941347e-01
  -2.2366997326e-01  -2.2465761343e-01   2.1371044720e-02   6.8157804470e-01   4.4021776475e-01
  -2.2164173071e-01  -2.2268233309e-01   1.2319016498e-01   7.5761697266e-01   4.2673957297e-01
  -2.1947077257e-01  -2.2060112833e-01   2.2521600111e-01   8.0131770670e-01   3.8500739726e-01
  -2.1705560736e-01  -2.1834041681e-01   3.2730011449e-01   8.0180088279e-01   3.0374872404e-01
  -2.1450699888e-01  -2.1577079792e-01   4.1958504764e-01   7.4883602584e-01   1.8012466789e-01
  -2.1218137429e-01  -2.1324319985e-01   4.8761493619e-01   6.5636501609e-01   3.8197120183e-02
  -2.1014959023e-01  -2.1111954874e-01   5.3277719644e-01   5.4494660802e-01  -1.0372677975e-01
  -2.0824380621e-01  -2.0917963172e-01   5.6162244431e-01   4.2043727409e-01  -2.4519493882e-01
  -2.0636124556e-01  -2.0730798070e-01   5.7630460209e-01   2.8396927522e-01  -3.8674317181e-01
  -2.0440196118e-01  -2.0541451041e-01   5.7581323709e-01   1.3433045717e-01  -5.2863003454e-01
  -2.0229488604e-01  -2.0338941195e-01   5.5611899170e-01  -2.6540603557e-02  -6.6573058730e-01
  -1.9999305249e-01  -2.0120036014e-01   5.1059565651e-01  -1.9171691394e-01  -7.8616544249e-01
  -1.9748469668e-01  -1.9878574485e-01   4.3143713929e-01  -3.4685851789e-01  -8.7020432008e-01
  -1.9514725265e-01  -1.9618364851e-01   3.3049553603e-01  -4.5888841281e-01  -8.9613886477e-01
  -1.9323142777e-01  -1.9411085680e-01   2.2801832552e-01  -5.2151009691e-01  -8.7425117893e-01
  -1.9156647502e-01  -1.9235199875e-01   1.2603962367e-01  -5.5235654547e-01  -8.2289317277e-01
  -1.9005719198e-01  -1.9078095129e-01   2.3736552096e-02  -5.6104525293e-01  -7.5053168582e-01
  -1.8865142210e-01  -1.8933343266e-01  -7.8118037721e-02  -5.5277689494e-01  -6.6270702627e-01
  -1.8731568057e-01  -1.8796941155e-01  -1.8036476343e-01  -5.3081186735e-01  -5.6185881632e-01
  -1.8602604019e-01  -1.8666194959e-01  -2.8225439012e-01  -4.9749357869e-01  -4.5081547947e-01
  -1.8476334990e-01  -1.8539013079e-01  -3.8463172749e-01  -4.5402707402e-01  -3.3009664125e-01
  -1.8351069103e-01  -1.8413656901e-01  -4.8657582474e-01  -4.0179266891e-01  -2.0178161344e-01
  -1.8225217669e-01  -1.8288481305e-01  -5.8847686262e-01  -3.4126322194e-01  -6.6096381284e-02
  -1.8099103526e-01  -1.8161954033e-01  -6.8864040858e-01  -2.7387432902e-01   7.4189408628e-02
  -1.7973598030e-01  -1.8036253019e-01  -7.8507042611e-01  -2.0137187979e-01   2.1577381916e-01
  -1.7847308497e-01  -1.7910943041e-01  -8.7720884364e-01  -1.2440788915e-01   3.5746238053e-01
  -1.7717725566e-01  -1.7783673952e-01  -9.6473447506e-01  -4.3053637840e-02   4.9872761487e-01
  -1.7581696437e-01  -1.7651777180e-01  -1.0478938857e+00   4.3998643921e-02   6.4061574474e-01
  -1.7434549451e-01  -1.7511615695e-01  -1.1250401065e+00   1.3751670433e-01   7.8202330449e-01
  -1.7267732966e-01  -1.7357483207e-01  -1.1945459393e+00   2.4142025182e-01   9.2419512284e-01
  -1.7059341016e-01  -1.7177982725e-01  -1.2500251696e+00   3.6431304932e-01   1.0673888392e+00
  -1.6776235018e-01  -1.6940699306e-01  -1.2637599395e+00   5.1478787362e-01   1.1920354501e+00
  -1.6472451837e-01  -1.6611770730e-01  -1.1988572261e+00   6.5300727482e-01   1.2351099723e+00
  -1.6243459694e-01  -1.6333132944e-01  -1.0940627021e+00   7.4054932561e-01   1.2054058949e+00
  -1.6081376989e-01  -1.6153786444e-01  -9.9125064186e-01   7.9406725192e-01   1.1539297387e+00
  -1.5945839730e-01  -1.6008967534e-01  -8.8894189231e-01   8.3399212396e-01   1.0944415150e+00
  -1.5825462756e-01  -1.5882711926e-01  -7.8674020085e-01   8.6611902346e-01   1.0309068151e+00
  -1.5715003066e-01  -1.5768213585e-01  -6.8459856798e-01   8.9303975689e-01   9.6525752240e-01
  -1.5611482931e-01  -1.5661792546e-01  -5.8256912647e-01   9.1617909203e-01   8.9865825397e-01
  -1.5512994706e-01  -1.5561173316e-01  -4.8066448885e-01   9.3641539231e-01   8.3185009124e-01
  -1.5418217994e-01  -1.5464816097e-01  -3.7827185796e-01   9.5442263168e-01   7.6495415879e-01
  -1.5326167059e-01  -1.5371619891e-01  -2.7610616579e-01   9.7044606388e-01   6.9884150360e-01
  -1.5236057609e-01  -1.5280714228e-01  -1.7387161400e-01   9.8479730037e-01   6.3364820780e-01
  -1.5147241706e-01  -1.5191400990e-01  -7.1927420721e-02   9.9760297115e-01   5.6988096843e-01
  -1.5059156078e-01  -1.5103082422e-01   2.9871923604e-02   1.0089967473e+00   5.0769165813e-01
  -1.4971289483e-01  -1.5015229733e-01   1.3164217491e-01   1.0190445507e+00   4.4724495948e-01
  -1.4883147076e-01  -1.4927349233e-01   2.3449579199e-01   1.0278276742e+00   3.8816503485e-01
  -1.4794230518e-01  -1.4838944919e-01   3.3633942941e-01   1.0351186080e+00   3.3191304891e-01
  -1.4704018579e-01  -1.4749516116e-01   4.3828242372e-01   1.0409268364e+00   2.7810824742e-01
  -1.4611934246e-01  -1.4658521043e-01   5.4032044811e-01   1.0450951282e+00   2.2706610646e-01
  -1.4517313210e-01  -1.4565347449e-01   6.4229063366e-01   1.0473967098e+00   1.7921913975e-01
  -1.4419355347e-01  -1.4469278972e-01   7.4433199941e-01   1.0475254928e+00   1.3491928262e-01
  -1.4317045100e-01  -1.4369431723e-01   8.4663506252e-01   1.0450350007e+00   9.4618270560e-02
  -1.4209050785e-01  -1.4264658476e-01   9.4864148333e-01   1.0393217707e+00   5.9192906625e-02
  -1.4093515799e-01  -1.4153443094e-01   1.0507990666e+00   1.0294687910e+00   2.9346966677e-02
  -1.3967658218e-01  -1.4033588504e-01   1.1529601608e+00   1.0140899614e+00   6.3764009561e-03
  -1.3826925434e-01  -1.3901727932e-01   1.2551659951e+00   9.9085827938e-01  -7.8204663517e-03
  -1.3662710856e-01  -1.3752122937e-01   1.3575210447e+00   9.5534917788e-01  -9.9268221612e-03
  -1.3453491443e-01  -1.3573298776e-01   1.4607689909e+00   8.9638674977e-01   7.6243769573e-03
  -1.3154160285e-01  -1.3333684110e-01   1.5549055134e+00   7.8524062672e-01   6.3679958814e-02
  -1.2818515204e-01  -1.2974636460e-01   1.5932251040e+00   6.2728050553e-01   1.5135176673e-01
  -1.2526277906e-01  -1.2662393947e-01   1.5712710784e+00   4.6289512374e-01   2.3411813856e-01
  -1.2265634424e-01  -1.2390161865e-01   1.5129072435e+00   2.9837556500e-01   3.0134719187e-01
  -1.2023724022e-01  -1.2141106983e-01   1.4300308581e+00   1.3427446676e-01   3.5065912340e-01
  -1.1801629842e-01  -1.1906341061e-01   1.3320156650e+00  -2.4083671235e-02   3.8094280796e-01
  -1.1605612296e-01  -1.1696918623e-01   1.2299122017e+00  -1.6756896562e-01   3.9358190542e-01
  -1.1431651014e-01  -1.1514305968e-01   1.1278520585e+00  -2.9664137950e-01   3.9291469135e-01
  -1.1272457373e-01  -1.1348996061e-01   1.0257466381e+00  -4.1498718818e-01   3.8227903822e-01
  -1.1123913991e-01  -1.1195918685e-01   9.2384511420e-01  -5.2426247902e-01   3.6382745418e-01
  -1.0983365335e-01  -1.1051909298e-01   8.2176237847e-01  -6.2600554246e-01   3.3893495528e-01
  -1.0848928075e-01  -1.0914821371e-01   7.1983773861e-01  -7.2053543943e-01   3.0870175240e-01
  -1.0719154627e-01  -1.0783034779e-01   6.1772955684e-01  -8.0853608528e-01   2.7376176617e-01
  -1.0592861481e-01  -1.0655274476e-01   5.1574119187e-01  -8.8988599128e-01   2.3472960364e-01
  -1.0469014004e-01  -1.0530448487e-01   4.1397977644e-01  -9.6451053625e-01   1.9201200966e-01
  -1.0346662900e-01  -1.0407579521e-01   3.1151313345e-01  -1.0328189802e+00   1.4536678454e-01
  -1.0224874742e-01  -1.0285746279e-01   2.0979492352e-01  -1.0934492489e+00   9.5494197486e-02
  -1.0102672768e-01  -1.0164003205e-01   1.0769653179e-01  -1.1465129224e+00   4.1752071797e-02
  -9.9789714326e-02  -1.0041342332e-01   5.5256550216e-03  -1.1908709454e+00  -1.6026964022e-02
  -9.8524825469e-02  -9.9166005329e-02  -9.6412709536e-02  -1.2251286154e+00  -7.8172610396e-02
  -9.7215666488e-02  -9.7883645609e-02  -1.9843753463e-01  -1.2475478475e+00  -1.4569561971e-01
  -9.5839595463e-02  -9.6547687367e-02  -3.0058137296e-01  -1.2552713157e+00  -2.1995794005e-01
  -9.4362517803e-02  -9.5131503559e-02  -4.0271847764e-01  -1.2437986475e+00  -3.0304087858e-01
  -9.2726699724e-02  -9.3593532047e-02  -5.0484947321e-01  -1.2053903174e+00  -3.9876614283e-01
  -9.0821715886e-02  -9.1859867401e-02  -6.0721734497e-01  -1.1240305075e+00  -5.1531869927e-01
  -8.8736083398e-02  -8.9783564371e-02  -6.9600719638e-01  -9.8955103807e-01  -6.4782394116e-01
  -8.6839659430e-02  -8.7688602425e-02  -7.5441470492e-01  -8.2621911981e-01  -7.7240134490e-01
  -8.5262896878e-02  -8.5990716435e-02  -7.8601606183e-01  -6.6090112886e-01  -8.7864341518e-01
  -8.3881609257e-02  -8.4535077321e-02  -8.0124706825e-01  -4.9599278902e-01  -9.7307110832e-01
  -8.2624253049e-02  -8.3228141194e-02  -8.0553664266e-01  -3.3134261255e-01  -1.0597018273e+00
  -8.1450927184e-02  -8.2020364904e-02  -8.0188361732e-01  -1.6611506704e-01  -1.1410880872e+00
  -8.0335876200e-02  -8.0881489464e-02  -7.9224430315e-01  -1.6600665248e-03  -1.2178888465e+00
  -7.9260653562e-02  -7.9790262936e-02  -7.7791043048e-01   1.6310786544e-01  -1.2915012618e+00
  -7.8210989789e-02  -7.8731044188e-02  -7.5979214798e-01   3.2841425225e-01  -1.3625883041e+00
  -7.7174621548e-02  -7.7690935390e-02  -7.3889376942e-01   4.9231334812e-01  -1.4307522540e+00
  -7.6140085420e-02  -7.6658307706e-02  -7.1543586925e-01   6.5788384968e-01  -1.4975461258e+00
  -7.5095622693e-02  -7.5621863133e-02  -6.9033263020e-01   8.2234755178e-01  -1.5620029508e+00
  -7.4027860954e-02  -7.4569382252e-02  -6.6391407865e-01   9.8695491556e-01  -1.6247008277e+00
  -7.2919843082e-02  -7.3486339655e-02  -6.3661851905e-01   1.1520711227e+00  -1.6857067401e+00
  -7.1747766086e-02  -7.2353346508e-02  -6.0919262791e-01   1.3166677847e+00  -1.7444128181e+00
  -7.0473248683e-02  -7.1142185663e-02  -5.8220594829e-01   1.4819381149e+00  -1.8007031761e+00
  -6.9021703820e-02  -6.9804311703e-02  -5.5696494018e-01   1.6477120998e+00  -1.8532414669e+00
  -6.7187113435e-02  -6.8239095936e-02  -5.3639598689e-01   1.8148457184e+00  -1.8985772207e+00
  -6.3758010335e-02  -6.6135130934e-02  -5.4323342336e-01   1.9669138733e+00  -1.9032272859e+00
  -6.0035098387e-02  -6.1380889736e-02  -6.1282231965e-01   1.9063978417e+00  -1.7927491541e+00
  -5.7864016290e-02  -5.8689307039e-02  -6.8682013907e-01   1.7400586209e+00  -1.6579739215e+00
  -5.6390912590e-02  -5.7038725542e-02  -7.4890334060e-01   1.5736891941e+00  -1.5361121642e+00
  -5.5186258336e-02  -5.5743099638e-02  -8.0522899665e-01   1.4083007443e+00  -1.4189941672e+00
  -5.4129310517e-02  -5.4629417034e-02  -8.5796971761e-01   1.2426689873e+00  -1.3034575854e+00
  -5.3167624812e-02  -5.3629204001e-02  -9.0742360496e-01   1.0783596841e+00  -1.1895826143e+00
  -5.2272320068e-02  -5.2706045624e-02  -9.5442973748e-01   9.1406788346e-01  -1.0759060021e+00
  -5.1425786131e-02  -5.1838594512e-02  -9.9967916568e-01   7.4803135041e-01  -9.6085215634e-01
  -5.0615705159e-02  -5.1012977751e-02  -1.0421916759e+00   5.8441149872e-01  -8.4705181226e-01
  -4.9832961490e-02  -5.0218432567e-02  -1.0829998961e+00   4.1965610719e-01  -7.3184184302e-01
  -4.9070774485e-02  -4.9447490414e-02  -1.1220254813e+00   2.5402103740e-01  -6.1521435080e-01
  -4.8323461234e-02  -4.8694058556e-02  -1.1587885857e+00   8.9556268565e-02  -4.9845820221e-01
  -4.7586149135e-02  -4.7952863912e-02  -1.1935661838e+00  -7.5011958457e-02  -3.8052986286e-01
  -4.6854547088e-02  -4.7219434358e-02  -1.2263189317e+00  -2.3983590610e-01  -2.6115980684e-01
  -4.6124611770e-02  -4.6489659817e-02  -1.2569523717e+00  -4.0499184288e-01  -1.4011446380e-01
  -4.5392356169e-02  -4.5759563724e-02  -1.2851836461e+00  -5.6962101034e-01  -1.7838114841e-02
  -4.4653676363e-02  -4.5025148615e-02  -1.3109403052e+00  -7.3418986711e-01   1.0622082920e-01
  -4.3904138959e-02  -4.4282204112e-02  -1.3339997805e+00  -8.9864218069e-01   2.3227307440e-01
  -4.3138614449e-02  -4.3526073807e-02  -1.3542272189e+00  -1.0643620489e+00   3.6173058828e-01
  -4.2351021095e-02  -4.2751155092e-02  -1.3709530288e+00  -1.2290561166e+00   4.9321308888e-01
  -4.1533990364e-02  -4.1950887098e-02  -1.3837369465e+00  -1.3923959249e+00   6.2689549958e-01
  -4.0678919211e-02  -4.1117093629e-02  -1.3921227058e+00  -1.5586094410e+00   7.6702262218e-01
  -3.9787890520e-02  -4.0240744792e-02  -1.3948120000e+00  -1.7195364393e+00   9.0760992668e-01
  -3.8865648742e-02  -3.9335036248e-02  -1.3910170123e+00  -1.8745178612e+00   1.0488979413e+00
  -3.7905109755e-02  -3.8396261235e-02  -1.3797347735e+00  -2.0212850825e+00   1.1899096635e+00
  -3.6893494433e-02  -3.7413958274e-02  -1.3592882862e+00  -2.1599245898e+00   1.3324147373e+00
  -3.5813024663e-02  -3.6373030592e-02  -1.3281058330e+00  -2.2852440111e+00   1.4734174777e+00
  -3.4636645663e-02  -3.5253018735e-02  -1.2827890171e+00  -2.3958076202e+00   1.6150256704e+00
  -3.3317836268e-02  -3.4020272591e-02  -1.2182412910e+00  -2.4852834055e+00   1.7566685472e+00
  -3.1853741004e-02  -3.2615399944e-02  -1.1299439332e+00  -2.5410985417e+00   1.8916744774e+00
  -3.0425889910e-02  -3.1092082063e-02  -1.0282308796e+00  -2.5513501484e+00   1.9994292779e+00
  -2.9160313116e-02  -2.9759697758e-02  -9.2617194265e-01  -2.5237440998e+00   2.0738758688e+00
  -2.8007139518e-02  -2.8560928474e-02  -8.2394176168e-01  -2.4693791213e+00   2.1244547215e+00
  -2.6932153266e-02  -2.7453350562e-02  -7.2174033741e-01  -2.3947514778e+00   2.1565144818e+00
  -2.5913590365e-02  -2.6410955970e-02  -6.1984808017e-01  -2.3042681019e+00   2.1734821703e+00
  -2.4936450918e-02  -2.5416224761e-02  -5.1790040975e-01  -2.2004287506e+00   2.1777027317e+00
  -2.3989710208e-02  -2.4456677075e-02  -4.1565604084e-01  -2.0848928816e+00   2.1706291706e+00
  -2.3064634716e-02  -2.3522743342e-02  -3.1339881471e-01  -1.9593932004e+00   2.1532586811e+00
  -2.2153870913e-02  -2.2606526090e-02  -2.1124692891e-01  -1.8252174233e+00   2.1263255143e+00
  -2.1250924397e-02  -2.1701215737e-02  -1.0920586217e-01  -1.6832735585e+00   2.0902920439e+00
  -2.0349736154e-02  -2.0800633056e-02  -7.2179515604e-03  -1.5341717618e+00   2.0453535787e+00
  -1.9444303391e-02  -1.9898839251e-02   9.4789944908e-02  -1.3783167162e+00   1.9914507586e+00
  -1.8531435678e-02  -1.8989767531e-02   1.9650326240e-01  -1.2165880947e+00   1.9285291607e+00
  -1.7619224221e-02  -1.8073103825e-02   2.9624244370e-01  -1.0521136514e+00   1.8574512586e+00
  -1.6712709786e-02  -1.7165344618e-02   3.9280571085e-01  -8.8742768154e-01   1.7790351941e+00
  -1.5804300187e-02  -1.6260074954e-02   4.8642234183e-01  -7.2264115243e-01   1.6929748255e+00
  -1.4885002984e-02  -1.5348525420e-02   5.7732747501e-01  -5.5766615338e-01   1.5985793508e+00
  -1.3944950291e-02  -1.4421480549e-02   6.6554904241e-01  -3.9261669847e-01   1.4949251985e+00
  -1.2972435918e-02  -1.3468420033e-02   7.5084075195e-01  -2.2797826566e-01   1.3809359881e+00
  -1.1952556042e-02  -1.2476451802e-02   8.3332146749e-01  -6.3324068615e-02   1.2542543762e+00
  -1.0901901438e-02  -1.1428660282e-02   9.1005774449e-01   9.5668034566e-02   1.1170092865e+00
  -9.8700026392e-03  -1.0375142594e-02   9.7733562888e-01   2.4110154127e-01   9.7464213213e-01
  -8.8766212592e-03  -9.3648626841e-03   1.0327300108e+00   3.6683949865e-01   8.3386820700e-01
  -7.9136012273e-03  -8.3883798343e-03   1.0782016233e+00   4.7623962003e-01   6.9254742803e-01
  -6.9746490601e-03  -7.4388226202e-03   1.1142959126e+00   5.6983584062e-01   5.5098187597e-01
  -6.0544532753e-03  -6.5104755000e-03   1.1415218736e+00   6.4818565259e-01   4.0941848224e-01
  -5.1483878533e-03  -5.5984310506e-03   1.1603603132e+00   7.1188278975e-01   2.6798251199e-01
  -4.2522905674e-03  -4.6983446560e-03   1.1712372779e+00   7.6149157082e-01   1.2670334200e-01
  -3.3622784473e-03  -3.8062364787e-03   1.1745055891e+00   7.9749703933e-01  -1.4461020357e-02
  -2.4745821158e-03  -2.9183204160e-03   1.1704334079e+00   8.2026913680e-01  -1.5559960871e-01
  -1.5853577037e-03  -2.0308438157e-03   1.1590747460e+00   8.3001504483e-01  -2.9776935066e-01
  -6.9053618314e-04  -1.1398715918e-03   1.1406827717e+00   8.2669606870e-01  -4.3912452998e-01
   2.1432926734e-04  -2.4120077452e-04   1.1153213272e+00   8.1048655754e-01  -5.8037404099e-01
   1.1343269387e-03   6.6985930920e-04   1.0829419917e+00   7.8125055865e-01  -7.2171094224e-01
   2.0755220487e-03   1.5987945682e-03   1.0434688076e+00   7.3873091024e-01  -8.6298909415e-01
   3.0454745059e-03   2.5522495292e-03   9.9661232218e-01   6.8234886235e-01  -1.0044051457e+00
   4.0541495199e-03   3.5386994826e-03   9.4179010105e-01   6.1101583638e-01  -1.1463416281e+00
   5.1151108868e-03   4.5695995572e-03   8.7883611985e-01   5.2407057823e-01  -1.2876007687e+00
   6.2481201241e-03   5.6606222164e-03   8.0653286776e-01   4.1927908762e-01  -1.4288081448e+00
   7.4853349096e-03   6.8356180319e-03   7.2263098786e-01   2.9248421293e-01  -1.5707273862e+00
   8.8464930442e-03   8.1350517873e-03   6.2677686372e-01   1.4203943487e-01  -1.7092376072e+00
   1.0255889207e-02   9.5579343011e-03   5.2636407437e-01  -2.1008299741e-02  -1.8308643661e+00
   1.1645163960e-02   1.0953844112e-02   4.2769831030e-01  -1.8619574887e-01  -1.9279220851e+00
   1.3038820669e-02   1.2336483807e-02   3.3208054612e-01  -3.5075603352e-01  -2.0000159842e+00
   1.4474402966e-02   1.3741157531e-02   2.3866878345e-01  -5.1568536872e-01  -2.0470623070e+00
   1.6000281109e-02   1.5207648400e-02   1.4733928457e-01  -6.8090143917e-01  -2.0656178203e+00
   1.7696882436e-02   1.6792913818e-02   5.8035393526e-02  -8.4611386457e-01  -2.0477988702e+00
   1.9719691877e-02   1.8600851054e-02  -2.9235896366e-02  -1.0102676050e+00  -1.9745539804e+00
   2.1781254979e-02   2.0838532700e-02  -9.5711285409e-02  -1.1346652789e+00  -1.8470751337e+00
   2.3478405140e-02   2.2723977259e-02  -1.3241540504e-01  -1.1989444798e+00  -1.7045045150e+00
   2.4891656671e-02   2.4232833021e-02  -1.5066802372e-01  -1.2237438818e+00  -1.5626666015e+00
   2.6150965576e-02   2.5550480320e-02  -1.5798500848e-01  -1.2229709782e+00  -1.4205437581e+00
   2.7313638643e-02   2.6751450832e-02  -1.5770408739e-01  -1.2029013323e+00  -1.2793421725e+00
   2.8411734611e-02   2.7875826455e-02  -1.5174756061e-01  -1.1668503181e+00  -1.1379379540e+00
   2.9465543842e-02   2.8947642767e-02  -1.4128067482e-01  -1.1168289012e+00  -9.9665295187e-01
   3.0489426378e-02   2.9983444918e-02  -1.2698690573e-01  -1.0536020441e+00  -8.5462565854e-01
   3.1494438210e-02   3.0995407838e-02  -1.0961171366e-01  -9.7872133519e-01  -7.1360991631e-01
   3.2489694623e-02   3.1993468581e-02  -8.9423018257e-02  -8.9198124789e-01  -5.7231746417e-01
   3.3483159899e-02   3.2985920666e-02  -6.6611216515e-02  -7.9304431058e-01  -4.3028069100e-01
   3.4482309383e-02   3.3980399133e-02  -4.1746884273e-02  -6.8335964424e-01  -2.8961649543e-01
   3.5494669596e-02   3.4984219634e-02  -1.4473418660e-02  -5.6036052761e-01  -1.4748197269e-01
   3.6528137752e-02   3.6005119559e-02   1.4549006273e-02  -4.2607174538e-01  -6.8273905151e-03
   3.7591629709e-02   3.7051155946e-02   4.5841288165e-02  -2.7711318110e-01   1.3510279410e-01
   3.8676508329e-02   3.8132103473e-02   7.8472023157e-02  -1.1700347951e-01   2.7419493396e-01
   3.9745391715e-02   3.9220913185e-02   1.1102460632e-01   4.7685910204e-02   4.0517224823e-01
   4.0780395815e-02   4.0269870245e-02   1.4250115255e-01   2.1172432435e-01   5.2520011465e-01
   4.1792529147e-02   4.1290921385e-02   1.7342227096e-01   3.7750800942e-01   6.3724841668e-01
   4.2791381848e-02   4.2294136909e-02   2.0322055582e-01   5.4162811526e-01   7.4003753871e-01
   4.3785665605e-02   4.3288626788e-02   2.3234919894e-01   7.0617079433e-01   8.3579010560e-01
   4.4783801397e-02   4.4282704422e-02   2.6094579553e-01   8.7165385911e-01   9.2534163014e-01
   4.5794585863e-02   4.5284898371e-02   2.8858978579e-01   1.0353193451e+00   1.0077788817e+00
   4.6828138443e-02   4.6304273354e-02   3.1600664952e-01   1.2012377183e+00   1.0855478399e+00
   4.7896810081e-02   4.7352003533e-02   3.4258355540e-01   1.3655610658e+00   1.1571367834e+00
   4.9016840781e-02   4.8441616628e-02   3.6864260081e-01   1.5301723404e+00   1.2237168119e+00
   5.0212153825e-02   4.9592064934e-02   3.9419488029e-01   1.6953464938e+00   1.2855292128e+00
   5.1521303825e-02   5.0832242717e-02   4.1898144782e-01   1.8600218775e+00   1.3422662345e+00
   5.3018531920e-02   5.2210364933e-02   4.4298428744e-01   2.0258662855e+00   1.3943976235e+00
   5.4898249362e-02   5.3826698907e-02   4.6530706416e-01   2.1926085008e+00   1.4412826115e+00
   5.7433058715e-02   5.5969799817e-02   4.7986790365e-01   2.3370319550e+00   1.4757907858e+00
   6.0359576512e-02   5.8896317613e-02   4.7189106598e-01   2.3825624366e+00   1.4809487490e+00
   6.3323589536e-02   6.1822835410e-02   4.3273029588e-01   2.2893358079e+00   1.4526615520e+00
   6.5741570421e-02   6.4824343663e-02   3.7732267900e-01   2.1177508522e+00   1.4083024020e+00
   6.7400790339e-02   6.6658797179e-02   3.2646988017e-01   1.9518299768e+00   1.3669177509e+00
   6.8793414866e-02   6.8142783500e-02   2.7642616358e-01   1.7866326282e+00   1.3257677578e+00
   7.0038346266e-02   6.9444046232e-02   2.2644786835e-01   1.6212299685e+00   1.2840925361e+00
   7.1189764829e-02   7.0632646299e-02   1.7673159706e-01   1.4567501617e+00   1.2418610092e+00
   7.2278546326e-02   7.1746883359e-02   1.2696871382e-01   1.2922577446e+00   1.1986023001e+00
   7.3324505769e-02   7.2810209292e-02   7.6938712473e-02   1.1269128313e+00   1.1538759634e+00
   7.4342023644e-02   7.3838802245e-02   2.7321375827e-02   9.6271827553e-01   1.1080296924e+00
   7.5342390198e-02   7.4845245042e-02  -2.2502834056e-02   7.9726371882e-01   1.0601869727e+00
   7.6335105909e-02   7.5839535353e-02  -7.1573691996e-02   6.3326821928e-01   1.0109214377e+00
   7.7328918155e-02   7.6830676466e-02  -1.2050228923e-01   4.6807874803e-01   9.5919804308e-01
   7.8332432950e-02   7.7827159844e-02  -1.6856593619e-01   3.0332911578e-01   9.0522805653e-01
   7.9354796458e-02   7.8837706055e-02  -2.1553729942e-01   1.3877417969e-01   8.4860516269e-01
   8.0406425156e-02   7.9871886861e-02  -2.6104243220e-01  -2.5648937856e-02   7.8890008357e-01
   8.1500239424e-02   8.0940963452e-02  -3.0478521434e-01  -1.9089299211e-01   7.2518442805e-01
   8.2653309216e-02   8.2059515397e-02  -3.4571358880e-01  -3.5597541539e-01   6.5705509394e-01
   8.3889595972e-02   8.3247103036e-02  -3.8259782285e-01  -5.2045639263e-01   5.8366294926e-01
   8.5246569445e-02   8.4532088908e-02  -4.1383221494e-01  -6.8525298702e-01   5.0296911812e-01
   8.6791267990e-02   8.5961049983e-02  -4.3612232350e-01  -8.5059868851e-01   4.1191435121e-01
   8.8671778775e-02   8.7621485996e-02  -4.4220571039e-01  -1.0166611073e+00   3.0418216846e-01
   9.1078855560e-02   8.9722071554e-02  -4.1473986289e-01  -1.1703852843e+00   1.7458858449e-01
   9.3779307433e-02   9.2435639567e-02  -3.3861444146e-01  -1.2675536310e+00   4.3412739464e-02
   9.6146186614e-02   9.5122975300e-02  -2.3644621579e-01  -1.2910598781e+00  -5.6283002410e-02
   9.8053028061e-02   9.7169397928e-02  -1.3391736212e-01  -1.2716367217e+00  -1.2505737273e-01
   9.9754544347e-02   9.8936658194e-02  -3.1677237476e-02  -1.2298197339e+00  -1.7773063466e-01
   1.0136435039e-01   1.0057243050e-01   7.0759848664e-02  -1.1724277891e+00  -2.2047867906e-01
   1.0295285915e-01   1.0215627029e-01   1.7274706599e-01  -1.1025891840e+00  -2.5620350618e-01
   1.0458404905e-01   1.0374944802e-01   2.7506293112e-01  -1.0201674721e+00  -2.8726047912e-01
   1.0634352739e-01   1.0541865007e-01   3.7747972612e-01  -9.2320176869e-01  -3.1528336095e-01
   1.0841051399e-01   1.0726840471e-01   4.8061045087e-01  -8.0363629097e-01  -3.4264647856e-01
   1.1098372716e-01   1.0955262327e-01   5.7261129941e-01  -6.5451630221e-01  -3.7120042055e-01
   1.1398189411e-01   1.1241483105e-01   6.1706933532e-01  -4.9001091369e-01  -4.0073856167e-01
   1.1719241157e-01   1.1554895717e-01   5.7961257396e-01  -3.3482042001e-01  -4.3070037603e-01
   1.1989950401e-01   1.1883586597e-01   4.8197286557e-01  -2.2444563412e-01  -4.5463000446e-01
   1.2179383362e-01   1.2096314205e-01   3.7877371387e-01  -1.5993124897e-01  -4.6947983226e-01
   1.2334724450e-01   1.2262452519e-01   2.7631384084e-01  -1.1492787938e-01  -4.7947750704e-01
   1.2473181496e-01   1.2406996381e-01   1.7408624215e-01  -8.0729056284e-02  -4.8600876503e-01
   1.2601932903e-01   1.2539366612e-01   7.1771547858e-02  -5.3800863743e-02  -4.8950136089e-01
   1.2725039618e-01   1.2664499194e-01  -3.0337958879e-02  -3.2459337244e-02  -4.9002679735e-01
   1.2845289759e-01   1.2785580041e-01  -1.3228550323e-01  -1.5676473635e-02  -4.8750274128e-01
   1.2964934444e-01   1.2904999477e-01  -2.3452268918e-01  -2.8512205459e-03  -4.8165164976e-01
   1.3086120114e-01   1.3024869412e-01  -3.3649254647e-01   6.1832271238e-03  -4.7208638972e-01
   1.3211269777e-01   1.3147370816e-01  -4.3881971974e-01   1.1435943517e-02  -4.5808604095e-01
   1.3343590563e-01   1.3275168738e-01  -5.4092081193e-01   1.2507588763e-02  -4.3869726445e-01
   1.3488156597e-01   1.3412012388e-01  -6.4333675834e-01   8.5092490063e-03  -4.1206761474e-01
   1.3655014400e-01   1.3564300807e-01  -7.4587552803e-01  -2.6496884404e-03  -3.7475107130e-01
   1.3875765443e-01   1.3745727992e-01  -8.5031842811e-01  -2.7898575236e-02  -3.1577907309e-01
   1.4222919033e-01   1.4005802894e-01  -9.2869202831e-01  -8.9214739651e-02  -2.0952340051e-01
   1.4613454130e-01   1.4440035173e-01  -8.9304457845e-01  -1.8033439583e-01  -9.0488038436e-02
   1.4887295073e-01   1.4786873087e-01  -7.8808915861e-01  -2.5230088702e-01  -2.1855283553e-02
   1.5067493209e-01   1.4987717059e-01  -6.8512608024e-01  -2.9981198126e-01   9.9548045554e-03
   1.5216833682e-01   1.5147269358e-01  -5.8256402722e-01  -3.3747454657e-01   2.6100644561e-02
   1.5349887133e-01   1.5286398006e-01  -4.8051124236e-01  -3.6846100629e-01   3.1609481480e-02
   1.5472930927e-01   1.5413376260e-01  -3.7825133448e-01  -3.9430198009e-01   2.8734796262e-02
   1.5589447021e-01   1.5532485594e-01  -2.7629102164e-01  -4.1548608013e-01   1.8669557669e-02
   1.5701697958e-01   1.5646408447e-01  -1.7407543906e-01  -4.3241369803e-01   2.0610945006e-03
   1.5811321348e-01   1.5756987469e-01  -7.1933365631e-02  -4.4508789391e-01  -2.0644804924e-02
   1.5919637841e-01   1.5865655227e-01   3.0089991481e-02  -4.5343785736e-01  -4.9183700013e-02
   1.6027811659e-01   1.5973620456e-01   1.3208743295e-01  -4.5726456759e-01  -8.3473024476e-02
   1.6136975016e-01   1.6082002862e-01   2.3416520794e-01  -4.5620038240e-01  -1.2358534682e-01
   1.6248343204e-01   1.6191947171e-01   3.3632635087e-01  -4.4968063622e-01  -1.6969593949e-01
   1.6363343234e-01   1.6304739237e-01   4.3834982596e-01  -4.3693178596e-01  -2.2199994021e-01
   1.6483819763e-01   1.6421947232e-01   5.4050978815e-01  -4.1675142622e-01  -2.8114128802e-01
   1.6612401653e-01   1.6545692294e-01   6.4265055425e-01  -3.8737805215e-01  -3.4785049851e-01
   1.6753291977e-01   1.6679111011e-01   7.4488043548e-01  -3.4583498036e-01  -4.2357075306e-01
   1.6914388720e-01   1.6827472942e-01   8.4721717048e-01  -2.8661188395e-01  -5.1087615481e-01
   1.7115950516e-01   1.7001304498e-01   9.5070800514e-01  -1.9530461507e-01  -6.1702332558e-01
   1.7369772378e-01   1.7230596534e-01   1.0378316333e+00  -5.7408290495e-02  -7.3640632901e-01
   1.7634339118e-01   1.7508948223e-01   1.0759353675e+00   1.0718374684e-01  -8.3448770379e-01
   1.7880261243e-01   1.7759730013e-01   1.0611350406e+00   2.7200031421e-01  -8.9239739501e-01
   1.8123546620e-01   1.8000792473e-01   1.0012767055e+00   4.3676831956e-01  -9.1264060558e-01
   1.8353318152e-01   1.8246300767e-01   9.0848180847e-01   5.8510608754e-01  -8.9654344379e-01
   1.8548900586e-01   1.8460335536e-01   8.0572810749e-01   6.9938432824e-01  -8.5592617718e-01
   1.8716943560e-01   1.8637465635e-01   7.0352238102e-01   7.8434421650e-01  -8.0237810762e-01
   1.8870885793e-01   1.8796421485e-01   6.0128602995e-01   8.4891519672e-01  -7.3961877816e-01
   1.9017182817e-01   1.8945350101e-01   4.9900765272e-01   8.9652612665e-01  -6.6940120440e-01
   1.9159925867e-01   1.9089015533e-01   3.9702896425e-01   9.2855815708e-01  -5.9287253519e-01
   1.9302290656e-01   1.9230836202e-01   2.9509740909e-01   9.4550574982e-01  -5.1026267966e-01
   1.9447273116e-01   1.9373745110e-01   1.9290927216e-01   9.4674933766e-01  -4.2130332792e-01
   1.9598301714e-01   1.9520801122e-01   9.0585753257e-02   9.3055858692e-01  -3.2568627647e-01
   1.9760021064e-01   1.9675802305e-01  -1.1429174299e-02   8.9405019519e-01  -2.2299729982e-01
   1.9940028222e-01   1.9844239822e-01  -1.1366970166e-01   8.3149265218e-01  -1.1102051138e-01
   2.0154089895e-01   2.0035816621e-01  -2.1637398748e-01   7.3070215957e-01   1.4253626308e-02
   2.0404104003e-01   2.0272363169e-01  -3.0728256823e-01   5.8622221570e-01   1.4310092170e-01
   2.0660769780e-01   2.0535844837e-01  -3.6742153860e-01   4.2102768107e-01   2.5006117110e-01
   2.0916961670e-01   2.0785694723e-01  -3.9517772987e-01   2.5565652448e-01   3.2591271435e-01
   2.1209171323e-01   2.1048228617e-01  -3.9455346666e-01   8.9050895158e-02   3.7219656597e-01
   2.1688762737e-01   2.1370114030e-01  -3.5213884704e-01  -7.1264755578e-02   3.5955892563e-01
   2.2270105424e-01   2.2007411443e-01  -3.1104962488e-01  -4.6621627854e-02   2.5645532889e-01
   2.2696541465e-01   2.2532799406e-01  -3.3316564449e-01   1.1829471672e-01   1.6544328496e-01
   2.3007497011e-01   2.2860283525e-01  -3.9009380681e-01   2.8469142068e-01   1.2161802895e-01
   2.3308958064e-01   2.3154710497e-01  -4.7340787494e-01   4.4782726054e-01   1.1492161518e-01
   2.3611663289e-01   2.3463205631e-01  -5.7343976897e-01   5.8471797413e-01   1.5320018036e-01
   2.3919061762e-01   2.3760120946e-01  -6.7541169205e-01   6.7153620249e-01   2.4314476908e-01
   2.4215739928e-01   2.4078002578e-01  -7.5646325608e-01   6.9319424971e-01   3.7452303873e-01
   2.4472063454e-01   2.4353477278e-01  -7.9917595705e-01   6.5907396242e-01   5.1665915484e-01
   2.4702555328e-01   2.4590649630e-01  -8.0724998763e-01   5.8966096925e-01   6.5827545351e-01
   2.4927696228e-01   2.4814461025e-01  -7.8245573264e-01   4.9284439565e-01   7.9995875877e-01
   2.5163385774e-01   2.5040931431e-01  -7.1924538146e-01   3.6969355219e-01   9.4089413475e-01
   2.5388493385e-01   2.5285840118e-01  -6.2459990508e-01   2.4116873497e-01   1.0581892187e+00
   2.5575354410e-01   2.5491146652e-01  -5.2190097830e-01   1.3264284773e-01   1.1354991156e+00
   2.5734147990e-01   2.5659562169e-01  -4.1958740747e-01   4.3050097365e-02   1.1825682360e+00
   2.5877637238e-01   2.5808733811e-01  -3.1759613956e-01  -3.3451729547e-02   1.2079830241e+00
   2.6011986904e-01   2.5946540665e-01  -2.1525916118e-01  -1.0026629036e-01   1.2156196834e+00
   2.6140944093e-01   2.6077433143e-01  -1.1308318727e-01  -1.5883183749e-01   1.2071622204e+00
   2.6267213633e-01   2.6204455044e-01  -1.0915415758e-02  -2.1051011645e-01   1.1833211598e+00
   2.6393041817e-01   2.6329972222e-01   9.1070881931e-02  -2.5618042553e-01   1.1440510852e+00
   2.6520597387e-01   2.6456111412e-01   1.9313785606e-01  -2.9675377497e-01   1.0883655284e+00
   2.6652313940e-01   2.6585083361e-01   2.9522304927e-01  -3.3292720898e-01   1.0144173595e+00
   2.6791365493e-01   2.6719544518e-01   3.9745299620e-01  -3.6553776312e-01   9.1881752061e-01
   2.6940741523e-01   2.6863186467e-01   4.9844387415e-01  -3.9526357364e-01   7.9774790809e-01
   2.7090326388e-01   2.7018296578e-01   5.8897841188e-01  -4.2121319051e-01   6.5896129272e-01
   2.7228644062e-01   2.7162356198e-01   6.6118912741e-01  -4.4311972457e-01   5.1758952236e-01
   2.7357450510e-01   2.7294931926e-01   7.1791103490e-01  -4.6314400855e-01   3.7588912786e-01
   2.7480029931e-01   2.7419969094e-01   7.6157774109e-01  -4.8280935253e-01   2.3494327911e-01
   2.7598628366e-01   2.7540090769e-01   7.9453222346e-01  -5.0360316098e-01   9.2717988344e-02
   2.7714962490e-01   2.7657165963e-01   8.1739344978e-01  -5.2612932098e-01  -4.8384403082e-02
   2.7830500285e-01   2.7772759017e-01   8.3130242218e-01  -5.5139842837e-01  -1.8961184505e-01
   2.7946612677e-01   2.7888241553e-01   8.3673739096e-01  -5.8026745923e-01  -3.3110843726e-01
   2.8064745085e-01   2.8004983800e-01   8.3391009228e-01  -6.1364848924e-01  -4.7290484203e-01
   2.8186571179e-01   2.8124506371e-01   8.2291255692e-01  -6.5230934116e-01  -6.1403782579e-01
   2.8314259229e-01   2.8248635988e-01   8.0343259566e-01  -6.9783762221e-01  -7.5566243972e-01
   2.8450937746e-01   2.8379882470e-01   7.7492078959e-01  -7.5175760023e-01  -8.9694043898e-01
   2.8601818298e-01   2.8521993021e-01   7.3568782365e-01  -8.1741178427e-01  -1.0391014386e+00
   2.8777291216e-01   2.8681643575e-01   6.8301326473e-01  -8.9947387208e-01  -1.1809213876e+00
   2.9004812862e-01   2.8872938857e-01   6.0791893363e-01  -1.0118288146e+00  -1.3233812328e+00
   2.9292507380e-01   2.9136686866e-01   5.1198299999e-01  -1.1517124228e+00  -1.4299961665e+00
   2.9631871274e-01   2.9448327894e-01   4.0960859338e-01  -1.2919131592e+00  -1.4454438277e+00
   2.9974456151e-01   2.9815414654e-01   3.2615860151e-01  -1.3798193836e+00  -1.3488822681e+00
   3.0243363404e-01   3.0133497647e-01   2.7525676324e-01  -1.3942925244e+00  -1.2040364131e+00
   3.0446572079e-01   3.0353229161e-01   2.4343939430e-01  -1.3656483754e+00  -1.0619217263e+00
   3.0625344734e-01   3.0539914998e-01   2.1771201534e-01  -1.3104660000e+00  -9.2004711081e-01
   3.0792413806e-01   3.0710774470e-01   1.9364749869e-01  -1.2335491631e+00  -7.7875505325e-01
   3.0954577957e-01   3.0874053142e-01   1.6822000489e-01  -1.1355149538e+00  -6.3697185740e-01
   3.1116814502e-01   3.1035102771e-01   1.3909743014e-01  -1.0163015983e+00  -4.9561696419e-01
   3.1283622600e-01   3.1198526232e-01   1.0345708003e-01  -8.7347366678e-01  -3.5447819837e-01
   3.1450131715e-01   3.1368718968e-01   6.0543364216e-02  -7.1311018141e-01  -2.2159906676e-01
   3.1607558447e-01   3.1531544462e-01   1.2142539671e-02  -5.4842214510e-01  -1.0695474879e-01
   3.1756315276e-01   3.1683572431e-01  -4.1463311988e-02  -3.8354557135e-01  -1.0672550337e-02
   3.1900028863e-01   3.1829058121e-01  -1.0068592837e-01  -2.1896679603e-01   6.9103358906e-02
   3.2041392659e-01   3.1970999605e-01  -1.6620650634e-01  -5.4286189819e-02   1.3373572150e-01
   3.2182695494e-01   3.2111785712e-01  -2.3873901818e-01   1.1067825481e-01   1.8366298781e-01
   3.2326161394e-01   3.2253605276e-01  -3.1865560043e-01   2.7516766631e-01   2.1856128222e-01
   3.2474251663e-01   3.2398717511e-01  -4.0721844629e-01   4.3993841809e-01   2.3790274652e-01
   3.2628347686e-01   3.2549785816e-01  -5.0419403970e-01   6.0266391634e-01   2.4028457805e-01
   3.2784158610e-01   3.2706909556e-01  -6.0619903722e-01   7.5684660315e-01   2.2511220292e-01
   3.2938497316e-01   3.2861407665e-01  -7.0812539252e-01   8.9565719496e-01   1.9402066813e-01
   3.3094393668e-01   3.3015586967e-01  -8.1016255238e-01   1.0209952059e+00   1.4817305658e-01
   3.3256216276e-01   3.3173200370e-01  -9.1236977098e-01   1.1340046050e+00   8.7631846552e-02
   3.3430603787e-01   3.3339232183e-01  -1.0146292580e+00   1.2352220992e+00   1.1175589141e-02
   3.3631203309e-01   3.3521975392e-01  -1.1175005216e+00   1.3253244566e+00  -8.5993337051e-02
   3.3882026232e-01   3.3740431227e-01  -1.2151429666e+00   1.3996031805e+00  -2.1055372500e-01
   3.4198241840e-01   3.4023621236e-01  -1.2763463104e+00   1.4401586912e+00  -3.5284230884e-01
   3.4559995976e-01   3.4372862443e-01  -1.2459470505e+00   1.4291530604e+00  -4.6573071959e-01
   3.4847770126e-01   3.4747129508e-01  -1.1420452504e+00   1.3898488321e+00  -5.0149836982e-01
   3.5025282232e-01   3.4948410745e-01  -1.0386875968e+00   1.3551392157e+00  -4.9193418533e-01
   3.5167391941e-01   3.5102153720e-01  -9.3636194908e-01   1.3234105518e+00  -4.6628787870e-01
   3.5290739484e-01   3.5232630161e-01  -8.3412097417e-01   1.2934799250e+00  -4.3100298706e-01
   3.5402115876e-01   3.5348848806e-01  -7.3193569095e-01   1.2647977644e+00  -3.8892284196e-01
   3.5505163888e-01   3.5455382947e-01  -6.2992246736e-01   1.2369971916e+00  -3.4171471968e-01
   3.5602119737e-01   3.5554944829e-01  -5.2782721348e-01   1.2096935753e+00  -2.9027373202e-01
   3.5694480740e-01   3.5649294645e-01  -4.2546320575e-01   1.1825706046e+00  -2.3517816202e-01
   3.5783333435e-01   3.5739666836e-01  -3.2340602488e-01   1.1555403816e+00  -1.7724577271e-01
   3.5869513579e-01   3.5827000034e-01  -2.2194953809e-01   1.1284616678e+00  -1.1707517859e-01
   3.5953668848e-01   3.5912027123e-01  -1.1886801480e-01   1.1005184803e+00  -5.3597702555e-02
   3.6036347780e-01   3.5995310573e-01  -1.7891652394e-02   1.0725152824e+00   1.0630852887e-02
   3.6118031228e-01   3.6077384986e-01   8.5310248226e-02   1.0430266448e+00   7.8166906314e-02
   3.6199147201e-01   3.6158677469e-01   1.8673294822e-01   1.0129604345e+00   1.4623929369e-01
   3.6280109265e-01   3.6239616934e-01   2.8863645609e-01   9.8142500522e-01   2.1618299309e-01
   3.6361322919e-01   3.6320601597e-01   3.9137927184e-01   9.4799934300e-01   2.8815669423e-01
   3.6443204313e-01   3.6402044241e-01   4.9252226706e-01   9.1318996199e-01   3.6032560515e-01
   3.6526212683e-01   3.6484364385e-01   5.9562225003e-01   8.7539019869e-01   4.3513772338e-01
   3.6610857297e-01   3.6568060981e-01   6.9679876972e-01   8.3559454603e-01   5.0969004547e-01
   3.6697742924e-01   3.6653653614e-01   7.9938297048e-01   7.9198760731e-01   5.8634287314e-01
   3.6787627916e-01   3.6741832235e-01   9.0144900708e-01   7.4465599478e-01   6.6359710658e-01
   3.6881471393e-01   3.6833423597e-01   1.0032009815e+00   6.9269757073e-01   7.4151227293e-01
   3.6985215112e-01   3.6929519189e-01   1.1101181700e+00   6.3158739502e-01   8.2426707993e-01