# time = 1.7
# Grid points = 474
# Pressure (Pa) = 101325
#             1_pos             2_posf             3_uvel             4_vvel             5_wvel
  -2.1335630533e-01  -2.1370746597e-01   1.1071616255e+00   7.2937751542e-01   1.0403072738e+00
  -2.1264240999e-01  -2.1300514468e-01   1.2034341478e+00   6.2286862368e-01   1.1358158007e+00
  -2.1185349673e-01  -2.1227967529e-01   1.2963340886e+00   4.9773320339e-01   1.2284435835e+00
  -2.1087761078e-01  -2.1142731817e-01   1.3892644209e+00   3.3367886560e-01   1.3210825615e+00
  -2.0973543147e-01  -2.1032790339e-01   1.4656325179e+00   1.3147292845e-01   1.3961598074e+00
  -2.0856409226e-01  -2.0914295955e-01   1.5057893605e+00  -8.3440435716e-02   1.4330370949e+00
  -2.0740327422e-01  -2.0798522497e-01   1.5064139987e+00  -2.9830621461e-01   1.4279851842e+00
  -2.0621627179e-01  -2.0682132348e-01   1.4675685274e+00  -5.1326748072e-01   1.3809480646e+00
  -2.0503624605e-01  -2.0561122011e-01   1.3918735216e+00  -7.1514588667e-01   1.2954166884e+00
  -2.0401115959e-01  -2.0446127200e-01   1.2991599987e+00  -8.7484796986e-01   1.1937251079e+00
  -2.0317438015e-01  -2.0356104718e-01   1.2060433095e+00  -9.9130584504e-01   1.0937068676e+00
  -2.0243851353e-01  -2.0278771313e-01   1.1134205986e+00  -1.0805637216e+00   9.9596572973e-01
  -2.0176472465e-01  -2.0208931393e-01   1.0209149240e+00  -1.1504385775e+00   8.9999048258e-01
  -2.0113258668e-01  -2.0144013537e-01   9.2817875354e-01  -1.2049213633e+00   8.0542724781e-01
  -2.0052941414e-01  -2.0082503799e-01   8.3600746182e-01  -1.2458636917e+00   7.1312777709e-01
  -1.9994655426e-01  -2.0023379028e-01   7.4297746752e-01  -1.2752292182e+00   6.2176416547e-01
  -1.9937760295e-01  -1.9965931823e-01   6.5081956222e-01  -1.2933646277e+00   5.3315101887e-01
  -1.9881742707e-01  -1.9909588768e-01   5.5846271984e-01  -1.3012003927e+00   4.4637170141e-01
  -1.9826176877e-01  -1.9853896647e-01   4.6556280827e-01  -1.2989265443e+00   3.6130621844e-01
  -1.9770678120e-01  -1.9798457107e-01   3.7302169776e-01  -1.2866607696e+00   2.7899314816e-01
  -1.9714882027e-01  -1.9742899133e-01   2.8066441928e-01  -1.2644657508e+00   1.9948981402e-01
  -1.9658426846e-01  -1.9686864921e-01   1.8845248496e-01  -1.2322268323e+00   1.2302781390e-01
  -1.9600924847e-01  -1.9629988771e-01   9.5459539949e-02  -1.1891523490e+00   4.9225620251e-02
  -1.9541952097e-01  -1.9571860922e-01   3.4477665223e-03  -1.1356260778e+00  -2.0121219924e-02
  -1.9481009477e-01  -1.9512043272e-01  -8.9505721779e-02  -1.0698467041e+00  -8.5945815115e-02
  -1.9417489078e-01  -1.9449975681e-01  -1.8176849729e-01  -9.9200216989e-01  -1.4643223764e-01
  -1.9350617032e-01  -1.9385002474e-01  -2.7441192993e-01  -9.0004435858e-01  -2.0149314060e-01
  -1.9279347366e-01  -1.9316231591e-01  -3.6681602166e-01  -7.9289606947e-01  -2.4967040005e-01
  -1.9202183884e-01  -1.9242463140e-01  -4.5945981826e-01  -6.6766767676e-01  -2.8973492272e-01
  -1.9116820921e-01  -1.9161904627e-01  -5.5195042352e-01  -5.2143498088e-01  -3.1937652406e-01
  -1.9019298636e-01  -1.9071737215e-01  -6.4462734193e-01  -3.4816545449e-01  -3.3537547675e-01
  -1.8906809579e-01  -1.8966860056e-01  -7.3403649646e-01  -1.4640974678e-01  -3.3241378812e-01
  -1.8783417912e-01  -1.8846759101e-01  -8.1057173073e-01   6.8187663795e-02  -3.0728094445e-01
  -1.8649689986e-01  -1.8720076723e-01  -8.6892566413e-01   2.8365251669e-01  -2.6086514184e-01
  -1.8493609877e-01  -1.8579303249e-01  -9.0614884301e-01   4.9961137735e-01  -1.9340241540e-01
  -1.8274522651e-01  -1.8407916505e-01  -9.0622121713e-01   7.1926853868e-01  -1.0207915690e-01
  -1.8022804250e-01  -1.8141128796e-01  -8.4306257871e-01   8.5062080328e-01  -3.8334899263e-02
  -1.7825182777e-01  -1.7904479703e-01  -7.4877406535e-01   8.6720936799e-01  -3.8409273281e-02
  -1.7681283371e-01  -1.7745885851e-01  -6.5596413486e-01   8.3842202723e-01  -7.0228566526e-02
  -1.7560328069e-01  -1.7616680891e-01  -5.6347270660e-01   7.9399298086e-01  -1.1515158698e-01
  -1.7452965262e-01  -1.7503975246e-01  -4.7087296397e-01   7.4258238937e-01  -1.6612959213e-01
  -1.7354621673e-01  -1.7401955278e-01  -3.7850310083e-01   6.8809495635e-01  -2.1902876600e-01
  -1.7262558134e-01  -1.7307288068e-01  -2.8600748385e-01   6.3199509233e-01  -2.7159520717e-01
  -1.7174921991e-01  -1.7217828200e-01  -1.9357510503e-01   5.7506266702e-01  -3.2206589153e-01
  -1.7090319372e-01  -1.7132015782e-01  -1.0108404116e-01   5.1732587273e-01  -3.6931108912e-01
  -1.7007604430e-01  -1.7048622963e-01  -8.7353023949e-03   4.5864477142e-01  -4.1231059876e-01
  -1.6925742132e-01  -1.6966585897e-01   8.3829958244e-02   3.9822866761e-01  -4.5044292051e-01
  -1.6843697842e-01  -1.6884898367e-01   1.7637162127e-01   3.3537197667e-01  -4.8285099986e-01
  -1.6760320340e-01  -1.6802497318e-01   2.6878290233e-01   2.6894415574e-01  -5.0874155926e-01
  -1.6674173979e-01  -1.6718143362e-01   3.6129314152e-01   1.9704076766e-01  -5.2724709665e-01
  -1.6583224292e-01  -1.6630204595e-01   4.5387707384e-01   1.1700367480e-01  -5.3704318844e-01
  -1.6484132590e-01  -1.6536243989e-01   5.4649104586e-01   2.4381057984e-02  -5.3605626397e-01
  -1.6370071835e-01  -1.6432021191e-01   6.3951551790e-01  -9.0361699773e-02  -5.2019770555e-01
  -1.6224741520e-01  -1.6308122480e-01   7.3128213189e-01  -2.5008938846e-01  -4.7925065511e-01
  -1.6056838431e-01  -1.6141360560e-01   7.9445826685e-01  -4.5278780120e-01  -4.0977553905e-01
  -1.5893076625e-01  -1.5972316301e-01   8.0570261773e-01  -6.6705748655e-01  -3.2712563291e-01
  -1.5736723745e-01  -1.5813836948e-01   7.6729252071e-01  -8.8170418515e-01  -2.4331768652e-01
  -1.5590780504e-01  -1.5659610541e-01   6.8993818024e-01  -1.0833511060e+00  -1.6823969242e-01
  -1.5468241494e-01  -1.5521950467e-01   5.9684659836e-01  -1.2479326967e+00  -1.1158073668e-01
  -1.5368021673e-01  -1.5414532521e-01   5.0409703812e-01  -1.3748977207e+00  -7.1665472858e-02
  -1.5279050043e-01  -1.5321510826e-01   4.1139457781e-01  -1.4793155003e+00  -4.1792031828e-02
  -1.5196547957e-01  -1.5236589261e-01   3.1863686238e-01  -1.5670580512e+00  -1.9092670006e-02
  -1.5117849182e-01  -1.5156506654e-01   2.2631702197e-01  -1.6405517098e+00  -2.0501853942e-03
  -1.5041162777e-01  -1.5079191709e-01   1.3378885641e-01  -1.7017051069e+00   1.0500435935e-02
  -1.4965080180e-01  -1.5003133845e-01   4.1219291802e-02  -1.7507743740e+00   1.9240820239e-02
  -1.4888294842e-01  -1.4927026516e-01  -5.1487109305e-02  -1.7874758323e+00   2.4742382310e-02
  -1.4809406969e-01  -1.4849563169e-01  -1.4383894743e-01  -1.8106321736e+00   2.7494496284e-02
  -1.4726665038e-01  -1.4769250770e-01  -2.3646007548e-01  -1.8183587401e+00   2.8033218107e-02
  -1.4637508602e-01  -1.4684079306e-01  -3.2912354428e-01  -1.8067724657e+00   2.6979729297e-02
  -1.4537488725e-01  -1.4590937899e-01  -4.2185755225e-01  -1.7685791475e+00   2.5337866290e-02
  -1.4416443449e-01  -1.4484039552e-01  -5.1511337480e-01  -1.6863945036e+00   2.5304204718e-02
  -1.4264169607e-01  -1.4348847346e-01  -5.9895591305e-01  -1.5291267203e+00   3.2877273280e-02
  -1.4110674610e-01  -1.4179491868e-01  -6.4446319881e-01  -1.3167104952e+00   5.3343361363e-02
  -1.3982064802e-01  -1.4041857352e-01  -6.5079089428e-01  -1.1013535716e+00   8.3382675004e-02
  -1.3867454995e-01  -1.3922272253e-01  -6.3322954701e-01  -8.8604700464e-01   1.2076488897e-01
  -1.3760622222e-01  -1.3812637737e-01  -5.9899017277e-01  -6.7139162019e-01   1.6394146835e-01
  -1.3657951856e-01  -1.3708606708e-01  -5.5153362645e-01  -4.5604076596e-01   2.1200463127e-01
  -1.3556816165e-01  -1.3607297003e-01  -4.9324593923e-01  -2.4161219271e-01   2.6344157413e-01
  -1.3454835724e-01  -1.3506335326e-01  -4.2450672009e-01  -2.6078824907e-02   3.1745757069e-01
  -1.3349343952e-01  -1.3403336121e-01  -3.4590143058e-01   1.8865922412e-01   3.7193973167e-01
  -1.3239117409e-01  -1.3295351783e-01  -2.5785964513e-01   3.9938243011e-01   4.2370565034e-01
  -1.3127677711e-01  -1.3182883035e-01  -1.6554412070e-01   5.9165016991e-01   4.6611231999e-01
  -1.3017044567e-01  -1.3072472387e-01  -7.3222539185e-02   7.5557463735e-01   4.9367896029e-01
  -1.2904634866e-01  -1.2961616747e-01   1.9373002663e-02   8.8978279957e-01   5.0252320218e-01
  -1.2787615450e-01  -1.2847652985e-01   1.1166101786e-01   9.8905054200e-01   4.8713661560e-01
  -1.2662362062e-01  -1.2727577916e-01   2.0413630991e-01   1.0461016282e+00   4.3949712085e-01
  -1.2523019151e-01  -1.2597146208e-01   2.9666431510e-01   1.0467333413e+00   3.4673674439e-01
  -1.2375977233e-01  -1.2448892094e-01   3.8031031491e-01   9.7758998171e-01   2.0561486667e-01
  -1.2241800367e-01  -1.2303062372e-01   4.4197169689e-01   8.5687217162e-01   4.3599085375e-02
  -1.2124576623e-01  -1.2180538361e-01   4.8290604978e-01   7.1141882938e-01  -1.1841236654e-01
  -1.2014622451e-01  -1.2068614885e-01   5.0905079844e-01   5.4887548326e-01  -2.7990345611e-01
  -1.1906008150e-01  -1.1960630016e-01   5.2235823828e-01   3.7072028913e-01  -4.4148584999e-01
  -1.1792967274e-01  -1.1851386283e-01   5.2191252012e-01   1.7537080238e-01  -6.0345469111e-01
  -1.1671399614e-01  -1.1734548266e-01   5.0406147940e-01  -3.4642254391e-02  -7.5995965099e-01
  -1.1538595371e-01  -1.1608250963e-01   4.6279920343e-01  -2.5027593766e-01  -8.9743994265e-01
  -1.1393875830e-01  -1.1468939780e-01   3.9105036370e-01  -4.5280988890e-01  -9.9337270118e-01
  -1.1259017041e-01  -1.1318811881e-01   2.9955765829e-01  -5.9906285425e-01  -1.0229771626e+00
  -1.1148483561e-01  -1.1199222202e-01   2.0667321142e-01  -6.8081473218e-01  -9.9799085601e-01
  -1.1052424144e-01  -1.1097744920e-01   1.1424068369e-01  -7.2108488259e-01  -9.3936314703e-01
  -1.0965346087e-01  -1.1007103367e-01   2.1514203889e-02  -7.3242869538e-01  -8.5675922476e-01
  -1.0884240221e-01  -1.0923588807e-01  -7.0805735508e-02  -7.2163550675e-01  -7.5650355142e-01
  -1.0807174638e-01  -1.0844891635e-01  -1.6348106937e-01  -6.9296168412e-01  -6.4138103552e-01
  -1.0732768861e-01  -1.0769457642e-01  -2.5583270426e-01  -6.4946647786e-01  -5.1462042739e-01
  -1.0659917969e-01  -1.0696080080e-01  -3.4862636969e-01  -5.9272304975e-01  -3.7681489192e-01
  -1.0587645839e-01  -1.0623755858e-01  -4.4102732830e-01  -5.2453335633e-01  -2.3033804343e-01
  -1.0515035878e-01  -1.0551535821e-01  -5.3338923662e-01  -4.4551470515e-01  -7.5447849542e-02
  -1.0442274347e-01  -1.0478535935e-01  -6.2417628133e-01  -3.5754121255e-01   8.4694028250e-02
  -1.0369863975e-01  -1.0406012759e-01  -7.1157927907e-01  -2.6289207235e-01   2.4631829787e-01
  -1.0297001253e-01  -1.0333715191e-01  -7.9509240036e-01  -1.6241846703e-01   4.0806142552e-01
  -1.0222238406e-01  -1.0260287315e-01  -8.7442452454e-01  -5.6213447997e-02   5.6932127355e-01
  -1.0143756426e-01  -1.0184189497e-01  -9.4979913097e-01   5.7430242358e-02   7.3129214218e-01
  -1.0058860000e-01  -1.0103323355e-01  -1.0197234194e+00   1.7951489576e-01   8.9271437265e-01
  -9.9626152603e-02  -1.0014396645e-01  -1.0827224992e+00   3.1515760599e-01   1.0550089645e+00
  -9.8423835641e-02  -9.9108338758e-02  -1.1330079367e+00   4.7559042439e-01   1.2184699654e+00
  -9.6790456126e-02  -9.7739332525e-02  -1.1454565003e+00   6.7203126597e-01   1.3607584473e+00
  -9.5037779640e-02  -9.5841579727e-02  -1.0866288427e+00   8.5247372778e-01   1.4099289227e+00
  -9.3716609905e-02  -9.4233979552e-02  -9.9164380660e-01   9.6675860323e-01   1.3760198037e+00
  -9.2781474045e-02  -9.3199240257e-02  -8.9845577789e-01   1.0366258431e+00   1.3172571385e+00
  -9.1999492087e-02  -9.2363707833e-02  -8.0572399826e-01   1.0887476932e+00   1.2493484368e+00
  -9.1304977361e-02  -9.1635276341e-02  -7.1308928889e-01   1.1306894860e+00   1.1768205531e+00
  -9.0667680389e-02  -9.0974678380e-02  -6.2050904151e-01   1.1658347577e+00   1.1018787980e+00
  -9.0070421169e-02  -9.0360682398e-02  -5.2803050430e-01   1.1960435050e+00   1.0258526226e+00
  -8.9502193542e-02  -8.9780159939e-02  -4.3566510655e-01   1.2224624082e+00   9.4958799689e-01
  -8.8955379479e-02  -8.9224227146e-02  -3.4285741344e-01   1.2459713280e+00   8.7322318439e-01
  -8.8424291788e-02  -8.8686531813e-02  -2.5025543180e-01   1.2668904298e+00   7.9775252129e-01
  -8.7904405485e-02  -8.8162051764e-02  -1.5759105265e-01   1.2856265164e+00   7.2333134827e-01
  -8.7391982301e-02  -8.7646759205e-02  -6.5189867845e-02   1.3023448964e+00   6.5053808077e-01
  -8.6883772435e-02  -8.7137205396e-02   2.7080010643e-02   1.3172200745e+00   5.7954608625e-01
  -8.6376826285e-02  -8.6630339473e-02   1.1932350205e-01   1.3303381107e+00   5.1054335551e-01
  -8.5868288835e-02  -8.6123313097e-02   2.1254892582e-01   1.3418051388e+00   4.4310085024e-01
  -8.5355284918e-02  -8.5613264574e-02   3.0485889437e-01   1.3513241321e+00   3.7888655652e-01
  -8.4834807311e-02  -8.5097305262e-02   3.9725889672e-01   1.3589074803e+00   3.1746582376e-01
  -8.4303526924e-02  -8.4572309360e-02   4.8974500854e-01   1.3643499207e+00   2.5919878076e-01
  -8.3757611039e-02  -8.4034744487e-02   5.8216960409e-01   1.3673554030e+00   2.0457916021e-01
  -8.3192443335e-02  -8.3480477591e-02   6.7465868448e-01   1.3675243358e+00   1.5400871049e-01
  -8.2602164555e-02  -8.2904409079e-02   7.6738492660e-01   1.3642738541e+00   1.0800310595e-01
  -8.1979091563e-02  -8.2299920030e-02   8.5984225082e-01   1.3568161446e+00   6.7563255893e-02
  -8.1312512679e-02  -8.1658263095e-02   9.5243653141e-01   1.3439540705e+00   3.3492549119e-02
  -8.0586377601e-02  -8.0966762262e-02   1.0450339235e+00   1.3238781049e+00   7.2703687183e-03
  -7.9774420073e-02  -8.0205992941e-02   1.1376717714e+00   1.2935503941e+00  -8.9362664492e-03
  -7.8826984378e-02  -7.9342847206e-02   1.2304447238e+00   1.2471947585e+00  -1.1341070198e-02
  -7.7619893370e-02  -7.8311121550e-02   1.3240267300e+00   1.1702212915e+00   8.6940678044e-03
  -7.5892902822e-02  -7.6928665189e-02   1.4093497261e+00   1.0251230400e+00   7.2683678364e-02
  -7.3956399162e-02  -7.4857140454e-02   1.4440805622e+00   8.1890974093e-01   1.7276484548e-01
  -7.2270336629e-02  -7.3055657870e-02   1.4241802141e+00   6.0430804396e-01   2.6724654925e-01
  -7.0766554553e-02  -7.1485015388e-02   1.3712785970e+00   3.8953100183e-01   3.4399195749e-01
  -6.9370852947e-02  -7.0048093718e-02   1.2961592350e+00   1.7530015455e-01   4.0028437899e-01
  -6.8089480996e-02  -6.8693612176e-02   1.2073183996e+00  -3.1433423947e-02   4.3485536198e-01
  -6.6958558133e-02  -6.7485349816e-02   1.1147721999e+00  -2.1875081831e-01   4.4928432821e-01
  -6.5954888851e-02  -6.6431766451e-02   1.0222654276e+00  -3.8725248808e-01   4.4852357169e-01
  -6.5036421438e-02  -6.5478011252e-02   9.2971773812e-01  -5.4175079154e-01   4.3638341693e-01
  -6.4179400681e-02  -6.4594831624e-02   8.3735495723e-01  -6.8440771783e-01   4.1532104042e-01
  -6.3368505471e-02  -6.3763969737e-02   7.4482801107e-01  -8.1723147636e-01   3.8690608352e-01
  -6.2592869957e-02  -6.2973041205e-02   6.5244443594e-01  -9.4063859535e-01   3.5239447934e-01
  -6.1844142297e-02  -6.2212698710e-02   5.5989456837e-01  -1.0555219147e+00   3.1250987683e-01
  -6.1115494230e-02  -6.1475585884e-02   4.6745336637e-01  -1.1617228338e+00   2.6795387209e-01
  -6.0400956442e-02  -6.0755402576e-02   3.7521793213e-01  -1.2591439373e+00   2.1919077944e-01
  -5.9695051981e-02  -6.0046510309e-02   2.8234335170e-01  -1.3483195096e+00   1.6594412401e-01
  -5.8992395435e-02  -5.9343593653e-02   1.9014720876e-01  -1.4274713878e+00   1.0901327922e-01
  -5.8287351381e-02  -5.8641197216e-02   9.7606544877e-02  -1.4967452421e+00   4.7665180688e-02
  -5.7573656758e-02  -5.7933505546e-02   5.0002607462e-03  -1.5546540598e+00  -1.8291237994e-02
  -5.6843879372e-02  -5.7213807971e-02  -8.7395187233e-02  -1.5993770865e+00  -8.9232348899e-02
  -5.6088560346e-02  -5.6473950773e-02  -1.7986889471e-01  -1.6286452915e+00  -1.6631196990e-01
  -5.5294636429e-02  -5.5703169919e-02  -2.7245034085e-01  -1.6387284980e+00  -2.5108482760e-01
  -5.4442436754e-02  -5.4886102940e-02  -3.6502550952e-01  -1.6237515671e+00  -3.4592683139e-01
  -5.3498651823e-02  -5.3998770568e-02  -4.5759489530e-01  -1.5736107159e+00  -4.5520063622e-01
  -5.2399571759e-02  -5.2998533079e-02  -5.5037858741e-01  -1.4673976425e+00  -5.8824975475e-01
  -5.1196266490e-02  -5.1800610439e-02  -6.3085491001e-01  -1.2918379541e+00  -7.3950972928e-01
  -5.0102125042e-02  -5.0591922542e-02  -6.8379294100e-01  -1.0786119010e+00  -8.8172000092e-01
  -4.9192412186e-02  -4.9612327541e-02  -7.1243432465e-01  -8.6279296761e-01  -1.0029998993e+00
  -4.8395478556e-02  -4.8772496831e-02  -7.2623791061e-01  -6.4750875985e-01  -1.1107932961e+00
  -4.7670047129e-02  -4.8018460280e-02  -7.3012437452e-01  -4.3256153498e-01  -1.2096861901e+00
  -4.6993096994e-02  -4.7321633979e-02  -7.2681179808e-01  -2.1686053544e-01  -1.3025923664e+00
  -4.6349768540e-02  -4.6664560010e-02  -7.1807336032e-01  -2.1680527113e-03  -1.3902640387e+00
  -4.5729419043e-02  -4.6034977071e-02  -7.0507985340e-01   2.1293297384e-01  -1.4742961137e+00
  -4.5123815728e-02  -4.5423861015e-02  -6.8865621866e-01   4.2873695618e-01  -1.5554453954e+00
  -4.4525883268e-02  -4.4823770441e-02  -6.6971276735e-01   6.4270376089e-01  -1.6332578607e+00
  -4.3929007845e-02  -4.4227996095e-02  -6.4844939645e-01   8.5885255832e-01  -1.7095063454e+00
  -4.3326405273e-02  -4.3630019595e-02  -6.2569473217e-01   1.0735564574e+00  -1.7830870036e+00
  -4.2710360340e-02  -4.3022790950e-02  -6.0174789443e-01   1.2884479059e+00  -1.8546597603e+00
  -4.2071089639e-02  -4.2397929730e-02  -5.7700615342e-01   1.5040036372e+00  -1.9243010793e+00
  -4.1394860038e-02  -4.1744249548e-02  -5.5214629629e-01   1.7188811074e+00  -1.9913170467e+00
  -4.0659527465e-02  -4.1045470529e-02  -5.2768454124e-01   1.9346380244e+00  -2.0555753762e+00
  -3.9822058931e-02  -4.0273584401e-02  -5.0480505291e-01   2.1510524266e+00  -2.1155505695e+00
  -3.8763592357e-02  -3.9370533461e-02  -4.8616027483e-01   2.3692417438e+00  -2.1673037715e+00
  -3.6785171973e-02  -3.8156651252e-02  -4.9235656337e-01   2.5677631335e+00  -2.1726125070e+00
  -3.4637238631e-02  -3.5413692694e-02  -5.5543191042e-01   2.4887600403e+00  -2.0464969117e+00
  -3.3384633226e-02  -3.3860784567e-02  -6.2250428781e-01   2.2716071374e+00  -1.8926448402e+00
  -3.2534726326e-02  -3.2908481886e-02  -6.7877736056e-01   2.0544149225e+00  -1.7535340540e+00
  -3.1839701282e-02  -3.2160970766e-02  -7.2983184516e-01   1.8385034037e+00  -1.6198384829e+00
  -3.1229895439e-02  -3.1518431799e-02  -7.7763698881e-01   1.6222742816e+00  -1.4879481733e+00
  -3.0675051054e-02  -3.0941359079e-02  -8.2246297537e-01   1.4077716188e+00  -1.3579546757e+00
  -3.0158505151e-02  -3.0408743028e-02  -8.6507035010e-01   1.1932918217e+00  -1.2281876232e+00
  -2.9670097557e-02  -2.9908267274e-02  -9.0608549116e-01   9.7653432374e-01  -1.0968484065e+00
  -2.9202721494e-02  -2.9431927840e-02  -9.4461990544e-01   7.6293176868e-01  -9.6694013100e-01
  -2.8751117683e-02  -2.8973515147e-02  -9.8160958955e-01   5.4784679901e-01  -8.3542271694e-01
  -2.8311374034e-02  -2.8528720218e-02  -1.0169835310e+00   3.3161343651e-01  -7.0228714988e-01
  -2.7880211796e-02  -2.8094027850e-02  -1.0503067841e+00   1.1690788863e-01  -5.6900473045e-01
  -2.7454819720e-02  -2.7666395741e-02  -1.0818304083e+00  -9.7932712797e-02  -4.3438421789e-01
  -2.7032722058e-02  -2.7243243699e-02  -1.1115187452e+00  -3.1310714348e-01  -2.9811793755e-01
  -2.6611586015e-02  -2.6822200416e-02  -1.1392861814e+00  -5.2871497040e-01  -1.5993925994e-01
  -2.6189111285e-02  -2.6400971613e-02  -1.1648763305e+00  -7.4363510110e-01  -2.0355353425e-02
  -2.5762930111e-02  -2.5977250956e-02  -1.1882235309e+00  -9.5847648788e-01   1.2126344378e-01
  -2.5330484648e-02  -2.5548609266e-02  -1.2091260504e+00  -1.1731657198e+00   2.6515765970e-01
  -2.4888815427e-02  -2.5112360030e-02  -1.2274616762e+00  -1.3895097082e+00   4.1293911444e-01
  -2.4434413590e-02  -2.4665270824e-02  -1.2426234774e+00  -1.6045145226e+00   5.6303215153e-01
  -2.3963027865e-02  -2.4203556357e-02  -1.2542124039e+00  -1.8177513653e+00   7.1563644974e-01
  -2.3469694725e-02  -2.3722499373e-02  -1.2618149516e+00  -2.0347397603e+00   8.7559762824e-01
  -2.2955615891e-02  -2.3216890078e-02  -1.2642542687e+00  -2.2448266950e+00   1.0360840791e+00
  -2.2423528672e-02  -2.2694341705e-02  -1.2608162857e+00  -2.4471517796e+00   1.1973703690e+00
  -2.1869345885e-02  -2.2152715639e-02  -1.2505919053e+00  -2.6387533684e+00   1.3583411990e+00
  -2.1285694617e-02  -2.1585976132e-02  -1.2320611292e+00  -2.8197443631e+00   1.5210166799e+00
  -2.0662317789e-02  -2.0985413103e-02  -1.2037993249e+00  -2.9833462229e+00   1.6819770956e+00
  -1.9983606147e-02  -2.0339222474e-02  -1.1627262332e+00  -3.1276846265e+00   1.8436285459e+00
  -1.9222719317e-02  -1.9627989820e-02  -1.1042223682e+00  -3.2444932460e+00   2.0053194321e+00
  -1.8378009832e-02  -1.8817448813e-02  -1.0241919057e+00  -3.3173585001e+00   2.1594337651e+00
  -1.7554211414e-02  -1.7938570850e-02  -9.3200120045e-01  -3.3307414521e+00   2.2824396558e+00
  -1.6824037123e-02  -1.7169851978e-02  -8.3949657181e-01  -3.2947020033e+00   2.3674227960e+00
  -1.6158713834e-02  -1.6478222268e-02  -7.4683643195e-01  -3.2237293140e+00   2.4251598903e+00
  -1.5538500720e-02  -1.5839205401e-02  -6.5420212893e-01  -3.1263041258e+00   2.4617566497e+00
  -1.4950841048e-02  -1.5237796039e-02  -5.6184786943e-01  -3.0081795995e+00   2.4811251678e+00
  -1.4387080629e-02  -1.4663886056e-02  -4.6944323144e-01  -2.8726191155e+00   2.4859422977e+00
  -1.3840858756e-02  -1.4110275201e-02  -3.7676953568e-01  -2.7217890602e+00   2.4778667053e+00
  -1.3307136626e-02  -1.3571442311e-02  -2.8408406861e-01  -2.5579514456e+00   2.4580367337e+00
  -1.2781671623e-02  -1.3042830941e-02  -1.9149397518e-01  -2.3827873584e+00   2.4272905641e+00
  -1.2260716801e-02  -1.2520512305e-02  -9.9004229705e-02  -2.1974821836e+00   2.3861560174e+00
  -1.1740776415e-02  -1.2000921298e-02  -6.5625724285e-03  -2.0028324658e+00   2.3348560481e+00
  -1.1218387154e-02  -1.1480631533e-02   8.5897289018e-02  -1.7993665083e+00   2.2733228952e+00
  -1.0691708300e-02  -1.0956142776e-02   1.7809023167e-01  -1.5882327057e+00   2.2014944376e+00
  -1.0165408074e-02  -1.0427273825e-02   2.6849390272e-01  -1.3735142812e+00   2.1203552405e+00
  -9.6423947421e-03  -9.9035423227e-03   3.5601900605e-01  -1.1585197089e+00   2.0308392588e+00
  -9.1182879961e-03  -9.3812471615e-03   4.4087335674e-01  -9.4339385132e-01   1.9325970190e+00
  -8.5878996494e-03  -8.8553288307e-03   5.2327008482e-01  -7.2802193916e-01   1.8248399427e+00
  -8.0455364262e-03  -8.3204704680e-03   6.0323451110e-01  -5.1255281179e-01   1.7065137372e+00
  -7.4844444428e-03  -7.7706023844e-03   6.8054340169e-01  -2.9762024718e-01   1.5763896753e+00
  -6.8960249420e-03  -7.1982865012e-03   7.5530450733e-01  -8.2667076841e-02   1.4317767558e+00
  -6.2898499676e-03  -6.5937633828e-03   8.2485894565e-01   1.2489436212e-01   1.2751052604e+00
  -5.6944961511e-03  -5.9859365524e-03   8.8584036026e-01   3.1475532761e-01   1.1125868176e+00
  -5.1213649523e-03  -5.4030557498e-03   9.3605059126e-01   4.7890413243e-01   9.5188722837e-01
  -4.5657507275e-03  -4.8396741548e-03   9.7726685287e-01   6.2172421277e-01   7.9056348452e-01
  -4.0240224527e-03  -4.2918273002e-03   1.0099835322e+00   7.4391261101e-01   6.2896041872e-01
  -3.4931156692e-03  -3.7562176052e-03   1.0346619778e+00   8.4619712257e-01   4.6735990861e-01
  -2.9703613957e-03  -3.2300137331e-03   1.0517379899e+00   9.2935285567e-01   3.0590494509e-01
  -2.4533582365e-03  -2.7107090584e-03   1.0615977347e+00   9.9411651785e-01   1.4462905905e-01
  -1.9398659126e-03  -2.1960074146e-03   1.0645610082e+00   1.0411213245e+00  -1.6515688940e-02
  -1.4277096825e-03  -1.6837244106e-03   1.0608708707e+00   1.0708502277e+00  -1.7763093669e-01
  -9.1467182655e-04  -1.1716949544e-03   1.0505762843e+00   1.0835737021e+00  -3.3992320911e-01
  -3.9840471993e-04  -6.5764869873e-04   1.0339067081e+00   1.0792412279e+00  -5.0128555033e-01
   1.2365723015e-04  -1.3916074112e-04   1.0109200123e+00   1.0580804167e+00  -6.6252719165e-01
   6.5444971219e-04   3.8647520143e-04   9.8157230886e-01   1.0199137858e+00  -8.2386851625e-01
   1.1974720524e-03   9.2242422295e-04   9.4579474861e-01   9.6440561547e-01  -9.8514269886e-01
   1.7570859387e-03   1.4725198819e-03   9.0332497255e-01   8.9080036004e-01  -1.1465742187e+00
   2.3390407967e-03   2.0416519955e-03   8.5363506455e-01   7.9767690319e-01  -1.3085997436e+00
   2.9511622562e-03   2.6364295980e-03   7.9657453224e-01   6.8417198793e-01  -1.4698519665e+00
   3.6048517209e-03   3.2658949144e-03   7.3103982843e-01   5.4736917354e-01  -1.6310449952e+00
   4.3186625567e-03   3.9438085273e-03   6.5499214248e-01   3.8184138403e-01  -1.7930505182e+00
   5.1039824844e-03   4.6935165861e-03   5.6811093041e-01   1.8543911045e-01  -1.9511643773e+00
   5.9171333330e-03   5.5144483827e-03   4.7709764057e-01  -2.7416115777e-02  -2.0900050440e+00
   6.7186751384e-03   6.3198182833e-03   3.8766769797e-01  -2.4306476313e-01  -2.2007991967e+00
   7.5227451128e-03   7.1175319935e-03   3.0100030497e-01  -4.5789472883e-01  -2.2830961938e+00
   8.3510040464e-03   7.9279582321e-03   2.1633227876e-01  -6.7320655398e-01  -2.3368004170e+00
   9.2313591520e-03   8.7740498608e-03   1.3355144931e-01  -8.8889279060e-01  -2.3579812817e+00
   1.0210212966e-02   9.6886684433e-03   5.2606428802e-02  -1.1045743817e+00  -2.3376392911e+00
   1.1377272489e-02   1.0731757489e-02  -2.6496527841e-02  -1.3188740633e+00  -2.2540264482e+00
   1.2566690930e-02   1.2022787490e-02  -8.6750356081e-02  -1.4812731846e+00  -2.1085036648e+00
   1.3545861393e-02   1.3110594371e-02  -1.2001958026e-01  -1.5651889071e+00  -1.9457533768e+00
   1.4361236596e-02   1.3981128416e-02  -1.3656434675e-01  -1.5975645548e+00  -1.7838397187e+00
   1.5087794630e-02   1.4741344776e-02  -1.4319703290e-01  -1.5965560868e+00  -1.6216009393e+00
   1.5758598636e-02   1.5434244485e-02  -1.4294294623e-01  -1.5703561211e+00  -1.4604139121e+00
   1.6392144896e-02   1.6082952787e-02  -1.3754446091e-01  -1.5232928174e+00  -1.2989956523e+00
   1.7000139932e-02   1.6701337005e-02  -1.2805775252e-01  -1.4579914504e+00  -1.1377135510e+00
   1.7590868767e-02   1.7298942860e-02  -1.1510232330e-01  -1.3754506682e+00  -9.7558415857e-01
   1.8170710153e-02   1.7882794675e-02  -9.9353850348e-02  -1.2776960319e+00  -8.1460954528e-01
   1.8744923152e-02   1.8458625631e-02  -8.1055177030e-02  -1.1644592375e+00  -6.5331911072e-01
   1.9318102755e-02   1.9031220673e-02  -6.0378876432e-02  -1.0352997265e+00  -4.9117905899e-01
   1.9894561860e-02   1.9604984837e-02  -3.7842110380e-02  -8.9210928887e-01  -3.3060590460e-01
   2.0478642893e-02   2.0184138884e-02  -1.3121654936e-02  -7.3153713756e-01  -1.6835437181e-01
   2.1074902150e-02   2.0773146902e-02   1.3184117527e-02  -5.5622657563e-01  -7.7922959506e-03
   2.1688483633e-02   2.1376657397e-02   4.1547351443e-02  -3.6176494636e-01   1.5422586829e-01
   2.2314404146e-02   2.2000309868e-02   7.1123830810e-02  -1.5274574983e-01   3.1300424913e-01
   2.2931096213e-02   2.2628498425e-02   1.0062954471e-01   6.2252149974e-02   4.6251922532e-01
   2.3528241633e-02   2.3233694002e-02   1.2916000159e-01   2.7640024743e-01   5.9953498808e-01
   2.4112191767e-02   2.3822789263e-02   1.5718707656e-01   4.9282677930e-01   7.2744176415e-01
   2.4688479643e-02   2.4401594270e-02   1.8419646367e-01   7.0708157229e-01   8.4477883700e-01
   2.5262131468e-02   2.4975365017e-02   2.1059893338e-01   9.2188804480e-01   9.5408341002e-01
   2.5838005724e-02   2.5548897920e-02   2.3651919963e-01   1.1379221869e+00   1.0563092511e+00
   2.6421177630e-02   2.6127113528e-02   2.6157605829e-01   1.3515835410e+00   1.1504138836e+00
   2.7017485595e-02   2.6715241731e-02   2.8642709043e-01   1.5681860013e+00   1.2391894708e+00
   2.7634055494e-02   2.7319729460e-02   3.1051681505e-01   1.7827062089e+00   1.3209103401e+00
   2.8280256994e-02   2.7948381528e-02   3.3413718408e-01   1.9976023127e+00   1.3969133395e+00
   2.8969892628e-02   2.8612132460e-02   3.5729825419e-01   2.2132332547e+00   1.4674739069e+00
   2.9725206472e-02   2.9327652797e-02   3.7976531451e-01   2.4282130772e+00   1.5322407366e+00
   3.0589031938e-02   3.0122760148e-02   4.0152204483e-01   2.6447190446e+00   1.5917500569e+00
   3.1673534560e-02   3.1055303728e-02   4.2175602085e-01   2.8623970857e+00   1.6452704106e+00
   3.3135992335e-02   3.2291765391e-02   4.3495459101e-01   3.0509384996e+00   1.6846622622e+00
   3.4824446223e-02   3.3980219279e-02   4.2772478540e-01   3.1103774086e+00   1.6905501520e+00
   3.6534532976e-02   3.5668673167e-02   3.9222950439e-01   2.9886720727e+00   1.6582597138e+00
   3.7929586588e-02   3.7400392784e-02   3.4200784621e-01   2.7646717257e+00   1.6076228622e+00
   3.8886873206e-02   3.8458780392e-02   2.9591463623e-01   2.5480657221e+00   1.5603814771e+00
   3.9690347662e-02   3.9314966019e-02   2.5055477093e-01   2.3324042703e+00   1.5134079572e+00
   4.0408610597e-02   4.0065729306e-02   2.0525420374e-01   2.1164747917e+00   1.4658348690e+00
   4.1072921319e-02   4.0751491889e-02   1.6019114039e-01   1.9017500797e+00   1.4176267322e+00
   4.1701093597e-02   4.1394350749e-02   1.1508583344e-01   1.6870089084e+00   1.3682460274e+00
   4.2304559700e-02   4.2007836445e-02   6.9738415510e-02   1.4711548266e+00   1.3171899728e+00
   4.2891616445e-02   4.2601282954e-02   2.4765044365e-02   1.2568025163e+00   1.2648554637e+00
   4.3468777738e-02   4.3181949935e-02  -2.0395832925e-02   1.0408053098e+00   1.2102419361e+00
   4.4041524880e-02   4.3755605541e-02  -6.4873865710e-02   8.2671287806e-01   1.1540042013e+00
   4.4614904666e-02   4.4327444218e-02  -1.0922295185e-01   6.1106175363e-01   1.0949607277e+00
   4.5193882337e-02   4.4902365115e-02  -1.5278804540e-01   3.9598484206e-01   1.0333526768e+00
   4.5783734769e-02   4.5485399559e-02  -1.9536309423e-01   1.8116211799e-01   9.6871622375e-01
   4.6390471747e-02   4.6082069979e-02  -2.3660915664e-01  -3.3488499951e-02   9.0056132956e-01
   4.7021547682e-02   4.6698873516e-02  -2.7625783556e-01  -2.4921080632e-01   8.2782820178e-01
   4.7686811080e-02   4.7344221848e-02  -3.1335555249e-01  -4.6472207386e-01   7.5005667562e-01
   4.8400086489e-02   4.8029400311e-02  -3.4678768781e-01  -6.7944812343e-01   6.6627742703e-01
   4.9182992077e-02   4.8770772666e-02  -3.7509885261e-01  -8.9458614216e-01   5.7416299624e-01
   5.0074205609e-02   4.9595211488e-02  -3.9530299812e-01  -1.1104409140e+00   4.7022111783e-01
   5.1159165950e-02   5.0553199731e-02  -4.0081752288e-01  -1.3272311814e+00   3.4724125353e-01
   5.2547928445e-02   5.1765132170e-02  -3.7592330112e-01  -1.5279138714e+00   1.9930556175e-01
   5.4105953641e-02   5.3330724721e-02  -3.0692432493e-01  -1.6547639302e+00   4.9563248633e-02
   5.5471524136e-02   5.4881182562e-02  -2.1432015851e-01  -1.6854497834e+00  -6.4243674410e-02
   5.6571675947e-02   5.6061865709e-02  -1.2138897626e-01  -1.6600924096e+00  -1.4275280233e-01
   5.7553365446e-02   5.7081486185e-02  -2.8719416809e-02  -1.6055004708e+00  -2.0288196661e-01
   5.8482142739e-02   5.8025244707e-02   6.4128725535e-02  -1.5305758231e+00  -2.5168116488e-01
   5.9398632568e-02   5.8939040771e-02   1.5656916515e-01  -1.4394023790e+00  -2.9246312944e-01
   6.0339747266e-02   5.9858224364e-02   2.4930755082e-01  -1.3318019974e+00  -3.2791660266e-01
   6.1354877964e-02   6.0821270168e-02   3.4213750347e-01  -1.2052147850e+00  -3.5990659453e-01
   6.2547425490e-02   6.1888485760e-02   4.3561470439e-01  -1.0491240939e+00  -3.9114352245e-01
   6.4032040338e-02   6.3206365220e-02   5.1900415005e-01  -8.5445074774e-01  -4.2373987862e-01
   6.5761832191e-02   6.4857715456e-02   5.5930156525e-01  -6.3969242451e-01  -4.5745958535e-01
   6.7614139633e-02   6.6665948926e-02   5.2535249087e-01  -4.3709500376e-01  -4.9166254539e-01
   6.9175996105e-02   6.8562330339e-02   4.3685409723e-01  -2.9300384866e-01  -5.1897911342e-01
   7.0268929212e-02   6.9789661871e-02   3.4331634301e-01  -2.0878244073e-01  -5.3593055078e-01
   7.1165169325e-02   7.0748196554e-02   2.5044850325e-01  -1.5003221907e-01  -5.4734300143e-01
   7.1963996992e-02   7.1582142096e-02   1.5779110282e-01  -1.0538709054e-01  -5.5479836555e-01
   7.2706827988e-02   7.2345851888e-02   6.5054695630e-02  -7.0233611138e-02  -5.5878495277e-01
   7.3417091945e-02   7.3067804088e-02  -2.7495785031e-02  -4.2373402480e-02  -5.5938439344e-01
   7.4110874908e-02   7.3766379803e-02  -1.1989951117e-01  -2.0464431070e-02  -5.5650270451e-01
   7.4801164693e-02   7.4455370013e-02  -2.1256580753e-01  -3.7220409677e-03  -5.4982306010e-01
   7.5500345182e-02   7.5146959373e-02  -3.0498984473e-01   8.0715302208e-03  -5.3890353576e-01
   7.6222395927e-02   7.5853730990e-02  -3.9773779534e-01   1.4928122063e-02  -5.2292117039e-01
   7.6985820452e-02   7.6591060863e-02  -4.9028088373e-01   1.6326406151e-02  -5.0078769157e-01
   7.7819893913e-02   7.7380580040e-02  -5.8310942103e-01   1.1105916352e-02  -4.7038845530e-01
   7.8782579685e-02   7.8259207785e-02  -6.7604938393e-01  -3.4626039781e-03  -4.2778968868e-01
   8.0056202411e-02   7.9305951586e-02  -7.7071542437e-01  -3.6425310729e-02  -3.6047032084e-01
   8.2059104394e-02   8.0806453236e-02  -8.4175308962e-01  -1.1647300057e-01  -2.3917478622e-01
   8.4312295894e-02   8.3311755552e-02  -8.0944393453e-01  -2.3542776257e-01  -1.0329112636e-01
   8.5892220695e-02   8.5312836236e-02  -7.1431463152e-01  -3.2937789558e-01  -2.4944368336e-02
   8.6931873497e-02   8.6471605154e-02  -6.2099081490e-01  -3.9140196542e-01   1.1367806704e-02
   8.7793493075e-02   8.7392141839e-02  -5.2803033948e-01  -4.4056895952e-01   2.9798600695e-02
   8.8561144709e-02   8.8194844310e-02  -4.3553136089e-01  -4.8102042041e-01   3.6086820877e-02
   8.9271045645e-02   8.8927445107e-02  -3.4284457345e-01  -5.1475453948e-01   3.2804905647e-02
   8.9943285025e-02   8.9614646183e-02  -2.5042926839e-01  -5.4240919586e-01   2.1314679128e-02
   9.0590916595e-02   9.0271923867e-02  -1.5778252988e-01  -5.6450709009e-01   2.3550913238e-03
   9.1223388534e-02   9.0909909322e-02  -6.5202360653e-02  -5.8105222074e-01  -2.3564971641e-02
   9.1848320339e-02   9.1536867747e-02   2.7270263368e-02  -5.9195214773e-01  -5.6143640605e-02
   9.2472428974e-02   9.2159772931e-02   1.1971945639e-01  -5.9694705372e-01  -9.5286664038e-02
   9.3102246758e-02   9.2785085017e-02   2.1224152405e-01  -5.9555698950e-01  -1.4107688347e-01
   9.3744785304e-02   9.3419408499e-02   3.0483922142e-01  -5.8704479677e-01  -1.9371438120e-01
   9.4408277762e-02   9.4070162109e-02   3.9731221101e-01  -5.7040063386e-01  -2.5342191628e-01
   9.5103366866e-02   9.4746393416e-02   4.8990899439e-01  -5.4405478465e-01  -3.2093457561e-01
   9.5845219834e-02   9.5460340315e-02   5.8248847807e-01  -5.0570764428e-01  -3.9708627661e-01
   9.6658086293e-02   9.6230099353e-02   6.7514886121e-01  -4.5147321654e-01  -4.8352447789e-01
   9.7587533648e-02   9.7086073232e-02   7.6790627207e-01  -3.7415788957e-01  -5.8318763770e-01
   9.8750444046e-02   9.8088994064e-02   8.6171005344e-01  -2.5495735355e-01  -7.0435952714e-01
   1.0021486880e-01   9.9411894027e-02   9.4067921129e-01  -7.4935954975e-02  -8.4064072731e-01
   1.0174128610e-01   1.0101784357e-01   9.7521750411e-01   1.3993568288e-01  -9.5260517272e-01
   1.0316013334e-01   1.0246472864e-01   9.6180410507e-01   3.5509996008e-01  -1.0187118522e+00
   1.0456376786e-01   1.0385553804e-01   9.0755057674e-01   5.7020042046e-01  -1.0418205853e+00
   1.0588943427e-01   1.0527199768e-01   8.2344352242e-01   7.6385125276e-01  -1.0234451707e+00
   1.0701784676e-01   1.0650687087e-01   7.3030959594e-01   9.1303802026e-01  -9.7707894050e-01
   1.0798737038e-01   1.0752882264e-01   6.3767208247e-01   1.0239503235e+00  -9.1595159532e-01
   1.0887553980e-01   1.0844591812e-01   5.4500662703e-01   1.1082453522e+00  -8.4430916704e-01
   1.0971960020e-01   1.0930516148e-01   4.5230292738e-01   1.1703994061e+00  -7.6415280313e-01
   1.1054315596e-01   1.1013403892e-01   3.5987072412e-01   1.2122155514e+00  -6.7679202494e-01
   1.1136452934e-01   1.1095227300e-01   2.6748110902e-01   1.2343392954e+00  -5.8248928331e-01
   1.1220100537e-01   1.1177678567e-01   1.7485879343e-01   1.2359618050e+00  -4.8093828859e-01
   1.1307236458e-01   1.1262522506e-01   8.2113617795e-02   1.2148241695e+00  -3.7178720894e-01
   1.1400540406e-01   1.1351950409e-01  -1.0352028506e-02   1.1671623067e+00  -2.5456318163e-01
   1.1504395501e-01   1.1449130403e-01  -1.0302237888e-01   1.0854938529e+00  -1.2673666351e-01
   1.1627898343e-01   1.1559660600e-01  -1.9611339994e-01   9.5391312901e-01   1.6269432151e-02
   1.1772143935e-01   1.1696136086e-01  -2.7851327640e-01   7.6529691239e-01   1.6335452901e-01
   1.1920227207e-01   1.1848151785e-01  -3.3302404596e-01   5.4963855596e-01   2.8545465213e-01
   1.2068037069e-01   1.1992302629e-01  -3.5818336972e-01   3.3374993971e-01   3.7204283876e-01
   1.2236627373e-01   1.2143771509e-01  -3.5761891343e-01   1.1625003312e-01   4.2487823788e-01
   1.2513327548e-01   1.2329483237e-01  -3.1917593742e-01  -9.3037980754e-02   4.1045226100e-01
   1.2848733102e-01   1.2697171859e-01  -2.8193257873e-01  -6.0866332772e-02   2.9275523333e-01
   1.3094765295e-01   1.3000294345e-01  -3.0197666070e-01   1.5442826887e-01   1.8886096258e-01
   1.3274171038e-01   1.3189236245e-01  -3.5357419751e-01   3.7165505773e-01   1.3883238957e-01
   1.3448098935e-01   1.3359105831e-01  -4.2908775036e-01   5.8462456651e-01   1.3118795863e-01
   1.3622744657e-01   1.3537092040e-01  -5.1975450232e-01   7.6333141380e-01   1.7488437896e-01
   1.3800098148e-01   1.3708397275e-01  -6.1218026071e-01   8.7666961191e-01   2.7755975808e-01
   1.3971266560e-01   1.3891799022e-01  -6.8564474414e-01   9.0494270936e-01   4.2753343361e-01
   1.4119152369e-01   1.4050734098e-01  -7.2435985294e-01   8.6039870568e-01   5.8978763983e-01
   1.4252134612e-01   1.4187570641e-01  -7.3167919526e-01   7.6978112490e-01   7.5144842892e-01
   1.4382029612e-01   1.4316698583e-01  -7.0920737169e-01   6.4338902228e-01   9.1318566321e-01
   1.4518010651e-01   1.4447360641e-01  -6.5191591295e-01   4.8261839623e-01   1.0740690340e+00
   1.4647886444e-01   1.4588660661e-01  -5.6613202010e-01   3.1483245723e-01   1.2079659757e+00
   1.4755695877e-01   1.4707112227e-01  -4.7304826382e-01   1.7315484365e-01   1.2962181671e+00
   1.4847311803e-01   1.4804279528e-01  -3.8031351411e-01   5.6194099470e-02   1.3499492714e+00
   1.4930097898e-01   1.4890344079e-01  -2.8787070179e-01  -4.3676677530e-02   1.3789610691e+00
   1.5007610912e-01   1.4969851716e-01  -1.9511439080e-01  -1.3090089152e-01   1.3876784060e+00
   1.5082012738e-01   1.5045370107e-01  -1.0250387840e-01  -2.0735615646e-01   1.3780236484e+00
   1.5154863925e-01   1.5118655368e-01  -9.9006796830e-03  -2.7482020072e-01   1.3508078918e+00
   1.5227460471e-01   1.5191072481e-01   8.2538148707e-02  -3.3444092863e-01   1.3059792957e+00
   1.5301053633e-01   1.5263848462e-01   1.7505021456e-01  -3.8740763761e-01   1.2424117702e+00
   1.5377047474e-01   1.5338258804e-01   2.6757891141e-01  -4.3463029655e-01   1.1579967476e+00
   1.5457273241e-01   1.5415836143e-01   3.6023893892e-01  -4.7720162328e-01   1.0488654888e+00
   1.5543455713e-01   1.5498710338e-01   4.5177603311e-01  -5.1600690442e-01   9.1065948845e-01
   1.5629758673e-01   1.5588201088e-01   5.3383575724e-01  -5.4988245899e-01   7.5222887247e-01
   1.5709561029e-01   1.5671316258e-01   5.9928706514e-01  -5.7847997243e-01   5.9084726641e-01
   1.5783875884e-01   1.5747805799e-01   6.5069954841e-01  -6.0462035088e-01   4.2909058334e-01
   1.5854598058e-01   1.5819945969e-01   6.9027897852e-01  -6.3029222814e-01   2.6819529863e-01
   1.5923023402e-01   1.5889250147e-01   7.2014899701e-01  -6.5743735379e-01   1.0583953130e-01
   1.5990142353e-01   1.5956796658e-01   7.4087061197e-01  -6.8684409266e-01  -5.5234353138e-02
   1.6056801862e-01   1.6023488049e-01   7.5347801082e-01  -7.1983174227e-01  -2.1645093936e-01
   1.6123792885e-01   1.6090115676e-01   7.5840466772e-01  -7.5751906131e-01  -3.7797472183e-01
   1.6191949355e-01   1.6157470093e-01   7.5584249126e-01  -8.0109674171e-01  -5.3984070047e-01
   1.6262236897e-01   1.6226428618e-01   7.4587488694e-01  -8.5156716092e-01  -7.0094930443e-01
   1.6335906493e-01   1.6298045177e-01   7.2821888544e-01  -9.1100290097e-01  -8.6261906258e-01
   1.6414763138e-01   1.6373767810e-01   7.0237648663e-01  -9.8139386431e-01  -1.0238930781e+00
   1.6501813644e-01   1.6455758465e-01   6.6681650183e-01  -1.0671036249e+00  -1.1861749854e+00
   1.6603052710e-01   1.6547868822e-01   6.1907313050e-01  -1.1742336075e+00  -1.3480674545e+00
   1.6734321281e-01   1.6658236599e-01   5.5100858562e-01  -1.3209103449e+00  -1.5106901866e+00
   1.6900306579e-01   1.6810405963e-01   4.6405314289e-01  -1.5035253695e+00  -1.6323943721e+00
   1.7096102513e-01   1.6990207195e-01   3.7126152066e-01  -1.6865547548e+00  -1.6500275431e+00
   1.7293756792e-01   1.7201997831e-01   2.9562254832e-01  -1.8013151446e+00  -1.5397980999e+00
   1.7448902781e-01   1.7385515753e-01   2.4948504213e-01  -1.8202103204e+00  -1.3744506551e+00
   1.7566143988e-01   1.7512289809e-01   2.2064574190e-01  -1.7828167512e+00  -1.2122211790e+00
   1.7669286837e-01   1.7619998167e-01   1.9732650719e-01  -1.7107781084e+00  -1.0502658733e+00
   1.7765677307e-01   1.7718575507e-01   1.7551461994e-01  -1.6103656221e+00  -8.8897566369e-01
   1.7859237883e-01   1.7812779106e-01   1.5246749218e-01  -1.4823849108e+00  -7.2712486902e-01
   1.7952840226e-01   1.7905696659e-01   1.2607134243e-01  -1.3267553420e+00  -5.6576305703e-01
   1.8049080127e-01   1.7999983794e-01   9.3767735644e-02  -1.1402975379e+00  -4.0464801777e-01
   1.8145147529e-01   1.8098176460e-01   5.4871811907e-02  -9.3094749685e-01  -2.5296170234e-01
   1.8235974852e-01   1.8192118598e-01   1.1002566332e-02  -7.1595182784e-01  -1.2209112708e-01
   1.8321800077e-01   1.8279831106e-01  -3.7584354092e-02  -5.0070999746e-01  -1.2181603272e-02
   1.8404715604e-01   1.8363769048e-01  -9.1262154790e-02  -2.8585691488e-01   7.8885375022e-02
   1.8486275419e-01   1.8445662160e-01  -1.5064826684e-01  -7.0870882508e-02   1.5266543294e-01
   1.8567800063e-01   1.8526888677e-01  -2.1638982558e-01   1.4448570015e-01   2.0965908106e-01
   1.8650572686e-01   1.8608711448e-01  -2.8882413404e-01   3.5922214276e-01   2.4949660703e-01
   1.8736013339e-01   1.8692433924e-01  -3.6909521878e-01   5.7432586682e-01   2.7157544300e-01
   1.8824919010e-01   1.8779592754e-01  -4.5699143342e-01   7.8675956493e-01   2.7429424237e-01
   1.8914814094e-01   1.8870245266e-01  -5.4944620460e-01   9.8804085110e-01   2.5697428417e-01
   1.9003859781e-01   1.8959382921e-01  -6.4182972527e-01   1.1692542826e+00   2.2148204010e-01
   1.9093804152e-01   1.9048336640e-01  -7.3431369987e-01   1.3328796255e+00   1.6914520865e-01
   1.9187167674e-01   1.9139271663e-01  -8.2695182798e-01   1.4804103040e+00   1.0003510742e-01
   1.9287780516e-01   1.9235063686e-01  -9.1963733660e-01   1.6125469814e+00   1.2757402624e-02
   1.9403516372e-01   1.9340497346e-01  -1.0128773284e+00   1.7301731756e+00  -9.8164577041e-02
   1.9548228610e-01   1.9466535398e-01  -1.1013779703e+00   1.8271421151e+00  -2.4035494202e-01
   1.9730669145e-01   1.9629921821e-01  -1.1568508672e+00   1.8800864846e+00  -4.0278277039e-01
   1.9939383125e-01   1.9831416469e-01  -1.1292969394e+00   1.8657194778e+00  -5.3164937214e-01
   2.0105414367e-01   2.0047349781e-01  -1.0351218994e+00   1.8144095197e+00  -5.7247984534e-01
   2.0207829943e-01   2.0163478952e-01  -9.4144025099e-01   1.7690975591e+00  -5.6156228079e-01
   2.0289820112e-01   2.0252180933e-01  -8.4869405459e-01   1.7276771000e+00  -5.3228635468e-01
   2.0360985453e-01   2.0327459291e-01  -7.5602463810e-01   1.6886039023e+00  -4.9200761504e-01
   2.0425244042e-01   2.0394511616e-01  -6.6340572365e-01   1.6511605242e+00  -4.4397183358e-01
   2.0484697573e-01   2.0455976468e-01  -5.7094278007e-01   1.6148680194e+00  -3.9008226917e-01
   2.0540636231e-01   2.0513418677e-01  -4.7840550217e-01   1.5792242655e+00  -3.3136072648e-01
   2.0593923895e-01   2.0567853785e-01  -3.8562464575e-01   1.5438163293e+00  -2.6846733778e-01
   2.0645187440e-01   2.0619994004e-01  -2.9312190582e-01   1.5085294612e+00  -2.0233560857e-01
   2.0694909058e-01   2.0670380876e-01  -2.0116363762e-01   1.4731792780e+00  -1.3364887879e-01
   2.0743462425e-01   2.0719437239e-01  -1.0773248080e-01   1.4367005435e+00  -6.1187218725e-02
   2.0791164018e-01   2.0767487610e-01  -1.6209416384e-02   1.4001434508e+00   1.2131836974e-02
   2.0838291268e-01   2.0814840427e-01   7.7330818757e-02   1.3616471540e+00   8.9226525823e-02
   2.0885091114e-01   2.0861742109e-01   1.6925840478e-01   1.3223968364e+00   1.6693347043e-01
   2.0931802161e-01   2.0908440118e-01   2.6162176929e-01   1.2812284844e+00   2.4677659355e-01
   2.0978658363e-01   2.0955164204e-01   3.5474584805e-01   1.2375924759e+00   3.2893704559e-01
   2.1025899818e-01   2.1002152522e-01   4.4641986137e-01   1.1921500439e+00   4.1132034897e-01
   2.1073791481e-01   2.1049647114e-01   5.3986762786e-01   1.1428037412e+00   4.9672097831e-01
   2.1122627175e-01   2.1097935849e-01   6.3157198162e-01   1.0908518402e+00   5.8182505557e-01
   2.1172755821e-01   2.1147318502e-01   7.2455220157e-01   1.0339243963e+00   6.6932694894e-01
   2.1224614950e-01   2.1198193141e-01   8.1706273628e-01   9.7213447238e-01   7.5751538572e-01
   2.1278757927e-01   2.1251036760e-01   9.0928857446e-01   9.0430435003e-01   8.4645832073e-01
   2.1338612846e-01   2.1306479094e-01   1.0061960044e+00   8.2452684649e-01   9.4092590358e-01