# time = 0.5
# Grid points = 474
# Pressure (Pa) = 101325
#             1_pos             2_posf             3_uvel             4_vvel             5_wvel
  -3.8876053512e-01  -3.8940039154e-01   1.2409957576e+00   5.4619425790e-01   9.0567466811e-01
  -3.8745973300e-01  -3.8812067870e-01   1.3489068048e+00   4.6643424753e-01   9.8882238622e-01
  -3.8602223932e-01  -3.8679878729e-01   1.4530376935e+00   3.7272568201e-01   1.0694621320e+00
  -3.8424405918e-01  -3.8524569135e-01   1.5572028859e+00   2.4987249464e-01   1.1501115260e+00
  -3.8216287279e-01  -3.8324242701e-01   1.6428039514e+00   9.8449345329e-02   1.2154719036e+00
  -3.8002855360e-01  -3.8108331857e-01   1.6878164446e+00  -6.2489713426e-02   1.2475760692e+00
  -3.7791340523e-01  -3.7897378862e-01   1.6885178832e+00  -2.2339301882e-01   1.2431774482e+00
  -3.7575054578e-01  -3.7685302183e-01   1.6449778688e+00  -3.8436771187e-01   1.2022272789e+00
  -3.7360039870e-01  -3.7464806973e-01   1.5601336873e+00  -5.3554512883e-01   1.1277647505e+00
  -3.7173256938e-01  -3.7255272766e-01   1.4562134555e+00  -6.5513854434e-01   1.0392335455e+00
  -3.7020785784e-01  -3.7091241109e-01   1.3518410653e+00  -7.4234831677e-01   9.5215922104e-01
  -3.6886702142e-01  -3.6950330458e-01   1.2480222090e+00  -8.0918923439e-01   8.6706736191e-01
  -3.6763929804e-01  -3.6823073826e-01   1.1443344256e+00  -8.6151507843e-01   7.8351289749e-01
  -3.6648746756e-01  -3.6704785782e-01   1.0403881962e+00  -9.0231449074e-01   7.0118773763e-01
  -3.6538841553e-01  -3.6592707730e-01   9.3707505537e-01  -9.3297406280e-01   6.2083339694e-01
  -3.6432637558e-01  -3.6484975375e-01   8.3279934518e-01  -9.5496428309e-01   5.4129382022e-01
  -3.6328967872e-01  -3.6380299741e-01   7.2950108591e-01  -9.6854477339e-01   4.6414876912e-01
  -3.6226897172e-01  -3.6277636002e-01   6.2597978724e-01  -9.7441231890e-01   3.8860023418e-01
  -3.6125649628e-01  -3.6176158342e-01   5.2184971892e-01  -9.7270922363e-01   3.1454374888e-01
  -3.6024524299e-01  -3.6075140914e-01   4.1812177486e-01  -9.6352362067e-01   2.4288347964e-01
  -3.5922857188e-01  -3.5973907684e-01   3.1459983640e-01  -9.4690244889e-01   1.7366933014e-01
  -3.5819989142e-01  -3.5871806693e-01   2.1124076360e-01  -9.2275984687e-01   1.0710292448e-01
  -3.5715213668e-01  -3.5768171591e-01   1.0700621710e-01  -8.9050296826e-01   4.2852111555e-02
  -3.5607758312e-01  -3.5662255744e-01   3.8714025656e-03  -8.5041921159e-01  -1.7519939205e-02
  -3.5496713618e-01  -3.5553260880e-01  -1.0031902056e-01  -8.0115964521e-01  -7.4825574446e-02
  -3.5380971905e-01  -3.5440166356e-01  -2.0373528710e-01  -7.4286501504e-01  -1.2748388181e-01
  -3.5259123094e-01  -3.5321777454e-01  -3.0757828647e-01  -6.7400157270e-01  -1.7541881811e-01
  -3.5129261294e-01  -3.5196468734e-01  -4.1115307515e-01  -5.9376265108e-01  -2.1736096780e-01
  -3.4988660263e-01  -3.5062053854e-01  -5.1499661817e-01  -4.9998433401e-01  -2.5224030416e-01
  -3.4833118804e-01  -3.4915266673e-01  -6.1866853338e-01  -3.9047681685e-01  -2.7804562285e-01
  -3.4655421614e-01  -3.4750970935e-01  -7.2254938695e-01  -2.6072260210e-01  -2.9197388681e-01
  -3.4450453188e-01  -3.4559872293e-01  -8.2276755715e-01  -1.0963634261e-01  -2.8939535222e-01
  -3.4225618913e-01  -3.4341034084e-01  -9.0855558343e-01   5.1066471229e-02  -2.6751501843e-01
  -3.3981950745e-01  -3.4110203742e-01  -9.7396445886e-01   2.1241882376e-01  -2.2710613840e-01
  -3.3697554244e-01  -3.3853697749e-01  -1.0156881981e+00   3.7414104950e-01  -1.6837418827e-01
  -3.3298351290e-01  -3.3541410739e-01  -1.0157702517e+00   5.3863261556e-01  -8.8869631507e-02
  -3.2839690459e-01  -3.3055291840e-01  -9.4497750233e-01   6.3699620332e-01  -3.3374712876e-02
  -3.2479600659e-01  -3.2624089079e-01  -8.3929148089e-01   6.4941809975e-01  -3.3439045156e-02
  -3.2217398846e-01  -3.2335112240e-01  -7.3526263997e-01   6.2785995718e-01  -6.1139920212e-02
  -3.1997003915e-01  -3.2099685453e-01  -6.3159076564e-01   5.9458841623e-01  -1.0024865020e-01
  -3.1801376127e-01  -3.1894322378e-01  -5.2779746862e-01   5.5608869546e-01  -1.4462873272e-01
  -3.1622182424e-01  -3.1708429876e-01  -4.2426182886e-01   5.1528486340e-01  -1.9068135078e-01
  -3.1454431719e-01  -3.1535934972e-01  -3.2058522272e-01   4.7327355462e-01  -2.3644430271e-01
  -3.1294748255e-01  -3.1372928466e-01  -2.1697948434e-01   4.3063878379e-01  -2.8038273760e-01
  -3.1140592233e-01  -3.1216568045e-01  -1.1330794743e-01   3.8740166497e-01  -3.2151313707e-01
  -3.0989875781e-01  -3.1064616421e-01  -9.7959147958e-03   3.4345740853e-01  -3.5894733774e-01
  -3.0840712949e-01  -3.0915135142e-01   9.3958845689e-02   2.9821389782e-01  -3.9214427613e-01
  -3.0691218507e-01  -3.0766290756e-01   1.9768719709e-01   2.5114275580e-01  -4.2035782233e-01
  -3.0539294792e-01  -3.0616146257e-01   3.0126945747e-01   2.0139737250e-01  -4.4289736977e-01
  -3.0382325887e-01  -3.0462443328e-01   4.0496270525e-01   1.4755160168e-01  -4.5900769432e-01
  -3.0216604754e-01  -3.0302208447e-01   5.0873864367e-01   8.7614887416e-02  -4.6753578897e-01
  -3.0036047900e-01  -3.0131001060e-01   6.1254837921e-01   1.8253468504e-02  -4.6667646053e-01
  -2.9828215655e-01  -2.9941094740e-01   7.1681843935e-01  -6.7672691621e-02  -4.5287027166e-01
  -2.9563406555e-01  -2.9715336571e-01   8.1967898128e-01  -1.8728596808e-01  -4.1722271672e-01
  -2.9257467179e-01  -2.9411476540e-01   8.9049341587e-01  -3.3907784969e-01  -3.5673948263e-01
  -2.8959073714e-01  -2.9103457818e-01   9.0309867516e-01  -4.9953461021e-01  -2.8478680391e-01
  -2.8674180192e-01  -2.8814689609e-01   8.6004725677e-01  -6.6027341634e-01  -2.1182615905e-01
  -2.8408254269e-01  -2.8533670774e-01   7.7334388934e-01  -8.1127707757e-01  -1.4646573877e-01
  -2.8184973634e-01  -2.8282837764e-01   6.6900064931e-01  -9.3452414194e-01  -9.7140493597e-02
  -2.8002361216e-01  -2.8087109505e-01   5.6504046777e-01  -1.0296018997e+00  -6.2391838889e-02
  -2.7840244336e-01  -2.7917612927e-01   4.6113289569e-01  -1.1077950684e+00  -3.6385315256e-02
  -2.7689915734e-01  -2.7762875746e-01   3.5716325439e-01  -1.1735009280e+00  -1.6624343973e-02
  -2.7546517215e-01  -2.7616955723e-01   2.5368430542e-01  -1.2285364514e+00  -1.7880868039e-03
  -2.7406785476e-01  -2.7476078708e-01   1.4997175284e-01  -1.2743309196e+00   9.1376841509e-03
  -2.7268153946e-01  -2.7337492244e-01   4.6212705481e-02  -1.3110761370e+00   1.6746377605e-02
  -2.7128241938e-01  -2.7198815648e-01  -5.7699809747e-02  -1.3385596677e+00   2.1535454936e-02
  -2.6984498861e-01  -2.7057668227e-01  -1.6121499791e-01  -1.3558998800e+00   2.3930959333e-02
  -2.6833733232e-01  -2.6911329495e-01  -2.6503213244e-01  -1.3616854340e+00   2.4399571488e-02
  -2.6671279615e-01  -2.6756136970e-01  -3.6889685153e-01  -1.3530084763e+00   2.3482088946e-02
  -2.6489031517e-01  -2.6586422261e-01  -4.7284080233e-01  -1.3244067049e+00   2.2052447733e-02
  -2.6268472643e-01  -2.6391640774e-01  -5.7736990708e-01  -1.2628618070e+00   2.2022979931e-02
  -2.5991011613e-01  -2.6145304512e-01  -6.7134827388e-01  -1.1450905672e+00   2.8615989427e-02
  -2.5711325494e-01  -2.5836718713e-01  -7.2235769631e-01  -9.8602133122e-01   4.6433666985e-02
  -2.5476983145e-01  -2.5585932274e-01  -7.2945146796e-01  -8.2475013569e-01   7.2585745259e-02
  -2.5268150459e-01  -2.5368034016e-01  -7.0976845195e-01  -6.6351676638e-01   1.0513048435e-01
  -2.5073488456e-01  -2.5168266903e-01  -6.7139133614e-01  -5.0277111792e-01   1.4271973397e-01
  -2.4886410851e-01  -2.4978710009e-01  -6.1819933647e-01  -3.4150472586e-01   1.8456318902e-01
  -2.4702129607e-01  -2.4794111692e-01  -5.5286690489e-01  -1.8092904110e-01   2.2934382271e-01
  -2.4516309128e-01  -2.4610147522e-01  -4.7581955364e-01  -1.9526078027e-02   2.7636976761e-01
  -2.4324090588e-01  -2.4422470734e-01  -3.8771351290e-01   1.4128125226e-01   3.2380158206e-01
  -2.4123244731e-01  -2.4225710441e-01  -2.8903027888e-01   2.9908198782e-01   3.6886872354e-01
  -2.3920188362e-01  -2.4020779021e-01  -1.8555662512e-01   4.4306221001e-01   4.0578788086e-01
  -2.3718601631e-01  -2.3819597704e-01  -8.2076075893e-02   5.6581739730e-01   4.2978756635e-01
  -2.3513777801e-01  -2.3617605558e-01   2.1711646986e-02   6.6631933619e-01   4.3748787326e-01
  -2.3300554524e-01  -2.3409950045e-01   1.2515477326e-01   7.4065591258e-01   4.2409326908e-01
  -2.3072327970e-01  -2.3191159004e-01   2.2880792642e-01   7.8337825861e-01   3.8261989281e-01
  -2.2818428633e-01  -2.2953496937e-01   3.3252030521e-01   7.8385056905e-01   3.0186513578e-01
  -2.2550500790e-01  -2.2683360329e-01   4.2627722805e-01   7.3207140544e-01   1.7900771735e-01
  -2.2306014598e-01  -2.2417641250e-01   4.9539225011e-01   6.4167053444e-01   3.7960312609e-02
  -2.2092419012e-01  -2.2194387947e-01   5.4127490822e-01   5.3274645599e-01  -1.0308346774e-01
  -2.1892069447e-01  -2.1990450077e-01   5.7058029958e-01   4.1102452916e-01  -2.4367433400e-01
  -2.1694161287e-01  -2.1793688816e-01   5.8549670152e-01   2.7761166570e-01  -3.8434477810e-01
  -2.1488187383e-01  -2.1594633757e-01   5.8499756524e-01   1.3132284863e-01  -5.2535175257e-01
  -2.1266676664e-01  -2.1381741009e-01   5.6498926305e-01  -2.5946742968e-02  -6.6160209933e-01
  -2.1024691556e-01  -2.1151612319e-01   5.1873989289e-01  -1.8742518922e-01  -7.8129009909e-01
  -2.0760995360e-01  -2.0897770793e-01   4.3831884721e-01  -3.3909356244e-01  -8.6480782619e-01
  -2.0515266625e-01  -2.0624219926e-01   3.3576725116e-01  -4.4861536869e-01  -8.9058154569e-01
  -2.0313861493e-01  -2.0406313324e-01   2.3165553279e-01  -5.0983507715e-01  -8.6882959640e-01
  -2.0138829822e-01  -2.0221409661e-01   1.2805026044e-01  -5.3999091034e-01  -8.1779008207e-01
  -1.9980163258e-01  -2.0056249983e-01   2.4115434841e-02  -5.4848505311e-01  -7.4587733656e-01
  -1.9832378735e-01  -1.9904076533e-01  -7.9363763048e-02  -5.4040175269e-01  -6.5859731070e-01
  -1.9691956088e-01  -1.9760680936e-01  -1.8324135749e-01  -5.1892841324e-01  -5.5837449782e-01
  -1.9556379922e-01  -1.9623231240e-01  -2.8675616206e-01  -4.8635598117e-01  -4.4801978136e-01
  -1.9423636942e-01  -1.9489528605e-01  -3.9076646084e-01  -4.4386252355e-01  -3.2804956450e-01
  -1.9291948536e-01  -1.9357745279e-01  -4.9433661304e-01  -3.9279745491e-01  -2.0053026448e-01
  -1.9159644561e-01  -1.9226151793e-01  -5.9786302264e-01  -3.3362304768e-01  -6.5686465112e-02
  -1.9027064407e-01  -1.9093137328e-01  -6.9962422986e-01  -2.6774275953e-01   7.3729362594e-02
  -1.8895124107e-01  -1.8960991486e-01  -7.9759236016e-01  -1.9686339542e-01   2.1443575802e-01
  -1.8762359571e-01  -1.8829256728e-01  -8.9120044030e-01  -1.2162237373e-01   3.5524565873e-01
  -1.8626132781e-01  -1.8695462413e-01  -9.8012216109e-01  -4.2089379607e-02   4.9563485799e-01
  -1.8483129290e-01  -1.8556803149e-01  -1.0646080211e+00   4.3014079380e-02   6.3664309047e-01
  -1.8328437916e-01  -1.8409455431e-01  -1.1429847822e+00   1.3443856277e-01   7.7717373368e-01
  -1.8153068567e-01  -1.8247420401e-01  -1.2135992933e+00   2.3601602646e-01   9.1846389708e-01
  -1.7933992133e-01  -1.8058716733e-01  -1.2699634819e+00   3.5615761515e-01   1.0607696232e+00
  -1.7636370981e-01  -1.7809267533e-01  -1.2839173863e+00   5.0326372254e-01   1.1846432652e+00
  -1.7317012503e-01  -1.7463474428e-01  -1.2179795147e+00   6.3838873288e-01   1.2274506790e+00
  -1.7076279682e-01  -1.7170550578e-01  -1.1115135275e+00   7.2397090171e-01   1.1979308176e+00
  -1.6905886819e-01  -1.6982008786e-01  -1.0070616112e+00   7.7629065548e-01   1.1467738911e+00
  -1.6763400416e-01  -1.6829764852e-01  -9.0312102817e-01   8.1532166729e-01   1.0876545815e+00
  -1.6636851582e-01  -1.6697035980e-01  -7.9928920794e-01   8.4672928249e-01   1.0245138884e+00
  -1.6520728502e-01  -1.6576667184e-01  -6.9551840239e-01   8.7304728400e-01   9.5927171516e-01
  -1.6411900777e-01  -1.6464789821e-01  -5.9186157642e-01   8.9566854295e-01   8.9308545671e-01
  -1.6308362953e-01  -1.6359011733e-01  -4.8833154409e-01   9.1545175862e-01   8.2669159876e-01
  -1.6208726934e-01  -1.6257714173e-01  -3.8430573428e-01   9.3305581624e-01   7.6021051481e-01
  -1.6111956448e-01  -1.6159739696e-01  -2.8051048243e-01   9.4872047935e-01   6.9450785015e-01
  -1.6017226987e-01  -1.6064173200e-01  -1.7664527230e-01   9.6275038317e-01   6.2971884299e-01
  -1.5923857395e-01  -1.5970280774e-01  -7.3075051710e-02   9.7526932299e-01   5.6634704814e-01
  -1.5831255520e-01  -1.5877434017e-01   3.0348009733e-02   9.8640797729e-01   5.0454339641e-01
  -1.5738883909e-01  -1.5785077024e-01   1.3374151424e-01   9.9623079229e-01   4.4447154907e-01
  -1.5646222344e-01  -1.5692690795e-01   2.3823566447e-01   1.0048172402e+00   3.8575799912e-01
  -1.5552746936e-01  -1.5599753894e-01   3.4170372574e-01   1.0119449058e+00   3.2985485000e-01
  -1.5457909733e-01  -1.5505739978e-01   4.4527272870e-01   1.0176230606e+00   2.7638370854e-01
  -1.5361104135e-01  -1.5410079488e-01   5.4893827752e-01   1.0216979934e+00   2.2565809436e-01
  -1.5261631775e-01  -1.5312128782e-01   6.5253490552e-01   1.0239480076e+00   1.7810783886e-01
  -1.5158651505e-01  -1.5211134768e-01   7.5620384910e-01   1.0240738675e+00   1.3408269475e-01
  -1.5051095699e-01  -1.5106168242e-01   8.6013866429e-01   1.0216390921e+00   9.4031595900e-02
  -1.4937564398e-01  -1.4996023156e-01   9.6377210587e-01   1.0160537289e+00   5.8825907745e-02
  -1.4816105806e-01  -1.4879105639e-01   1.0675591212e+00   1.0064212958e+00   2.9165041341e-02
  -1.4683795368e-01  -1.4753105972e-01   1.1713497041e+00   9.9138672413e-01   6.3369096915e-03
  -1.4535847061e-01  -1.4614484764e-01   1.2751857416e+00   9.6867510755e-01  -7.7719361761e-03
  -1.4363213021e-01  -1.4457209357e-01   1.3791733761e+00   9.3396093453e-01  -9.8652537048e-03
  -1.4143266699e-01  -1.4269216686e-01   1.4840681526e+00   8.7631849971e-01   7.5770701911e-03
  -1.3828588505e-01  -1.4017316713e-01   1.5797061864e+00   7.6766064216e-01   6.3284978111e-02
  -1.3475734532e-01  -1.3639860297e-01   1.6186370108e+00   6.1323685678e-01   1.5041303948e-01
  -1.3168513908e-01  -1.3311608768e-01   1.5963328509e+00   4.5253167249e-01   2.3266609430e-01
  -1.2894506949e-01  -1.3025419049e-01   1.5370381439e+00   2.9169532213e-01   2.9947819227e-01
  -1.2640193535e-01  -1.2763594850e-01   1.4528399112e+00   1.3126806698e-01   3.4848428692e-01
  -1.2406712343e-01  -1.2516792221e-01   1.3532614064e+00  -2.3544798250e-02   3.7858014356e-01
  -1.2200644762e-01  -1.2296632465e-01   1.2495294216e+00  -1.6381778803e-01   3.9114084153e-01
  -1.2017764295e-01  -1.2104657059e-01   1.1458414457e+00  -2.9000056826e-01   3.9047775148e-01
  -1.1850408621e-01  -1.1930871531e-01   1.0421074690e+00  -4.0569688708e-01   3.7990804494e-01
  -1.1694249258e-01  -1.1769945711e-01   9.3858063942e-01  -5.1252575583e-01   3.6157088070e-01
  -1.1546494517e-01  -1.1618552805e-01   8.3486970654e-01  -6.1199102609e-01   3.3683274724e-01
  -1.1405164512e-01  -1.1474436230e-01   7.3131938993e-01  -7.0440461568e-01   3.0678703224e-01
  -1.1268737437e-01  -1.1335892794e-01   6.2758260274e-01  -7.9043512857e-01   2.7206372494e-01
  -1.1135969103e-01  -1.1201582080e-01   5.2396754213e-01  -8.6996379579e-01   2.3327362082e-01
  -1.1005771830e-01  -1.1070356126e-01   4.2058304957e-01  -9.4291766669e-01   1.9082094229e-01
  -1.0877147651e-01  -1.0941187533e-01   3.1648207977e-01  -1.0096968388e+00   1.4446499172e-01
  -1.0749115280e-01  -1.0813107768e-01   2.1314147889e-01  -1.0689697314e+00   9.4901695612e-02
  -1.0620647878e-01  -1.0685122793e-01   1.0941463067e-01  -1.1208454266e+00   4.1492859947e-02
  -1.0490604239e-01  -1.0556172963e-01   5.6141393798e-03  -1.1642103695e+00  -1.5927848590e-02
  -1.0357630129e-01  -1.0425035515e-01  -9.7950133362e-02  -1.1977010819e+00  -7.7688085487e-02
  -1.0220002029e-01  -1.0290224744e-01  -2.0160224829e-01  -1.2196183902e+00  -1.4479233441e-01
  -1.0075339660e-01  -1.0149779315e-01  -3.0537527795e-01  -1.2271689371e+00  -2.1859409655e-01
  -9.9200587548e-02  -1.0000900005e-01  -4.0914147076e-01  -1.2159531023e+00  -3.0116177065e-01
  -9.7480899283e-02  -9.8392175049e-02  -5.1290146287e-01  -1.1784046298e+00  -3.9629336182e-01
  -9.5478244834e-02  -9.6569623516e-02  -6.1690211859e-01  -1.0988662570e+00  -5.1212307303e-01
  -9.3285679682e-02  -9.4386866153e-02  -7.0710819601e-01  -9.6739744684e-01  -6.4380652765e-01
  -9.1292023978e-02  -9.2184493211e-02  -7.6644733856e-01  -8.0772212801e-01  -7.6761130736e-01
  -8.9634419081e-02  -9.0399554744e-02  -7.9855277193e-01  -6.4610520318e-01  -8.7319446547e-01
  -8.8182311330e-02  -8.8869283418e-02  -8.1402674767e-01  -4.8488876043e-01  -9.6703651695e-01
  -8.6860489090e-02  -8.7495339242e-02  -8.1838477554e-01  -3.2392470280e-01  -1.0531299496e+00
  -8.5627005522e-02  -8.6225638937e-02  -8.1467351933e-01  -1.6239620306e-01  -1.1340114483e+00
  -8.4454784651e-02  -8.5028372106e-02  -8.0488049284e-01  -1.6229536705e-03  -1.2103358849e+00
  -8.3324434170e-02  -8.3881197197e-02  -7.9031802971e-01   1.5945622080e-01  -1.2834917508e+00
  -8.2220952984e-02  -8.2767671142e-02  -7.7191079557e-01   3.2106179496e-01  -1.3541379055e+00
  -8.1131449007e-02  -8.1674234826e-02  -7.5067912259e-01   4.8129158373e-01  -1.4218790965e+00
  -8.0043871077e-02  -8.0588663189e-02  -7.2684710405e-01   6.4315535923e-01  -1.4882587060e+00
  -7.8945857601e-02  -7.9499078966e-02  -7.0134350334e-01   8.0393711376e-01  -1.5523157626e+00
  -7.7823350547e-02  -7.8392636236e-02  -6.7450361108e-01   9.6485931377e-01  -1.6146247796e+00
  -7.6658523384e-02  -7.7254064858e-02  -6.4677272281e-01   1.1262789655e+00  -1.6752523249e+00
  -7.5426352716e-02  -7.6062981910e-02  -6.1890942440e-01   1.2871907041e+00  -1.7335942986e+00
  -7.4086489409e-02  -7.4789723521e-02  -5.9149234357e-01   1.4487610296e+00  -1.7895355332e+00
  -7.2560522248e-02  -7.3383255296e-02  -5.6584877864e-01   1.6108237358e+00  -1.8417479691e+00
  -7.0631870404e-02  -7.1737789201e-02  -5.4495178984e-01   1.7742156399e+00  -1.8868025341e+00
  -6.7026953428e-02  -6.9525951606e-02  -5.5189832774e-01   1.9228793752e+00  -1.8914237252e+00
  -6.3113163703e-02  -6.4527955249e-02  -6.2259717433e-01   1.8637181901e+00  -1.7816307355e+00
  -6.0830767846e-02  -6.1698372156e-02  -6.9777523985e-01   1.7011029355e+00  -1.6476913493e+00
  -5.9282136504e-02  -5.9963163536e-02  -7.6084864597e-01   1.5384581447e+00  -1.5265853563e+00
  -5.8015718306e-02  -5.8601109472e-02  -8.1807267268e-01   1.3767723665e+00  -1.4101937055e+00
  -5.6904579614e-02  -5.7430327140e-02  -8.7165458388e-01   1.2148487268e+00  -1.2953736633e+00
  -5.5893587228e-02  -5.6378832087e-02  -9.2189723622e-01   1.0542179330e+00  -1.1822049272e+00
  -5.4952379228e-02  -5.5408342368e-02  -9.6965309177e-01   8.9360424934e-01  -1.0692333205e+00
  -5.4062442568e-02  -5.4496416087e-02  -1.0156242231e+00   7.3128489315e-01  -9.5489302182e-01
  -5.3210827856e-02  -5.3628469049e-02  -1.0588147828e+00   5.7132811387e-01  -8.4179845101e-01
  -5.2387952062e-02  -5.2793186663e-02  -1.1002738688e+00   4.1026121644e-01  -7.2730299749e-01
  -5.1586686893e-02  -5.1982717460e-02  -1.1399218865e+00   2.4833433432e-01  -6.1139881236e-01
  -5.0801058072e-02  -5.1190656325e-02  -1.1772713369e+00   8.7551552454e-02  -4.9536676883e-01
  -5.0025943174e-02  -5.0411459819e-02  -1.2126036121e+00  -7.3332371737e-02  -3.7816980429e-01
  -4.9256831087e-02  -4.9640426528e-02  -1.2458787407e+00  -2.3446629187e-01  -2.5954006440e-01
  -4.8489471186e-02  -4.8873235646e-02  -1.2770007585e+00  -3.9592476897e-01  -1.3924542733e-01
  -4.7719672037e-02  -4.8105706725e-02  -1.3056822961e+00  -5.5686827019e-01  -1.7727418785e-02
  -4.6943119308e-02  -4.7333637349e-02  -1.3318497484e+00  -7.1775281123e-01   1.0556212955e-01
  -4.6155152299e-02  -4.6552601267e-02  -1.3552769969e+00  -8.7852341851e-01   2.3083261704e-01
  -4.5350378508e-02  -4.5757703332e-02  -1.3758270372e+00  -1.0405332031e+00   3.5948725441e-01
  -4.4522404379e-02  -4.4943053684e-02  -1.3928195984e+00  -1.2015401529e+00   4.9015432007e-01
  -4.3663483587e-02  -4.4101755074e-02  -1.4058073946e+00  -1.3612231623e+00   6.2300765260e-01
  -4.2764571998e-02  -4.3225212099e-02  -1.4143268814e+00  -1.5237155442e+00   7.6226572825e-01
  -4.1827859290e-02  -4.2303931897e-02  -1.4170590454e+00  -1.6810397616e+00   9.0198113227e-01
  -4.0858333164e-02  -4.1351786682e-02  -1.4132035044e+00  -1.8325515108e+00   1.0423929013e+00
  -3.9848546290e-02  -4.0364879645e-02  -1.4017412922e+00  -1.9760329566e+00   1.1825300920e+00
  -3.8785064342e-02  -3.9332212934e-02  -1.3809686633e+00  -2.1115686498e+00   1.3241513736e+00
  -3.7649197702e-02  -3.8237915749e-02  -1.3492888324e+00  -2.2340824634e+00   1.4642796401e+00
  -3.6412504461e-02  -3.7060479656e-02  -1.3032491986e+00  -2.3421708140e+00   1.6050096053e+00
  -3.5026078262e-02  -3.5764529265e-02  -1.2376719255e+00  -2.4296434492e+00   1.7457740413e+00
  -3.3486917229e-02  -3.4287627258e-02  -1.1479662203e+00  -2.4842090204e+00   1.8799426943e+00
  -3.1985858644e-02  -3.2686207199e-02  -1.0446308466e+00  -2.4942311243e+00   1.9870292261e+00
  -3.0655394340e-02  -3.1285510090e-02  -9.4094407826e-01  -2.4672431175e+00   2.0610141207e+00
  -2.9443096268e-02  -3.0025278591e-02  -8.3708333864e-01  -2.4140952511e+00   2.1112793009e+00
  -2.8312994292e-02  -2.8860913945e-02  -7.3325181736e-01  -2.3411383537e+00   2.1431402412e+00
  -2.7242208554e-02  -2.7765074639e-02  -6.2973439659e-01  -2.2526806968e+00   2.1600027081e+00
  -2.6214970096e-02  -2.6719342470e-02  -5.2616068068e-01  -2.1511660740e+00   2.1641971032e+00
  -2.5219688952e-02  -2.5710597722e-02  -4.2228553551e-01  -2.0382167916e+00   2.1571674200e+00
  -2.4247183825e-02  -2.4728780183e-02  -3.1839732934e-01  -1.9155267638e+00   2.1399046679e+00
  -2.3289724164e-02  -2.3765587467e-02  -2.1461614471e-01  -1.7843548782e+00   2.1131385442e+00
  -2.2340482590e-02  -2.2813860861e-02  -1.1094754753e-01  -1.6455888147e+00   2.0773285551e+00
  -2.1393089437e-02  -2.1867104318e-02  -7.3329550023e-03  -1.4998250693e+00   2.0326687978e+00
  -2.0441234144e-02  -2.0919074556e-02   9.6301941607e-02  -1.3474592652e+00   1.9791002804e+00
  -1.9481562702e-02  -1.9963393732e-02   1.9963756038e-01  -1.1893513818e+00   1.9165689173e+00
  -1.8522581165e-02  -1.8999731673e-02   3.0096755578e-01  -1.0285591497e+00   1.8459318329e+00
  -1.7569588740e-02  -1.8045430657e-02   3.9907098194e-01  -8.6756012749e-01   1.7680020949e+00
  -1.6614603985e-02  -1.7093746824e-02   4.9418077395e-01  -7.0646279818e-01   1.6824754600e+00
  -1.5648173407e-02  -1.6135461146e-02   5.8653582073e-01  -5.4518121944e-01   1.5886654104e+00
  -1.4659923181e-02  -1.5160885668e-02   6.7616450001e-01  -3.8382685308e-01   1.4856541020e+00
  -1.3637546930e-02  -1.4158960695e-02   7.6281659163e-01  -2.2287430861e-01   1.3723718296e+00
  -1.2565376695e-02  -1.3116133164e-02   8.4661285560e-01  -6.1906354964e-02   1.2464758692e+00
  -1.1460853878e-02  -1.2014620225e-02   9.2457305992e-01   9.3526263969e-02   1.1100819408e+00
  -1.0376048496e-02  -1.0907087530e-02   9.9292401401e-01   2.3570383059e-01   9.6859771091e-01
  -9.3317353633e-03  -9.8450094613e-03   1.0492019280e+00   3.5862678513e-01   8.2869682709e-01
  -8.3193402385e-03  -8.8184612653e-03   1.0953988081e+00   4.6557766915e-01   6.8825247856e-01
  -7.3322469643e-03  -7.8202192117e-03   1.1320688003e+00   5.5707846433e-01   5.4756487275e-01
  -6.3648717327e-03  -6.8442747169e-03   1.1597290179e+00   6.3367418191e-01   4.0687940975e-01
  -5.4123513431e-03  -5.8854687485e-03   1.1788679365e+00   6.9594526338e-01   2.6632057793e-01
  -4.4703101668e-03  -4.9392339377e-03   1.1899183979e+00   7.4444339369e-01   1.2591757196e-01
  -3.5346661496e-03  -4.0013863960e-03   1.1932388508e+00   7.7964275736e-01  -1.4371340313e-02
  -2.6014566540e-03  -3.0679459033e-03   1.1891017335e+00   8.0190501376e-01  -1.5463464033e-01
  -1.6666407313e-03  -2.1349674047e-03   1.1775619194e+00   8.1143270596e-01  -2.9592270103e-01
  -7.2594073034e-04  -1.1983140580e-03   1.1588766144e+00   8.0818800586e-01  -4.3640125259e-01
   2.2531816387e-04  -2.5356740267e-04   1.1331106792e+00   7.9234135919e-01  -5.7677479303e-01
   1.1924851245e-03   7.0420373041e-04   1.1002149206e+00   7.6375985684e-01  -7.1723518368e-01
   2.1819363397e-03   1.6807665186e-03   1.0601121696e+00   7.2219209429e-01  -8.5763719127e-01
   3.2016193228e-03   2.6831061607e-03   1.0125083570e+00   6.6707227835e-01  -9.9817624540e-01
   4.2620102106e-03   3.7201324848e-03   9.5681175871e-01   5.9733620102e-01  -1.1392325050e+00
   5.3773682300e-03   4.8038879365e-03   8.9285370234e-01   5.1233741232e-01  -1.2796156258e+00
   6.5684680932e-03   5.9508485236e-03   8.1939725839e-01   4.0989192580e-01  -1.4199473058e+00
   7.8691162372e-03   7.1860876628e-03   7.3415719377e-01   2.8593565840e-01  -1.5609864395e+00
   9.3000624417e-03   8.5521448115e-03   6.3677425167e-01   1.3885895326e-01  -1.6986376979e+00
   1.0781719890e-02   1.0047980072e-02   5.3475993416e-01  -2.0538554927e-02  -1.8195102004e+00
   1.2242224283e-02   1.1515459709e-02   4.3452050391e-01  -1.8202786967e-01  -1.9159660308e+00
   1.3707335301e-02   1.2968988858e-02   3.3737768536e-01  -3.4290405565e-01  -1.9876128568e+00
   1.5216521475e-02   1.4445681743e-02   2.4247605042e-01  -5.0414102492e-01  -2.0343674414e+00
   1.6820633064e-02   1.5987361207e-02   1.4968988719e-01  -6.6565830415e-01  -2.0528079051e+00
   1.8604221001e-02   1.7653904921e-02   5.8961634705e-02  -8.2717201209e-01  -2.0350994848e+00
   2.0730742100e-02   1.9554537081e-02  -2.9701605491e-02  -9.8765072407e-01  -1.9623088533e+00
   2.2898003802e-02   2.1906947118e-02  -9.7237268120e-02  -1.1092634005e+00  -1.8356205954e+00
   2.4682168713e-02   2.3889060487e-02  -1.3452682625e-01  -1.1721035094e+00  -1.6939341490e+00
   2.6167879199e-02   2.5475276938e-02  -1.5307059139e-01  -1.1963476774e+00  -1.5529758577e+00
   2.7491754252e-02   2.6860481459e-02  -1.6050430554e-01  -1.1955920421e+00  -1.4117343994e+00
   2.8714038843e-02   2.8123027046e-02  -1.6021893191e-01  -1.1759716720e+00  -1.2714084822e+00
   2.9868435394e-02   2.9305050639e-02  -1.5416743074e-01  -1.1407277176e+00  -1.1308811861e+00
   3.0976274580e-02   3.0431820149e-02  -1.4353363390e-01  -1.0918261237e+00  -9.9047236437e-01
   3.2052652696e-02   3.1520729012e-02  -1.2901191853e-01  -1.0300147268e+00  -8.4932585242e-01
   3.3109192586e-02   3.2584576380e-02  -1.1135963437e-01  -9.5681037948e-01  -7.0918461614e-01
   3.4155476888e-02   3.3633808792e-02  -9.0848974698e-02  -8.7201215593e-01  -5.6876838369e-01
   3.5199878218e-02   3.4677144983e-02  -6.7673373528e-02  -7.7529013951e-01  -4.2761244376e-01
   3.6250255191e-02   3.5722611452e-02  -4.2412506687e-02  -6.6806100938e-01  -2.8782056712e-01
   3.7314520222e-02   3.6777898930e-02  -1.4704084649e-02  -5.4781550610e-01  -1.4656747895e-01
   3.8400975423e-02   3.7851141514e-02   1.4781189743e-02  -4.1653308507e-01  -6.7851510273e-03
   3.9518993779e-02   3.8950809333e-02   4.6572521084e-02  -2.7090930157e-01   1.3426487162e-01
   4.0659495315e-02   4.0087178225e-02   7.9723651196e-02  -1.1438402751e-01   2.7249445226e-01
   4.1783181524e-02   4.1231812404e-02   1.1279538290e-01   4.6618405216e-02   4.0265953312e-01
   4.2871251419e-02   4.2334550644e-02   1.4477391668e-01   2.0698443384e-01   5.2194307005e-01
   4.3935277937e-02   4.3407952194e-02   1.7618816427e-01   3.6905665950e-01   6.3329652899e-01
   4.4985342911e-02   4.4462603679e-02   2.0646167092e-01   5.2950254744e-01   7.3544822928e-01
   4.6030604686e-02   4.5508082144e-02   2.3605485598e-01   6.9036154683e-01   8.3060701241e-01
   4.7079915994e-02   4.6553127229e-02   2.6510750901e-01   8.5213987779e-01   9.1960320975e-01
   4.8142524488e-02   4.7606704760e-02   2.9319236319e-01   1.0121413196e+00   1.0015292536e+00
   4.9229068443e-02   4.8678344215e-02   3.2104646824e-01   1.1743452111e+00   1.0788159554e+00
   5.0352532047e-02   4.9779792670e-02   3.4804721945e-01   1.3349897844e+00   1.1499609682e+00
   5.1529987949e-02   5.0925271423e-02   3.7452185097e-01   1.4959158377e+00   1.2161281293e+00
   5.2786586003e-02   5.2134704474e-02   4.0048163418e-01   1.6573921675e+00   1.2775572298e+00
   5.4162857558e-02   5.3438467532e-02   4.2566349320e-01   1.8183808928e+00   1.3339424266e+00
   5.5736850179e-02   5.4887247585e-02   4.5004912414e-01   1.9805124701e+00   1.3857505532e+00
   5.7712942796e-02   5.6586452774e-02   4.7272789558e-01   2.1435217543e+00   1.4323448153e+00
   6.0377714604e-02   5.8839432818e-02   4.8752093450e-01   2.2847119373e+00   1.4666390154e+00
   6.3454278176e-02   6.1915996390e-02   4.7941685132e-01   2.3292231103e+00   1.4717650030e+00
   6.6570259398e-02   6.4992559962e-02   4.3963149431e-01   2.2380835944e+00   1.4436532159e+00
   6.9112212814e-02   6.8147958834e-02   3.8334017694e-01   2.0703399966e+00   1.3995691318e+00
   7.0856502756e-02   7.0076466793e-02   3.3167632534e-01   1.9081336741e+00   1.3584411005e+00
   7.2320528670e-02   7.1636538720e-02   2.8083446067e-01   1.7466346804e+00   1.3175462720e+00
   7.3629289067e-02   7.3004518619e-02   2.3005906100e-01   1.5849349718e+00   1.2761294722e+00
   7.4839742123e-02   7.4254059515e-02   1.7954986438e-01   1.4241374555e+00   1.2341598172e+00
   7.5984346640e-02   7.5425424730e-02   1.2899331252e-01   1.2633276110e+00   1.1911693503e+00
   7.7083933571e-02   7.6543268550e-02   7.8165382467e-02   1.1016843553e+00   1.1467203572e+00
   7.8153620703e-02   7.7624598591e-02   2.7756699006e-02   9.4116570316e-01   1.1011583753e+00
   7.9205277147e-02   7.8682642814e-02  -2.2862156660e-02   7.7941525790e-01   1.0536123256e+00
   8.0248890481e-02   7.9727911479e-02  -7.2715644539e-02   6.1909120466e-01   1.0046522845e+00
   8.1293656570e-02   8.0769869483e-02  -1.2242460190e-01   4.5759990911e-01   9.5324962624e-01
   8.2348622669e-02   8.1817443657e-02  -1.7125481271e-01   2.9653860490e-01   8.9961430835e-01
   8.3423403875e-02   8.2879801680e-02  -2.1897531738e-01   1.3566763716e-01   8.4334253526e-01
   8.4528950730e-02   8.3967006070e-02  -2.6520620462e-01  -2.5074464254e-02   7.8400769110e-01
   8.5678846054e-02   8.5090895390e-02  -3.0964663066e-01  -1.8661912513e-01   7.2068714199e-01
   8.6891034999e-02   8.6266796719e-02  -3.5122775827e-01  -3.4800577538e-01   6.5298028568e-01
   8.8190707532e-02   8.7515273279e-02  -3.8870024033e-01  -5.0880444685e-01   5.8004325603e-01
   8.9617254523e-02   8.8866141785e-02  -4.2043276358e-01  -6.6991167292e-01   4.9984982097e-01
   9.1241151455e-02   9.0368367261e-02  -4.4307833921e-01  -8.3155571799e-01   4.0935970276e-01
   9.3218078090e-02   9.2113935649e-02  -4.4925869137e-01  -9.9390044345e-01   3.0229559233e-01
   9.5748568342e-02   9.4322220532e-02  -4.2135469532e-01  -1.1441831639e+00   1.7350565348e-01
   9.8587475343e-02   9.7174916152e-02  -3.4401501610e-01  -1.2391762102e+00   4.3143271500e-02
   1.0107570701e-01   1.0000003453e-01  -2.4021717351e-01  -1.2621562650e+00  -5.5934220784e-02
   1.0308031431e-01   1.0215137949e-01  -1.3605296826e-01  -1.2431679895e+00  -1.2428209301e-01
   1.0486906920e-01   1.0400924913e-01  -3.2182106379e-02  -1.2022872201e+00  -1.7662870393e-01
   1.0656141177e-01   1.0572888928e-01   7.1888852452e-02  -1.1461801751e+00  -2.1911164578e-01
   1.0823136512e-01   1.0739393427e-01   1.7550276227e-01  -1.0779051174e+00  -2.5461492245e-01
   1.0994618790e-01   1.0906879597e-01   2.7945055746e-01  -9.9732865559e-01  -2.8547929015e-01
   1.1179587663e-01   1.1082357984e-01   3.8350088765e-01  -9.0253380472e-01  -3.1332837955e-01
   1.1396883990e-01   1.1276817343e-01   4.8827652816e-01  -7.8564513126e-01  -3.4052179117e-01
   1.1667398453e-01   1.1516950637e-01   5.8174476129e-01  -6.3986359437e-01  -3.6889863356e-01
   1.1982587078e-01   1.1817846268e-01   6.2691186443e-01  -4.7904108422e-01  -3.9825356040e-01
   1.2320099500e-01   1.2147327888e-01   5.8885762317e-01  -3.2732490827e-01  -4.2802952221e-01
   1.2604688304e-01   1.2492871111e-01   4.8966052244e-01  -2.1942111112e-01  -4.5181070803e-01
   1.2803833700e-01   1.2716505497e-01   3.8481531660e-01  -1.5635101290e-01  -4.6656841210e-01
   1.2967139296e-01   1.2891161904e-01   2.8072118593e-01  -1.1235512715e-01  -4.7650405882e-01
   1.3112695187e-01   1.3043116688e-01   1.7686303700e-01  -7.8921900758e-02  -4.8299478855e-01
   1.3248047819e-01   1.3182273686e-01   7.2916404920e-02  -5.2596533206e-02  -4.8646570233e-01
   1.3377466350e-01   1.3313821953e-01  -3.0821765682e-02  -3.1732759780e-02  -4.8698785912e-01
   1.3503881848e-01   1.3441110748e-01  -1.3439538973e-01  -1.5325591679e-02  -4.8447943615e-01
   1.3629660848e-01   1.3566652949e-01  -2.3826327458e-01  -2.7874323766e-03  -4.7866461147e-01
   1.3757059839e-01   1.3692668747e-01  -3.4185956631e-01   6.0447888121e-03  -4.6915865291e-01
   1.3888626063e-01   1.3821450932e-01  -4.4581887286e-01   1.1179943232e-02  -4.5524511100e-01
   1.4027731081e-01   1.3955801194e-01  -5.4954849195e-01   1.2227631271e-02  -4.3597655915e-01
   1.4179709174e-01   1.4099660968e-01  -6.5359798688e-01   8.3188401878e-03  -4.0951204007e-01
   1.4355121959e-01   1.4259757381e-01  -7.5777226374e-01  -2.5902384438e-03  -3.7242690454e-01
   1.4587191150e-01   1.4450486537e-01  -8.6388104139e-01  -2.7273822606e-02  -3.1382061527e-01
   1.4952143686e-01   1.4723895763e-01  -9.4350470796e-01  -8.7217226107e-02  -2.0822389767e-01
   1.5362701945e-01   1.5180391608e-01  -9.0728866968e-01  -1.7629692698e-01  -8.9926769833e-02
   1.5650583014e-01   1.5545012282e-01  -8.0065918936e-01  -2.4665228552e-01  -2.1719679872e-02
   1.5840020105e-01   1.5756153745e-01  -6.9605382988e-01  -2.9309974941e-01   9.8931080577e-03
   1.5997017428e-01   1.5923886465e-01  -5.9185589255e-01  -3.2991917149e-01   2.5938793339e-02
   1.6136892676e-01   1.6070148391e-01  -4.8817534652e-01  -3.6021195135e-01   3.1413443399e-02
   1.6266245060e-01   1.6203636960e-01  -3.8428437401e-01  -3.8547444169e-01   2.8556563577e-02
   1.6388735061e-01   1.6328853160e-01  -2.8069777534e-01  -4.0618431546e-01   1.8553724307e-02
   1.6506741227e-01   1.6448616963e-01  -1.7685183555e-01  -4.2273300051e-01   2.0482397467e-03
   1.6621985128e-01   1.6564865492e-01  -7.3080577665e-02  -4.3512348827e-01  -2.0516866325e-02
   1.6735855127e-01   1.6679104765e-01   3.0570070026e-02  -4.4328655352e-01  -4.8878793245e-02
   1.6849575135e-01   1.6792605490e-01   1.3419438831e-01  -4.4702763106e-01  -8.2955486730e-02
   1.6964335418e-01   1.6906544781e-01   2.3790032093e-01  -4.4598730928e-01  -1.2281906518e-01
   1.7081413574e-01   1.7022126055e-01   3.4169095059e-01  -4.3961356412e-01  -1.6864371395e-01
   1.7202309782e-01   1.7140701093e-01   4.4534171574e-01  -4.2715017012e-01  -2.2062336037e-01
   1.7328963275e-01   1.7263918471e-01   5.4913114391e-01  -4.0742164091e-01  -2.7939794983e-01
   1.7464137699e-01   1.7394008078e-01   6.5290106832e-01  -3.7870590741e-01  -3.4569346711e-01
   1.7612251624e-01   1.7534267319e-01   7.5676152713e-01  -3.3809292699e-01  -4.2094414291e-01
   1.7781607974e-01   1.7690235929e-01   8.6073054071e-01  -2.8019573558e-01  -5.0770811561e-01
   1.7993504064e-01   1.7872980020e-01   9.6587205561e-01  -1.9093265969e-01  -6.1319700131e-01
   1.8260339652e-01   1.8114028109e-01   1.0543852938e+00  -5.6123537249e-02  -7.3183962318e-01
   1.8538471018e-01   1.8406651195e-01   1.0930967542e+00   1.0478366783e-01  -8.2931270622e-01
   1.8797001841e-01   1.8670290842e-01   1.0780603217e+00   2.6591040101e-01  -8.8686322521e-01
   1.9052760725e-01   1.8923712839e-01   1.0172471948e+00   4.2698968119e-01  -9.0698084817e-01
   1.9294312895e-01   1.9181808612e-01   9.2297216330e-01   5.7200657338e-01  -8.9098346513e-01
   1.9499923055e-01   1.9406817179e-01   8.1857948989e-01   6.8372645334e-01  -8.5061804700e-01
   1.9676581778e-01   1.9593028932e-01   7.1474353776e-01   7.6678434727e-01  -7.9740202424e-01
   1.9838416797e-01   1.9760134623e-01   6.1087647704e-01   8.2990979125e-01  -7.3503187068e-01
   1.9992214630e-01   1.9916698972e-01   5.0696672360e-01   8.7645487923e-01  -6.6524972964e-01
   2.0142276273e-01   2.0067730288e-01   4.0336144253e-01   9.0776984113e-01  -5.8919563560e-01
   2.0291940260e-01   2.0216822258e-01   2.9980404999e-01   9.2433806906e-01  -5.0709807171e-01
   2.0444356130e-01   2.0367058262e-01   1.9598598674e-01   9.2555386650e-01  -4.1869039212e-01
   2.0603128130e-01   2.0521653998e-01   9.2030386191e-02   9.0972563757e-01  -3.2366630512e-01
   2.0773139008e-01   2.0684602262e-01  -1.1611696143e-02   8.7403462967e-01  -2.2161415479e-01
   2.0962375330e-01   2.0861675755e-01  -1.1548297051e-01   8.1287764717e-01  -1.1033179780e-01
   2.1187412181e-01   2.1063074906e-01  -2.1982539128e-01   7.1434365709e-01   1.4165435054e-02
   2.1450244786e-01   2.1311749455e-01  -3.1218395205e-01   5.7309830919e-01   1.4221365439e-01
   2.1720070099e-01   2.1588740116e-01  -3.7328211430e-01   4.1160210367e-01   2.4851055234e-01
   2.1989397228e-01   2.1851400081e-01  -4.0148098364e-01   2.4993321367e-01   3.2389166213e-01
   2.2296588790e-01   2.2127394375e-01  -4.0084672213e-01   8.7057472535e-02   3.6988844194e-01
   2.2800769381e-01   2.2465783206e-01  -3.5775553600e-01  -6.9669132514e-02   3.5732913105e-01
   2.3411918146e-01   2.3135755556e-01  -3.1601092716e-01  -4.5577737808e-02   2.5486493883e-01
   2.3860218030e-01   2.3688080736e-01  -3.3847973336e-01   1.1564653326e-01   1.6441735523e-01
   2.4187116608e-01   2.4032355324e-01  -3.9631594761e-01   2.7831804331e-01   1.2086393273e-01
   2.4504033899e-01   2.4341877891e-01  -4.8095893066e-01   4.3780170802e-01   1.1420909835e-01
   2.4822259153e-01   2.4666189908e-01  -5.8258639022e-01   5.7162782359e-01   1.5225032350e-01
   2.5145418283e-01   2.4978328397e-01  -6.8618481607e-01   6.5650246247e-01   2.4163714985e-01
   2.5457307464e-01   2.5312508169e-01  -7.6852918844e-01   6.7767569497e-01   3.7220068437e-01
   2.5726772978e-01   2.5602106758e-01  -8.1192317417e-01   6.4431931980e-01   5.1345533068e-01
   2.5969082423e-01   2.5851439197e-01  -8.2012598858e-01   5.7646034275e-01   6.5419336956e-01
   2.6205766544e-01   2.6086725648e-01  -7.9493625672e-01   4.8181127241e-01   7.9499798791e-01
   2.6453540152e-01   2.6324807440e-01  -7.3071767995e-01   3.6141747839e-01   9.3505930314e-01
   2.6690189276e-01   2.6582272863e-01  -6.3456257903e-01   2.3577000561e-01   1.0516269273e+00
   2.6886630871e-01   2.6798105689e-01  -5.3022557382e-01   1.2967372588e-01   1.1284573392e+00
   2.7053565972e-01   2.6975156054e-01  -4.2628007174e-01   4.2086711177e-02   1.1752345196e+00
   2.7204412071e-01   2.7131975890e-01  -3.2266201375e-01  -3.2702457582e-02   1.2004916619e+00
   2.7345649991e-01   2.7276848252e-01  -2.1869273118e-01  -9.8021237790e-02   1.2080809302e+00
   2.7481218957e-01   2.7414451731e-01  -1.1488702098e-01  -1.5527568251e-01   1.1996758870e+00
   2.7613962474e-01   2.7547986184e-01  -1.1089643580e-02  -2.0579705109e-01   1.1759826505e+00
   2.7746242007e-01   2.7679938765e-01   9.2523366158e-02  -2.5044495653e-01   1.1369560857e+00
   2.7880337491e-01   2.7812545250e-01   1.9621834025e-01  -2.9011001417e-01   1.0816158418e+00
   2.8018807296e-01   2.7948129732e-01   2.9993182562e-01  -3.2547366355e-01   1.0081262439e+00
   2.8164988175e-01   2.8089484860e-01   4.0379237593e-01  -3.5735420200e-01   9.1311925143e-01
   2.8322022878e-01   2.8240491490e-01   5.0639409716e-01  -3.8641458445e-01   7.9280043905e-01
   2.8479277123e-01   2.8403554266e-01   5.9837270011e-01  -4.1178331372e-01   6.5487449976e-01
   2.8624686496e-01   2.8554999980e-01   6.7173521314e-01  -4.3319946983e-01   5.1437944138e-01
   2.8760096992e-01   2.8694373011e-01   7.2936186946e-01  -4.5277551022e-01   3.7355779975e-01
   2.8888961194e-01   2.8825820972e-01   7.7372509237e-01  -4.7200064240e-01   2.3348602664e-01
   2.9013640300e-01   2.8952101417e-01   8.0720523087e-01  -4.9232897277e-01   9.2142747504e-02
   2.9135939003e-01   2.9075179184e-01   8.3043112510e-01  -5.1435086854e-01  -4.8084594839e-02
   2.9257400548e-01   2.9196698822e-01   8.4456197682e-01  -5.3905430147e-01  -1.8843621143e-01
   2.9379466149e-01   2.9318102274e-01   8.5008366473e-01  -5.6727706232e-01  -3.2905530860e-01
   2.9503655335e-01   2.9440830023e-01   8.4721130248e-01  -5.9991080776e-01  -4.6997235875e-01
   2.9631727587e-01   2.9566480647e-01   8.3603838881e-01  -6.3770617075e-01  -6.1023010209e-01
   2.9765962343e-01   2.9696974526e-01   8.1624775571e-01  -6.8221521619e-01  -7.5097642696e-01
   2.9909648517e-01   2.9834950160e-01   7.8728122129e-01  -7.3492808707e-01  -8.9137828723e-01
   3.0068264881e-01   2.9984346875e-01   7.4742252688e-01  -7.9911246193e-01  -1.0326576728e+00
   3.0252734488e-01   3.0152182887e-01   6.9390784936e-01  -8.7933740520e-01  -1.1735981247e+00
   3.0491921417e-01   3.0353286088e-01   6.1761581078e-01  -9.8917701658e-01  -1.3151745078e+00
   3.0794366349e-01   3.0630556747e-01   5.2014974619e-01  -1.1259289823e+00  -1.4211282775e+00
   3.1151129802e-01   3.0958175952e-01   4.1614249997e-01  -1.2629909535e+00  -1.4364801551e+00
   3.1511279381e-01   3.1344083653e-01   3.3136148201e-01  -1.3489291336e+00  -1.3405174370e+00
   3.1793973803e-01   3.1678475109e-01   2.7964773521e-01  -1.3630782091e+00  -1.1965698506e+00
   3.2007601211e-01   3.1909472498e-01   2.4732284496e-01  -1.3350752878e+00  -1.0553364878e+00
   3.2195539736e-01   3.2105729923e-01   2.2118507300e-01  -1.2811282655e+00  -9.1434170245e-01
   3.2371174622e-01   3.2285349548e-01   1.9673667993e-01  -1.2059333617e+00  -7.7392585740e-01
   3.2541653106e-01   3.2456999696e-01   1.7090356386e-01  -1.1100938496e+00  -6.3302191477e-01
   3.2712207697e-01   3.2626306517e-01   1.4131642379e-01  -9.9354933765e-01  -4.9254361314e-01
   3.2887568229e-01   3.2798108877e-01   1.0510754228e-01  -8.5391891826e-01  -3.5228009204e-01
   3.3062614449e-01   3.2977027581e-01   6.1509280296e-02  -6.9714552145e-01  -2.2022497716e-01
   3.3228112622e-01   3.3148201317e-01   1.2336391222e-02  -5.3614439206e-01  -1.0629158936e-01
   3.3384496377e-01   3.3308023927e-01  -4.2124542866e-02  -3.7495894884e-01  -1.0606446039e-02
   3.3535578318e-01   3.3460968828e-01  -1.0229182699e-01  -2.1406463929e-01   6.8674773987e-02
   3.3684189990e-01   3.3610187807e-01  -1.6885752350e-01  -5.3070780277e-02   1.3290636232e-01
   3.3832737576e-01   3.3758192172e-01  -2.4254699276e-01   1.0820056137e-01   1.8252405039e-01
   3.3983559130e-01   3.3907282981e-01  -3.2373830663e-01   2.6900750334e-01   2.1720597101e-01
   3.4139242150e-01   3.4059835279e-01  -4.1371379058e-01   4.3008948600e-01   2.3642753990e-01
   3.4301238844e-01   3.4218649021e-01  -5.1223620303e-01   5.8917200169e-01   2.3879465342e-01
   3.4465038366e-01   3.4383828668e-01  -6.1586823389e-01   7.3990295522e-01   2.2371642293e-01
   3.4627290186e-01   3.4546248064e-01  -7.1942036116e-01   8.7560595227e-01   1.9281775316e-01
   3.4791179516e-01   3.4708332308e-01  -8.2308505408e-01   9.9813798199e-01   1.4725451454e-01
   3.4961298946e-01   3.4874026723e-01  -9.2692251229e-01   1.1086174029e+00   8.7088798145e-02
   3.5144627496e-01   3.5048571169e-01  -1.0308130667e+00   1.2075689061e+00   1.1106730100e-02
   3.5355511976e-01   3.5240683823e-01  -1.1353251490e+00   1.2956541075e+00  -8.5459557913e-02
   3.5619194864e-01   3.5470340128e-01  -1.2345250036e+00   1.3682699186e+00  -2.0924744181e-01
   3.5951623193e-01   3.5768049600e-01  -1.2967045366e+00   1.4079174791e+00  -3.5065359234e-01
   3.6331924860e-01   3.6135196786e-01  -1.2658203841e+00   1.3971582015e+00  -4.6284192382e-01
   3.6634453507e-01   3.6528652934e-01  -1.1602613219e+00   1.3587338567e+00  -4.9838778365e-01
   3.6821066853e-01   3.6740254080e-01  -1.0552550940e+00   1.3248012727e+00  -4.8888293665e-01
   3.6970462682e-01   3.6901879627e-01  -9.5129733585e-01   1.2937829093e+00  -4.6339570125e-01
   3.7100134389e-01   3.7039045738e-01  -8.4742560314e-01   1.2645223317e+00  -4.2832965487e-01
   3.7217221171e-01   3.7161223040e-01  -7.4361045184e-01   1.2364822721e+00  -3.8651049605e-01
   3.7325552568e-01   3.7273219303e-01  -6.3997010561e-01   1.2093040649e+00  -3.3959516139e-01
   3.7427479449e-01   3.7377885832e-01  -5.3624642151e-01   1.1826116895e+00  -2.8847321169e-01
   3.7524575902e-01   3.7477073066e-01  -4.3224969755e-01   1.1560959163e+00  -2.3371934386e-01
   3.7617984172e-01   3.7572078739e-01  -3.2856469483e-01   1.1296708152e+00  -1.7614624940e-01
   3.7708582867e-01   3.7663889606e-01  -2.2548996767e-01   1.1031983096e+00  -1.1634883047e-01
   3.7797052869e-01   3.7753276127e-01  -1.2076428478e-01   1.0758806839e+00  -5.3265037963e-02
   3.7883970840e-01   3.7840829611e-01  -1.8177340412e-02   1.0485043921e+00   1.0565176384e-02
   3.7969842287e-01   3.7927112069e-01   8.6670639654e-02   1.0196759160e+00   7.7682376303e-02
   3.8055117166e-01   3.8012572506e-01   1.8971104073e-01   9.9028279816e-01   1.4533258420e-01
   3.8140230244e-01   3.8097661826e-01   2.9323991876e-01   9.5945335374e-01   2.1484249860e-01
   3.8225607810e-01   3.8182798662e-01   3.9762149195e-01   9.2677599414e-01   2.8636982496e-01
   3.8311687354e-01   3.8268416959e-01   5.0037772766e-01   8.9274589421e-01   3.5809115043e-01
   3.8398951654e-01   3.8354957748e-01   6.0512216576e-01   8.5579235912e-01   4.3243929013e-01
   3.8487936090e-01   3.8442945560e-01   7.0791246174e-01   8.1688761806e-01   5.0652924468e-01
   3.8579276438e-01   3.8532926620e-01   8.1213289223e-01   7.7425691605e-01   5.8270667725e-01
   3.8673769932e-01   3.8625626256e-01   9.1582689479e-01   7.2798492653e-01   6.5948178514e-01
   3.8772424867e-01   3.8721913608e-01   1.0192018271e+00   6.7718970832e-01   7.3691372609e-01
   3.8881487640e-01   3.8822936127e-01   1.1278243611e+00   6.1744762257e-01   8.1915529133e-01