# time = 1.6
# Grid points = 474
# Pressure (Pa) = 101325
#             1_pos             2_posf             3_uvel             4_vvel             5_wvel
  -2.2429531702e-01  -2.2466448206e-01   1.1097328024e+00   7.1127177847e-01   1.0236046248e+00
  -2.2354481948e-01  -2.2392615198e-01   1.2062290251e+00   6.0740669382e-01   1.1175796668e+00
  -2.2271545778e-01  -2.2316348698e-01   1.2993448460e+00   4.8537744535e-01   1.2087202119e+00
  -2.2168953708e-01  -2.2226742857e-01   1.3924911567e+00   3.2539535685e-01   1.2998717627e+00
  -2.2048879699e-01  -2.2111164559e-01   1.4690367872e+00   1.2820870684e-01   1.3737435389e+00
  -2.1925740194e-01  -2.1986594839e-01   1.5092870580e+00  -8.1369919787e-02   1.4100286833e+00
  -2.1803706749e-01  -2.1864885548e-01   1.5099132958e+00  -2.9090212475e-01   1.4050578350e+00
  -2.1678920614e-01  -2.1742527949e-01   1.4709777394e+00  -5.0052742914e-01   1.3587758829e+00
  -2.1554867919e-01  -2.1615313279e-01   1.3951070427e+00  -6.9739461037e-01   1.2746177320e+00
  -2.1447103541e-01  -2.1494422558e-01   1.3021782683e+00  -8.5313239629e-01   1.1745588505e+00
  -2.1359135338e-01  -2.1399784524e-01   1.2088453621e+00  -9.6669941688e-01   1.0761464519e+00
  -2.1281775807e-01  -2.1318486151e-01   1.1160075635e+00  -1.0537416195e+00   9.7997460046e-01
  -2.1210942329e-01  -2.1245065462e-01   1.0232870606e+00  -1.1218819423e+00   8.8554029070e-01
  -2.1144487492e-01  -2.1176819197e-01   9.3033551690e-01  -1.1750122693e+00   7.9249532498e-01
  -2.1081077705e-01  -2.1112155786e-01   8.3795015574e-01  -1.2149382510e+00   7.0167777897e-01
  -2.1019803331e-01  -2.1049999624e-01   7.4470409059e-01  -1.2435747989e+00   6.1178106762e-01
  -2.0959991125e-01  -2.0989607037e-01   6.5233213368e-01  -1.2612599930e+00   5.2459066189e-01
  -2.0901101454e-01  -2.0930375212e-01   5.5976077190e-01  -1.2689012083e+00   4.3920464278e-01
  -2.0842686703e-01  -2.0871827695e-01   4.6664507412e-01  -1.2666837585e+00   3.5550494201e-01
  -2.0784342463e-01  -2.0813545710e-01   3.7388900566e-01  -1.2547224097e+00   2.7451346253e-01
  -2.0725685643e-01  -2.0755139217e-01   2.8131719130e-01  -1.2330782883e+00   1.9628660720e-01
  -2.0666335943e-01  -2.0696232069e-01   1.8889105392e-01  -1.2016395844e+00   1.2105225524e-01
  -2.0605885753e-01  -2.0636439817e-01   9.5682086769e-02  -1.1596342839e+00   4.8435004547e-02
  -2.0543889406e-01  -2.0575331689e-01   3.4565656875e-03  -1.1074366378e+00  -1.9798426794e-02
  -2.0479822191e-01  -2.0512447123e-01  -8.9712862807e-02  -1.0432900444e+00  -8.4566165898e-02
  -2.0413045032e-01  -2.0447197259e-01  -1.8218997891e-01  -9.6737778095e-01  -1.4408144132e-01
  -2.0342744383e-01  -2.0378892804e-01  -2.7504864166e-01  -8.7770257017e-01  -1.9825830900e-01
  -2.0267820642e-01  -2.0306595962e-01  -3.6766741297e-01  -7.7321395060e-01  -2.4566205664e-01
  -2.0186700904e-01  -2.0229045322e-01  -4.6052645200e-01  -6.5109402446e-01  -2.8508332563e-01
  -2.0096961289e-01  -2.0144356486e-01  -5.5323195046e-01  -5.0849117877e-01  -3.1424902394e-01
  -1.9994438929e-01  -2.0049566092e-01  -6.4612420282e-01  -3.3952262950e-01  -3.2999112068e-01
  -1.9876182435e-01  -1.9939311766e-01  -7.3574110832e-01  -1.4277500395e-01  -3.2707700855e-01
  -1.9746464342e-01  -1.9813053103e-01  -8.1245419116e-01   6.6495553543e-02  -3.0234771971e-01
  -1.9605880039e-01  -1.9679875581e-01  -8.7094373909e-01   2.7661201340e-01  -2.5667718760e-01
  -1.9441797531e-01  -1.9531884497e-01  -9.0825344970e-01   4.8721020862e-01  -1.9029765507e-01
  -1.9211477463e-01  -1.9351710566e-01  -9.0832607392e-01   7.0141488177e-01  -1.0044067686e-01
  -1.8946853183e-01  -1.9071244359e-01  -8.4502082171e-01   8.2950658316e-01  -3.7719846806e-02
  -1.8739099442e-01  -1.8822462008e-01  -7.5051338077e-01   8.4568330559e-01  -3.7792945459e-02
  -1.8587822155e-01  -1.8655736875e-01  -6.5748794956e-01   8.1761047375e-01  -6.9101262387e-02
  -1.8460665342e-01  -1.8519907435e-01  -5.6478175971e-01   7.7428420456e-01  -1.1330291019e-01
  -1.8347797926e-01  -1.8401423248e-01  -4.7196700393e-01   7.2414969030e-01  -1.6346232225e-01
  -1.8244412153e-01  -1.8294172604e-01  -3.7938266081e-01   6.7101471008e-01  -2.1551205667e-01
  -1.8147628416e-01  -1.8194651702e-01  -2.8667227043e-01   6.1630732396e-01  -2.6723440123e-01
  -1.8055499072e-01  -1.8100605129e-01  -1.9402526274e-01   5.6078804365e-01  -3.1689463985e-01
  -1.7966558784e-01  -1.8010393014e-01  -1.0131943052e-01   5.0448436184e-01  -3.6338118202e-01
  -1.7879602956e-01  -1.7922724554e-01  -8.7562497446e-03   4.4725981455e-01  -4.0569020766e-01
  -1.7793543488e-01  -1.7836481358e-01   8.4023960882e-02   3.8834333350e-01  -4.4321019587e-01
  -1.7707292698e-01  -1.7750605618e-01   1.7678052552e-01   3.2704684905e-01  -4.7509785386e-01
  -1.7619640340e-01  -1.7663979777e-01   2.6940641330e-01   2.6226788188e-01  -5.0057264174e-01
  -1.7529077160e-01  -1.7575300902e-01   3.6213149895e-01   1.9214926841e-01  -5.1878098683e-01
  -1.7433464383e-01  -1.7482853418e-01   4.5493046175e-01   1.1409885384e-01  -5.2841973189e-01
  -1.7329292140e-01  -1.7384075348e-01   5.4775955178e-01   2.3775326261e-02  -5.2744860180e-01
  -1.7209383366e-01  -1.7274508933e-01   6.4100012295e-01  -8.8119254396e-02  -5.1184463001e-01
  -1.7056601806e-01  -1.7144257800e-01   7.3297996787e-01  -2.4388210567e-01  -4.7155501303e-01
  -1.6880090141e-01  -1.6968945813e-01   7.9630300014e-01  -4.4154899865e-01  -4.0319542670e-01
  -1.6707932088e-01  -1.6791234470e-01   8.0757368089e-01  -6.5049989222e-01  -3.2187263719e-01
  -1.6543562824e-01  -1.6624629706e-01   7.6907461651e-01  -8.5981840481e-01  -2.3941044218e-01
  -1.6390136914e-01  -1.6462495942e-01   6.9154086312e-01  -1.0564598053e+00  -1.6553805513e-01
  -1.6261315194e-01  -1.6317777885e-01   5.9823328471e-01  -1.2169559353e+00  -1.0978896387e-01
  -1.6155956994e-01  -1.6204852503e-01   5.0526848162e-01  -1.3407692525e+00  -7.0514708950e-02
  -1.6062423691e-01  -1.6107061484e-01   4.1235086354e-01  -1.4425950142e+00  -4.1121034144e-02
  -1.5975691632e-01  -1.6017785897e-01   3.1937784429e-01  -1.5281594752e+00  -1.8786243476e-02
  -1.5892957884e-01  -1.5933597367e-01   2.2684370203e-01  -1.5998287435e+00  -2.0174961754e-03
  -1.5812339684e-01  -1.5852318401e-01   1.3410073840e-01  -1.6594640714e+00   1.0331514581e-02
  -1.5732356249e-01  -1.5772360966e-01   4.1316267887e-02  -1.7073152324e+00   1.8931470561e-02
  -1.5651634042e-01  -1.5692351531e-01  -5.1605368334e-02  -1.7431055894e+00   2.4344611605e-02
  -1.5568701501e-01  -1.5610916553e-01  -1.4417163018e-01  -1.7656870584e+00   2.7052454892e-02
  -1.5481717300e-01  -1.5526486449e-01  -2.3700782005e-01  -1.7732217635e+00   2.7582449130e-02
  -1.5387989717e-01  -1.5436948151e-01  -3.2988646407e-01  -1.7619230273e+00   2.6545802975e-02
  -1.5282841711e-01  -1.5339031282e-01  -4.2283583050e-01  -1.7246777095e+00   2.4930236543e-02
  -1.5155590310e-01  -1.5226652140e-01  -5.1630825323e-01  -1.6445330542e+00   2.4897060079e-02
  -1.4995509222e-01  -1.5084528481e-01  -6.0034558119e-01  -1.4911690399e+00   3.2348502623e-02
  -1.4834144368e-01  -1.4906489963e-01  -6.4595867037e-01  -1.2840255480e+00   5.2485992615e-02
  -1.4698940595e-01  -1.4761798774e-01  -6.5230118789e-01  -1.0740143796e+00   8.2043028000e-02
  -1.4578454616e-01  -1.4636082415e-01  -6.3469918589e-01  -8.6405233291e-01   1.1882508162e-01
  -1.4466144410e-01  -1.4520826817e-01  -6.0038042507e-01  -6.5472531502e-01   1.6130847663e-01
  -1.4358210021e-01  -1.4411462003e-01  -5.5281379819e-01  -4.4472009906e-01   2.0860000451e-01
  -1.4251888993e-01  -1.4304958040e-01  -4.9439087690e-01  -2.3561427735e-01   2.5921114971e-01
  -1.4144679903e-01  -1.4198819946e-01  -4.2549215375e-01  -2.5431091991e-02   3.1235994674e-01
  -1.4033779452e-01  -1.4090539859e-01  -3.4670445010e-01   1.8397650973e-01   3.6596743106e-01
  -1.3917901473e-01  -1.3977019045e-01  -2.5845833817e-01   3.8946892075e-01   4.1690229321e-01
  -1.3800748140e-01  -1.3858783901e-01  -1.6592855806e-01   5.7696397698e-01   4.5862818235e-01
  -1.3684442713e-01  -1.3742712378e-01  -7.3392698699e-02   7.3681931719e-01   4.8575231452e-01
  -1.3566269644e-01  -1.3626173048e-01   1.9417763029e-02   8.6769598989e-01   4.9445465798e-01
  -1.3443250515e-01  -1.3506366239e-01   1.1191998916e-01   9.6449955683e-01   4.7931522720e-01
  -1.3311575247e-01  -1.3380134790e-01   2.0460993074e-01   1.0201343960e+00   4.3244074791e-01
  -1.3165088073e-01  -1.3243015705e-01   2.9735271126e-01   1.0207503387e+00   3.4116985802e-01
  -1.3010507154e-01  -1.3087160441e-01   3.8119287250e-01   9.5332321741e-01   2.0231396045e-01
  -1.2869450893e-01  -1.2933853868e-01   4.4299738697e-01   8.3560187952e-01   4.2899612174e-02
  -1.2746216960e-01  -1.2805047918e-01   4.8402676149e-01   6.9375903005e-01  -1.1651049941e-01
  -1.2630625316e-01  -1.2687386002e-01   5.1023220269e-01   5.3525040955e-01  -2.7540862027e-01
  -1.2516442241e-01  -1.2573864630e-01   5.2357053769e-01   3.6151748034e-01  -4.3439659383e-01
  -1.2397605636e-01  -1.2459019852e-01   5.2312379159e-01   1.7101707913e-01  -5.9376482520e-01
  -1.2269805069e-01  -1.2336191421e-01   5.0523132239e-01  -3.3782887069e-02  -7.4775692428e-01
  -1.2130191807e-01  -1.2203418717e-01   4.6387327621e-01  -2.4406393845e-01  -8.8302984605e-01
  -1.1978052336e-01  -1.2056964896e-01   3.9195790057e-01  -4.4157039792e-01  -9.7742236599e-01
  -1.1836279189e-01  -1.1899139776e-01   3.0025282772e-01  -5.8419289376e-01  -1.0065515938e+00
  -1.1720078536e-01  -1.1773418603e-01   2.0715278035e-01  -6.6391538659e-01  -9.8196657736e-01
  -1.1619094047e-01  -1.1666738470e-01   1.1450569938e-01  -7.0318583740e-01  -9.2428031228e-01
  -1.1527551403e-01  -1.1571449625e-01   2.1563982739e-02  -7.1424797774e-01  -8.4300280192e-01
  -1.1442287150e-01  -1.1483653182e-01  -7.0970250877e-02  -7.0372261541e-01  -7.4435696065e-01
  -1.1361270331e-01  -1.1400921119e-01  -1.6386070480e-01  -6.7576046291e-01  -6.3108298265e-01
  -1.1283049688e-01  -1.1321619543e-01  -2.5642670918e-01  -6.3334483270e-01  -5.0635777595e-01
  -1.1206463651e-01  -1.1244479833e-01  -3.4943577093e-01  -5.7800983582e-01  -3.7076498224e-01
  -1.1130486050e-01  -1.1168447468e-01  -4.4205121505e-01  -5.1151270037e-01  -2.2664010362e-01
  -1.1054153296e-01  -1.1092524631e-01  -5.3462751908e-01  -4.3445541037e-01  -7.4236966048e-02
  -1.0977661202e-01  -1.1015781961e-01  -6.2562530473e-01  -3.4866556323e-01   8.3333535088e-02
  -1.0901538271e-01  -1.0939540442e-01  -7.1323118914e-01  -2.5636577894e-01   2.4236263042e-01
  -1.0824939797e-01  -1.0863536099e-01  -7.9693816880e-01  -1.5838611196e-01   4.0150867997e-01
  -1.0746343776e-01  -1.0786343494e-01  -8.7645444750e-01  -5.4817304251e-02   5.6017921457e-01
  -1.0663837939e-01  -1.0706344058e-01  -9.5200402374e-01   5.6005523303e-02   7.1954935834e-01
  -1.0574588780e-01  -1.0621331820e-01  -1.0220906328e+00   1.7505978133e-01   8.7837967977e-01
  -1.0473409468e-01  -1.0527845740e-01  -1.0852359616e+00   3.0733554219e-01   1.0380683646e+00
  -1.0347013360e-01  -1.0418973195e-01  -1.1356381436e+00   4.6378604194e-01   1.1989047465e+00
  -1.0175300893e-01  -1.0275053526e-01  -1.1481156368e+00   6.5535071169e-01   1.3389086069e+00
  -9.9910470799e-02  -1.0075548260e-01  -1.0891514690e+00   8.3131405231e-01   1.3872896682e+00
  -9.8521563243e-02  -9.9065459000e-02  -9.9394598524e-01   9.4276197801e-01   1.3539251187e+00
  -9.7538481943e-02  -9.7977667487e-02  -9.0054167023e-01   1.0108948343e+00   1.2961060725e+00
  -9.6716406913e-02  -9.7099296399e-02  -8.0759465852e-01   1.0617227896e+00   1.2292878386e+00
  -9.5986283655e-02  -9.6333517426e-02  -7.1474493899e-01   1.1026233842e+00   1.1579245881e+00
  -9.5316311768e-02  -9.5639049883e-02  -6.2194980503e-01   1.1368961661e+00   1.0841862229e+00
  -9.4688430413e-02  -9.4993573654e-02  -5.2925661478e-01   1.1663549619e+00   1.0093808481e+00
  -9.4091069133e-02  -9.4383287172e-02  -4.3667682420e-01   1.1921179881e+00   9.3434085064e-01
  -9.3516219314e-02  -9.3798851095e-02  -3.4365370924e-01   1.2150432646e+00   8.5920227465e-01
  -9.2957902175e-02  -9.3233587533e-02  -2.5083678085e-01   1.2354430101e+00   7.8494349031e-01
  -9.2411360730e-02  -9.2682216817e-02  -1.5795730764e-01   1.2537139293e+00   7.1171734435e-01
  -9.1872665048e-02  -9.2140504644e-02  -6.5341637154e-02   1.2700172276e+00   6.4009296467e-01
  -9.1338398705e-02  -9.1604825452e-02   2.7142424909e-02   1.2845230781e+00   5.7024093517e-01
  -9.0805460870e-02  -9.1071971958e-02   1.1960004149e-01   1.2973154043e+00   5.0234622829e-01
  -9.0270850148e-02  -9.0538949783e-02   2.1304187296e-01   1.3084977050e+00   4.3598669544e-01
  -8.9731543957e-02  -9.0002750513e-02   3.0556612753e-01   1.3177803279e+00   3.7280353898e-01
  -8.9184380893e-02  -8.9460337402e-02   3.9818062863e-01   1.3251753546e+00   3.1236908814e-01
  -8.8625861178e-02  -8.8908424384e-02   4.9088144324e-01   1.3304826176e+00   2.5503768924e-01
  -8.8051955587e-02  -8.8343297971e-02   5.8352060346e-01   1.3334134156e+00   2.0129514714e-01
  -8.7457811115e-02  -8.7760613203e-02   6.7622440358e-01   1.3335780764e+00   1.5153675952e-01
  -8.6837268094e-02  -8.7155009027e-02   7.6916592229e-01   1.3304082031e+00   1.0626992078e-01
  -8.6182249467e-02  -8.6519527162e-02   8.6183790622e-01   1.3231355389e+00   6.6479468473e-02
  -8.5481494353e-02  -8.5844971772e-02   9.5464717359e-01   1.3105926632e+00   3.2955891779e-02
  -8.4718129534e-02  -8.5118016934e-02   1.0474595712e+00   1.2910149671e+00   7.1548194471e-03
  -8.3864542053e-02  -8.4318242135e-02   1.1403125341e+00   1.2614400056e+00  -8.7915252296e-03
  -8.2868530291e-02  -8.3410841972e-02   1.2333009379e+00   1.2162349812e+00  -1.1157652110e-02
  -8.1599550403e-02  -8.2326218611e-02   1.3271003143e+00   1.1411721514e+00   8.5558478246e-03
  -7.9784015156e-02  -8.0872882196e-02   1.4126215876e+00   9.9967560374e-01   7.1518039536e-02
  -7.7748224831e-02  -7.8695148117e-02   1.4474332980e+00   7.9858110188e-01   1.6999222547e-01
  -7.5975716023e-02  -7.6801301545e-02   1.4274869712e+00   5.8930646335e-01   2.6295680935e-01
  -7.4394833392e-02  -7.5150130502e-02   1.3744627315e+00   3.7986085127e-01   3.3846985428e-01
  -7.2927572634e-02  -7.3639536282e-02   1.2991691399e+00   1.7094788661e-01   3.9385829870e-01
  -7.1580503338e-02  -7.2215608986e-02   1.2101221903e+00  -3.0653908360e-02   4.2787406650e-01
  -7.0391596820e-02  -7.0945397690e-02   1.1173612422e+00  -2.1332148619e-01   4.4207123055e-01
  -6.9336468314e-02  -6.9837795951e-02   1.0246397871e+00  -3.7764040273e-01   4.4132257104e-01
  -6.8370910070e-02  -6.8835140678e-02   9.3187730068e-01  -5.2830355891e-01   4.2937723059e-01
  -6.7469948918e-02  -6.7906679462e-02   8.3930013643e-01  -6.6741927675e-01   4.0865293156e-01
  -6.6617478222e-02  -6.7033218375e-02   7.4655841270e-01  -7.9694591558e-01   3.8069411150e-01
  -6.5802075025e-02  -6.6201738069e-02   6.5396038121e-01  -9.1728966410e-01   3.4673653773e-01
  -6.5014959277e-02  -6.5402411982e-02   5.6119566068e-01  -1.0293211990e+00   3.0749223942e-01
  -6.4248952625e-02  -6.4627506573e-02   4.6853984804e-01  -1.1328858566e+00   2.6365154772e-01
  -6.3497779701e-02  -6.3870398677e-02   3.7609027125e-01  -1.2278886397e+00   2.1567132179e-01
  -6.2755682744e-02  -6.3125160726e-02   2.8300005463e-01  -1.3148505696e+00   1.6327952515e-01
  -6.2017000227e-02  -6.2386204762e-02   1.9058984068e-01  -1.3920376232e+00   1.0726269758e-01
  -6.1275807791e-02  -6.1647795691e-02   9.7834295152e-02  -1.4595918543e+00   4.6899544292e-02
  -6.0525521263e-02  -6.0903819892e-02   5.0129651373e-03  -1.5160631622e+00  -1.7997932637e-02
  -5.9758327390e-02  -6.0147222633e-02  -8.7597052636e-02  -1.5596759891e+00  -8.7800061367e-02
  -5.8964282329e-02  -5.9369432146e-02  -1.8028552766e-01  -1.5882176281e+00  -1.6364213311e-01
  -5.8129653063e-02  -5.8559132512e-02  -2.7308201148e-01  -1.5980504964e+00  -2.4705391001e-01
  -5.7233760175e-02  -5.7700173613e-02  -3.6587222936e-01  -1.5834452931e+00  -3.4037315101e-01
  -5.6241586357e-02  -5.6767346738e-02  -4.5865668778e-01  -1.5345490411e+00  -4.4789245933e-01
  -5.5086155253e-02  -5.5715825976e-02  -5.5165600955e-01  -1.4309724437e+00  -5.7880531806e-01
  -5.3821155204e-02  -5.4456484529e-02  -6.3231944823e-01  -1.2597706236e+00  -7.2763660184e-01
  -5.2670915923e-02  -5.3185825878e-02  -6.8538067040e-01  -1.0518374417e+00  -8.6756345766e-01
  -5.1714561092e-02  -5.2156005968e-02  -7.1408881277e-01  -8.4137575418e-01  -9.8689598913e-01
  -5.0876767801e-02  -5.1273116217e-02  -7.2792469245e-01  -6.3143552605e-01  -1.0929585536e+00
  -5.0114142710e-02  -5.0480419385e-02  -7.3182041485e-01  -4.2182392076e-01  -1.1902635186e+00
  -4.9402484599e-02  -4.9747866035e-02  -7.2850037626e-01  -2.1147725524e-01  -1.2816778858e+00
  -4.8726171990e-02  -4.9057103163e-02  -7.1974187241e-01  -2.1140748307e-03  -1.3679417929e+00
  -4.8074016494e-02  -4.8395240817e-02  -7.0671841639e-01   2.0764750607e-01  -1.4506245384e+00
  -4.7437363233e-02  -4.7752792171e-02  -6.9025686587e-01   4.1809459170e-01  -1.5304707754e+00
  -4.6808774121e-02  -4.7121934296e-02  -6.7126964369e-01   6.2675010267e-01  -1.6070337720e+00
  -4.6181296240e-02  -4.6495613946e-02  -6.4995711532e-01   8.3753344189e-01  -1.6820578978e+00
  -4.5547797573e-02  -4.5866978535e-02  -6.2714982754e-01   1.0469077489e+00  -1.7544570322e+00
  -4.4900167341e-02  -4.5228616612e-02  -6.0314759655e-01   1.2564649493e+00  -1.8248805041e+00
  -4.4228120531e-02  -4.4571718071e-02  -5.7834861542e-01   1.4666699431e+00  -1.8934035497e+00
  -4.3517219897e-02  -4.3884522990e-02  -5.5343124126e-01   1.6762135129e+00  -1.9593433979e+00
  -4.2744186016e-02  -4.3149916804e-02  -5.2891289196e-01   1.8866147000e+00  -2.0225698864e+00
  -4.1863779552e-02  -4.2338455228e-02  -5.0598048040e-01   2.0976570539e+00  -2.0815820121e+00
  -4.0751044236e-02  -4.1389103876e-02  -4.8729260670e-01   2.3104302695e+00  -2.1325041662e+00
  -3.8671188071e-02  -4.0112984596e-02  -4.9350342903e-01   2.5040238005e+00  -2.1377276168e+00
  -3.6413127831e-02  -3.7229391545e-02  -5.5672507872e-01   2.4269818641e+00  -2.0136370732e+00
  -3.5096299974e-02  -3.5596864116e-02  -6.2395291875e-01   2.2152193964e+00  -1.8622554435e+00
  -3.4202817415e-02  -3.4595735832e-02  -6.8035638999e-01   2.0034185811e+00  -1.7253783964e+00
  -3.3472157675e-02  -3.3809898998e-02  -7.3152916077e-01   1.7928666664e+00  -1.5938296100e+00
  -3.2831086418e-02  -3.3134416353e-02  -7.7944504683e-01   1.5820050293e+00  -1.4640570964e+00
  -3.2247794553e-02  -3.2527756482e-02  -8.2437486092e-01   1.3728269934e+00  -1.3361509356e+00
  -3.1704764775e-02  -3.1967832623e-02  -8.6708091173e-01   1.1636712539e+00  -1.2084675822e+00
  -3.1191315989e-02  -3.1441696928e-02  -9.0819102877e-01   9.5229435185e-01  -1.0792373073e+00
  -3.0699977042e-02  -3.0940935049e-02  -9.4681466215e-01   7.4399407594e-01  -9.5141499490e-01
  -3.0225219008e-02  -3.0459019035e-02  -9.8388997612e-01   5.3424818245e-01  -8.2200938023e-01
  -2.9762929221e-02  -2.9991418982e-02  -1.0193457935e+00   3.2338240174e-01  -6.9101159347e-01
  -2.9309660822e-02  -2.9534439460e-02  -1.0527461617e+00   1.1400650954e-01  -5.5986931024e-01
  -2.8862458428e-02  -2.9084882184e-02  -1.0843427212e+00  -9.5501084734e-02  -4.2741041758e-01
  -2.8418719356e-02  -2.8640034673e-02  -1.1140997301e+00  -3.0533422257e-01  -2.9333218107e-01
  -2.7975991206e-02  -2.8197404039e-02  -1.1419313762e+00  -5.1558999941e-01  -1.5737225231e-01
  -2.7531855733e-02  -2.7754578373e-02  -1.1675806787e+00  -7.2517515179e-01  -2.0029655812e-02
  -2.7083823783e-02  -2.7309133093e-02  -1.1909818228e+00  -9.3468351599e-01   1.1931515991e-01
  -2.6629206367e-02  -2.6858514473e-02  -1.2119326077e+00  -1.1440435034e+00   2.6089886104e-01
  -2.6164892281e-02  -2.6399898261e-02  -1.2303105341e+00  -1.3550171725e+00   4.0630738705e-01
  -2.5687192764e-02  -2.5929886301e-02  -1.2455072654e+00  -1.5646849112e+00   5.5399038232e-01
  -2.5191638576e-02  -2.5444499227e-02  -1.2571228248e+00  -1.7726285663e+00   7.0414431990e-01
  -2.4673011705e-02  -2.4938777924e-02  -1.2647427404e+00  -1.9842306504e+00   8.6153701403e-01
  -2.4132575486e-02  -2.4407245486e-02  -1.2671874407e+00  -2.1891025916e+00   1.0194465524e+00
  -2.3573207571e-02  -2.3857905485e-02  -1.2637411987e+00  -2.3864053577e+00   1.1781430939e+00
  -2.2990611226e-02  -2.3288509657e-02  -1.2534928090e+00  -2.5732508204e+00   1.3365292490e+00
  -2.2377035518e-02  -2.2692712794e-02  -1.2349187421e+00  -2.7497490794e+00   1.4965926937e+00
  -2.1721697475e-02  -2.2061358241e-02  -1.2065910653e+00  -2.9092898584e+00   1.6549686235e+00
  -2.1008187544e-02  -2.1382036710e-02  -1.1654223663e+00  -3.0500453635e+00   1.8140245076e+00
  -2.0208289212e-02  -2.0634338378e-02  -1.1067824390e+00  -3.1639544639e+00   1.9731192156e+00
  -1.9320270545e-02  -1.9782240045e-02  -1.0265659666e+00  -3.2350110147e+00   2.1247590522e+00
  -1.8454235080e-02  -1.8858301045e-02  -9.3416108303e-01  -3.2480617986e+00   2.2457899657e+00
  -1.7686623952e-02  -1.8050169114e-02  -8.4144161342e-01  -3.2129169953e+00   2.3294086552e+00
  -1.6987188809e-02  -1.7323078790e-02  -7.4856631865e-01  -3.1437061000e+00   2.3862187849e+00
  -1.6335176688e-02  -1.6651298828e-02  -6.5571695684e-01  -3.0486993370e+00   2.4222280272e+00
  -1.5717387060e-02  -1.6019054548e-02  -5.6314831766e-01  -2.9335070562e+00   2.4412856592e+00
  -1.5124722026e-02  -1.5415719572e-02  -4.7052920733e-01  -2.8013116310e+00   2.4460255522e+00
  -1.4550494759e-02  -1.4833724480e-02  -3.7764043588e-01  -2.6542256719e+00   2.4380797397e+00
  -1.3989408110e-02  -1.4267265038e-02  -2.8473988467e-01  -2.4944550408e+00   2.4185682859e+00
  -1.3437001940e-02  -1.3711551183e-02  -1.9193494556e-01  -2.3236390949e+00   2.3883159134e+00
  -1.2889337194e-02  -1.3162452698e-02  -9.9230603118e-02  -2.1429337944e+00   2.3478419676e+00
  -1.2342738894e-02  -1.2616221690e-02  -6.5744755084e-03  -1.9531159113e+00   2.2973658230e+00
  -1.1793566163e-02  -1.2069256098e-02   8.6099883896e-02  -1.7547006352e+00   2.2368208067e+00
  -1.1239883907e-02  -1.1517876228e-02   1.7850669084e-01  -1.5488078539e+00   2.1661457943e+00
  -1.0686599691e-02  -1.0961891586e-02   2.6912006130e-01  -1.3394194322e+00   2.0863095402e+00
  -1.0136770892e-02  -1.0411307796e-02   3.5684817292e-01  -1.1297617176e+00   1.9982310013e+00
  -9.5857926188e-03  -9.8622339889e-03   4.4189932315e-01  -9.1997597684e-01   1.9015663158e+00
  -9.0282106799e-03  -9.3093512487e-03   5.2448713618e-01  -7.0995028994e-01   1.7955395672e+00
  -8.4580398997e-03  -8.7470701112e-03   6.0463699087e-01  -4.9982980193e-01   1.6791133911e+00
  -7.8681801151e-03  -8.1690096881e-03   6.8212513441e-01  -2.9023255875e-01   1.5510787891e+00
  -7.2495917014e-03  -7.5673505421e-03   7.5705956516e-01  -8.0615223193e-02   1.4087879683e+00
  -6.6123374715e-03  -6.9318328607e-03   8.2677523404e-01   1.2179386532e-01   1.2546321846e+00
  -5.9864592121e-03  -6.2928420823e-03   8.8789798036e-01   3.0694186073e-01   1.0947233236e+00
  -5.3839429484e-03  -5.6800763419e-03   9.3822455202e-01   4.6701595210e-01   9.3660409655e-01
  -4.7998417731e-03  -5.0878095548e-03   9.7953628485e-01   6.0629076443e-01   7.7787072387e-01
  -4.2303384957e-03  -4.5118739913e-03   1.0123287137e+00   7.2544603729e-01   6.1886250203e-01
  -3.6722115393e-03  -3.9488030001e-03   1.0370642582e+00   8.2519149989e-01   4.5985678326e-01
  -3.1226550811e-03  -3.3956200785e-03   1.0541797299e+00   9.0628301981e-01   3.0099426306e-01
  -2.5791446031e-03  -2.8496900838e-03   1.0640621912e+00   9.6943901717e-01   1.4230793445e-01
  -2.0393249648e-03  -2.3085991224e-03   1.0670321803e+00   1.0152769889e+00  -1.6249371871e-02
  -1.5009099232e-03  -1.7700508071e-03   1.0633333215e+00   1.0442678986e+00  -1.7477766141e-01
  -9.6156805392e-04  -1.2317690393e-03   1.0530146893e+00   1.0566755068e+00  -3.3446408636e-01
  -4.1883136672e-04  -6.9136706854e-04   1.0363062773e+00   1.0524505480e+00  -4.9323552111e-01
   1.2999727192e-04  -1.4629566489e-04   1.0132660894e+00   1.0318149836e+00  -6.5188820340e-01
   6.8800406645e-04   4.0629020873e-04   9.8385013559e-01   9.9459573642e-01  -8.1063897787e-01
   1.2588677574e-03   9.6971792418e-04   9.4798940712e-01   9.4046542047e-01  -9.6932369806e-01
   1.8471736612e-03   1.5480175907e-03   9.0542093617e-01   8.6868724492e-01  -1.1281632392e+00
   2.4589659829e-03   2.1463297317e-03   8.5561558146e-01   7.7787536984e-01  -1.2875872586e+00
   3.1024715807e-03   2.7716022340e-03   7.9842250290e-01   6.6718796719e-01  -1.4462504037e+00
   3.7896764209e-03   3.4333409273e-03   7.3273559232e-01   5.3378099113e-01  -1.6048553178e+00
   4.5400851209e-03   4.1460119144e-03   6.5651130813e-01   3.7236208228e-01  -1.7642596964e+00
   5.3656692623e-03   4.9341583274e-03   5.6942836736e-01   1.8083508998e-01  -1.9198349142e+00
   6.2205112464e-03   5.7971801972e-03   4.7820378156e-01  -2.6736438394e-02  -2.0564464080e+00
   7.0631489789e-03   6.6438422956e-03   3.8856624446e-01  -2.3703204133e-01  -2.1654617172e+00
   7.9084445025e-03   7.4824556623e-03   3.0169769434e-01  -4.4652927937e-01  -2.2464374342e+00
   8.7791691797e-03   8.3344333427e-03   2.1683317726e-01  -6.5649640995e-01  -2.2992794768e+00
   9.7046610568e-03   9.2239050168e-03   1.3386026588e-01  -8.6682865118e-01  -2.3201203722e+00
   1.0733701779e-02   1.0185417097e-02   5.2727460128e-02  -1.0771563530e+00  -2.3001051242e+00
   1.1960597724e-02   1.1281986461e-02  -2.6558953761e-02  -1.2861364336e+00  -2.2178349332e+00
   1.3210998952e-02   1.2639208986e-02  -8.6952457706e-02  -1.4445042702e+00  -2.0746488326e+00
   1.4240372558e-02   1.3782788918e-02  -1.2029874080e-01  -1.5263369026e+00  -1.9145117998e+00
   1.5097552942e-02   1.4697956199e-02  -1.3688176917e-01  -1.5579088426e+00  -1.7551979368e+00
   1.5861362403e-02   1.5497149685e-02  -1.4352972473e-01  -1.5569253618e+00  -1.5955641563e+00
   1.6566559265e-02   1.6225575121e-02  -1.4327493510e-01  -1.5313757128e+00  -1.4369652285e+00
   1.7232588137e-02   1.6907543410e-02  -1.3786381612e-01  -1.4854806163e+00  -1.2781387714e+00
   1.7871755745e-02   1.7557632864e-02  -1.2835499427e-01  -1.4218001798e+00  -1.1194462787e+00
   1.8492771895e-02   1.8185878626e-02  -1.1536940877e-01  -1.3413082612e+00  -9.5992009220e-01
   1.9102342384e-02   1.8799665164e-02  -9.9584305834e-02  -1.2459801417e+00  -8.0153013697e-01
   1.9705995914e-02   1.9405019605e-02  -8.1243091708e-02  -1.1355541767e+00  -6.4282942546e-01
   2.0308563063e-02   2.0006972223e-02  -6.0518740073e-02  -1.0096007435e+00  -4.8329273274e-01
   2.0914577859e-02   2.0610153904e-02  -3.7929614239e-02  -8.6996467256e-01  -3.2529777334e-01
   2.1528605367e-02   2.1219001814e-02  -1.3151739474e-02  -7.1337835231e-01  -1.6565137832e-01
   2.2155435489e-02   2.1838208919e-02   1.3215121551e-02  -5.4241947200e-01  -7.6673083800e-03
   2.2800475967e-02   2.2472662059e-02   4.1644209022e-02  -3.5278490902e-01   1.5174947672e-01
   2.3458488112e-02   2.3128289876e-02   7.1289346091e-02  -1.4895414043e-01   3.0797850280e-01
   2.4106798657e-02   2.3788686348e-02   1.0086354155e-01   6.0706920846e-02   4.5509286393e-01
   2.4734560377e-02   2.4424910966e-02   1.2946020581e-01   2.6953927181e-01   5.8990870476e-01
   2.5348450275e-02   2.5044209788e-02   1.5755231025e-01   4.8059349806e-01   7.1576181789e-01
   2.5954285063e-02   2.5652690762e-02   1.8462435664e-01   6.8952989218e-01   8.3121493931e-01
   2.6557348645e-02   2.6255879364e-02   2.1108806942e-01   8.9900426999e-01   9.3876453471e-01
   2.7162748606e-02   2.6858817927e-02   2.3706845239e-01   1.1096758417e+00   1.0393490581e+00
   2.7775820374e-02   2.7466679284e-02   2.6218341798e-01   1.3180335233e+00   1.1319427700e+00
   2.8402701703e-02   2.8084961465e-02   2.8709207268e-01   1.5292593033e+00   1.2192930033e+00
   2.9050883816e-02   2.8720441942e-02   3.1123764781e-01   1.7384545168e+00   1.2997017919e+00
   2.9730216776e-02   2.9381325691e-02   3.3491277255e-01   1.9480162945e+00   1.3744845196e+00
   3.0455210785e-02   3.0079107861e-02   3.5812752691e-01   2.1582946687e+00   1.4439122016e+00
   3.1249250398e-02   3.0831313710e-02   3.8064665570e-01   2.3679380850e+00   1.5076391727e+00
   3.2157365142e-02   3.1667187086e-02   4.0245379972e-01   2.5790697621e+00   1.5661930516e+00
   3.3297471402e-02   3.2647543198e-02   4.2273464786e-01   2.7913444184e+00   1.6188541249e+00
   3.4834910992e-02   3.3947399607e-02   4.3596376303e-01   2.9752057023e+00   1.6576135380e+00
   3.6609933762e-02   3.5722422377e-02   4.2871713211e-01   3.0331691763e+00   1.6634068978e+00
   3.8407698537e-02   3.7497445146e-02   3.9313949090e-01   2.9144849278e+00   1.6316348727e+00
   3.9874278078e-02   3.9317951927e-02   3.4280133559e-01   2.6960449253e+00   1.5818109762e+00
   4.0880645830e-02   4.0430604229e-02   2.9660121229e-01   2.4848157156e+00   1.5353280320e+00
   4.1725315303e-02   4.1330687431e-02   2.5113613607e-01   2.2745076107e+00   1.4891086529e+00
   4.2480404366e-02   4.2119943174e-02   2.0573049535e-01   2.0639381321e+00   1.4422993324e+00
   4.3178775027e-02   4.2840865557e-02   1.6056290857e-01   1.8545435140e+00   1.3948651606e+00
   4.3839154386e-02   4.3516684496e-02   1.1535297916e-01   1.6451328449e+00   1.3462772480e+00
   4.4473560857e-02   4.4161624276e-02   6.9900376014e-02   1.4346368907e+00   1.2960408855e+00
   4.5090716645e-02   4.4785497438e-02   2.4822686076e-02   1.2256054291e+00   1.2445465968e+00
   4.5697469631e-02   4.5395935852e-02  -2.0442946087e-02   1.0149699019e+00   1.1908098822e+00
   4.6299582146e-02   4.5999003410e-02  -6.5024150855e-02   8.0619186664e-01   1.1354750404e+00
   4.6902359743e-02   4.6600160883e-02  -1.0947611074e-01   5.9589382906e-01   1.0773795102e+00
   4.7511022234e-02   4.7204558604e-02  -1.5314226010e-01   3.8615574954e-01   1.0167605817e+00
   4.8131117047e-02   4.7817485864e-02  -1.9581606849e-01   1.7666554640e-01   9.5316187746e-01
   4.8768962095e-02   4.8444748230e-02  -2.3715780753e-01  -3.2656824613e-02   8.8610122728e-01
   4.9432393985e-02   4.9093175960e-02  -2.7689845690e-01  -2.4302428401e-01   8.1453585513e-01
   5.0131766166e-02   4.9771612009e-02  -3.1408222518e-01  -4.5318594625e-01   7.3801298600e-01
   5.0881611988e-02   5.0491920324e-02  -3.4759190577e-01  -6.6258188597e-01   6.5557886087e-01
   5.1704658004e-02   5.1271303652e-02  -3.7596873138e-01  -8.7237957438e-01   5.6494339183e-01
   5.2641565031e-02   5.2138012356e-02  -3.9621972221e-01  -1.0828762328e+00   4.6267038951e-01
   5.3782152478e-02   5.3145117706e-02  -4.0174699764e-01  -1.2942851805e+00   3.4166509727e-01
   5.5242118349e-02   5.4419187250e-02  -3.7679494881e-01  -1.4899864143e+00   1.9610471073e-01
   5.6880025205e-02   5.6065049447e-02  -3.0763578772e-01  -1.6136877832e+00   4.8766765616e-02
   5.8315609996e-02   5.7695000962e-02  -2.1481666398e-01  -1.6436120216e+00  -6.3212743952e-02
   5.9472167797e-02   5.8936219029e-02  -1.2166977621e-01  -1.6188841756e+00  -1.4046120449e-01
   6.0504189592e-02   6.0008116564e-02  -2.8785124572e-02  -1.5656474442e+00  -1.9962481288e-01
   6.1480586315e-02   6.1000262620e-02   6.4278519389e-02  -1.4925827164e+00  -2.4764037004e-01
   6.2444065583e-02   6.1960910010e-02   1.5693350889e-01  -1.4036725310e+00  -2.8776741877e-01
   6.3433432263e-02   6.2927221155e-02   2.4988712892e-01  -1.2987431699e+00  -3.2265152892e-01
   6.4500609825e-02   6.3939643372e-02   3.4293251784e-01  -1.1752982840e+00  -3.5412776437e-01
   6.5754300570e-02   6.5061576278e-02   4.3662663753e-01  -1.0230822794e+00  -3.8486301949e-01
   6.7315033249e-02   6.6447024862e-02   5.2020954939e-01  -8.3324134329e-01  -4.1693587364e-01
   6.9133513427e-02   6.8183041635e-02   5.6060035517e-01  -6.2381396560e-01  -4.5011407134e-01
   7.1080790702e-02   7.0083985219e-02   5.2657227807e-01  -4.2624556963e-01  -4.8376782666e-01
   7.2722725268e-02   7.2077596186e-02   4.3786826464e-01  -2.8573110788e-01  -5.1064582092e-01
   7.3871694254e-02   7.3367854351e-02   3.4411324032e-01  -2.0360025084e-01  -5.2732513192e-01
   7.4813885580e-02   7.4375534158e-02   2.5102970870e-01  -1.4630831233e-01  -5.3855439906e-01
   7.5653670017e-02   7.5252237002e-02   1.5815711835e-01  -1.0277133785e-01  -5.4589012019e-01
   7.6434586773e-02   7.6055103033e-02   6.5205347375e-02  -6.8490402023e-02  -5.4981276345e-01
   7.7181266742e-02   7.6814070513e-02  -2.7560057373e-02  -4.1321696628e-02  -5.5040264770e-01
   7.7910620718e-02   7.7548462971e-02  -1.2017835974e-01  -1.9956501185e-02  -5.4756729864e-01
   7.8636302417e-02   7.8272778465e-02  -2.1305983524e-01  -3.6296367583e-03  -5.4099497765e-01
   7.9371330656e-02   7.8999826369e-02  -3.0569848207e-01   7.8712533190e-03  -5.3025085559e-01
   8.0130401734e-02   7.9742834943e-02  -3.9866178677e-01   1.4557715334e-02  -5.1452518573e-01
   8.0932967872e-02   8.0517968526e-02  -4.9141974464e-01   1.5921361622e-02  -4.9274716925e-01
   8.1809805193e-02   8.1347967217e-02  -5.8446380277e-01   1.0830532981e-02  -4.6283611669e-01
   8.2821848921e-02   8.2271643170e-02  -6.7761952861e-01  -3.3762785024e-03  -4.2092141852e-01
   8.4160771681e-02   8.3372054673e-02  -7.7250530665e-01  -3.5520673259e-02  -3.5468305255e-01
   8.6266364644e-02   8.4949488688e-02  -8.4370776636e-01  -1.1358127201e-01  -2.3533518297e-01
   8.8635079742e-02   8.7583240600e-02  -8.1132339308e-01  -2.2958322947e-01  -1.0163334845e-01
   9.0296009020e-02   8.9686918885e-02  -7.1597306728e-01  -3.2120130278e-01  -2.4544514482e-02
   9.1388965961e-02   9.0905099156e-02  -6.2243247733e-01  -3.8168581734e-01   1.1184673130e-02
   9.2294761719e-02   9.1872832766e-02  -5.2925609606e-01  -4.2963240936e-01   2.9319595787e-02
   9.3101771694e-02   9.2716690673e-02  -4.3654229934e-01  -4.6907981506e-01   3.5506914203e-02
   9.3848070030e-02   9.3486852716e-02  -3.4364027029e-01  -5.0197662489e-01   3.2277762337e-02
   9.4554775860e-02   9.4209287344e-02  -2.5101036504e-01  -5.2894488335e-01   2.0972097590e-02
   9.5235612210e-02   9.4900264376e-02  -1.5814849901e-01  -5.5049431625e-01   2.3170052625e-03
   9.5900511680e-02   9.5570960044e-02  -6.5353366493e-02  -5.6662882256e-01  -2.3186799717e-02
   9.6557484423e-02   9.6230063315e-02   2.7333961637e-02  -5.7725825672e-01  -5.5242295172e-02
   9.7213591792e-02   9.6884905531e-02   1.1999779479e-01  -5.8212925083e-01  -9.3756742792e-02
   9.7875701024e-02   9.7542278053e-02   2.1273466181e-01  -5.8077376945e-01  -1.3881165375e-01
   9.8551183226e-02   9.8209123995e-02   3.0554732349e-01  -5.7247295270e-01  -1.9060389755e-01
   9.9248693670e-02   9.8893242456e-02   3.9823497623e-01  -5.5624202593e-01  -2.4935265639e-01
   9.9979420754e-02   9.9604144885e-02   4.9104669693e-01  -5.3055023820e-01  -3.1578121362e-01
   1.0075930934e-01   1.0035469662e-01   5.8384106214e-01  -4.9315506742e-01  -3.9071009638e-01
   1.0161385235e-01   1.0116392205e-01   6.7671649493e-01  -4.4026697928e-01  -4.7576030971e-01
   1.0259095349e-01   1.0206378265e-01   7.6968915348e-01  -3.6487092844e-01  -5.7382312856e-01
   1.0381348758e-01   1.0311812433e-01   8.6371056479e-01  -2.4862938396e-01  -6.9304930978e-01
   1.0535299500e-01   1.0450885083e-01   9.4286285063e-01  -7.3076715798e-02  -8.2714219521e-01
   1.0695767339e-01   1.0619713916e-01   9.7748109725e-01   1.3646114806e-01  -9.3730879634e-01
   1.0844926648e-01   1.0771820761e-01   9.6403634464e-01   3.4628443291e-01  -1.0023539878e+00
   1.0992486688e-01   1.0918032534e-01   9.0965666647e-01   5.5604552502e-01  -1.0250916644e+00
   1.1131850166e-01   1.1066940841e-01   8.2535419111e-01   7.4488946118e-01  -1.0070113152e+00
   1.1250476909e-01   1.1196759491e-01   7.3200393761e-01   8.9037306974e-01  -9.6138960469e-01
   1.1352400126e-01   1.1304194327e-01   6.3915128915e-01   9.9853229772e-01  -9.0124380090e-01
   1.1445770809e-01   1.1400605924e-01   5.4627066141e-01   1.0807349699e+00  -8.3075175664e-01
   1.1534504440e-01   1.1490935695e-01   4.5335172340e-01   1.1413462709e+00  -7.5188248673e-01
   1.1621082476e-01   1.1578073185e-01   3.6070493259e-01   1.1821245093e+00  -6.6592448543e-01
   1.1707431085e-01   1.1664091768e-01   2.6810084854e-01   1.2036991692e+00  -5.7313598955e-01
   1.1795367393e-01   1.1750770402e-01   1.7526354421e-01   1.2052814951e+00  -4.7321562784e-01
   1.1886970868e-01   1.1839964383e-01   8.2303116982e-02   1.1846686492e+00  -3.6581721813e-01
   1.1985058612e-01   1.1933977353e-01  -1.0377106327e-02   1.1381899840e+00  -2.5047549085e-01
   1.2094238472e-01   1.2036139871e-01  -1.0326247612e-01   1.0585488703e+00  -1.2470152086e-01
   1.2224073440e-01   1.2152337073e-01  -1.9656944542e-01   9.3023445416e-01   1.6008282197e-02
   1.2375714662e-01   1.2295809807e-01  -2.7916040110e-01   7.4630032079e-01   1.6073158612e-01
   1.2531390325e-01   1.2455619517e-01  -3.3379749204e-01   5.3599528372e-01   2.8087110452e-01
   1.2686778561e-01   1.2607161133e-01  -3.5901501149e-01   3.2546567264e-01   3.6606890923e-01
   1.2864012675e-01   1.2766395989e-01  -3.5844904627e-01   1.1336474114e-01   4.1805590007e-01
   1.3154899571e-01   1.2961629361e-01  -3.1991666757e-01  -9.0728184018e-02   4.0386153301e-01
   1.3507501735e-01   1.3348169781e-01  -2.8258694827e-01  -5.9355183507e-02   2.8805435111e-01
   1.3766148268e-01   1.3666833689e-01  -3.0267781131e-01   1.5059518594e-01   1.8582830109e-01
   1.3954752340e-01   1.3865462847e-01  -3.5439535422e-01   3.6242981635e-01   1.3660302671e-01
   1.4137597712e-01   1.4044041833e-01  -4.3008440889e-01   5.7011287216e-01   1.2908133104e-01
   1.4321197711e-01   1.4231153590e-01  -5.2096178228e-01   7.4438378631e-01   1.7207610908e-01
   1.4507644310e-01   1.4411241832e-01  -6.1360215176e-01   8.5490870197e-01   2.7310282986e-01
   1.4687588714e-01   1.4604046788e-01  -6.8723711858e-01   8.8248007153e-01   4.2066839396e-01
   1.4843056791e-01   1.4771130640e-01  -7.2604196020e-01   8.3904184444e-01   5.8031731587e-01
   1.4982857179e-01   1.4914982943e-01  -7.3337810149e-01   7.5067369408e-01   7.3938236287e-01
   1.5119412038e-01   1.5050731416e-01  -7.1085387574e-01   6.2741902535e-01   8.9852264291e-01
   1.5262364974e-01   1.5188092661e-01  -6.5342913925e-01   4.7063918024e-01   1.0568227893e+00
   1.5398899642e-01   1.5336637288e-01  -5.6744582578e-01   3.0701813493e-01   1.1885698368e+00
   1.5512236583e-01   1.5461161996e-01  -4.7414575438e-01   1.6885731590e-01   1.2754050434e+00
   1.5608549758e-01   1.5563311170e-01  -3.8119554577e-01   5.4799815291e-02   1.3282734582e+00
   1.5695580386e-01   1.5653788345e-01  -2.8853798481e-01  -4.2591945449e-02   1.3568194770e+00
   1.5777067577e-01   1.5737372427e-01  -1.9556622283e-01  -1.2765107195e-01   1.3653968973e+00
   1.5855284066e-01   1.5816762728e-01  -1.0274062067e-01  -2.0220856968e-01   1.3558972180e+00
   1.5931870413e-01   1.5893805405e-01  -9.9223699260e-03  -2.6799803866e-01   1.3291185109e+00
   1.6008189065e-01   1.5969935422e-01   8.2731108838e-02  -3.2613888888e-01   1.2850097674e+00
   1.6085555429e-01   1.6046442708e-01   1.7545797507e-01  -3.7779089651e-01   1.2224629788e+00
   1.6165445557e-01   1.6124668150e-01   2.6820148980e-01  -4.2384144294e-01   1.1394034330e+00
   1.6249784587e-01   1.6206222964e-01   3.6107661663e-01  -4.6535612269e-01   1.0320245098e+00
   1.6340385729e-01   1.6293346210e-01   4.5282617623e-01  -5.0319824729e-01   8.9603768481e-01
   1.6431113536e-01   1.6387425248e-01   5.3507633914e-01  -5.3623301341e-01   7.4015097508e-01
   1.6515007446e-01   1.6474801824e-01   6.0067951463e-01  -5.6412074320e-01   5.8136064575e-01
   1.6593132506e-01   1.6555213068e-01   6.5221126505e-01  -5.8961232112e-01   4.2220125100e-01
   1.6667480683e-01   1.6631051944e-01   6.9188248613e-01  -6.1464701872e-01   2.6388941398e-01
   1.6739414270e-01   1.6703909423e-01   7.2182175004e-01  -6.4111838798e-01   1.0414053634e-01
   1.6809974483e-01   1.6774919117e-01   7.4259137034e-01  -6.6979522397e-01  -5.4347049045e-02
   1.6880051698e-01   1.6845029849e-01   7.5522793562e-01  -7.0196407664e-01  -2.1297505245e-01
   1.6950477423e-01   1.6915073548e-01   7.6016592725e-01  -7.3871593425e-01  -3.7190532705e-01
   1.7022128351e-01   1.6985881299e-01   7.5759770023e-01  -7.8121193258e-01  -5.3117231094e-01
   1.7096019612e-01   1.7058375403e-01   7.4760685537e-01  -8.3042956699e-01  -6.8969408875e-01
   1.7173466330e-01   1.7133663822e-01   7.2990976668e-01  -8.8838997232e-01  -8.4876801911e-01
   1.7256366041e-01   1.7213268837e-01   7.0400727987e-01  -9.5703365541e-01  -1.0074525706e+00
   1.7347879722e-01   1.7299463244e-01   6.6836465278e-01  -1.0406158732e+00  -1.1671288423e+00
   1.7454309426e-01   1.7396296199e-01   6.2051036472e-01  -1.1450865939e+00  -1.3264219442e+00
   1.7592308280e-01   1.7512322653e-01   5.5228774462e-01  -1.2881223929e+00  -1.4864336103e+00
   1.7766803826e-01   1.7672293907e-01   4.6513042075e-01  -1.4662043653e+00  -1.6061837645e+00
   1.7972638433e-01   1.7861313745e-01   3.7212345097e-01  -1.6446903825e+00  -1.6235339298e+00
   1.8180426664e-01   1.8083963120e-01   2.9630901557e-01  -1.7566020135e+00  -1.5150744810e+00
   1.8343527157e-01   1.8276890207e-01   2.5006452586e-01  -1.7750280830e+00  -1.3523819868e+00
   1.8466779449e-01   1.8410164107e-01   2.2115836615e-01  -1.7385626663e+00  -1.1927573692e+00
   1.8575210546e-01   1.8523394791e-01   1.9778506471e-01  -1.6683121686e+00  -1.0334025065e+00
   1.8676543060e-01   1.8627026300e-01   1.7592259003e-01  -1.5703921476e+00  -8.7470205231e-01
   1.8774900589e-01   1.8726059820e-01   1.5282198740e-01  -1.4455882218e+00  -7.1545000817e-01
   1.8873302028e-01   1.8823741358e-01   1.2636456617e-01  -1.2938217590e+00  -5.5667909109e-01
   1.8974476254e-01   1.8922862697e-01   9.3985948511e-02  -1.1119923006e+00  -3.9815098147e-01
   1.9075469137e-01   1.9026089810e-01   5.4999682408e-02  -9.0783885297e-01  -2.4890020258e-01
   1.9170953277e-01   1.9124848464e-01   1.1028525303e-02  -6.9817991952e-01  -1.2013093768e-01
   1.9261178855e-01   1.9217058089e-01  -3.7671278465e-02  -4.8828093706e-01  -1.1986166031e-02
   1.9348345551e-01   1.9305299620e-01  -9.1473798726e-02  -2.7876105370e-01   7.7618601969e-02
   1.9434087027e-01   1.9391391482e-01  -1.5099789934e-01  -6.9111521031e-02   1.5021401313e-01
   1.9519791529e-01   1.9476782572e-01  -2.1689221808e-01   1.4089936410e-01   2.0629254108e-01
   1.9606807996e-01   1.9562800486e-01  -2.8949484079e-01   3.5030550326e-01   2.4549040926e-01
   1.9696629285e-01   1.9650815506e-01  -3.6995245166e-01   5.6006980799e-01   2.6721472428e-01
   1.9790093247e-01   1.9742443064e-01  -4.5805291201e-01   7.6723036492e-01   2.6988985103e-01
   1.9884597350e-01   1.9837743430e-01  -5.5072252237e-01   9.6351534245e-01   2.5284796683e-01
   1.9978208507e-01   1.9931451270e-01  -6.4332071731e-01   1.1402306016e+00   2.1792557581e-01
   2.0072764424e-01   2.0024965744e-01  -7.3601960064e-01   1.2997943539e+00   1.6642905870e-01
   2.0170914798e-01   2.0120563105e-01  -8.2887299765e-01   1.4436629527e+00   9.8428588339e-02
   2.0276686170e-01   2.0221266490e-01  -9.2177388905e-01   1.5725196685e+00   1.2552219363e-02
   2.0398355930e-01   2.0332105849e-01  -1.0152305601e+00   1.6872260867e+00  -9.6588783312e-02
   2.0550487723e-01   2.0464606011e-01  -1.1039368872e+00   1.7817880104e+00  -2.3649611052e-01
   2.0742282184e-01   2.0636369434e-01  -1.1595387635e+00   1.8334181496e+00  -3.9631594158e-01
   2.0961697159e-01   2.0848194934e-01  -1.1319209501e+00   1.8194077203e+00  -5.2311337248e-01
   2.1136241004e-01   2.1075199384e-01  -1.0375272308e+00   1.7693713428e+00  -5.6328818556e-01
   2.1243907539e-01   2.1197282625e-01  -9.4362801090e-01   1.7251840891e+00  -5.5254585430e-01
   2.1330101434e-01   2.1290532453e-01  -8.5066640287e-01   1.6847917441e+00  -5.2373993306e-01
   2.1404915501e-01   2.1369670415e-01  -7.5778174571e-01   1.6466883976e+00  -4.8410786490e-01
   2.1472468698e-01   2.1440160586e-01  -6.6494770269e-01   1.6101744161e+00  -4.3684330580e-01
   2.1534970476e-01   2.1504776809e-01  -5.7226998874e-01   1.5747827414e+00  -3.8381895511e-01
   2.1593777171e-01   2.1565164143e-01  -4.7951776439e-01   1.5400237151e+00  -3.2604021078e-01
   2.1649796952e-01   2.1622390199e-01  -3.8652139268e-01   1.5054946536e+00  -2.6415660559e-01
   2.1703688835e-01   2.1677203704e-01  -2.9380378069e-01   1.4710836561e+00  -1.9908665664e-01
   2.1755959735e-01   2.1730173966e-01  -2.0163190259e-01   1.4366109161e+00  -1.3150273206e-01
   2.1807002486e-01   2.1781745503e-01  -1.0798371189e-01   1.4010376385e+00  -6.0204488597e-02
   2.1857149792e-01   2.1832259468e-01  -1.6248043465e-02   1.3653879494e+00   1.1937382111e-02
   2.1906693308e-01   2.1882040116e-01   7.7509484054e-02   1.3278471923e+00   8.7794263514e-02
   2.1955892633e-01   2.1931346499e-01   1.6965061889e-01   1.2895711325e+00   1.6425356845e-01
   2.2004998607e-01   2.1980438767e-01   2.6222854723e-01   1.2494246496e+00   2.4281475214e-01
   2.2054257178e-01   2.2029558448e-01   3.5556895984e-01   1.2068717645e+00   3.2365605647e-01
   2.2103920754e-01   2.2078955908e-01   4.4745594142e-01   1.1625572975e+00   4.0471663226e-01
   2.2154267875e-01   2.2128885600e-01   5.4112080010e-01   1.1144358645e+00   4.8874608666e-01
   2.2205607429e-01   2.2179650151e-01   6.3303819942e-01   1.0637735125e+00   5.7248374850e-01
   2.2258306226e-01   2.2231564707e-01   7.2623443303e-01   1.0082591244e+00   6.5858072560e-01
   2.2312824229e-01   2.2285047744e-01   8.1895989481e-01   9.4800295731e-01   7.4535322097e-01
   2.2369743175e-01   2.2340600714e-01   9.1140000391e-01   8.8185652694e-01   8.3286809819e-01
   2.2432666921e-01   2.2398885637e-01   1.0085325885e+00   8.0405928121e-01   9.2581891732e-01