# time = 0.2
# Grid points = 474
# Pressure (Pa) = 101325
#             1_pos             2_posf             3_uvel             4_vvel             5_wvel
  -4.5167530192e-01  -4.5241870902e-01   1.3080643257e+00   5.1161741406e-01   8.9492329523e-01
  -4.5016398547e-01  -4.5093189482e-01   1.4218074014e+00   4.3690658540e-01   9.7708388342e-01
  -4.4849385610e-01  -4.4939607612e-01   1.5315660297e+00   3.4913021249e-01   1.0567662645e+00
  -4.4642790552e-01  -4.4759163608e-01   1.6413608321e+00   2.3405421181e-01   1.1364581613e+00
  -4.4400991191e-01  -4.4526417496e-01   1.7315882384e+00   9.2216865478e-02   1.2010425251e+00
  -4.4153018678e-01  -4.4275564885e-01   1.7790334962e+00  -5.8533985566e-02   1.2327654666e+00
  -4.3907273498e-01  -4.4030472472e-01   1.7797729394e+00  -2.0925134443e-01   1.2284189580e+00
  -4.3655985081e-01  -4.3784074524e-01   1.7338799310e+00  -3.6003556967e-01   1.1879548163e+00
  -4.3406173630e-01  -4.3527895639e-01   1.6444504944e+00  -5.0164273095e-01   1.1143761582e+00
  -4.3189162824e-01  -4.3284451622e-01   1.5349140362e+00  -6.1366530737e-01   1.0268958590e+00
  -4.3012016616e-01  -4.3093874025e-01   1.4249009628e+00  -6.9535427921e-01   9.4085516733e-01
  -4.2856233650e-01  -4.2930159207e-01   1.3154713257e+00  -7.5796384136e-01   8.5677342096e-01
  -4.2713592544e-01  -4.2782308094e-01   1.2061798356e+00  -8.0697720272e-01   7.7421082909e-01
  -4.2579768934e-01  -4.2644876993e-01   1.0966159239e+00  -8.4519380977e-01   6.9286295723e-01
  -4.2452077306e-01  -4.2514660875e-01   9.8771930840e-01  -8.7391247615e-01   6.1346251637e-01
  -4.2328685868e-01  -4.2389493736e-01   8.7780809560e-01  -8.9451060120e-01   5.3486717451e-01
  -4.2208238876e-01  -4.2267878000e-01   7.6892715301e-01  -9.0723137151e-01   4.5863793927e-01
  -4.2089649642e-01  -4.2148599752e-01   6.5981111080e-01  -9.1272746227e-01   3.8398627442e-01
  -4.1972016778e-01  -4.2030699532e-01   5.5005339207e-01  -9.1113216880e-01   3.1080895379e-01
  -4.1854525908e-01  -4.1913334025e-01   4.4071952378e-01  -9.0252804496e-01   2.3999941018e-01
  -4.1736405578e-01  -4.1795717792e-01   3.3160278795e-01  -8.8695905802e-01   1.7160695508e-01
  -4.1616889959e-01  -4.1677093364e-01   2.2265771291e-01  -8.6434478186e-01   1.0583081942e-01
  -4.1495158226e-01  -4.1556686555e-01   1.1278984206e-01  -8.3412989977e-01   4.2342796188e-02
  -4.1370312914e-01  -4.1433629897e-01   4.0811299349e-03  -7.9658361671e-01  -1.7312502342e-02
  -4.1241297386e-01  -4.1306995931e-01  -1.0574024968e-01  -7.5044239416e-01  -7.3937777126e-02
  -4.1106824700e-01  -4.1175598841e-01  -2.1474564320e-01  -6.9583806821e-01  -1.2597088332e-01
  -4.0965256579e-01  -4.1038050560e-01  -3.2420084327e-01  -6.3133398337e-01  -1.7333667818e-01
  -4.0814378693e-01  -4.0892462599e-01  -4.3337334980e-01  -5.5617453803e-01  -2.1478081441e-01
  -4.0651023601e-01  -4.0736294788e-01  -5.4282915051e-01  -4.6833280134e-01  -2.4924596469e-01
  -4.0470310207e-01  -4.0565752415e-01  -6.5210406606e-01  -3.6575759277e-01  -2.7474479687e-01
  -4.0263855527e-01  -4.0374868000e-01  -7.6159923582e-01  -2.4421739212e-01  -2.8850754294e-01
  -4.0025716192e-01  -4.0152843054e-01  -8.6723380108e-01  -1.0269555923e-01  -2.8595941777e-01
  -3.9764496032e-01  -3.9898589329e-01  -9.5765836845e-01   4.7834057909e-02  -2.6433861598e-01
  -3.9481394011e-01  -3.9630402734e-01  -1.0266024101e+00   1.9897209490e-01  -2.2440922375e-01
  -3.9150972417e-01  -3.9332385288e-01  -1.0705812678e+00   3.5045658846e-01  -1.6637428186e-01
  -3.8687164755e-01  -3.8969559546e-01  -1.0706679312e+00   5.0453509951e-01  -8.7813347259e-02
  -3.8154276896e-01  -3.8404769963e-01  -9.9604928933e-01   5.9667179602e-01  -3.2977170160e-02
  -3.7735912236e-01  -3.7903783829e-01  -8.8465145654e-01   6.0830726845e-01  -3.3040842187e-02
  -3.7431277191e-01  -3.7568040642e-01  -7.7500031897e-01   5.8811378504e-01  -6.0413028918e-02
  -3.7175214814e-01  -3.7294513740e-01  -6.6572542185e-01   5.5694841067e-01  -9.9057665572e-02
  -3.6947927750e-01  -3.7055915887e-01  -5.5632253130e-01   5.2088582200e-01  -1.4291108687e-01
  -3.6739734370e-01  -3.6839939613e-01  -4.4719122010e-01   4.8266498244e-01  -1.8841719176e-01
  -3.6544835856e-01  -3.6639529127e-01  -3.3791132359e-01   4.4331310531e-01  -2.3363706976e-01
  -3.6359310140e-01  -3.6450142586e-01  -2.2870612644e-01   4.0337723542e-01  -2.7705408815e-01
  -3.6180206395e-01  -3.6268477695e-01  -1.1943157727e-01   3.6287715074e-01  -3.1769640307e-01
  -3.6005098861e-01  -3.6091935095e-01  -1.0325156250e-02   3.2171469598e-01  -3.5468639353e-01
  -3.5831796375e-01  -3.5918262626e-01   9.9037107208e-02   2.7933523843e-01  -3.8748941928e-01
  -3.5658108612e-01  -3.5745330123e-01   2.0837153014e-01   2.3524385044e-01  -4.1536820706e-01
  -3.5481598438e-01  -3.5570887101e-01   3.1755196214e-01   1.8864751700e-01  -4.3764034822e-01
  -3.5299226590e-01  -3.5392309775e-01   4.2684937548e-01   1.3821037408e-01  -4.5355958433e-01
  -3.5106686102e-01  -3.5206143404e-01   5.3623394403e-01   8.2067878180e-02  -4.6198659581e-01
  -3.4896908966e-01  -3.5007228799e-01   6.4565413180e-01   1.7097312290e-02  -4.6113761920e-01
  -3.4655442348e-01  -3.4786589133e-01   7.5555951833e-01  -6.3389359721e-02  -4.4749547272e-01
  -3.4347778068e-01  -3.4524295562e-01   8.6397920524e-01  -1.7543057817e-01  -4.1227123748e-01
  -3.3992327224e-01  -3.4171260574e-01   9.3862083996e-01  -3.1761330909e-01  -3.5250610995e-01
  -3.3645643478e-01  -3.3813393875e-01   9.5190736793e-01  -4.6791235138e-01  -2.8140762486e-01
  -3.3314644429e-01  -3.3477893082e-01   9.0652924312e-01  -6.1847555305e-01  -2.0931307997e-01
  -3.3005682586e-01  -3.3151395776e-01   8.1513999500e-01  -7.5991987161e-01  -1.4472849278e-01
  -3.2746267499e-01  -3.2859969395e-01   7.0515752554e-01  -8.7536471884e-01  -9.5988706807e-02
  -3.2534102138e-01  -3.2632565602e-01   5.9557881636e-01  -9.6442352060e-01  -6.1652469546e-02
  -3.2345749196e-01  -3.2435638674e-01   4.8605555953e-01  -1.0376666140e+00  -3.5954583516e-02
  -3.2171092278e-01  -3.2255859718e-01   3.7646687840e-01  -1.0992129085e+00  -1.6428107083e-02
  -3.2004486969e-01  -3.2086324839e-01   2.6739540829e-01  -1.1507643534e+00  -1.7678821283e-03
  -3.1842141849e-01  -3.1922649099e-01   1.5807770827e-01  -1.1936597485e+00   9.0282801978e-03
  -3.1681074991e-01  -3.1761634599e-01   4.8710999028e-02  -1.2280787557e+00   1.6546744502e-02
  -3.1518520428e-01  -3.1600515382e-01  -6.0817474558e-02  -1.2538223869e+00   2.1279067514e-02
  -3.1351514800e-01  -3.1436525474e-01  -1.6992715069e-01  -1.2700648221e+00   2.3646235228e-02
  -3.1176350130e-01  -3.1266504125e-01  -2.7935509643e-01  -1.2754840651e+00   2.4109390415e-02
  -3.0987605954e-01  -3.1086196135e-01  -3.8883320513e-01  -1.2673563434e+00   2.3202912842e-02
  -3.0775863873e-01  -3.0889015774e-01  -4.9839483832e-01  -1.2405651444e+00   2.1790368251e-02
  -3.0519611021e-01  -3.0662711973e-01  -6.0857327019e-01  -1.1829162755e+00   2.1761397763e-02
  -3.0197247295e-01  -3.0376510069e-01  -7.0763078629e-01  -1.0726004631e+00   2.8276318839e-02
  -2.9872298384e-01  -3.0017984521e-01  -7.6139712933e-01  -9.2360103217e-01   4.5882650798e-02
  -2.9600031419e-01  -2.9726612248e-01  -7.6887440300e-01  -7.7253905554e-01   7.1724408940e-02
  -2.9357402454e-01  -2.9473450590e-01  -7.4812773979e-01  -6.2151252144e-01   1.0388291854e-01
  -2.9131237473e-01  -2.9241354318e-01  -7.0767665607e-01  -4.7094284036e-01   1.4102604014e-01
  -2.8913884305e-01  -2.9021120628e-01  -6.5161002041e-01  -3.1988538685e-01   1.8237285431e-01
  -2.8699780046e-01  -2.8806647982e-01  -5.8274682388e-01  -1.6947492048e-01   2.2662196947e-01
  -2.8483887450e-01  -2.8592912110e-01  -5.0153557573e-01  -1.8289551578e-02   2.7308973208e-01
  -2.8260561368e-01  -2.8374862791e-01  -4.0866796950e-01   1.3233788508e-01   3.1995853458e-01
  -2.8027211774e-01  -2.8146259945e-01  -3.0465151971e-01   2.8014905155e-01   3.6449071994e-01
  -2.7791293932e-01  -2.7908163604e-01  -1.9558573491e-01   4.1501460169e-01   4.0097162462e-01
  -2.7557083564e-01  -2.7674424260e-01  -8.6512656572e-02   5.2999875535e-01   4.2468639924e-01
  -2.7319112225e-01  -2.7439742868e-01   2.2884226154e-02   6.2413838764e-01   4.3229525576e-01
  -2.7071382121e-01  -2.7198481583e-01   1.3191792517e-01   6.9376903743e-01   4.1905958318e-01
  -2.6806220695e-01  -2.6944282659e-01   2.4117304904e-01   7.3378677171e-01   3.7807841535e-01
  -2.6511231751e-01  -2.6668158731e-01   3.5049066405e-01   7.3422907588e-01   2.9828211278e-01
  -2.6199944008e-01  -2.6354304770e-01   4.4931485211e-01   6.8572765422e-01   1.7688288796e-01
  -2.5915891579e-01  -2.6045583245e-01   5.2216540449e-01   6.0104946666e-01   3.7509595086e-02
  -2.5667728913e-01  -2.5786199913e-01   5.7052800645e-01   4.9902069222e-01  -1.0186010338e-01
  -2.5434955927e-01  -2.5549257913e-01   6.0141742731e-01   3.8500424393e-01  -2.4078225431e-01
  -2.5205019450e-01  -2.5320653942e-01   6.1714021013e-01   2.6003695917e-01  -3.7978303056e-01
  -2.4965711916e-01  -2.5089384959e-01   6.1661432704e-01   1.2300883864e-01  -5.1911633425e-01
  -2.4708353177e-01  -2.4842038873e-01   5.9552490322e-01  -2.4304907123e-02  -6.5374945787e-01
  -2.4427206593e-01  -2.4574667481e-01   5.4677619375e-01  -1.7556104224e-01  -7.7201680544e-01
  -2.4120835322e-01  -2.4279745704e-01   4.6200895182e-01  -3.1762808790e-01  -8.5454318143e-01
  -2.3835339264e-01  -2.3961924940e-01   3.5391502649e-01  -4.2021659849e-01  -8.8001092504e-01
  -2.3601339884e-01  -2.3708753588e-01   2.4417658512e-01  -4.7756073541e-01  -8.5851710071e-01
  -2.3397982096e-01  -2.3493926181e-01   1.3497191276e-01  -5.0580747146e-01  -8.0808333771e-01
  -2.3213637849e-01  -2.3302038011e-01   2.5419842485e-02  -5.1376379286e-01  -7.3702409622e-01
  -2.3041936729e-01  -2.3125237686e-01  -8.3652000936e-02  -5.0619209343e-01  -6.5077997509e-01
  -2.2878788889e-01  -2.2958635771e-01  -1.9314379332e-01  -4.8607800041e-01  -5.5174668985e-01
  -2.2721271858e-01  -2.2798942007e-01  -3.0225320559e-01  -4.5556743449e-01  -4.4270176082e-01
  -2.2567046518e-01  -2.2643601708e-01  -4.1188490673e-01  -4.1576388526e-01  -3.2415546128e-01
  -2.2414046418e-01  -2.2490491327e-01  -5.2105268617e-01  -3.6793134467e-01  -1.9814968177e-01
  -2.2260331129e-01  -2.2337601509e-01  -6.3017437113e-01  -3.1250282098e-01  -6.4906340168e-02
  -2.2106294967e-01  -2.2183060749e-01  -7.3743546158e-01  -2.5079292893e-01   7.2854761820e-02
  -2.1953002208e-01  -2.2029529184e-01  -8.4069848182e-01  -1.8440042766e-01   2.1189111150e-01
  -2.1798751824e-01  -2.1876475232e-01  -9.3936581483e-01  -1.1392238497e-01   3.5102973596e-01
  -2.1640478875e-01  -2.1721028415e-01  -1.0330935154e+00  -3.9424075100e-02   4.8975265042e-01
  -2.1474332522e-01  -2.1559929334e-01  -1.1221456222e+00   4.0292060463e-02   6.2908724891e-01
  -2.1294606787e-01  -2.1388735709e-01  -1.2047584658e+00   1.2592906565e-01   7.6794992460e-01
  -2.1090856672e-01  -2.1200477864e-01  -1.2791895539e+00   2.2107631504e-01   9.0756310300e-01
  -2.0836326169e-01  -2.0981235480e-01  -1.3386001700e+00   3.3361248419e-01   1.0481797858e+00
  -2.0490539723e-01  -2.0691416858e-01  -1.3533084273e+00   4.7140615416e-01   1.1705831462e+00
  -2.0119498108e-01  -2.0289662587e-01  -1.2838070532e+00   5.9797709412e-01   1.2128824474e+00
  -1.9839806473e-01  -1.9949333628e-01  -1.1715871118e+00   6.7814142497e-01   1.1837129290e+00
  -1.9641838209e-01  -1.9730279317e-01  -1.0614900508e+00   7.2714899877e-01   1.1331631602e+00
  -1.9476292628e-01  -1.9553397102e-01  -9.5193194243e-01   7.6370906701e-01   1.0747455146e+00
  -1.9329263859e-01  -1.9399188154e-01  -8.4248846648e-01   7.9312833374e-01   1.0123542150e+00
  -1.9194348089e-01  -1.9259339564e-01  -7.3310929772e-01   8.1778018244e-01   9.4788637685e-01
  -1.9067908311e-01  -1.9129356614e-01  -6.2385026551e-01   8.3896930958e-01   8.8248565768e-01
  -1.8947614522e-01  -1.9006460008e-01  -5.1472487771e-01   8.5750005510e-01   8.1687980162e-01
  -1.8831853984e-01  -1.8888769035e-01  -4.0507691675e-01   8.7398959340e-01   7.5118775308e-01
  -1.8719422718e-01  -1.8774938932e-01  -2.9567197400e-01   8.8866251073e-01   6.8626488301e-01
  -1.8609362787e-01  -1.8663906505e-01  -1.8619329210e-01   9.0180415739e-01   6.2224482421e-01
  -1.8500882798e-01  -1.8554819069e-01  -7.7025543122e-02   9.1353049233e-01   5.5962515471e-01
  -1.8393294769e-01  -1.8446946527e-01   3.1987092614e-02   9.2396392147e-01   4.9855501370e-01
  -1.8285974268e-01  -1.8339643010e-01   1.4096857294e-01   9.3316481132e-01   4.3919611969e-01
  -1.8178316889e-01  -1.8232305526e-01   2.5111018286e-01   9.4120760229e-01   3.8117939811e-01
  -1.8069713959e-01  -1.8124328253e-01   3.6017024656e-01   9.4788396112e-01   3.2593971793e-01
  -1.7959528849e-01  -1.8015099665e-01   4.6933670564e-01   9.5320257153e-01   2.7310317636e-01
  -1.7847056790e-01  -1.7903958032e-01   5.7860492647e-01   9.5701945320e-01   2.2297957144e-01
  -1.7731486396e-01  -1.7790155548e-01   6.8780049936e-01   9.5912694434e-01   1.7599363249e-01
  -1.7611840392e-01  -1.7672817245e-01   7.9707229366e-01   9.5924475246e-01   1.3249096030e-01
  -1.7486878373e-01  -1.7550863540e-01   9.0662432595e-01   9.5696402798e-01   9.2915159385e-02
  -1.7354973820e-01  -1.7422893207e-01   1.0158586936e+00   9.5173216616e-01   5.8127252283e-02
  -1.7213859069e-01  -1.7287054433e-01   1.1252549314e+00   9.4270943665e-01   2.8818346972e-02
  -1.7060136272e-01  -1.7140663705e-01   1.2346549255e+00   9.2862655400e-01   6.2610681866e-03
  -1.6888244862e-01  -1.6979608839e-01   1.3441028260e+00   9.0735262543e-01  -7.6804279416e-03
  -1.6687672724e-01  -1.6796880885e-01   1.4537105109e+00   8.7483596697e-01  -9.7490281880e-03
  -1.6432131555e-01  -1.6578464562e-01   1.5642743571e+00   8.2084252692e-01   7.4861089113e-03
  -1.6066527653e-01  -1.6285798548e-01   1.6650811671e+00   7.1906321318e-01   6.2532594026e-02
  -1.5656569825e-01  -1.5847256759e-01   1.7061160105e+00   5.7441522453e-01   1.4862630525e-01
  -1.5299630384e-01  -1.5465882892e-01   1.6826064234e+00   4.2388351049e-01   2.2990293695e-01
  -1.4981279717e-01  -1.5133377876e-01   1.6201071453e+00   2.7322894483e-01   2.9592193551e-01
  -1.4685809684e-01  -1.4829181557e-01   1.5313584446e+00   1.2295757957e-01   3.4434631534e-01
  -1.4414543240e-01  -1.4542437812e-01   1.4263982591e+00  -2.2054816591e-02   3.7408494224e-01
  -1.4175126868e-01  -1.4286648668e-01   1.3170601281e+00  -1.5344778947e-01   3.8649656698e-01
  -1.3962650079e-01  -1.4063605068e-01   1.2077683903e+00  -2.7164253863e-01   3.8584137934e-01
  -1.3768210527e-01  -1.3861695091e-01   1.0984281700e+00  -3.8001467563e-01   3.7539717374e-01
  -1.3586779231e-01  -1.3674725962e-01   9.8930629526e-01  -4.8008071948e-01   3.5727771577e-01
  -1.3415112713e-01  -1.3498832499e-01   8.7999036981e-01  -5.7324931969e-01   3.3283327312e-01
  -1.3250910674e-01  -1.3331392928e-01   7.7084374272e-01  -6.5981264772e-01   3.0314425436e-01
  -1.3092405027e-01  -1.3170428420e-01   6.6150056849e-01  -7.4039698111e-01   2.6883317067e-01
  -1.2938150230e-01  -1.3014381634e-01   5.5228570016e-01  -8.1489106936e-01   2.3050356711e-01
  -1.2786882579e-01  -1.2861918826e-01   4.4331386107e-01  -8.8322657974e-01   1.8855486786e-01
  -1.2637442604e-01  -1.2711846332e-01   3.3358682321e-01  -9.4577828129e-01   1.4274923316e-01
  -1.2488690212e-01  -1.2563038875e-01   2.2466124764e-01  -1.0012988892e+00   9.3774328085e-02
  -1.2339432384e-01  -1.2414341548e-01   1.1532854977e-01  -1.0498905798e+00   4.0999535146e-02
  -1.2188343231e-01  -1.2264523220e-01   5.9182281645e-03  -1.0905102919e+00  -1.5739504233e-02
  -1.2033849357e-01  -1.2112163242e-01  -1.0324310946e-01  -1.1218808624e+00  -7.6766555740e-02
  -1.1873948318e-01  -1.1955535473e-01  -2.1249703767e-01  -1.1424106839e+00  -1.4307417839e-01
  -1.1705874624e-01  -1.1792361164e-01  -3.2187841658e-01  -1.1494832327e+00  -2.1599980548e-01
  -1.1525463951e-01  -1.1619388084e-01  -4.3125259058e-01  -1.1389774072e+00  -2.9758728121e-01
  -1.1325664680e-01  -1.1431539819e-01  -5.4062023049e-01  -1.1038059335e+00  -3.9158952353e-01
  -1.1092989428e-01  -1.1219789541e-01  -6.5024154280e-01  -1.0293027339e+00  -5.0604417213e-01
  -1.0838249701e-01  -1.0966189316e-01  -7.4532275931e-01  -9.0615655955e-01  -6.3616436204e-01
  -1.0606619955e-01  -1.0710310086e-01  -8.0786885649e-01  -7.5658949582e-01  -7.5849941243e-01
  -1.0414033742e-01  -1.0502929823e-01  -8.4170941428e-01  -6.0520374296e-01  -8.6282916020e-01
  -1.0245322891e-01  -1.0325137660e-01  -8.5801967661e-01  -4.5419312176e-01  -9.5555718659e-01
  -1.0091749056e-01  -1.0165508121e-01  -8.6261323577e-01  -3.0341890991e-01  -1.0406285825e+00
  -9.9484387117e-02  -1.0017989992e-01  -8.5870141082e-01  -1.5211598910e-01  -1.1205499184e+00
  -9.8122460770e-02  -9.8788874316e-02  -8.4837912963e-01  -1.5205082584e-03  -1.1959682917e+00
  -9.6809180874e-02  -9.7456047224e-02  -8.3302965030e-01   1.4936153044e-01  -1.2682557103e+00
  -9.5527118647e-02  -9.6162314524e-02  -8.1362761159e-01   3.0073664462e-01  -1.3380632118e+00
  -9.4261295619e-02  -9.4891922769e-02  -7.9124848903e-01   4.5082306743e-01  -1.4050002354e+00
  -9.2997710338e-02  -9.3630668468e-02  -7.6612848715e-01   6.0244003718e-01  -1.4705918413e+00
  -9.1722000682e-02  -9.2364752208e-02  -7.3924656398e-01   7.5304348356e-01  -1.5338884655e+00
  -9.0417833549e-02  -9.1079249157e-02  -7.1095613106e-01   9.0377848489e-01  -1.5954578007e+00
  -8.9064497465e-02  -8.9756417942e-02  -6.8172655013e-01   1.0549794474e+00  -1.6553656240e+00
  -8.7632919389e-02  -8.8372576987e-02  -6.5235740504e-01   1.2057046514e+00  -1.7130150061e+00
  -8.6076220318e-02  -8.6893261791e-02  -6.2345859629e-01   1.3570467524e+00  -1.7682921451e+00
  -8.4303299418e-02  -8.5259178846e-02  -5.9642915756e-01   1.5088500672e+00  -1.8198847443e+00
  -8.2062525663e-02  -8.3347419991e-02  -5.7440283264e-01   1.6618984424e+00  -1.8644044310e+00
  -7.7874209678e-02  -8.0777631335e-02  -5.8172487616e-01   1.8011510525e+00  -1.8689706698e+00
  -7.3327034757e-02  -7.4970788022e-02  -6.5624473443e-01   1.7457351599e+00  -1.7604808905e+00
  -7.0675269095e-02  -7.1683281492e-02  -7.3548585868e-01   1.5934143530e+00  -1.6281313925e+00
  -6.8876016172e-02  -6.9667256698e-02  -8.0196811186e-01   1.4410658651e+00  -1.5084629674e+00
  -6.7404648144e-02  -6.8084775646e-02  -8.6228485060e-01   1.2896156737e+00  -1.3934529305e+00
  -6.6113689163e-02  -6.6724520642e-02  -9.1876263333e-01   1.1379426755e+00  -1.2799958510e+00
  -6.4939083590e-02  -6.5502857684e-02  -9.7172068543e-01   9.8748067706e-01  -1.1681704795e+00
  -6.3845555906e-02  -6.4375309496e-02  -1.0220575412e+00   8.3703470407e-01  -1.0565398998e+00
  -6.2811597021e-02  -6.3315802316e-02  -1.0705132175e+00   6.8499103566e-01  -9.4355687764e-01
  -6.1822161887e-02  -6.2307391727e-02  -1.1160380458e+00   5.3516037942e-01  -8.3180479793e-01
  -6.0866116612e-02  -6.1336932048e-02  -1.1597378233e+00   3.8428988073e-01  -7.1866846656e-01
  -5.9935179301e-02  -6.0395301176e-02  -1.2015286541e+00   2.3261383836e-01  -6.0414012771e-01
  -5.9022408835e-02  -5.9475057426e-02  -1.2408966920e+00   8.2009468025e-02  -4.8948544986e-01
  -5.8121853804e-02  -5.8569760244e-02  -1.2781385373e+00  -6.8689642244e-02  -3.7367968087e-01
  -5.7228273045e-02  -5.7673947364e-02  -1.3132120584e+00  -2.1962292277e-01  -2.5645814594e-01
  -5.6336728035e-02  -5.6782598727e-02  -1.3460161051e+00  -3.7086021444e-01  -1.3759147872e-01
  -5.5442349024e-02  -5.5890857344e-02  -1.3762477770e+00  -5.2161513126e-01  -1.7515963743e-02
  -5.4540123472e-02  -5.4993840705e-02  -1.4038294913e+00  -6.7231482067e-01   1.0431006015e-01
  -5.3624636420e-02  -5.4086406240e-02  -1.4285229092e+00  -8.2290778918e-01   2.2809350654e-01
  -5.2689622672e-02  -5.3162866600e-02  -1.4501836226e+00  -9.7466148869e-01   3.5522092899e-01
  -5.1727653976e-02  -5.2216378743e-02  -1.4680945949e+00  -1.1254758383e+00   4.8433688899e-01
  -5.0729730388e-02  -5.1238929209e-02  -1.4817843671e+00  -1.2750500602e+00   6.1561316136e-01
  -4.9685344123e-02  -5.0220531566e-02  -1.4907643444e+00  -1.4272558065e+00   7.5321814581e-01
  -4.8597039223e-02  -4.9150156680e-02  -1.4936442256e+00  -1.5746205607e+00   8.9127502721e-01
  -4.7470610571e-02  -4.8043921766e-02  -1.4895803721e+00  -1.7165408070e+00   1.0300200044e+00
  -4.6297405603e-02  -4.6897299376e-02  -1.4774987480e+00  -1.8509391110e+00   1.1684936594e+00
  -4.5061815859e-02  -4.5697511830e-02  -1.4556035301e+00  -1.9778946707e+00   1.3084337842e+00
  -4.3742127102e-02  -4.4426119888e-02  -1.4222116344e+00  -2.0926527051e+00   1.4468986126e+00
  -4.2305294546e-02  -4.3058134316e-02  -1.3736838668e+00  -2.1938984849e+00   1.5859579913e+00
  -4.0694497113e-02  -4.1552454776e-02  -1.3045625566e+00  -2.2758336337e+00   1.7250514237e+00
  -3.8906247120e-02  -3.9836539451e-02  -1.2100088009e+00  -2.3269449105e+00   1.8576273603e+00
  -3.7162265856e-02  -3.7975954788e-02  -1.1010887559e+00  -2.3363325588e+00   1.9634426548e+00
  -3.5616486869e-02  -3.6348576923e-02  -9.9179831143e-01  -2.3110530342e+00   2.0365492526e+00
  -3.4207997456e-02  -3.4884396814e-02  -8.8232448342e-01  -2.2612697089e+00   2.0862177060e+00
  -3.2895006282e-02  -3.3531598097e-02  -7.7288144485e-01  -2.1929313703e+00   2.1177003911e+00
  -3.1650930746e-02  -3.2258414467e-02  -6.6376947552e-01  -2.1100735536e+00   2.1343626451e+00
  -3.0457449930e-02  -3.1043447025e-02  -5.5459816273e-01  -2.0149853472e+00   2.1385072061e+00
  -2.9301098216e-02  -2.9871452834e-02  -4.4510912464e-01  -1.9091863568e+00   2.1315609257e+00
  -2.8171208458e-02  -2.8730743598e-02  -3.3560631449e-01  -1.7942632633e+00   2.1145030495e+00
  -2.7058799038e-02  -2.7611673318e-02  -2.2621630475e-01  -1.6713952598e+00   2.0880546126e+00
  -2.5955937672e-02  -2.6505924757e-02  -1.1694496213e-01  -1.5414138318e+00   2.0526696661e+00
  -2.4855223866e-02  -2.5405950586e-02  -7.7305375850e-03  -1.4048777140e+00   2.0085400030e+00
  -2.3749325792e-02  -2.4304497145e-02   1.0150529394e-01  -1.2621574849e+00   1.9556073312e+00
  -2.2634346650e-02  -2.3194154439e-02   2.1042567921e-01  -1.1140586828e+00   1.8938182071e+00
  -2.1520169061e-02  -2.2074538860e-02   3.1723205379e-01  -9.6344546813e-01   1.8240195807e+00
  -2.0412949829e-02  -2.0965799262e-02   4.2063748614e-01  -8.1263855678e-01   1.7470148684e+00
  -1.9303415839e-02  -1.9860100397e-02   5.2088750075e-01  -6.6173956465e-01   1.6625034380e+00
  -1.8180583700e-02  -1.8746731282e-02   6.1823389799e-01  -5.1066799049e-01   1.5698069204e+00
  -1.7032400748e-02  -1.7614436119e-02   7.1270659029e-01  -3.5952824064e-01   1.4680183663e+00
  -1.5844569010e-02  -1.6450365377e-02   8.0404183568e-01  -2.0876488008e-01   1.3560807680e+00
  -1.4598884917e-02  -1.5238772643e-02   8.9236692287e-01  -5.7987091944e-02   1.2316792098e+00
  -1.3315612486e-02  -1.3958997191e-02   9.7454055367e-01   8.7605771472e-02   1.0969042978e+00
  -1.2055248447e-02  -1.2672227781e-02   1.0465856135e+00   2.2078269305e-01   9.5709950836e-01
  -1.0841929689e-02  -1.1438269112e-02   1.1059051530e+00   3.3592391932e-01   8.1885927148e-01
  -9.6656943660e-03  -1.0245590266e-02   1.1545988370e+00   4.3610418886e-01   6.8008202163e-01
  -8.5188555992e-03  -9.0857984658e-03   1.1932507599e+00   5.2181243926e-01   5.4106440251e-01
  -7.3949259296e-03  -7.9519127327e-03   1.2224059818e+00   5.9355917983e-01   4.0204890108e-01
  -6.2882551241e-03  -6.8379391266e-03   1.2425793777e+00   6.5188810712e-01   2.6315852788e-01
  -5.1937594275e-03  -5.7385711217e-03   1.2542271818e+00   6.9731598158e-01   1.2442213091e-01
  -4.1066961693e-03  -4.6489477333e-03   1.2577272154e+00   7.3028696934e-01  -1.4201526704e-02
  -3.0224614216e-03  -3.5644446052e-03   1.2533666404e+00   7.5113983480e-01  -1.5279987618e-01
  -1.9363602720e-03  -2.4804782379e-03   1.2412032968e+00   7.6006429842e-01  -2.9241082241e-01
  -8.4342279870e-04  -1.3922423061e-03   1.2215082896e+00   7.5702492776e-01  -4.3122186875e-01
   2.6178235829e-04  -2.9460329127e-04   1.1943499852e+00   7.4218137807e-01  -5.6992915076e-01
   1.3854700516e-03   8.1816800784e-04   1.1596765323e+00   7.1540915392e-01  -7.0872225237e-01
   2.5350483549e-03   1.9527720953e-03   1.1174065911e+00   6.7647276604e-01  -8.4745766434e-01
   3.7197509614e-03   3.1173246144e-03   1.0672302000e+00   6.2484223870e-01  -9.8632849653e-01
   4.9517494056e-03   4.3221773083e-03   1.0085236560e+00   5.5952073345e-01  -1.1257103954e+00
   6.2476105454e-03   5.5813215028e-03   9.4110917001e-01   4.7990272453e-01  -1.2644271463e+00
   7.6314711529e-03   6.9138995880e-03   8.6368296428e-01   3.8394248257e-01  -1.4030930678e+00
   9.1426087043e-03   8.3490427179e-03   7.7383630303e-01   2.6783320122e-01  -1.5424580464e+00
   1.0805131004e-02   9.9361746908e-03   6.7119050997e-01   1.3006712535e-01  -1.6784753652e+00
   1.2526571364e-02   1.1674087318e-02   5.6366302755e-01  -1.9239774941e-02  -1.7979130956e+00
   1.4223435380e-02   1.3379055411e-02   4.5800633221e-01  -1.7050604645e-01  -1.8932239841e+00
   1.5925651529e-02   1.5067815348e-02   3.5561357928e-01  -3.2119798973e-01  -1.9640203552e+00
   1.7679075705e-02   1.6783487709e-02   2.5558310940e-01  -4.7222786298e-01  -2.0102199598e+00
   1.9542787478e-02   1.8574663701e-02   1.5778241293e-01  -6.2352028509e-01  -2.0284415359e+00
   2.1615021019e-02   2.0510911255e-02   6.2150809687e-02  -7.7480934102e-01  -2.0109433192e+00
   2.4085686049e-02   2.2719130782e-02  -3.1304235254e-02  -9.2512888862e-01  -1.9390167216e+00
   2.6603684908e-02   2.5452241316e-02  -1.0248993722e-01  -1.0390427855e+00  -1.8138322634e+00
   2.8676588795e-02   2.7755128500e-02  -1.4179492773e-01  -1.0979047073e+00  -1.6738276418e+00
   3.0402738113e-02   2.9598049090e-02  -1.6134102677e-01  -1.1206140070e+00  -1.5345425280e+00
   3.1940861483e-02   3.1207427135e-02  -1.6917664465e-01  -1.1199061165e+00  -1.3949776047e+00
   3.3360953574e-02   3.2674295831e-02  -1.6887600506e-01  -1.1015277241e+00  -1.2563173516e+00
   3.4702171017e-02   3.4047611318e-02  -1.6249761564e-01  -1.0685147981e+00  -1.1174581064e+00
   3.5989296519e-02   3.5356730717e-02  -1.5128928718e-01  -1.0227088292e+00  -9.7871592576e-01
   3.7239869472e-02   3.6621862322e-02  -1.3598292503e-01  -9.6481031132e-01  -8.3924480746e-01
   3.8467393696e-02   3.7857876623e-02  -1.1737680736e-01  -8.9624007371e-01  -7.0076702846e-01
   3.9683002625e-02   3.9076910768e-02  -9.5757839623e-02  -8.1680990915e-01  -5.6201751338e-01
   4.0896423853e-02   4.0289094482e-02  -7.1329910664e-02  -7.2621078592e-01  -4.2253706669e-01
   4.2116787789e-02   4.1503753225e-02  -4.4704022004e-02  -6.2576970156e-01  -2.8440448752e-01
   4.3353287345e-02   4.2729822353e-02  -1.5498308472e-02  -5.1313624326e-01  -1.4482803607e-01
   4.4615568201e-02   4.3976752337e-02   1.5580283009e-02  -3.9016455883e-01  -6.7048819618e-03
   4.5914520211e-02   4.5254384065e-02   4.9089553273e-02  -2.5375938934e-01   1.3267092565e-01
   4.7239593949e-02   4.6574656357e-02   8.4032109657e-02  -1.0714284830e-01   2.6925977529e-01
   4.8545131065e-02   4.7904531541e-02   1.1889098241e-01   4.3667420923e-02   3.9787985401e-01
   4.9809287927e-02   4.9185730588e-02   1.5259758686e-01   1.9388156742e-01   5.1574755405e-01
   5.1045510371e-02   5.0432845266e-02   1.8570941547e-01   3.4569389598e-01   6.2577930817e-01
   5.2265511815e-02   5.1658175475e-02   2.1761886212e-01   4.9598283678e-01   7.2671852918e-01
   5.3479932738e-02   5.2872848155e-02   2.4881122612e-01   6.4665873319e-01   8.2074784028e-01
   5.4699058547e-02   5.4087017320e-02   2.7943385085e-01   7.9819575962e-01   9.0868771693e-01
   5.5933633481e-02   5.5311099774e-02   3.0903638025e-01   9.4806837868e-01   9.8964136307e-01
   5.7196017454e-02   5.6556167189e-02   3.3839569322e-01   1.1000040191e+00   1.0660107381e+00
   5.8501295940e-02   5.7835867720e-02   3.6685553998e-01   1.2504790504e+00   1.1363113261e+00
   5.9869304526e-02   5.9166724160e-02   3.9476083785e-01   1.4012177399e+00   1.2016931505e+00
   6.1329263175e-02   6.0571884893e-02   4.2212346697e-01   1.5524718681e+00   1.2623931563e+00
   6.2928262595e-02   6.2086641457e-02   4.4866613438e-01   1.7032692568e+00   1.3181091301e+00
   6.4756981120e-02   6.3769883733e-02   4.7436954557e-01   1.8551371473e+00   1.3693023655e+00
   6.7052873189e-02   6.5744078507e-02   4.9827385468e-01   2.0078271793e+00   1.4153436275e+00
   7.0148896324e-02   6.8361667870e-02   5.1386627066e-01   2.1400793606e+00   1.4492308248e+00
   7.3723353233e-02   7.1936124779e-02   5.0532417059e-01   2.1817727708e+00   1.4542960024e+00
   7.7343606916e-02   7.5510581687e-02   4.6338868802e-01   2.0964028274e+00   1.4265178896e+00
   8.0296935438e-02   7.9176632146e-02   4.0405523750e-01   1.9392782066e+00   1.3829570420e+00
   8.2323511222e-02   8.1417238730e-02   3.4959933870e-01   1.7873403244e+00   1.3423171573e+00
   8.4024466661e-02   8.3229783715e-02   2.9600985061e-01   1.6360649933e+00   1.3019077069e+00
   8.5545029306e-02   8.4819149606e-02   2.4249042027e-01   1.4846016532e+00   1.2609824807e+00
   8.6951375115e-02   8.6270909006e-02   1.8925158006e-01   1.3339833918e+00   1.2195109621e+00
   8.8281215838e-02   8.7631841224e-02   1.3596282635e-01   1.1833535821e+00   1.1770307487e+00
   8.9558753587e-02   8.8930590452e-02   8.2388029745e-02   1.0319431192e+00   1.1331093216e+00
   9.0801552726e-02   9.0186916721e-02   2.9255138516e-02   8.8158606634e-01   1.0880881173e+00
   9.2023403194e-02   9.1416188730e-02  -2.4099280952e-02   7.3007519760e-01   1.0411063956e+00
   9.3235908902e-02   9.2630617658e-02  -7.6646967536e-02   5.7990042215e-01   9.9272746670e-01
   9.4449753920e-02   9.3841200146e-02  -1.2904230922e-01   4.2863229484e-01   9.4193491372e-01
   9.5675449658e-02   9.5058307694e-02  -1.8051141028e-01   2.7776693651e-01   8.8893620229e-01
   9.6924167267e-02   9.6292591623e-02  -2.3081082832e-01   1.2707986322e-01   8.3333232945e-01
   9.8208629460e-02   9.7555742911e-02  -2.7954011919e-01  -2.3486504308e-02   7.7470174288e-01
   9.9544617223e-02   9.8861516008e-02  -3.2638217849e-01  -1.7480462886e-01   7.1213275951e-01
   1.0095297985e-01   1.0022771844e-01  -3.7021040362e-01  -3.2597474989e-01   6.4522953172e-01
   1.0246298390e-01   1.0167824126e-01  -4.0970792569e-01  -4.7659411948e-01   5.7315820906e-01
   1.0412039504e-01   1.0324772655e-01  -4.4315526420e-01  -6.2750251831e-01   4.9391660867e-01
   1.0600709411e-01   1.0499306354e-01  -4.6702453851e-01  -7.7891376423e-01   4.0450053742e-01
   1.0830395517e-01   1.0702112467e-01  -4.7353870601e-01  -9.3098135338e-01   2.9870719037e-01
   1.1124396539e-01   1.0958678566e-01  -4.4412641532e-01  -1.0717505523e+00   1.7144587318e-01
   1.1454230476e-01   1.1290114512e-01  -3.6260671136e-01  -1.1607302065e+00   4.2630759847e-02
   1.1743321752e-01   1.1618346440e-01  -2.5319898137e-01  -1.1822556318e+00  -5.5270800646e-02
   1.1976223892e-01   1.1868297064e-01  -1.4340514421e-01  -1.1644695045e+00  -1.2280747788e-01
   1.2184047560e-01   1.2084150720e-01  -3.3920533162e-02  -1.1261767730e+00  -1.7453281587e-01
   1.2380669715e-01   1.2283944401e-01   7.5774970267e-02  -1.0736216561e+00  -2.1651155791e-01
   1.2574690613e-01   1.2477395029e-01   1.8498870929e-01  -1.0096688154e+00  -2.5159347581e-01
   1.2773924596e-01   1.2671986197e-01   2.9455436681e-01  -9.3419330587e-01  -2.8209154163e-01
   1.2988827767e-01   1.2875862996e-01   4.0422808971e-01  -8.4539949749e-01  -3.0961011205e-01
   1.3241290080e-01   1.3101792538e-01   5.1466630933e-01  -7.3591051129e-01  -3.3648077482e-01
   1.3555583046e-01   1.3380787622e-01   6.1318599588e-01  -5.9935771271e-01  -3.6452079138e-01
   1.3921779984e-01   1.3730378470e-01   6.6079410254e-01  -4.4871608038e-01  -3.9352722252e-01
   1.4313913473e-01   1.4113181498e-01   6.2068315922e-01  -3.0660426192e-01  -4.2294960912e-01
   1.4644558490e-01   1.4514645447e-01   5.1612489903e-01  -2.0553125145e-01  -4.4644834068e-01
   1.4875932431e-01   1.4774471534e-01   4.0561329681e-01  -1.4645374346e-01  -4.6103072125e-01
   1.5065666464e-01   1.4977393328e-01   2.9589336744e-01  -1.0524295643e-01  -4.7084829503e-01
   1.5234778283e-01   1.5153939601e-01   1.8642217586e-01  -7.3926159874e-02  -4.7726184988e-01
   1.5392035606e-01   1.5315616965e-01   7.6857719882e-02  -4.9267258766e-02  -4.8069143842e-01
   1.5542398487e-01   1.5468454247e-01  -3.2487008272e-02  -2.9724205037e-02  -4.8120727544e-01
   1.5689272341e-01   1.5616342727e-01  -1.4165829757e-01  -1.4355630417e-02  -4.7872850873e-01
   1.5835406690e-01   1.5762201955e-01  -2.5113975231e-01  -2.6111356286e-03  -4.7298258955e-01
   1.5983423200e-01   1.5908611424e-01  -3.6033493740e-01   5.6620267801e-03  -4.6358935298e-01
   1.6136281344e-01   1.6058234977e-01  -4.6991275900e-01   1.0472167344e-02  -4.4984085320e-01
   1.6297898318e-01   1.6214327712e-01  -5.7924848292e-01   1.1453600869e-02  -4.3080091046e-01
   1.6474471671e-01   1.6381468923e-01  -6.8892137513e-01   7.7923287094e-03  -4.0465041970e-01
   1.6678272250e-01   1.6567474418e-01  -7.9872580024e-01  -2.4260727142e-03  -3.6800538391e-01
   1.6947898183e-01   1.6789070083e-01  -9.1056929121e-01  -2.5546973283e-02  -3.1009465799e-01
   1.7371912537e-01   1.7106726284e-01  -9.9449630802e-01  -8.1695563708e-02  -2.0575133197e-01
   1.7848913181e-01   1.7637098789e-01  -9.5632304104e-01  -1.6513604068e-01  -8.8858489765e-02
   1.8183383264e-01   1.8060727573e-01  -8.4393078447e-01  -2.3103758542e-01  -2.1461176588e-02
   1.8403477764e-01   1.8306038955e-01  -7.3367201804e-01  -2.7454474097e-01   9.7762275838e-03
   1.8585882630e-01   1.8500916573e-01  -6.2384268217e-01  -3.0903336515e-01   2.5631317744e-02
   1.8748394482e-01   1.8670848687e-01  -5.1455869277e-01  -3.3740852101e-01   3.1040855960e-02
   1.8898680511e-01   1.8825940277e-01  -4.0505289851e-01  -3.6107183396e-01   2.8217762842e-02
   1.9040993589e-01   1.8971420746e-01  -2.9586792314e-01  -3.8047073697e-01   1.8333536293e-02
   1.9178097194e-01   1.9110566433e-01  -1.8640958611e-01  -3.9597187856e-01   2.0238534666e-03
   1.9311991504e-01   1.9245627954e-01  -7.7029963199e-02  -4.0757806031e-01  -2.0273520226e-02
   1.9444289568e-01   1.9378355054e-01   3.2222534773e-02  -4.1522443912e-01  -4.8298903487e-02
   1.9576413367e-01   1.9510224083e-01   1.4144728382e-01  -4.1872876669e-01  -8.1971216002e-02
   1.9709745793e-01   1.9642602652e-01   2.5075806140e-01  -4.1775438401e-01  -1.2136172002e-01
   1.9845771205e-01   1.9776888934e-01   3.6015811668e-01  -4.1178421287e-01  -1.6664253296e-01
   1.9986232559e-01   1.9914653475e-01   4.6941075144e-01  -4.0010990050e-01  -2.1800527952e-01
   2.0133382923e-01   2.0057811644e-01   5.7880954627e-01  -3.8163037500e-01  -2.7608230850e-01
   2.0290433198e-01   2.0208954203e-01   6.8818778602e-01  -3.5473258287e-01  -3.4159098597e-01
   2.0462517029e-01   2.0371912193e-01   7.9766145574e-01  -3.1669070203e-01  -4.1594851658e-01
   2.0659281035e-01   2.0553121865e-01   9.0724954936e-01  -2.6245879062e-01  -5.0168267016e-01
   2.0905469169e-01   2.0765440206e-01   1.0180735142e+00  -1.7884661748e-01  -6.0591945306e-01
   2.1215487891e-01   2.1045498131e-01   1.1113705124e+00  -5.2571679469e-02  -7.2315379121e-01
   2.1538630437e-01   2.1385477652e-01   1.1521741509e+00   9.8149248098e-02  -8.1946980574e-01
   2.1839000399e-01   2.1691783222e-01   1.1363250412e+00   2.4907586073e-01  -8.7633708250e-01
   2.2136149829e-01   2.1986217576e-01   1.0722251892e+00   3.9995807258e-01  -8.9621574557e-01
   2.2416793412e-01   2.2286082083e-01   9.7285495000e-01   5.3579476310e-01  -8.8040806432e-01
   2.2655678336e-01   2.2547504741e-01   8.6282025264e-01   6.4044232219e-01  -8.4052160761e-01
   2.2860926489e-01   2.2763851932e-01   7.5337236740e-01   7.1824234375e-01  -7.8793710175e-01
   2.3048951957e-01   2.2958001046e-01   6.4389169399e-01   7.7737174050e-01  -7.2630713730e-01
   2.3227639545e-01   2.3139902867e-01   5.3436602215e-01   8.2097040172e-01  -6.5735317617e-01
   2.3401986301e-01   2.3315376223e-01   4.2516127998e-01   8.5030308043e-01  -5.8220172009e-01
   2.3575871046e-01   2.3488596379e-01   3.1600701648e-01   8.6582256770e-01  -5.0107853955e-01
   2.3752953023e-01   2.3663145713e-01   2.0657799635e-01   8.6696151084e-01  -4.1372015387e-01
   2.3937419769e-01   2.3842760332e-01   9.7004008411e-02   8.5213540021e-01  -3.1982390816e-01
   2.4134944229e-01   2.4032079205e-01  -1.2239513315e-02   8.1870392374e-01  -2.1898303512e-01
   2.4354805468e-01   2.4237809252e-01  -1.2172460907e-01   7.6141859657e-01  -1.0902153382e-01
   2.4616260986e-01   2.4471801683e-01  -2.3170630713e-01   6.6912241369e-01   1.3997959658e-02
   2.4921628907e-01   2.4760720289e-01  -3.2905645519e-01   5.3681870199e-01   1.4052625044e-01
   2.5235121195e-01   2.5082537525e-01  -3.9345669736e-01   3.8554607831e-01   2.4556136389e-01
   2.5548034676e-01   2.5387704866e-01  -4.2317956669e-01   2.3411166480e-01   3.2004762650e-01
   2.5904940353e-01   2.5708364487e-01  -4.2251098264e-01   8.1546765681e-02   3.6549832161e-01
   2.6490714627e-01   2.6101516219e-01  -3.7709082505e-01  -6.5258326405e-02   3.5308794899e-01
   2.7200768190e-01   2.6879913036e-01  -3.3309002892e-01  -4.2692118101e-02   2.5183998291e-01
   2.7721618346e-01   2.7521623343e-01  -3.5677316199e-01   1.0832584179e-01   1.6246613924e-01
   2.8101420308e-01   2.7921613349e-01  -4.1773519008e-01   2.6069947175e-01   1.1942985861e-01
   2.8469625669e-01   2.8281227266e-01  -5.0695279978e-01   4.1008709965e-01   1.1285420417e-01
   2.8839350665e-01   2.8658024073e-01  -6.1407284687e-01   5.3544146085e-01   1.5044406686e-01
   2.9214808009e-01   2.9020677258e-01  -7.2327040736e-01   6.1494324070e-01   2.3877002787e-01
   2.9577171539e-01   2.9408938760e-01  -8.1006524259e-01   6.3477623163e-01   3.6778386603e-01
   2.9890245801e-01   2.9745404318e-01  -8.5580459161e-01   6.0353158512e-01   5.0736183758e-01
   3.0171769211e-01   3.0035087283e-01  -8.6445083677e-01   5.3996849685e-01   6.4642927574e-01
   3.0446756928e-01   3.0308451138e-01  -8.3789981505e-01   4.5131123803e-01   7.8556245157e-01
   3.0734628790e-01   3.0585062717e-01  -7.7021061287e-01   3.3853899777e-01   9.2396109053e-01
   3.1009575846e-01   3.0884194862e-01  -6.6885884446e-01   2.2084562973e-01   1.0391448730e+00
   3.1237808418e-01   3.1134956829e-01  -5.5888294905e-01   1.2146574178e-01   1.1150631293e+00
   3.1431759334e-01   3.1340660006e-01  -4.4931969476e-01   3.9423375586e-02   1.1612848993e+00
   3.1607017497e-01   3.1522858662e-01  -3.4010156612e-01  -3.0631322567e-02   1.1862420834e+00
   3.1771112550e-01   3.1691176332e-01  -2.3051321786e-01  -9.1815164110e-02   1.1937411173e+00
   3.1928621217e-01   3.1851048767e-01  -1.2109727015e-01  -1.4544519090e-01   1.1854356984e+00
   3.2082847180e-01   3.2006193666e-01  -1.1690093457e-02  -1.9276838686e-01   1.1620235618e+00
   3.2236534071e-01   3.2159500694e-01   9.7522764044e-02  -2.3458994730e-01   1.1234601080e+00
   3.2392330796e-01   3.2313567449e-01   2.0682202985e-01  -2.7174410809e-01   1.0687766225e+00
   3.2553209757e-01   3.2471094143e-01   3.1614082385e-01  -3.0486917147e-01   9.9615921923e-01
   3.2723047707e-01   3.2635325371e-01   4.2561465138e-01  -3.3473163475e-01   9.0227983598e-01
   3.2905496003e-01   3.2810770044e-01   5.3376164097e-01  -3.6195248621e-01   7.8338908846e-01
   3.3088199370e-01   3.3000221961e-01   6.3071140037e-01  -3.8571538871e-01   6.4710022497e-01
   3.3257140958e-01   3.3176176778e-01   7.0803896067e-01  -4.0577592612e-01   5.0827275993e-01
   3.3414465509e-01   3.3338105138e-01   7.6878021664e-01  -4.2411282745e-01   3.6912260585e-01
   3.3564184353e-01   3.3490825880e-01   8.1554121379e-01  -4.4212102695e-01   2.3071343346e-01
   3.3709040807e-01   3.3637542825e-01   8.5083095040e-01  -4.6116258166e-01   9.1047858643e-02
   3.3851131628e-01   3.3780538790e-01   8.7531225023e-01  -4.8179048462e-01  -4.7515015880e-02
   3.3992249810e-01   3.3921724466e-01   8.9020696613e-01  -5.0493016565e-01  -1.8620068160e-01
   3.4134069804e-01   3.4062775154e-01   8.9602723682e-01  -5.3136637970e-01  -3.2515064602e-01
   3.4278357054e-01   3.4205364455e-01   8.9299980232e-01  -5.6193433742e-01  -4.6439502058e-01
   3.4427155781e-01   3.4351349653e-01   8.8122321397e-01  -5.9733715261e-01  -6.0298790878e-01
   3.4583114318e-01   3.4502961910e-01   8.6036316443e-01  -6.3902863754e-01  -7.4206357410e-01
   3.4750053835e-01   3.4663266726e-01   8.2983130474e-01  -6.8840460118e-01  -8.8079885903e-01
   3.4934339758e-01   3.4836840945e-01   7.8781862386e-01  -7.4852586220e-01  -1.0204012486e+00
   3.5148662864e-01   3.5031838571e-01   7.3141192872e-01  -8.2367223909e-01  -1.1596687231e+00
   3.5426558429e-01   3.5265487156e-01   6.5099688365e-01  -9.2655852159e-01  -1.2995645745e+00
   3.5777949308e-01   3.5587629702e-01   5.4826343693e-01  -1.0546534440e+00  -1.4042606491e+00
   3.6192449304e-01   3.5968268913e-01   4.3863519523e-01  -1.1830386881e+00  -1.4194302740e+00
   3.6610883417e-01   3.6416629695e-01   3.4927212179e-01  -1.2635364644e+00  -1.3246066019e+00
   3.6939327477e-01   3.6805137139e-01   2.9476335523e-01  -1.2767897190e+00  -1.1823676351e+00
   3.7187527114e-01   3.7073517816e-01   2.6069129825e-01  -1.2505594124e+00  -1.0428106685e+00
   3.7405880528e-01   3.7301536413e-01   2.3314072902e-01  -1.2000273942e+00  -9.0348943784e-01
   3.7609939153e-01   3.7510224643e-01   2.0737083008e-01  -1.1295925884e+00  -7.6474026425e-01
   3.7808006894e-01   3.7709653663e-01   1.8014135844e-01  -1.0398200758e+00  -6.2550877270e-01
   3.8006163057e-01   3.7906360125e-01   1.4895496475e-01  -9.3065328713e-01  -4.8669785313e-01
   3.8209902928e-01   3.8105965990e-01   1.1078894376e-01  -7.9986203598e-01  -3.4809914353e-01
   3.8413277621e-01   3.8313839867e-01   6.4834180918e-02  -6.5301304088e-01  -2.1761138765e-01
   3.8605559066e-01   3.8512715375e-01   1.3003525838e-02  -5.0220395693e-01  -1.0503024459e-01
   3.8787251067e-01   3.8698402756e-01  -4.4400948619e-02  -3.5122223534e-01  -1.0480732741e-02
   3.8962783239e-01   3.8876099379e-01  -1.0782015649e-01  -2.0051322414e-01   6.7859577032e-02
   3.9135445369e-01   3.9049467099e-01  -1.7798356439e-01  -4.9710971100e-02   1.3132890179e-01
   3.9308033042e-01   3.9221423638e-01  -2.5565573543e-01   1.0135119359e-01   1.8035780169e-01
   3.9483262687e-01   3.9394642445e-01  -3.4123517370e-01   2.5197835234e-01   2.1462823004e-01
   3.9664140551e-01   3.9571882929e-01  -4.3607350800e-01   4.0286313579e-01   2.3362183122e-01
   3.9852353857e-01   3.9756398173e-01  -5.3992067230e-01   5.5187502252e-01   2.3596104804e-01
   4.0042661751e-01   3.9948309542e-01  -6.4915358230e-01   6.9306403311e-01   2.2106199821e-01
   4.0231171471e-01   4.0137013959e-01  -7.5830224538e-01   8.2017641909e-01   1.9053028923e-01
   4.0421583706e-01   4.0325328984e-01  -8.6756953507e-01   9.3495161412e-01   1.4550807261e-01
   4.0619234286e-01   4.0517838428e-01  -9.7701890519e-01   1.0384371793e+00   8.6056703158e-02
   4.0832231673e-01   4.0720630143e-01  -1.0865242181e+00   1.1311245896e+00   1.0976715948e-02
   4.1077244482e-01   4.0943833203e-01  -1.1966846220e+00   1.2136335747e+00  -8.4443161498e-02
   4.1383600291e-01   4.1210655762e-01  -1.3012456609e+00   1.2816524365e+00  -2.0676152816e-01
   4.1769826907e-01   4.1556544820e-01  -1.3667855721e+00   1.3187900644e+00  -3.4648909084e-01
   4.2211674407e-01   4.1983108994e-01  -1.3342321578e+00   1.3087118149e+00  -4.5734578013e-01
   4.2563162548e-01   4.2440239819e-01  -1.2229680802e+00   1.2727198349e+00  -4.9246984321e-01
   4.2779976324e-01   4.2686085277e-01  -1.1122867643e+00   1.2409352937e+00  -4.8307795033e-01
   4.2953549514e-01   4.2873867371e-01  -1.0027106013e+00   1.2118804993e+00  -4.5789337792e-01
   4.3104206543e-01   4.3033231656e-01  -8.9322512384e-01   1.1844722204e+00  -4.2324369434e-01
   4.3240241976e-01   4.3175181429e-01  -7.8379929350e-01   1.1582071990e+00  -3.8192105730e-01
   4.3366105102e-01   4.3305302523e-01  -6.7455772140e-01   1.1327494738e+00  -3.3556273557e-01
   4.3484527243e-01   4.3426907681e-01  -5.6522831206e-01   1.1077468275e+00  -2.8504773134e-01
   4.3597337227e-01   4.3542146805e-01  -4.5561111025e-01   1.0829096057e+00  -2.3094392020e-01
   4.3705862154e-01   4.3652527649e-01  -3.4632247971e-01   1.0581573179e+00  -1.7405434642e-01
   4.3811122819e-01   4.3759196658e-01  -2.3767710945e-01   1.0333606282e+00  -1.1496685039e-01
   4.3913910297e-01   4.3863048980e-01  -1.2729156023e-01   1.0077723197e+00  -5.2631992468e-02
   4.4014894572e-01   4.3964771615e-01  -1.9160338754e-02   9.8212906060e-01   1.0440429441e-02
   4.4114662961e-01   4.4065017529e-01   9.1354113860e-02   9.5512554805e-01   7.6760816969e-02
   4.4213738235e-01   4.4164308392e-01   1.9996329635e-01   9.2759313974e-01   1.4360788719e-01
   4.4312625523e-01   4.4263168078e-01   3.0908735447e-01   8.9871533203e-01   2.1229258772e-01
   4.4411820103e-01   4.4362082968e-01   4.1911019075e-01   8.6810659177e-01   2.8297075140e-01
   4.4511830264e-01   4.4461557238e-01   5.2741984848e-01   8.3623074715e-01   3.5384061228e-01
   4.4613216916e-01   4.4562103290e-01   6.3782516023e-01   8.0161653532e-01   4.2730610308e-01
   4.4716602081e-01   4.4664330543e-01   7.4617071930e-01   7.6517463911e-01   5.0051647427e-01
   4.4822724426e-01   4.4768873620e-01   8.5602370466e-01   7.2524265362e-01   5.7578954122e-01
   4.4932510203e-01   4.4876575231e-01   9.6532181262e-01   6.8189989220e-01   6.5165318737e-01
   4.5047130885e-01   4.4988445174e-01   1.0742836080e+00   6.3432024469e-01   7.2816586750e-01
   4.5173843748e-01   4.5105816595e-01   1.1887766126e+00   5.7836010925e-01   8.0943107043e-01