# time = 3.4
# Grid points = 474
# Pressure (Pa) = 101325
#             1_pos             2_posf             3_uvel             4_vvel             5_wvel
  -9.1191670722e-02  -9.1341762026e-02   1.3027255059e+00   1.1297562187e+00   1.4760690160e+00
  -9.0886541194e-02  -9.1041579418e-02   1.4160000521e+00   9.6478421189e-01   1.6115849858e+00
  -9.0549347888e-02  -9.0731502970e-02   1.5253060045e+00   7.7096127144e-01   1.7430136254e+00
  -9.0132239660e-02  -9.0367192807e-02   1.6346470322e+00   5.1685627239e-01   1.8744583532e+00
  -8.9644055169e-02  -8.9897286513e-02   1.7244999164e+00   2.0365753829e-01   1.9809852147e+00
  -8.9143407301e-02  -8.9390823825e-02   1.7717456527e+00  -1.2922431578e-01   2.0333108252e+00
  -8.8647256339e-02  -8.8895990777e-02   1.7724769709e+00  -4.6203290798e-01   2.0261437535e+00
  -8.8139913776e-02  -8.8398521900e-02   1.7267669334e+00  -7.9498984395e-01   1.9594045249e+00
  -8.7635553155e-02  -8.7881305651e-02   1.6376991790e+00  -1.1076829703e+00   1.8380463431e+00
  -8.7197415892e-02  -8.7389800658e-02   1.5286077785e+00  -1.3550487975e+00   1.6937585196e+00
  -8.6839763867e-02  -8.7005031126e-02   1.4190427153e+00  -1.5354330778e+00   1.5518447904e+00
  -8.6525243483e-02  -8.6674496608e-02   1.3100593143e+00  -1.6736869010e+00   1.4131619006e+00
  -8.6237256056e-02  -8.6375990359e-02   1.2012139230e+00  -1.7819180978e+00   1.2769845387e+00
  -8.5967070848e-02  -8.6098521752e-02   1.0920975573e+00  -1.8663083119e+00   1.1428106135e+00
  -8.5709265896e-02  -8.5835619944e-02   9.8364603868e-01  -1.9297255231e+00   1.0118486720e+00
  -8.5460142881e-02  -8.5582911848e-02   8.7418431291e-01  -1.9752112824e+00   8.8221458471e-01
  -8.5216964598e-02  -8.5337373913e-02   7.6574885992e-01  -2.0033025550e+00   7.5648306901e-01
  -8.4977537063e-02  -8.5096555283e-02   6.5707946652e-01  -2.0154405761e+00   6.3335353409e-01
  -8.4740040407e-02  -8.4858518843e-02   5.4777121057e-01  -2.0119196927e+00   5.1265572766e-01
  -8.4502830432e-02  -8.4621561972e-02   4.3888524749e-01  -1.9929221823e+00   3.9586327438e-01
  -8.4264349598e-02  -8.4384098892e-02   3.3021569822e-01  -1.9585451377e+00   2.8305751507e-01
  -8.4023051726e-02  -8.4144600304e-02   2.2171727280e-01  -1.9086109686e+00   1.7456706553e-01
  -8.3777279594e-02  -8.3901503148e-02   1.1230000250e-01  -1.8418934678e+00   6.9850590865e-02
  -8.3525221257e-02  -8.3653056040e-02   4.0373028554e-03  -1.7589870521e+00  -2.8544234947e-02
  -8.3264743398e-02  -8.3397386473e-02  -1.0533332888e-01  -1.6571016677e+00  -1.2194137090e-01
  -8.2993247728e-02  -8.3132100323e-02  -2.1389114945e-01  -1.5365284026e+00  -2.0776422289e-01
  -8.2707426621e-02  -8.2854395133e-02  -3.2289674782e-01  -1.3940949184e+00  -2.8588884057e-01
  -8.2402809423e-02  -8.2560458109e-02  -4.3162062118e-01  -1.2281327211e+00  -3.5424630337e-01
  -8.2073001180e-02  -8.2245160736e-02  -5.4062641478e-01  -1.0341660431e+00  -4.1109264843e-01
  -8.1708147130e-02  -8.1900841623e-02  -6.4945183175e-01  -8.0766555580e-01  -4.5314996628e-01
  -8.1291322320e-02  -8.1515452638e-02  -7.5849631814e-01  -5.3928741520e-01  -4.7584979198e-01
  -8.0810527294e-02  -8.1067192003e-02  -8.6369574797e-01  -2.2678667126e-01  -4.7164648160e-01
  -8.0283132886e-02  -8.0553862585e-02  -9.5374742796e-01   1.0560486721e-01  -4.3598475357e-01
  -7.9711559764e-02  -8.0012403187e-02  -1.0224066406e+00   4.3934019295e-01  -3.7012493091e-01
  -7.9044450071e-02  -7.9410716340e-02  -1.0662029246e+00   7.7384093848e-01  -2.7440198951e-01
  -7.8108038551e-02  -7.8678183802e-02  -1.0662863645e+00   1.1140705316e+00  -1.4482406235e-01
  -7.7032156520e-02  -7.7537893300e-02  -9.9197020304e-01   1.3175246284e+00  -5.4379091886e-02
  -7.6187492838e-02  -7.6526419740e-02  -8.8102572430e-01   1.3432204676e+00  -5.4486829920e-02
  -7.5572445290e-02  -7.5848565936e-02  -7.7182106664e-01   1.2986330682e+00  -9.9637338433e-02
  -7.5055464266e-02  -7.5296324643e-02  -6.6299114076e-01   1.2298180737e+00  -1.6338070886e-01
  -7.4596579599e-02  -7.4814603888e-02  -5.5403374784e-01   1.1501892989e+00  -2.3571549642e-01
  -7.4176244413e-02  -7.4378555310e-02  -4.4534685068e-01   1.0657947671e+00  -3.1077621961e-01
  -7.3782751101e-02  -7.3973933516e-02  -3.3651202195e-01   9.7890271862e-01  -3.8536482091e-01
  -7.3408181140e-02  -7.3591568685e-02  -2.2775166599e-01   8.9072109230e-01  -4.5697973549e-01
  -7.3046576915e-02  -7.3224793596e-02  -1.1892234836e-01   8.0129355176e-01  -5.2401798613e-01
  -7.2693040900e-02  -7.2868360234e-02  -1.0260613230e-02   7.1040333636e-01  -5.8503199850e-01
  -7.2343149215e-02  -7.2517721567e-02   9.8655746686e-02   6.1682572952e-01  -6.3913992679e-01
  -7.1992479670e-02  -7.2168576863e-02   2.0754416328e-01   5.1946783280e-01  -6.8512568254e-01
  -7.1636111776e-02  -7.1816382478e-02   3.1627895068e-01   4.1657852654e-01  -7.2186367150e-01
  -7.1267909364e-02  -7.1455841074e-02   4.2512990712e-01   3.0520800058e-01  -7.4812298539e-01
  -7.0879176822e-02  -7.1079977653e-02   5.3406722679e-01   1.8123902082e-01  -7.6202437772e-01
  -7.0455644091e-02  -7.0678375992e-02   6.4303941810e-01   3.7776090370e-02  -7.6062562330e-01
  -6.9968131396e-02  -7.0232912190e-02   7.5249388448e-01  -1.3994910805e-01  -7.3812531841e-01
  -6.9346967928e-02  -6.9703350602e-02   8.6046691746e-01  -3.8735225043e-01  -6.8002654924e-01
  -6.8629325051e-02  -6.8990585254e-02   9.3479765744e-01  -7.0131397851e-01  -5.8144828133e-01
  -6.7929382639e-02  -6.8268064849e-02   9.4802256790e-01  -1.0331995508e+00  -4.6417500181e-01
  -6.7261107084e-02  -6.7590700430e-02   9.0282174591e-01  -1.3656699210e+00  -3.4525745343e-01
  -6.6637323881e-02  -6.6931513738e-02   8.1179777610e-01  -1.6780053587e+00  -2.3872607462e-01
  -6.6113573854e-02  -6.6343134024e-02   7.0225773110e-01  -1.9329299524e+00  -1.5832941152e-01
  -6.5685219377e-02  -6.5884013684e-02   5.9312117895e-01  -2.1295896239e+00  -1.0169067045e-01
  -6.5304941346e-02  -6.5486425071e-02   4.8404067894e-01  -2.2913254983e+00  -5.9300446571e-02
  -6.4952315111e-02  -6.5123457620e-02   3.7489562487e-01  -2.4272328398e+00  -2.7089649559e-02
  -6.4615944792e-02  -6.4781172601e-02   2.6626617796e-01  -2.5410698351e+00  -2.9055114790e-03
  -6.4288175648e-02  -6.4450716983e-02   1.5739192857e-01  -2.6357928056e+00   1.4905036927e-02
  -6.3962987269e-02  -6.4125634314e-02   4.8469269111e-02  -2.7117984780e+00   2.7309156512e-02
  -6.3634795268e-02  -6.3800340225e-02  -6.0614104935e-02  -2.7686474629e+00   3.5117631550e-02
  -6.3297616719e-02  -6.3469250311e-02  -1.6927998120e-01  -2.8045162051e+00   3.9024820485e-02
  -6.2943965350e-02  -6.3125983127e-02  -2.7826239304e-01  -2.8164855450e+00   3.9791340220e-02
  -6.2562897432e-02  -6.2761947573e-02  -3.8729424798e-01  -2.7985409463e+00   3.8298563189e-02
  -6.2135397543e-02  -6.2363847291e-02  -4.9640862084e-01  -2.7393843212e+00   3.5970800868e-02
  -6.1618031956e-02  -6.1906947795e-02  -6.0613624883e-01  -2.6120889295e+00   3.5924705601e-02
  -6.0967190819e-02  -6.1329116117e-02  -7.0478663343e-01  -2.3684960886e+00   4.6671236453e-02
  -6.0311130283e-02  -6.0605265520e-02  -7.5832933626e-01  -2.0394824758e+00   7.5710592489e-02
  -5.9761432761e-02  -6.0016995047e-02  -7.6577171088e-01  -1.7059133678e+00   1.1833255435e-01
  -5.9271573329e-02  -5.9505870475e-02  -7.4510531642e-01  -1.3724218964e+00   1.7137286093e-01
  -5.8814954107e-02  -5.9037276183e-02  -7.0481493869e-01  -1.0399388018e+00   2.3263445283e-01
  -5.8376125629e-02  -5.8592632031e-02  -6.4897273314e-01  -7.0637828858e-01   3.0082934416e-01
  -5.7943856585e-02  -5.8159619227e-02  -5.8038620632e-01  -3.7424614567e-01   3.7381107167e-01
  -5.7507976952e-02  -5.7728093943e-02  -4.9950196924e-01  -4.0402609450e-02   4.5045199181e-01
  -5.7057089368e-02  -5.7287859960e-02  -4.0700888661e-01   2.9220920895e-01   5.2775413743e-01
  -5.6585964664e-02  -5.6826318775e-02  -3.0341239730e-01   6.1860255245e-01   6.0120200053e-01
  -5.6109654754e-02  -5.6345610552e-02  -1.9478733571e-01   9.1641008473e-01   6.6136997398e-01
  -5.5636792177e-02  -5.5873698956e-02  -8.6155297119e-02   1.1703164007e+00   7.0048149607e-01
  -5.5156336330e-02  -5.5399885398e-02   2.2799012701e-02   1.3781948152e+00   7.1302785304e-01
  -5.4656177875e-02  -5.4912787263e-02   1.3139142697e-01   1.5319536423e+00   6.9119314346e-01
  -5.4120826190e-02  -5.4399568487e-02   2.4020421450e-01   1.6203226672e+00   6.2359482103e-01
  -5.3525253783e-02  -5.3842083892e-02   3.4907909381e-01   1.6213031661e+00   4.9197452435e-01
  -5.2896774669e-02  -5.3208423673e-02   4.4750290690e-01   1.5142081757e+00   2.9173439143e-01
  -5.2323282706e-02  -5.2585125664e-02   5.2005819482e-01   1.3272285336e+00   6.1848548055e-02
  -5.1822250924e-02  -5.2061439748e-02   5.6822467549e-01   1.1019353310e+00  -1.6803055634e-01
  -5.1352290371e-02  -5.1583062099e-02   5.9898871741e-01   8.5017093062e-01  -3.9717089339e-01
  -5.0888056630e-02  -5.1121518642e-02   6.1464752115e-01   5.7422490490e-01  -6.2644041198e-01
  -5.0404903051e-02  -5.0654594618e-02   6.1412343572e-01   2.7164616926e-01  -8.5625786313e-01
  -4.9885304719e-02  -5.0155211484e-02   5.9311906410e-01  -5.3645495898e-02  -1.0783221145e+00
  -4.9317679554e-02  -4.9615397953e-02   5.4456741491e-01  -3.8764351902e-01  -1.2733916026e+00
  -4.8699126626e-02  -4.9019961155e-02   4.6014313290e-01  -7.0135190862e-01  -1.4095084488e+00
  -4.8122720026e-02  -4.8378292098e-02   3.5248674650e-01  -9.2788656189e-01  -1.4515115578e+00
  -4.7650283427e-02  -4.7867147954e-02   2.4319262607e-01  -1.0545148799e+00  -1.4160558308e+00
  -4.7239711133e-02  -4.7433418899e-02   1.3443019413e-01  -1.1168917334e+00  -1.3328663593e+00
  -4.6867526517e-02  -4.7046003366e-02   2.5321830542e-02  -1.1344643050e+00  -1.2156570510e+00
  -4.6520867934e-02  -4.6689049667e-02  -8.3308204067e-02  -1.1177486483e+00  -1.0734017007e+00
  -4.6191478127e-02  -4.6352686201e-02  -1.9235644666e-01  -1.0733375092e+00  -9.1005179087e-01
  -4.5873456724e-02  -4.6030270052e-02  -3.0102382277e-01  -1.0059693754e+00  -7.3018861257e-01
  -4.5562081133e-02  -4.5716643397e-02  -4.1021133858e-01  -9.1808094910e-01  -5.3465378520e-01
  -4.5253179260e-02  -4.5407518870e-02  -5.1893677982e-01  -8.1246327983e-01  -3.2681525265e-01
  -4.4942833444e-02  -4.5098839650e-02  -6.2761627979e-01  -6.9007252849e-01  -1.0703903538e-01
  -4.4631839796e-02  -4.4786827237e-02  -7.3444268888e-01  -5.5381149820e-01   1.2018874288e-01
  -4.4322347053e-02  -4.4476852354e-02  -8.3728719064e-01  -4.0721041447e-01   3.4951978398e-01
  -4.4010920898e-02  -4.4167841753e-02  -9.3555458590e-01  -2.5158767027e-01   5.7901935533e-01
  -4.3691373325e-02  -4.3854000043e-02  -1.0289023163e+00  -8.7087386263e-02   8.0783307446e-01
  -4.3355929624e-02  -4.3528746607e-02  -1.1175933358e+00   8.8934822963e-02   1.0376555366e+00
  -4.2993069623e-02  -4.3183112641e-02  -1.1998711001e+00   2.7803145269e-01   1.2666993662e+00
  -4.2581705235e-02  -4.2803026605e-02  -1.2740001286e+00   4.8812845876e-01   1.4969807673e+00
  -4.2067817013e-02  -4.2360383866e-02  -1.3331692946e+00   7.3662341890e-01   1.7289167765e+00
  -4.1369686218e-02  -4.1775250160e-02  -1.3478167307e+00   1.0408924559e+00   1.9308099415e+00
  -4.0620566117e-02  -4.0964122277e-02  -1.2785953945e+00   1.3203830533e+00   2.0005759318e+00
  -4.0055878445e-02  -4.0277009958e-02  -1.1668288429e+00   1.4974022704e+00   1.9524593590e+00
  -3.9656187415e-02  -3.9834746932e-02  -1.0571769303e+00   1.6056224857e+00   1.8690782253e+00
  -3.9321956650e-02  -3.9477627898e-02  -9.4806195858e-01   1.6863566569e+00   1.7727198329e+00
  -3.9025110685e-02  -3.9166285402e-02  -8.3906127477e-01   1.7513228165e+00   1.6698073133e+00
  -3.8752720443e-02  -3.8883935969e-02  -7.3012473628e-01   1.8057617605e+00   1.5634697750e+00
  -3.8497442934e-02  -3.8621504918e-02  -6.2130793598e-01   1.8525544564e+00   1.4555935749e+00
  -3.8254573962e-02  -3.8373380951e-02  -5.1262432180e-01   1.8934770086e+00   1.3473790587e+00
  -3.8020857467e-02  -3.8135766974e-02  -4.0342033146e-01   1.9298922546e+00   1.2390223923e+00
  -3.7793862657e-02  -3.7905947959e-02  -2.9445845719e-01   1.9622960868e+00   1.1319344576e+00
  -3.7571655488e-02  -3.7681777355e-02  -1.8542322617e-01   1.9913186119e+00   1.0263356602e+00
  -3.7352638168e-02  -3.7461533621e-02  -7.6697755376e-02   2.0172158698e+00   9.2304672348e-01
  -3.7135421683e-02  -3.7243742715e-02   3.1873139696e-02   2.0402581549e+00   8.2231363557e-01
  -3.6918745329e-02  -3.7027100651e-02   1.4041290892e-01   2.0605787672e+00   7.2440313486e-01
  -3.6701388829e-02  -3.6810390006e-02   2.5010799910e-01   2.0783421184e+00   6.2870643325e-01
  -3.6482123295e-02  -3.6592387652e-02   3.5872581269e-01   2.0930880988e+00   5.3759028970e-01
  -3.6259663394e-02  -3.6371858938e-02   4.6744946456e-01   2.1048359184e+00   4.5043795337e-01
  -3.6032586223e-02  -3.6147467850e-02   5.7627432510e-01   2.1132676408e+00   3.6776041419e-01
  -3.5799253623e-02  -3.5917704596e-02   6.8502667430e-01   2.1179247045e+00   2.9025823708e-01
  -3.5557692507e-02  -3.5680802649e-02   7.9385475439e-01   2.1181881769e+00   2.1850146428e-01
  -3.5305398542e-02  -3.5434582365e-02   9.0296172254e-01   2.1131552503e+00   1.5322178816e-01
  -3.5039087841e-02  -3.5176214719e-02   1.0117520649e+00   2.1016056559e+00   9.5839419996e-02
  -3.4754182073e-02  -3.4901960964e-02   1.1207033119e+00   2.0816851343e+00   4.7494289737e-02
  -3.4443821099e-02  -3.4606403182e-02   1.2296579090e+00   2.0505908739e+00   1.0285514736e-02
  -3.4096778327e-02  -3.4281239015e-02   1.3386596928e+00   2.0036174898e+00  -1.2712094865e-02
  -3.3691830164e-02  -3.3912317639e-02   1.4478198409e+00   1.9318181580e+00  -1.6126128492e-02
  -3.3175901442e-02  -3.3471342688e-02   1.5579308936e+00   1.8125943333e+00   1.2300137740e-02
  -3.2437759895e-02  -3.2880460197e-02   1.6583217869e+00   1.5878507045e+00   1.0309419131e-01
  -3.1610069315e-02  -3.1995059593e-02   1.6991817045e+00   1.2684440847e+00   2.4510021287e-01
  -3.0889421012e-02  -3.1225079037e-02   1.6757600515e+00   9.3604367246e-01   3.7916239801e-01
  -3.0246682099e-02  -3.0553762988e-02   1.6135080064e+00   6.0337120561e-01   4.8805919863e-01
  -2.9650138392e-02  -2.9939601210e-02   1.5251140344e+00   2.7154448217e-01   5.6793564017e-01
  -2.9102460886e-02  -2.9360675573e-02   1.4205753898e+00  -4.8669732888e-02   6.1699168180e-01
  -2.8619087568e-02  -2.8844246199e-02   1.3116776580e+00  -3.3880990447e-01   6.3746808595e-01
  -2.8190104330e-02  -2.8393928937e-02   1.2028270056e+00  -5.9980605588e-01   6.3639160887e-01
  -2.7797537643e-02  -2.7986279723e-02   1.0939287217e+00  -8.3911213772e-01   6.1916876817e-01
  -2.7431234174e-02  -2.7608795563e-02   9.8524842734e-01  -1.0600768944e+00   5.8928607141e-01
  -2.7084645454e-02  -2.7253672786e-02   8.7637531411e-01  -1.2658108837e+00   5.4897070977e-01
  -2.6753127253e-02  -2.6915618121e-02   7.6767120650e-01  -1.4569592734e+00   5.0000472898e-01
  -2.6433109871e-02  -2.6590636386e-02   6.5877170761e-01  -1.6349050048e+00   4.4341493018e-01
  -2.6121674807e-02  -2.6275583357e-02   5.5000033193e-01  -1.7994024182e+00   3.8019680494e-01
  -2.5816270687e-02  -2.5967766257e-02   4.4147132518e-01  -1.9503006262e+00   3.1100916873e-01
  -2.5514556580e-02  -2.5664775118e-02   3.3219051997e-01  -2.0884272025e+00   2.3545975162e-01
  -2.5214230680e-02  -2.5364338043e-02   2.2370825816e-01  -2.2110279073e+00   1.5468275003e-01
  -2.4912884324e-02  -2.5064123318e-02   1.1482089461e-01  -2.3183283848e+00   6.7638038628e-02
  -2.4607840585e-02  -2.4761645330e-02   5.8566272924e-03  -2.4080253743e+00  -2.5945501843e-02
  -2.4295922833e-02  -2.4454035840e-02  -1.0285921167e-01  -2.4772986771e+00  -1.2660192357e-01
  -2.3973088203e-02  -2.4137809827e-02  -2.1166671847e-01  -2.5226337585e+00  -2.3596839050e-01
  -2.3633753267e-02  -2.3808366580e-02  -3.2060047756e-01  -2.5382528877e+00  -3.5625093170e-01
  -2.3269510400e-02  -2.3459139953e-02  -4.2952617326e-01  -2.5150559647e+00  -4.9082077154e-01
  -2.2866122628e-02  -2.3079880847e-02  -5.3844410743e-01  -2.4373930759e+00  -6.4586815821e-01
  -2.2396359397e-02  -2.2652364409e-02  -6.4761266012e-01  -2.2728790129e+00  -8.3465075821e-01
  -2.1882048758e-02  -2.2140354386e-02  -7.4229815097e-01  -2.0009527016e+00  -1.0492734830e+00
  -2.1414396365e-02  -2.1623743130e-02  -8.0458037615e-01  -1.6706840142e+00  -1.2510563513e+00
  -2.1025571507e-02  -2.1205049600e-02  -8.3827449849e-01  -1.3363988803e+00  -1.4231415573e+00
  -2.0684950173e-02  -2.0846093414e-02  -8.5451011416e-01  -1.0029418122e+00  -1.5760910226e+00
  -2.0374889950e-02  -2.0523806933e-02  -8.5907700446e-01  -6.7000658190e-01  -1.7164117366e+00
  -2.0085551354e-02  -2.0225972967e-02  -8.5517330130e-01  -3.3590373011e-01  -1.8482380297e+00
  -1.9810583167e-02  -1.9945129741e-02  -8.4488542170e-01  -3.3629205965e-03  -1.9726371728e+00
  -1.9545436528e-02  -1.9676036592e-02  -8.2959091100e-01   3.2981074048e-01  -2.0918721691e+00
  -1.9286592629e-02  -1.9414836465e-02  -8.1026041004e-01   6.6407326207e-01  -2.2070168348e+00
  -1.9031027367e-02  -1.9158348793e-02  -7.8796508808e-01   9.9549017819e-01  -2.3174269204e+00
  -1.8775913899e-02  -1.8903705941e-02  -7.6294004078e-01   1.3302868442e+00  -2.4256179288e+00
  -1.8518352561e-02  -1.8648121856e-02  -7.3616035737e-01   1.6628454981e+00  -2.5300235694e+00
  -1.8255045758e-02  -1.8388583266e-02  -7.0797795188e-01   1.9956946592e+00  -2.6315802153e+00
  -1.7981811915e-02  -1.8121508250e-02  -6.7886026046e-01   2.3295727406e+00  -2.7303963549e+00
  -1.7692781286e-02  -1.7842115580e-02  -6.4960366173e-01   2.6624002423e+00  -2.8254873678e+00
  -1.7378489164e-02  -1.7543446993e-02  -6.2081553743e-01   2.9965899105e+00  -2.9166655485e+00
  -1.7020542608e-02  -1.7213531336e-02  -5.9388926964e-01   3.3317979181e+00  -3.0017663315e+00
  -1.6568138189e-02  -1.6827553880e-02  -5.7194591775e-01   3.6697550029e+00  -3.0752007994e+00
  -1.5722531776e-02  -1.6308722498e-02  -5.7923313923e-01   3.9772475013e+00  -3.0827342949e+00
  -1.4804472992e-02  -1.5136341053e-02  -6.5345483253e-01   3.8548767881e+00  -2.9037863454e+00
  -1.4269090739e-02  -1.4472604932e-02  -7.3238269527e-01   3.5185236796e+00  -2.6854821421e+00
  -1.3905827838e-02  -1.4065576546e-02  -7.9860325600e-01   3.1821099374e+00  -2.4880946731e+00
  -1.3608763757e-02  -1.3746079131e-02  -8.5868323713e-01   2.8476799988e+00  -2.2983910067e+00
  -1.3348123634e-02  -1.3471448382e-02  -9.1493985802e-01   2.5127581837e+00  -2.1112489074e+00
  -1.3110974859e-02  -1.3224798885e-02  -9.6769099128e-01   2.1805105654e+00  -1.9267982811e+00
  -1.2890195427e-02  -1.2997150832e-02  -1.0178315985e+00   1.8482984025e+00  -1.7426690092e+00
  -1.2681442728e-02  -1.2783240022e-02  -1.0660987875e+00   1.5125582951e+00  -1.5563090086e+00
  -1.2481679220e-02  -1.2579645435e-02  -1.1114469507e+00   1.1817049720e+00  -1.3719794507e+00
  -1.2288657008e-02  -1.2383713005e-02  -1.1549775775e+00   8.4855553366e-01  -1.1853667042e+00
  -1.2100704006e-02  -1.2193601011e-02  -1.1966071056e+00   5.1362735208e-01  -9.9645798178e-01
  -1.1916418827e-02  -1.2007807002e-02  -1.2358236763e+00   1.8106565761e-01  -8.0734094389e-01
  -1.1734599902e-02  -1.1825030653e-02  -1.2729227551e+00  -1.5170520004e-01  -6.1632531803e-01
  -1.1554189059e-02  -1.1644169152e-02  -1.3078623952e+00  -4.8499310836e-01  -4.2297454270e-01
  -1.1374189226e-02  -1.1464208966e-02  -1.3405418680e+00  -8.1895228800e-01  -2.2691029723e-01
  -1.1193617217e-02  -1.1284169486e-02  -1.3706594659e+00  -1.1518462562e+00  -2.8852217297e-02
  -1.1011461020e-02  -1.1103064949e-02  -1.3981379541e+00  -1.4846182298e+00   1.7209312943e-01
  -1.0826627372e-02  -1.0919857091e-02  -1.4227399694e+00  -1.8171544996e+00   3.7626702457e-01
  -1.0637851352e-02  -1.0733397653e-02  -1.4443217802e+00  -2.1522538222e+00   5.8595649530e-01
  -1.0443633222e-02  -1.0542305051e-02  -1.4621691544e+00  -2.4852788383e+00   7.9892580460e-01
  -1.0242155924e-02  -1.0344961393e-02  -1.4758125483e+00  -2.8155653713e+00   1.0154582666e+00
  -1.0031297974e-02  -1.0139350455e-02  -1.4847656249e+00  -3.1516627081e+00   1.2424293767e+00
  -9.8115730039e-03  -9.9232454926e-03  -1.4876432989e+00  -3.4770701921e+00   1.4701456463e+00
  -9.5841509813e-03  -9.6999005153e-03  -1.4836053545e+00  -3.7904551433e+00   1.6989966390e+00
  -9.3472849834e-03  -9.4684014473e-03  -1.4715820279e+00  -4.0872302056e+00   1.9273998151e+00
  -9.0978237164e-03  -9.2261685194e-03  -1.4497848690e+00  -4.3675702392e+00   2.1582214872e+00
  -8.8313831515e-03  -8.9694789133e-03  -1.4165373903e+00  -4.6209758255e+00   2.3866093337e+00
  -8.5412916615e-03  -8.6932873898e-03  -1.3682152414e+00  -4.8445437626e+00   2.6159773038e+00
  -8.2160772687e-03  -8.3892959333e-03  -1.2993827627e+00  -5.0254701381e+00   2.8454006934e+00
  -7.8550358217e-03  -8.0428586040e-03  -1.2052201524e+00  -5.1383316172e+00   3.0640729548e+00
  -7.5029320771e-03  -7.6672130393e-03  -1.0967474672e+00  -5.1590597563e+00   3.2386046901e+00
  -7.1908446820e-03  -7.3386511149e-03  -9.8790364355e-01  -5.1032366407e+00   3.3591854679e+00
  -6.9064755739e-03  -7.0430382491e-03  -8.7887558445e-01  -4.9933047930e+00   3.4411064938e+00
  -6.6413872278e-03  -6.7699128986e-03  -7.6987696474e-01  -4.8424001881e+00   3.4930312434e+00
  -6.3902127089e-03  -6.5128615570e-03  -6.6120708867e-01  -4.6594340025e+00   3.5205106440e+00
  -6.1492530878e-03  -6.2675638609e-03  -5.5247728677e-01  -4.4494609401e+00   3.5273429066e+00
  -5.9157897032e-03  -6.0309423147e-03  -4.4343032800e-01  -4.2158365524e+00   3.5158815281e+00
  -5.6876688953e-03  -5.8006370917e-03  -3.3436901390e-01  -3.9620645117e+00   3.4877417275e+00
  -5.4630773068e-03  -5.5747006990e-03  -2.2541946539e-01  -3.6907486831e+00   3.4441128160e+00
  -5.2404134372e-03  -5.3514539147e-03  -1.1658756868e-01  -3.4037251291e+00   3.3857437277e+00
  -5.0181831525e-03  -5.1293729597e-03  -7.8118518097e-03  -3.1022276287e+00   3.3129508171e+00
  -4.7949061822e-03  -4.9069933452e-03   1.0098568017e-01  -2.7870744773e+00   3.2256379391e+00
  -4.5697957756e-03  -4.6828190191e-03   2.0946951978e-01  -2.4600444436e+00   3.1237169620e+00
  -4.3448472000e-03  -4.4567725321e-03   3.1584830203e-01  -2.1274621203e+00   3.0085849466e+00
  -4.1213034925e-03  -4.2329218679e-03   4.1884023111e-01  -1.7944520723e+00   2.8815671284e+00
  -3.8972924434e-03  -4.0096851171e-03   5.1868983739e-01  -1.4612386740e+00   2.7421676338e+00
  -3.6705965442e-03  -3.7848997696e-03   6.1564791998e-01  -1.1276441501e+00   2.5892675390e+00
  -3.4387824041e-03  -3.5562933188e-03   7.0974429464e-01  -7.9389903403e-01   2.4213709025e+00
  -3.1989633122e-03  -3.3212714893e-03   8.0071631183e-01  -4.6098499069e-01   2.2367342848e+00
  -2.9474640313e-03  -3.0766551351e-03   8.8869082898e-01  -1.2803899823e-01   2.0315394040e+00
  -2.6883757959e-03  -2.8182729275e-03   9.7053909588e-01   1.9345781300e-01   1.8092346991e+00
  -2.4339126849e-03  -2.5584786642e-03   1.0422997763e+00   4.8753799868e-01   1.5786340136e+00
  -2.1889478526e-03  -2.3093467056e-03   1.1013860936e+00   7.4179206720e-01   1.3506144869e+00
  -1.9514700365e-03  -2.0685489995e-03   1.1498893340e+00   9.6300962697e-01   1.1217096578e+00
  -1.7199272828e-03  -1.8343910734e-03   1.1883912202e+00   1.1522703432e+00   8.9240879664e-01
  -1.4930097960e-03  -1.6054634921e-03   1.2174346023e+00   1.3107015148e+00   6.6311184695e-01
  -1.2695768138e-03  -1.3805560999e-03   1.2375322729e+00   1.4395037243e+00   4.3402168542e-01
  -1.0486019437e-03  -1.1585975277e-03   1.2491386251e+00   1.5398180746e+00   2.0518587671e-01
  -8.2912765703e-04  -9.3860635969e-04   1.2526299577e+00   1.6126253676e+00  -2.3463611260e-02
  -6.1022443678e-04  -7.1964895438e-04   1.2482922778e+00   1.6586736590e+00  -2.5207100092e-01
  -3.9094439650e-04  -5.0079991919e-04   1.2361832291e+00   1.6783818982e+00  -4.8234823966e-01
  -1.7028412625e-04  -2.8108887381e-04   1.2165727536e+00   1.6716718270e+00  -7.1130576104e-01
   5.2852946611e-05  -5.9479378696e-05   1.1895289670e+00   1.6388960016e+00  -9.4009179033e-01
   2.7972157920e-04   1.6518527192e-04   1.1550002306e+00   1.5797795167e+00  -1.1690190285e+00
   5.1181743579e-04   3.9425788648e-04   1.1129055236e+00   1.4938023695e+00  -1.3978507630e+00
   7.5100476691e-04   6.2937698511e-04   1.0629361342e+00   1.3797942813e+00  -1.6269054987e+00
   9.9974096297e-04   8.7263254870e-04   1.0044708775e+00   1.2355540586e+00  -1.8568028066e+00
   1.2613708149e-03   1.1268493772e-03   9.3733262992e-01   1.0597445807e+00  -2.0856025996e+00
   1.5407674530e-03   1.3958922526e-03   8.6022287278e-01   8.4784851691e-01  -2.3143180886e+00
   1.8458608628e-03   1.6856426533e-03   7.7074257309e-01   5.9145976322e-01  -2.5441860434e+00
   2.1815183262e-03   2.0060790723e-03   6.6851441588e-01   2.8724888519e-01  -2.7685316889e+00
   2.5290711408e-03   2.3569575802e-03   5.6142352488e-01  -4.2446371971e-02  -2.9655303160e+00
   2.8716620771e-03   2.7011847015e-03   4.5619496530e-01  -3.7646851759e-01  -3.1227336100e+00
   3.2153335905e-03   3.0421394526e-03   3.5421629361e-01  -7.0922269744e-01  -3.2395021986e+00
   3.5693438262e-03   3.3885277283e-03   2.5458948882e-01  -1.0427233512e+00  -3.3157003846e+00
   3.9456207438e-03   3.7501599241e-03   1.5718247617e-01  -1.3768040735e+00  -3.3457510378e+00
   4.3639974800e-03   4.1410815634e-03   6.1934585803e-02  -1.7108777853e+00  -3.3168847229e+00
   4.8628161468e-03   4.5869133967e-03  -3.1147308764e-02  -2.0428113357e+00  -3.1982430943e+00
   5.3711913487e-03   5.1387188968e-03  -1.0205099580e-01  -2.2943553839e+00  -2.9917578045e+00
   5.7897034257e-03   5.6036638007e-03  -1.4120238552e-01  -2.4243350294e+00  -2.7608293315e+00
   6.1382069625e-03   5.9757430507e-03  -1.6067408602e-01  -2.4744832434e+00  -2.5310886039e+00
   6.4487487152e-03   6.3006708742e-03  -1.6848219919e-01  -2.4729221665e+00  -2.3008869579e+00
   6.7354603636e-03   6.5968265562e-03  -1.6818655222e-01  -2.4323415038e+00  -2.0721779358e+00
   7.0062474953e-03   6.8740941711e-03  -1.6183740862e-01  -2.3594452383e+00  -1.8431410416e+00
   7.2661136523e-03   7.1384008195e-03  -1.5067755054e-01  -2.2582997108e+00  -1.6142975312e+00
   7.5185999771e-03   7.3938264852e-03  -1.3543595332e-01  -2.1304517568e+00  -1.3842519629e+00
   7.7664328435e-03   7.6433734690e-03  -1.1690763822e-01  -1.9790387974e+00  -1.1558450598e+00
   8.0118600535e-03   7.8894922181e-03  -9.5378375689e-02  -1.8036452643e+00  -9.2699017474e-01
   8.2568455744e-03   8.1342278890e-03  -7.1051227899e-02  -1.6035887762e+00  -6.9692990011e-01
   8.5032328037e-03   8.3794632598e-03  -4.4534687695e-02  -1.3817995490e+00  -4.6909302018e-01
   8.7528777586e-03   8.6270023476e-03  -1.5448452239e-02  -1.1330875130e+00  -2.3887482011e-01
   9.0077278681e-03   8.8787531696e-03   1.5503438690e-02  -8.6154691012e-01  -1.1053912744e-02
   9.2699817559e-03   9.1367025667e-03   4.8876535626e-02  -5.6034292263e-01   2.1883289980e-01
   9.5375095297e-03   9.4032609452e-03   8.3677524793e-02  -2.3659047723e-01   4.4412266214e-01
   9.8010929276e-03   9.6717581143e-03   1.1839557066e-01   9.6422512752e-02   6.5626849859e-01
   1.0056321796e-02   9.9304277408e-03   1.5196636289e-01   4.2811928051e-01   8.5067915833e-01
   1.0305910803e-02   1.0182215852e-02   1.8494510680e-01   7.6334518627e-01   1.0321650258e+00
   1.0552224847e-02   1.0429605754e-02   2.1672660245e-01   1.0952072930e+00   1.1986535172e+00
   1.0797412202e-02   1.0674843939e-02   2.4779416955e-01   1.4279239355e+00   1.3537446608e+00
   1.1043549458e-02   1.0919980466e-02   2.7829454173e-01   1.7625421613e+00   1.4987917570e+00
   1.1292805839e-02   1.1167118451e-02   3.0777913788e-01   2.0934851702e+00   1.6323156571e+00
   1.1547676767e-02   1.1418493227e-02   3.3702172594e-01   2.4289837240e+00   1.7582781346e+00
   1.1811207948e-02   1.1676860308e-02   3.6536865367e-01   2.7612570713e+00   1.8742306620e+00
   1.2087404119e-02   1.1945555589e-02   3.9316345694e-01   3.0941126712e+00   1.9820700806e+00
   1.2382164686e-02   1.2229252648e-02   4.2041796874e-01   3.4281064931e+00   2.0821872087e+00
   1.2704997101e-02   1.2535076724e-02   4.4685600136e-01   3.7610918053e+00   2.1740835896e+00
   1.3074209004e-02   1.2874917479e-02   4.7245837742e-01   4.0964410001e+00   2.2585200691e+00
   1.3537741618e-02   1.3273500529e-02   4.9626917220e-01   4.4336056421e+00   2.3344587989e+00
   1.4162817909e-02   1.3801982707e-02   5.1180160535e-01   4.7256401077e+00   2.3903508299e+00
   1.4884488313e-02   1.4523653111e-02   5.0329559178e-01   4.8177057189e+00   2.3987050404e+00
   1.5615404926e-02   1.5245323514e-02   4.6152883555e-01   4.6291941852e+00   2.3528893955e+00
   1.6211671671e-02   1.5985486337e-02   4.0243298100e-01   4.2822363181e+00   2.2810427906e+00
   1.6620830265e-02   1.6437857004e-02   3.4819489808e-01   3.9467317048e+00   2.2140139003e+00
   1.6964247245e-02   1.6803803526e-02   2.9481971245e-01   3.6126901320e+00   2.1473650639e+00
   1.7271243549e-02   1.7124690965e-02   2.4151430906e-01   3.2782334130e+00   2.0798654968e+00
   1.7555179871e-02   1.7417796133e-02   1.8848839965e-01   2.9456427809e+00   2.0114648442e+00
   1.7823670082e-02   1.7692563609e-02   1.3541281173e-01   2.6130266603e+00   1.9414004293e+00
   1.8081600505e-02   1.7954776555e-02   8.2052364687e-02   2.2786867418e+00   1.8689588625e+00
   1.8332517324e-02   1.8208424455e-02   2.9132094653e-02   1.9466729510e+00   1.7947032734e+00
   1.8579204679e-02   1.8456610193e-02  -2.4008779129e-02   1.6121113660e+00   1.7172139851e+00
   1.8824005359e-02   1.8701799165e-02  -7.6346115155e-02   1.2805001334e+00   1.6374200748e+00
   1.9069076442e-02   1.8946211554e-02  -1.2853168820e-01   9.4647463644e-01   1.5536450916e+00
   1.9316540144e-02   1.9191941330e-02  -1.7979470933e-01   6.1333857229e-01   1.4662311948e+00
   1.9568651881e-02   1.9441138957e-02  -2.2989272293e-01   2.8059625503e-01   1.3745202577e+00
   1.9827980325e-02   1.9696164804e-02  -2.7842690459e-01  -5.1879444116e-02   1.2778169543e+00
   2.0097711603e-02   1.9959795846e-02  -3.2508144300e-01  -3.8601504606e-01   1.1746175395e+00
   2.0382055112e-02   2.0235627359e-02  -3.6873428068e-01  -7.1982369813e-01   1.0642690549e+00
   2.0686919673e-02   2.0528482866e-02  -4.0807387221e-01  -1.0524160225e+00   9.4539609315e-01
   2.1021545212e-02   2.0845356480e-02  -4.4138770679e-01  -1.3856463228e+00   8.1469618215e-01
   2.1402463183e-02   2.1197733943e-02  -4.6516218593e-01  -1.7199866149e+00   6.6721406161e-01
   2.1866191433e-02   2.1607192423e-02  -4.7165175374e-01  -2.0557755648e+00   4.9271851192e-01
   2.2459769260e-02   2.2125190444e-02  -4.4236012794e-01  -2.3666146230e+00   2.8281223188e-01
   2.3125692494e-02   2.2794348077e-02  -3.6117148640e-01  -2.5630925322e+00   7.0341147499e-02
   2.3709357714e-02   2.3457036910e-02  -2.5220704895e-01  -2.6106201418e+00  -9.1142048174e-02
   2.4179579025e-02   2.3961678517e-02  -1.4285767279e-01  -2.5713417863e+00  -2.0254130810e-01
   2.4599167775e-02   2.4397479533e-02  -3.3816051374e-02  -2.4867817013e+00  -2.8786128324e-01
   2.4996141059e-02   2.4800856018e-02   7.5435790431e-02  -2.3707280533e+00  -3.5710521750e-01
   2.5387862497e-02   2.5191426100e-02   1.8420800806e-01  -2.2295064643e+00  -4.1497353047e-01
   2.5790108972e-02   2.5584298893e-02   2.9333096643e-01  -2.0628409833e+00  -4.6528131041e-01
   2.6223990990e-02   2.5995919050e-02   4.0256191930e-01  -1.8667665494e+00  -5.1067483907e-01
   2.6733703609e-02   2.6452062930e-02   5.1255495526e-01  -1.6249937551e+00  -5.5500001033e-01
   2.7368250163e-02   2.7015344289e-02   6.1067898651e-01  -1.3234599050e+00  -6.0125405716e-01
   2.8107589031e-02   2.7721156038e-02   6.5809933973e-01  -9.9081686648e-01  -6.4910116810e-01
   2.8899292890e-02   2.8494022024e-02   6.1815766870e-01  -6.7701126052e-01  -6.9763223562e-01
   2.9566853668e-02   2.9304563756e-02   5.1402957861e-01  -4.5382778118e-01  -7.3639062943e-01
   3.0033989597e-02   2.9829143579e-02   4.0397064985e-01  -3.2337753397e-01  -7.6044145474e-01
   3.0417056004e-02   3.0238835616e-02   2.9469939521e-01  -2.3237998320e-01  -7.7663286270e-01
   3.0758486877e-02   3.0595276393e-02   1.8567541222e-01  -1.6323002672e-01  -7.8720946947e-01
   3.1075983937e-02   3.0921697362e-02   7.6558217911e-02  -1.0878183849e-01  -7.9286415797e-01
   3.1379561358e-02   3.1230270512e-02  -3.2340414483e-02  -6.5630314439e-02  -7.9371277143e-01
   3.1676094555e-02   3.1528852203e-02  -1.4106655515e-01  -3.1696761139e-02  -7.8962196294e-01
   3.1971134717e-02   3.1823336907e-02  -2.5010182797e-01  -5.7658224570e-03  -7.8014218141e-01
   3.2269974898e-02   3.2118932527e-02  -3.5885223413e-01   1.2499802996e-02  -7.6464639028e-01
   3.2578590168e-02   3.2421017269e-02  -4.6798397731e-01   2.3118439946e-02  -7.4196687282e-01
   3.2904889209e-02   3.2736163067e-02  -5.7687491057e-01   2.5282598681e-02  -7.1055948244e-01
   3.3261384661e-02   3.3073615352e-02  -6.8610202654e-01   1.7194797690e-02  -6.6742372193e-01
   3.3672850935e-02   3.3449153970e-02  -7.9546070173e-01  -5.3723645699e-03  -6.0697792880e-01
   3.4217216306e-02   3.3896547900e-02  -9.0685126260e-01  -5.6430698307e-02  -5.1145580249e-01
   3.5073286520e-02   3.4537884711e-02  -9.9044168955e-01  -1.8041951003e-01  -3.3934687915e-01
   3.6036334212e-02   3.5608688330e-02  -9.5243053878e-01  -3.6467038016e-01  -1.4654090537e-01
   3.6711617663e-02   3.6463980094e-02  -8.4050053308e-01  -5.1018987880e-01  -3.5375904547e-02
   3.7155980795e-02   3.6959255232e-02  -7.3069339725e-01  -6.0625846077e-01   1.6145867077e-02
   3.7524249868e-02   3.7352706357e-02  -6.2131313949e-01  -6.8241245041e-01   4.2295588932e-02
   3.7852355639e-02   3.7695793379e-02  -5.1247546174e-01  -7.4506677265e-01   5.1216110293e-02
   3.8155777899e-02   3.8008917899e-02  -4.0341645672e-01  -7.9731645677e-01   4.6557474108e-02
   3.8443103048e-02   3.8302637900e-02  -2.9467659072e-01  -8.4014953747e-01   3.0251993839e-02
   3.8719910451e-02   3.8583568197e-02  -1.8566413647e-01  -8.7437562842e-01   3.3481611633e-03
   3.8990238403e-02   3.8856252706e-02  -7.6729749643e-02  -9.0000093069e-01  -3.3431955856e-02
   3.9257343587e-02   3.9124224099e-02   3.2078350137e-02  -9.1688226477e-01  -7.9660032957e-02
   3.9524096937e-02   3.9390463076e-02   1.4085913787e-01  -9.2461719503e-01  -1.3520233938e-01
   3.9793290462e-02   3.9657730799e-02   2.4972594154e-01  -9.2246231932e-01  -2.0017642410e-01
   4.0067921031e-02   3.9928850126e-02   3.5868202058e-01  -9.0927584171e-01  -2.7486618894e-01
   4.0351507615e-02   4.0206991936e-02   4.6749167169e-01  -8.8349360640e-01  -3.5958770873e-01
   4.0648599077e-02   4.0496023294e-02   5.7644733807e-01  -8.4268425005e-01  -4.5538401616e-01
   4.0965678113e-02   4.0801174860e-02   6.8538306266e-01  -7.8328588034e-01  -5.6343837018e-01
   4.1313109375e-02   4.1130181366e-02   7.9441449812e-01  -6.9927941286e-01  -6.8608838146e-01
   4.1710369053e-02   4.1496037384e-02   9.0356081714e-01  -5.7952254541e-01  -8.2750348278e-01
   4.2207414322e-02   4.1924700723e-02   1.0139395851e+00  -3.9488895899e-01  -9.9943768273e-01
   4.2833331328e-02   4.2490127921e-02   1.1068646795e+00  -1.1604925231e-01  -1.1928105524e+00
   4.3485744876e-02   4.3176534736e-02   1.1475104241e+00   2.1676961087e-01  -1.3516794271e+00
   4.4092181370e-02   4.3794955017e-02   1.1317329396e+00   5.5004070689e-01  -1.4454793867e+00
   4.4692115723e-02   4.4389407724e-02   1.0679000771e+00   8.8321204959e-01  -1.4782684029e+00
   4.5258725344e-02   4.4994823723e-02   9.6893883695e-01   1.1831590466e+00  -1.4521945482e+00
   4.5741025689e-02   4.5522626966e-02   8.5935472646e-01   1.4142347315e+00  -1.3864039342e+00
   4.6155414563e-02   4.5959424412e-02   7.5035369871e-01   1.5860264916e+00  -1.2996685029e+00
   4.6535031435e-02   4.6351404713e-02   6.4131907828e-01   1.7165903257e+00  -1.1980130219e+00
   4.6895795454e-02   4.6718658157e-02   5.3223886875e-01   1.8128596473e+00  -1.0842769536e+00
   4.7247795483e-02   4.7072932751e-02   4.2347758756e-01   1.8776272631e+00  -9.6031840144e-01
   4.7598862728e-02   4.7422658214e-02   3.1476590831e-01   1.9118930063e+00  -8.2650975668e-01
   4.7956385073e-02   4.7775067242e-02   2.0577989236e-01   1.9144040572e+00  -6.8241641279e-01
   4.8328817011e-02   4.8137702905e-02   9.6648734992e-02   1.8816615578e+00  -5.2753914424e-01
   4.8727612018e-02   4.8519931116e-02  -1.2154171268e-02   1.8078352720e+00  -3.6120699283e-01
   4.9171504204e-02   4.8935292919e-02  -1.2119878860e-01   1.6813356403e+00  -1.7983072566e-01
   4.9699373791e-02   4.9407715489e-02  -2.3073962036e-01   1.4775261052e+00   2.3084199224e-02
   5.0315900991e-02   4.9991032094e-02  -3.2770186019e-01   1.1853736503e+00   2.3178689992e-01
   5.0948831005e-02   5.0640769887e-02  -3.9184838793e-01   8.5133584091e-01   4.0503779737e-01
   5.1580592427e-02   5.1256892122e-02  -4.2145783004e-01   5.1694205428e-01   5.2789995241e-01
   5.2301172561e-02   5.1904292733e-02  -4.2079872984e-01   1.8005312300e-01   6.0286952011e-01
   5.3483830425e-02   5.2698052389e-02  -3.7556830435e-01  -1.4411530909e-01   5.8240065383e-01
   5.4917403843e-02   5.4269608460e-02  -3.3174273336e-01  -9.4282956453e-02   4.1539868321e-01
   5.5968982173e-02   5.5565199226e-02  -3.5532129394e-01   2.3919008624e-01   2.6798184976e-01
   5.6735789108e-02   5.6372765120e-02  -4.1602832579e-01   5.7565511327e-01   1.9699605278e-01
   5.7479182912e-02   5.7098813096e-02  -5.0487710781e-01   9.0552535906e-01   1.8614990998e-01
   5.8225644806e-02   5.7859552729e-02  -6.1155764594e-01   1.1823251661e+00   2.4815210575e-01
   5.8983680110e-02   5.8591736883e-02  -7.2031044562e-01   1.3578742168e+00   3.9384025487e-01
   5.9715279459e-02   5.9375623336e-02  -8.0675514646e-01   1.4016648075e+00   6.0664023786e-01
   6.0347365491e-02   6.0054935581e-02  -8.5231370958e-01   1.3326684829e+00   8.3686473373e-01
   6.0915751454e-02   6.0639795401e-02  -8.6093137150e-01   1.1923086747e+00   1.0662467619e+00
   6.1470942079e-02   6.1191707507e-02  -8.3449601343e-01   9.9653770421e-01   1.2957367758e+00
   6.2052145345e-02   6.1750176652e-02  -7.6709086162e-01   7.4751794186e-01   1.5240146350e+00
   6.2607253878e-02   6.2354114038e-02  -6.6615969612e-01   4.8763267936e-01   1.7140006962e+00
   6.3068047493e-02   6.2860393717e-02  -5.5663764622e-01   2.6818732871e-01   1.8392208675e+00
   6.3459627640e-02   6.3275701269e-02  -4.4752500846e-01   8.7026458379e-02   1.9154587555e+00
   6.3813467769e-02   6.3643554011e-02  -3.3875499681e-01  -6.7663397785e-02   1.9566221995e+00
   6.4144769966e-02   6.3983381527e-02  -2.2961540947e-01  -2.0276470387e-01   1.9689896474e+00
   6.4462774480e-02   6.4306158405e-02  -1.2064675479e-01  -3.2118574026e-01   1.9552887755e+00
   6.4774151330e-02   6.4619390555e-02  -1.1686135391e-02  -4.2568005732e-01   1.9166704581e+00
   6.5084439812e-02   6.4928912105e-02   9.7081629726e-02  -5.1802566257e-01   1.8530611477e+00
   6.5398987974e-02   6.5239967518e-02   2.0593612629e-01  -6.0006466572e-01   1.7628630302e+00
   6.5723796995e-02   6.5558008430e-02   3.1481078204e-01  -6.7320652039e-01   1.6430842530e+00
   6.6066693903e-02   6.5889585560e-02   4.2384062945e-01  -7.3914373056e-01   1.4882354443e+00
   6.6435050658e-02   6.6243802246e-02   5.3154993079e-01  -7.9924752753e-01   1.2921323294e+00
   6.6803922395e-02   6.6626299071e-02   6.2810828570e-01  -8.5171565515e-01   1.0673325828e+00
   6.7145009580e-02   6.6981545719e-02   7.0512457914e-01  -8.9600881311e-01   8.3834600599e-01
   6.7462642370e-02   6.7308473440e-02   7.6562220024e-01  -9.3649631303e-01   6.0882753334e-01
   6.7764919501e-02   6.7616811299e-02   8.1219649679e-01  -9.7625834729e-01   3.8053156735e-01
   6.8057379639e-02   6.7913027703e-02   8.4734626311e-01  -1.0183024716e+00   1.5016354067e-01
   6.8344256058e-02   6.8201731576e-02   8.7173152879e-01  -1.0638498001e+00  -7.8385397602e-02
   6.8629168754e-02   6.8486780540e-02   8.8656917635e-01  -1.1149437867e+00  -3.0713661489e-01
   6.8915498385e-02   6.8771556968e-02   8.9236923557e-01  -1.1733172843e+00  -5.3632351720e-01
   6.9206809318e-02   6.9059439803e-02   8.8935749475e-01  -1.2408145690e+00  -7.6599576417e-01
   6.9507228767e-02   6.9354178834e-02   8.7763204920e-01  -1.3189882417e+00  -9.9459316528e-01
   6.9822103622e-02   6.9660278701e-02   8.5685993874e-01  -1.4110485518e+00  -1.2239865712e+00
   7.0159148694e-02   6.9983928542e-02   8.2645513618e-01  -1.5200777004e+00  -1.4528182142e+00
   7.0531215556e-02   7.0334368847e-02   7.8461593093e-01  -1.6528345069e+00  -1.6830796612e+00
   7.0963926444e-02   7.0728062265e-02   7.2844080902e-01  -1.8187696027e+00  -1.9127881460e+00
   7.1524987914e-02   7.1199790622e-02   6.4835418490e-01  -2.0459595598e+00  -2.1435321406e+00
   7.2234433862e-02   7.1850185206e-02   5.4603807223e-01  -2.3288153640e+00  -2.3162159693e+00
   7.3071294922e-02   7.2618682519e-02   4.3685239307e-01  -2.6123136156e+00  -2.3412327261e+00
   7.3916098825e-02   7.3523907324e-02   3.4784750671e-01  -2.7900694364e+00  -2.1848252557e+00
   7.4579215947e-02   7.4308290326e-02   2.9355578912e-01  -2.8193380707e+00  -1.9502117140e+00
   7.5080322372e-02   7.4850141568e-02   2.5961899632e-01  -2.7614199700e+00  -1.7200229595e+00
   7.5521170311e-02   7.5310503176e-02   2.3217798120e-01  -2.6498395336e+00  -1.4902235328e+00
   7.5933157570e-02   7.5731837447e-02   2.0651109472e-01  -2.4943104228e+00  -1.2613679972e+00
   7.6333049442e-02   7.6134477694e-02   1.7939123928e-01  -2.2960805240e+00  -1.0317171611e+00
   7.6733119836e-02   7.6531621190e-02   1.4833126878e-01  -2.0550249743e+00  -8.0276021484e-01
   7.7144463542e-02   7.6934618482e-02   1.1032086154e-01  -1.7662192345e+00  -5.7415344444e-01
   7.7555069964e-02   7.7354308601e-02   6.4554255983e-02  -1.4419554480e+00  -3.5892511418e-01
   7.7943279506e-02   7.7755831328e-02   1.2936399979e-02  -1.1089470441e+00  -1.7323227055e-01
   7.8310109331e-02   7.8130727684e-02  -4.4231992047e-02  -7.7555732742e-01  -1.7281073990e-02
   7.8664502673e-02   7.8489490978e-02  -1.0739011160e-01  -4.4276973499e-01   1.1193444701e-01
   7.9013101501e-02   7.8839514368e-02  -1.7726448370e-01  -1.0977622047e-01   2.1662158874e-01
   7.9361550003e-02   7.9186688633e-02  -2.5461656505e-01   2.2379122545e-01   2.9749054172e-01
   7.9715332555e-02   7.9536411373e-02  -3.3984325056e-01   5.5639810485e-01   3.5401673187e-01
   8.0080518664e-02   7.9894253738e-02  -4.3429062280e-01   8.8957383277e-01   3.8534519286e-01
   8.0460514777e-02   8.0266783591e-02  -5.3770966476e-01   1.2186138929e+00   3.8920377630e-01
   8.0844739787e-02   8.0654245963e-02  -6.4649223895e-01   1.5303798530e+00   3.6462941675e-01
   8.1225334349e-02   8.1035233610e-02  -7.5519090283e-01   1.8110625262e+00   3.1427040377e-01
   8.1609770021e-02   8.1415435088e-02  -8.6400767926e-01   2.0645028472e+00   2.4001060697e-01
   8.2008819659e-02   8.1804104953e-02  -9.7300572906e-01   2.2930140005e+00   1.4195121268e-01
   8.2438853967e-02   8.2213534364e-02  -1.0820593732e+00   2.4976812624e+00   1.8113786888e-02
   8.2933526298e-02   8.2664173570e-02  -1.1917651477e+00   2.6798731461e+00  -1.3927254285e-01
   8.3552048009e-02   8.3202879026e-02  -1.2958940152e+00   2.8300689591e+00  -3.4102575594e-01
   8.4331826098e-02   8.3901216991e-02  -1.3611612237e+00   2.9120751537e+00  -5.7149453015e-01
   8.5223900814e-02   8.4762435205e-02  -1.3287372373e+00   2.8898230249e+00  -7.5434460929e-01
   8.5933543133e-02   8.5685366424e-02  -1.2179265137e+00   2.8103500961e+00  -8.1228104358e-01
   8.6371282597e-02   8.6181719842e-02  -1.1076974466e+00   2.7401672732e+00  -7.9679192100e-01
   8.6721720824e-02   8.6560845352e-02  -9.9856943770e-01   2.6760119408e+00  -7.5525401694e-01
   8.7025892119e-02   8.6882596295e-02  -8.8953198858e-01   2.6154922561e+00  -6.9810417044e-01
   8.7300542922e-02   8.7169187944e-02  -7.8055411590e-01   2.5574969809e+00  -6.2994782175e-01
   8.7554656190e-02   8.7431897900e-02  -6.7175988288e-01   2.5012842764e+00  -5.5348551058e-01
   8.7793746370e-02   8.7677414480e-02  -5.6287828671e-01   2.4460764076e+00  -4.7016708374e-01
   8.8021505800e-02   8.7910078260e-02  -4.5371017868e-01   2.3912337824e+00  -3.8092920823e-01
   8.8240613848e-02   8.8132933341e-02  -3.4486938914e-01   2.3365786600e+00  -2.8709642781e-01
   8.8453131466e-02   8.8348294356e-02  -2.3666931109e-01   2.2818254454e+00  -1.8963833038e-01
   8.8660655806e-02   8.8557968576e-02  -1.2673627325e-01   2.2253242069e+00  -8.6823990671e-02
   8.8864539540e-02   8.8763343035e-02  -1.9048405861e-02   2.1687015619e+00   1.7206955779e-02
   8.9065968443e-02   8.8965736046e-02   9.1012834295e-02   2.1090752706e+00   1.2659513379e-01
   8.9265997971e-02   8.9166200839e-02   1.9917652997e-01   2.0482810356e+00   2.3685208511e-01
   8.9465647963e-02   8.9365795103e-02   3.0785289872e-01   1.9845159264e+00   3.5014007220e-01
   8.9665918366e-02   8.9565500823e-02   4.1742426091e-01   1.9169286299e+00   4.6671612596e-01
   8.9867835399e-02   8.9766335910e-02   5.2528937267e-01   1.8465433133e+00   5.8360842679e-01
   9.0072531519e-02   8.9969334888e-02   6.3524142420e-01   1.7701112505e+00   7.0478200869e-01
   9.0281262568e-02   9.0175728151e-02   7.4314205757e-01   1.6896433121e+00   8.2553486409e-01
   9.0495519886e-02   9.0386796985e-02   8.5254378979e-01   1.6014686941e+00   9.4968999142e-01
   9.0717173547e-02   9.0604242788e-02   9.6139276721e-01   1.5057625011e+00   1.0748192950e+00
   9.0948588712e-02   9.0830104306e-02   1.0699066337e+00   1.4007005510e+00   1.2010191984e+00
   9.1204417573e-02   9.1067073119e-02   1.1839287358e+00   1.2771331836e+00   1.3350580125e+00