# time = 3.1
# Grid points = 474
# Pressure (Pa) = 101325
#             1_pos             2_posf             3_uvel             4_vvel             5_wvel
  -1.0594960570e-01  -1.0612398691e-01   1.2366406347e+00   1.0450080391e+00   1.3777427594e+00
  -1.0559509576e-01  -1.0577522448e-01   1.3441694863e+00   8.9241092606e-01   1.5042313842e+00
  -1.0520333303e-01  -1.0541496704e-01   1.4479311125e+00   7.1312708000e-01   1.6269049379e+00
  -1.0471872241e-01  -1.0499169902e-01   1.5517261480e+00   4.7808311330e-01   1.7495934807e+00
  -1.0415153295e-01  -1.0444574580e-01   1.6370217089e+00   1.8837823514e-01   1.8490240148e+00
  -1.0356986312e-01  -1.0385732011e-01   1.6818714548e+00  -1.1953321768e-01   1.8978638626e+00
  -1.0299341794e-01  -1.0328240613e-01   1.6825662785e+00  -4.2737684384e-01   1.8911740869e+00
  -1.0240396998e-01  -1.0270442975e-01   1.6391755359e+00  -7.3535762585e-01   1.8288805078e+00
  -1.0181798654e-01  -1.0210351020e-01   1.5546264093e+00  -1.0245945907e+00   1.7156063818e+00
  -1.0130894366e-01  -1.0153246287e-01   1.4510692433e+00  -1.2534046259e+00   1.5809300781e+00
  -1.0089341129e-01  -1.0108542445e-01   1.3470623243e+00  -1.4202575988e+00   1.4484697439e+00
  -1.0052799074e-01  -1.0070139813e-01   1.2436074900e+00  -1.5481404463e+00   1.3190250429e+00
  -1.0019339708e-01  -1.0035458335e-01   1.1402836148e+00  -1.6482527538e+00   1.1919189744e+00
  -9.9879486659e-02  -1.0003221082e-01   1.0367024727e+00  -1.7263124608e+00   1.0666828908e+00
  -9.9579960037e-02  -9.9726762497e-02   9.3375241978e-01  -1.7849724125e+00   9.4444483132e-01
  -9.9290520387e-02  -9.9433157578e-02   8.2984337737e-01  -1.8270460017e+00   8.2344617444e-01
  -9.9007987531e-02  -9.9147883196e-02   7.2690852358e-01  -1.8530299171e+00   7.0609012448e-01
  -9.8729812423e-02  -9.8868091867e-02   6.2375157455e-01  -1.8642572806e+00   5.9116272716e-01
  -9.8453880675e-02  -9.8591532979e-02   5.1998814980e-01  -1.8610003587e+00   4.7850507048e-01
  -9.8178282003e-02  -9.8316228372e-02   4.1662557712e-01  -1.8434277570e+00   3.6949261443e-01
  -9.7901206804e-02  -9.8040335635e-02   3.1346842209e-01  -1.8116292846e+00   2.6420128056e-01
  -9.7620858674e-02  -9.7762077973e-02   2.1047369287e-01  -1.7654406728e+00   1.6293779337e-01
  -9.7335312195e-02  -9.7479639374e-02   1.0660671074e-01  -1.7037276938e+00   6.5196877280e-02
  -9.7042462187e-02  -9.7190985016e-02   3.8357157353e-03  -1.6270401783e+00  -2.6643505127e-02
  -9.6739830092e-02  -9.6893939358e-02  -9.9987027679e-02  -1.5327973591e+00  -1.1381912056e-01
  -9.6424397125e-02  -9.6585720825e-02  -2.0303820721e-01  -1.4212684913e+00  -1.9392501313e-01
  -9.6092320376e-02  -9.6263073426e-02  -3.0651446806e-01  -1.2895192007e+00  -2.6684549176e-01
  -9.5738405684e-02  -9.5921567326e-02  -4.0972331218e-01  -1.1360061524e+00  -3.3064945719e-01
  -9.5355223174e-02  -9.5555244042e-02  -5.1319979468e-01  -9.5658931768e-01  -3.8370912275e-01
  -9.4931323246e-02  -9.5155202306e-02  -6.1650507008e-01  -7.4707912600e-01  -4.2296493827e-01
  -9.4447041908e-02  -9.4707444186e-02  -7.2001832518e-01  -4.9883264019e-01  -4.4415277062e-01
  -9.3888437783e-02  -9.4186639631e-02  -8.1988158889e-01  -2.0977331487e-01  -4.4022962727e-01
  -9.3275692901e-02  -9.3590235935e-02  -9.0536549231e-01   9.7684722646e-02  -4.0694366217e-01
  -9.2611619675e-02  -9.2961149866e-02  -9.7054207966e-01   4.0638571942e-01  -3.4547123077e-01
  -9.1836548790e-02  -9.2262089483e-02  -1.0121169451e+00   7.1579468641e-01  -2.5612498444e-01
  -9.0748593821e-02  -9.1411008097e-02  -1.0121964229e+00   1.0305026962e+00  -1.3517892431e-01
  -8.9498597236e-02  -9.0086179544e-02  -9.4165042725e-01   1.2186949925e+00  -5.0758772865e-02
  -8.8517238047e-02  -8.8911014927e-02  -8.3633418344e-01   1.2424631013e+00  -5.0859006745e-02
  -8.7802654744e-02  -8.8123461166e-02  -7.3266949606e-01   1.2012201110e+00  -9.3001458616e-02
  -8.7202008488e-02  -8.7481848322e-02  -6.2936053777e-01   1.1375669024e+00  -1.5249819406e-01
  -8.6668860569e-02  -8.6922168653e-02  -5.2593058294e-01   1.0639110834e+00  -2.2001402151e-01
  -8.6180500756e-02  -8.6415552484e-02  -4.2275740048e-01   9.8584700050e-01  -2.9007419537e-01
  -8.5723326752e-02  -8.5945449029e-02  -3.1944378495e-01   9.0547274702e-01  -3.5969369913e-01
  -8.5288138545e-02  -8.5501204475e-02  -2.1620085331e-01   8.2390565229e-01  -4.2653761342e-01
  -8.4868014374e-02  -8.5075072616e-02  -1.1289244305e-01   7.4118610506e-01  -4.8910974522e-01
  -8.4457264126e-02  -8.4660956131e-02  -9.7430939958e-03   6.5711360564e-01  -5.4605895322e-01
  -8.4050747985e-02  -8.4253572121e-02   9.3647987491e-02   5.7055530672e-01  -5.9656213643e-01
  -8.3643328100e-02  -8.3847923849e-02   1.9701257342e-01   4.8050029254e-01  -6.3948421914e-01
  -8.3229287677e-02  -8.3438732351e-02   3.0023136043e-01   3.8532880091e-01  -6.7377459137e-01
  -8.2801497506e-02  -8.3019843003e-02   4.0356046900e-01   2.8231229584e-01  -6.9828434414e-01
  -8.2349854729e-02  -8.2583152010e-02   5.0697161844e-01   1.6764239022e-01  -7.1125942161e-01
  -8.1857779898e-02  -8.2116557447e-02   6.1041595064e-01   3.4940840475e-02  -7.0995360248e-01
  -8.1291370955e-02  -8.1599002348e-02   7.1431821664e-01  -1.2945285310e-01  -6.8895195733e-01
  -8.0569681968e-02  -8.0983739562e-02   8.1681443418e-01  -3.5829772017e-01  -6.3472332686e-01
  -7.9735899900e-02  -8.0155624373e-02   8.8737526427e-01  -6.4870833230e-01  -5.4271192379e-01
  -7.8922682838e-02  -7.9316175427e-02   8.9993023553e-01  -9.5569814413e-01  -4.3325108616e-01
  -7.8146257414e-02  -7.8529190249e-02   8.5702340325e-01  -1.2632287759e+00  -3.2225568137e-01
  -7.7421524729e-02  -7.7763324579e-02   7.7061794720e-01  -1.5521347765e+00  -2.2282144471e-01
  -7.6813014012e-02  -7.7079724878e-02   6.6663554971e-01  -1.7879364698e+00  -1.4778094849e-01
  -7.6315337114e-02  -7.6546303146e-02   5.6303599889e-01  -1.9698438789e+00  -9.4915678411e-02
  -7.5873517075e-02  -7.6084371082e-02   4.5948955055e-01  -2.1194472362e+00  -5.5349723972e-02
  -7.5463823840e-02  -7.5662663068e-02   3.5588174546e-01  -2.2451595410e+00  -2.5285067638e-02
  -7.5073017286e-02  -7.5264984612e-02   2.5276332661e-01  -2.3504570668e+00  -2.7123512768e-03
  -7.4692203871e-02  -7.4881049959e-02   1.4941246998e-01  -2.4380743708e+00   1.3911369268e-02
  -7.4314388877e-02  -7.4503357783e-02   4.6015608577e-02  -2.5083784196e+00   2.5488826411e-02
  -7.3933084171e-02  -7.4125419971e-02  -5.7533863478e-02  -2.5609627833e+00   3.2776792738e-02
  -7.3541338587e-02  -7.3740748372e-02  -1.6068706784e-01  -2.5941406978e+00   3.6423373470e-02
  -7.3130454316e-02  -7.3341928802e-02  -2.6414080385e-01  -2.6052119766e+00   3.7138515155e-02
  -7.2687716561e-02  -7.2918979830e-02  -3.6764153735e-01  -2.5886132520e+00   3.5744879809e-02
  -7.2191032551e-02  -7.2456453291e-02  -4.7122068249e-01  -2.5338939389e+00   3.3571901368e-02
  -7.1589939496e-02  -7.1925611811e-02  -5.7538209403e-01  -2.4161471504e+00   3.3528622567e-02
  -7.0833769976e-02  -7.1254267181e-02  -6.6902839588e-01  -2.1908267489e+00   4.3559087685e-02
  -7.0071536381e-02  -7.0413272771e-02  -7.1985542612e-01  -1.8864933203e+00   7.0663941925e-02
  -6.9432878976e-02  -6.9729799991e-02  -7.2692075649e-01  -1.5779461982e+00   1.1044671018e-01
  -6.8863743514e-02  -6.9135957961e-02  -7.0730323900e-01  -1.2694709371e+00   1.5995386992e-01
  -6.8333227666e-02  -6.8591529067e-02  -6.6905723283e-01  -9.6192844451e-01   2.1713469751e-01
  -6.7823381714e-02  -6.8074926265e-02  -6.1604832158e-01  -6.5338937973e-01   2.8078699745e-01
  -6.7321156737e-02  -6.7571837162e-02  -5.5094158906e-01  -3.4617156070e-01   3.4890728714e-01
  -6.6814736853e-02  -6.7070476311e-02  -4.7416099893e-01  -3.7370746541e-02   4.2044304279e-01
  -6.6290880218e-02  -6.6558997395e-02  -3.8636047296e-01   2.7029072315e-01   4.9259600787e-01
  -6.5743511404e-02  -6.6022763041e-02  -2.8801981270e-01   5.7220016180e-01   5.6115147778e-01
  -6.5190118241e-02  -6.5464259767e-02  -1.8490566246e-01   8.4766808120e-01   6.1731171843e-01
  -6.4640730307e-02  -6.4915976715e-02  -8.1784866561e-02   1.0825279367e+00   6.5381819380e-01
  -6.4082520252e-02  -6.4365483898e-02   2.1641862754e-02   1.2748125689e+00   6.6552916100e-01
  -6.3501419032e-02  -6.3799556605e-02   1.2472505929e-01   1.4170372715e+00   6.4514938054e-01
  -6.2879429112e-02  -6.3203281458e-02   2.2801744231e-01   1.4987772358e+00   5.8205456747e-01
  -6.2187472695e-02  -6.2555576765e-02   3.3136874931e-01   1.4996839205e+00   4.5920265712e-01
  -6.1457284140e-02  -6.1819368625e-02   4.2479917802e-01   1.4006221709e+00   2.7230204144e-01
  -6.0790981540e-02  -6.1095199654e-02   4.9367345132e-01   1.2276681922e+00   5.7730497451e-02
  -6.0208865658e-02  -6.0486763425e-02   5.3939622763e-01   1.0192747138e+00  -1.5683484318e-01
  -5.9662849395e-02  -5.9930967892e-02   5.6859943850e-01   7.8639575463e-01  -3.7071069200e-01
  -5.9123486739e-02  -5.9394730899e-02   5.8346374132e-01   5.3114913463e-01  -5.8470717064e-01
  -5.8562142366e-02  -5.8852242578e-02   5.8296615748e-01   2.5126763429e-01  -7.9921513860e-01
  -5.7958455231e-02  -5.8272042154e-02   5.6302731210e-01  -4.9622988636e-02  -1.0064864659e+00
  -5.7298968878e-02  -5.7644868309e-02   5.1693874897e-01  -3.5856681554e-01  -1.1885614074e+00
  -5.6580312905e-02  -5.6953069447e-02   4.3679749251e-01  -6.4874290113e-01  -1.3156110152e+00
  -5.5910623979e-02  -5.6207556364e-02   3.3460279454e-01  -8.5828432752e-01  -1.3548164351e+00
  -5.5361730961e-02  -5.5613691595e-02   2.3085347698e-01  -9.7541365429e-01  -1.3217230106e+00
  -5.4884714011e-02  -5.5109770327e-02   1.2760889054e-01  -1.0331111911e+00  -1.2440756635e+00
  -5.4452297179e-02  -5.4659657695e-02   2.4035934052e-02  -1.0493653334e+00  -1.1346747409e+00
  -5.4049537367e-02  -5.4244936663e-02  -7.9082952157e-02  -1.0339032998e+00  -1.0018962377e+00
  -5.3666841010e-02  -5.3854138071e-02  -1.8259882280e-01  -9.9282329468e-01  -8.4942840817e-01
  -5.3297352855e-02  -5.3479543949e-02  -2.8575314439e-01  -9.3050836112e-01  -6.8154735394e-01
  -5.2935586031e-02  -5.3115161761e-02  -3.8940121311e-01  -8.4921241563e-01  -4.9903863240e-01
  -5.2576693256e-02  -5.2756010300e-02  -4.9261064649e-01  -7.5151714617e-01  -3.0504582543e-01
  -5.2216122860e-02  -5.2397376213e-02  -5.9577646677e-01  -6.3830698852e-01  -9.9910572130e-02
  -5.1854799790e-02  -5.2034869507e-02  -6.9718320787e-01  -5.1226700325e-01   1.1217985719e-01
  -5.1495220525e-02  -5.1674730073e-02  -7.9481005629e-01  -3.7666260947e-01   3.2623345347e-01
  -5.1133394954e-02  -5.1315710976e-02  -8.8809201017e-01  -2.3271330555e-01   5.4044437022e-01
  -5.0762133641e-02  -5.0951078931e-02  -9.7670389119e-01  -8.0552402262e-02   7.5401514178e-01
  -5.0372403662e-02  -5.0573188352e-02  -1.0608953139e+00   8.2266123793e-02   9.6852747595e-01
  -4.9950820488e-02  -5.0171618973e-02  -1.1389988512e+00   2.5717830646e-01   1.1823130714e+00
  -4.9472883256e-02  -4.9730022002e-02  -1.2093670719e+00   4.5151554951e-01   1.3972538285e+00
  -4.8875830322e-02  -4.9215744510e-02  -1.2655344077e+00   6.8137037360e-01   1.6137390295e+00
  -4.8064718059e-02  -4.8535916134e-02  -1.2794387805e+00   9.6281539654e-01   1.8021828856e+00
  -4.7194364674e-02  -4.7593519985e-02  -1.2137293525e+00   1.2213404676e+00   1.8673016371e+00
  -4.6538291200e-02  -4.6795209363e-02  -1.1076331603e+00   1.3850807107e+00   1.8223908173e+00
  -4.6073916475e-02  -4.6281373036e-02  -1.0035443030e+00   1.4851827594e+00   1.7445645991e+00
  -4.5685595727e-02  -4.5866459913e-02  -8.9996513302e-01   1.5598605698e+00   1.6546256072e+00
  -4.5340709920e-02  -4.5504731540e-02  -7.9649444214e-01   1.6199531715e+00   1.5585690931e+00
  -4.5024237610e-02  -4.5176688301e-02  -6.9308463245e-01   1.6703082344e+00   1.4593157181e+00
  -4.4727647459e-02  -4.4871786919e-02  -5.8978847668e-01   1.7135906166e+00   1.3586261775e+00
  -4.4445473970e-02  -4.4583507998e-02  -4.8661874046e-01   1.7514431924e+00   1.2576208553e+00
  -4.4173934143e-02  -4.4307439943e-02  -3.8295501856e-01   1.7851265673e+00   1.1564828519e+00
  -4.3910203800e-02  -4.4040428342e-02  -2.7952111910e-01   1.8150994378e+00   1.0565290592e+00
  -4.3652035902e-02  -4.3779979258e-02  -1.7601757368e-01   1.8419446437e+00   9.5796520150e-01
  -4.3397574080e-02  -4.3524092546e-02  -7.2808061973e-02   1.8658990196e+00   8.6155732746e-01
  -4.3145204529e-02  -4.3271055613e-02   3.0254728235e-02   1.8872125843e+00   7.6753503893e-01
  -4.2893462521e-02  -4.3019353445e-02   1.3328798474e-01   1.9060086384e+00   6.7614730556e-01
  -4.2640930297e-02  -4.2767571598e-02   2.3741796417e-01   1.9224392580e+00   5.8682589798e-01
  -4.2386180091e-02  -4.2514288997e-02   3.4052533567e-01   1.9360788530e+00   5.0177990353e-01
  -4.2127718561e-02  -4.2258071186e-02   4.4373319322e-01   1.9469451898e+00   4.2043366050e-01
  -4.1863892528e-02  -4.1997365936e-02   5.4703714411e-01   1.9547441816e+00   3.4326411832e-01
  -4.1592798723e-02  -4.1730419120e-02   6.5027228396e-01   1.9590516657e+00   2.7092517206e-01
  -4.1312144747e-02  -4.1455178325e-02   7.5357933748e-01   1.9592951373e+00   2.0394888993e-01
  -4.1019020979e-02  -4.1169111168e-02   8.5715115952e-01   1.9546395111e+00   1.4301822170e-01
  -4.0709612088e-02  -4.0868930790e-02   9.6042245287e-01   1.9439560563e+00   8.9458766989e-02
  -4.0378598811e-02  -4.0550293386e-02   1.0638465296e+00   1.9255296063e+00   4.4334518177e-02
  -4.0018010803e-02  -4.0206904235e-02   1.1672738391e+00   1.8967675981e+00   9.6047551603e-03
  -3.9614804627e-02  -3.9829117370e-02   1.2707460119e+00   1.8533176134e+00  -1.1860546850e-02
  -3.9144321984e-02  -3.9400491883e-02   1.3743686175e+00   1.7869039583e+00  -1.5046871917e-02
  -3.8544898329e-02  -3.8888152085e-02   1.4788940683e+00   1.6766232763e+00   1.1485996471e-02
  -3.7687300203e-02  -3.8201644573e-02   1.5741928367e+00   1.4687381938e+00   9.6231856410e-02
  -3.6725660945e-02  -3.7172955834e-02   1.6129809449e+00   1.1732912102e+00   2.2877791292e-01
  -3.5888387070e-02  -3.6278366057e-02   1.5907484725e+00   8.6582525452e-01   3.5390913453e-01
  -3.5141630991e-02  -3.5498408083e-02   1.5316553935e+00   5.5810771339e-01   4.5555128959e-01
  -3.4448546085e-02  -3.4784853899e-02   1.4477464769e+00   2.5117250986e-01   5.3010624483e-01
  -3.3812235605e-02  -3.4112238271e-02   1.3485117935e+00  -4.5021258032e-02   5.7589390502e-01
  -3.3250635932e-02  -3.3512232940e-02   1.2451390205e+00  -3.1339693141e-01   5.9500580285e-01
  -3.2752228517e-02  -3.2989038924e-02   1.1418108226e+00  -5.5481477483e-01   5.9400060913e-01
  -3.2296131097e-02  -3.2515418109e-02   1.0384373227e+00  -7.7616959308e-01   5.7792467486e-01
  -3.1870547184e-02  -3.2076844086e-02   9.3527068340e-01  -9.8055893010e-01   5.5003224806e-01
  -3.1467868540e-02  -3.1664250283e-02   8.3192094857e-01  -1.1708600097e+00   5.1240214981e-01
  -3.1082699343e-02  -3.1271486797e-02   7.2873159373e-01  -1.3476696035e+00   4.6669771299e-01
  -3.0710892190e-02  -3.0893911889e-02   6.2535671326e-01  -1.5122669130e+00   4.1387733525e-01
  -3.0349056269e-02  -3.0527872492e-02   5.2210341222e-01  -1.6644247065e+00   3.5487019307e-01
  -2.9994227304e-02  -3.0170240045e-02   4.1908014225e-01  -1.8040034149e+00   2.9029121439e-01
  -2.9643685523e-02  -2.9818214564e-02   3.1534317029e-01  -1.9317685315e+00   2.1977425769e-01
  -2.9294756608e-02  -2.9469156482e-02   2.1236418776e-01  -2.0451724226e+00   1.4437796892e-01
  -2.8944642093e-02  -2.9120356734e-02   1.0900060762e-01  -2.1444238045e+00   6.3131508664e-02
  -2.8590231832e-02  -2.8768927451e-02   5.5639733444e-03  -2.2273921916e+00  -2.4218179346e-02
  -2.8227835107e-02  -2.8411536212e-02  -9.7636893781e-02  -2.2914689377e+00  -1.1816956843e-01
  -2.7852754779e-02  -2.8044134001e-02  -2.0092484823e-01  -2.3334031439e+00  -2.2025075989e-01
  -2.7458503829e-02  -2.7661375556e-02  -3.0433273711e-01  -2.3478504853e+00  -3.3252082243e-01
  -2.7035313994e-02  -2.7255632102e-02  -4.0773308524e-01  -2.3263934896e+00  -4.5812639695e-01
  -2.6566644268e-02  -2.6814995887e-02  -5.1112622617e-01  -2.2545561927e+00  -6.0284535219e-01
  -2.6020857260e-02  -2.6318292649e-02  -6.1475753098e-01  -2.1023827036e+00  -7.7905216210e-01
  -2.5423313548e-02  -2.5723421871e-02  -7.0464077151e-01  -1.8508543199e+00  -9.7937762968e-01
  -2.4879978984e-02  -2.5123205225e-02  -7.6376462924e-01  -1.5453600517e+00  -1.1677184678e+00
  -2.4428228950e-02  -2.4636752744e-02  -7.9575057466e-01  -1.2361506630e+00  -1.3283399133e+00
  -2.4032483421e-02  -2.4219705155e-02  -8.1116362323e-01  -9.2770724849e-01  -1.4711003239e+00
  -2.3672244835e-02  -2.3845261686e-02  -8.1549986110e-01  -6.1974654340e-01  -1.6020732327e+00
  -2.3336081347e-02  -2.3499227985e-02  -8.1179519469e-01  -3.1070581562e-01  -1.7251175641e+00
  -2.3016613891e-02  -2.3172934709e-02  -8.0203019548e-01  -3.1099652719e-03  -1.8412294985e+00
  -2.2708557448e-02  -2.2860293074e-02  -7.8751253685e-01   3.0507125749e-01  -1.9525212886e+00
  -2.2407823742e-02  -2.2556821822e-02  -7.6916362318e-01   6.1425965634e-01  -2.0599952196e+00
  -2.2110899269e-02  -2.2258825662e-02  -7.4800027432e-01   9.2081590371e-01  -2.1630499640e+00
  -2.1814499706e-02  -2.1962972877e-02  -7.2424567847e-01   1.2304983717e+00  -2.2640334492e+00
  -2.1515256125e-02  -2.1666026535e-02  -6.9882544381e-01   1.5381107059e+00  -2.3614837302e+00
  -2.1209337264e-02  -2.1364485714e-02  -6.7207363925e-01   1.8459917542e+00  -2.4562748023e+00
  -2.0891884829e-02  -2.1054188815e-02  -6.4443398972e-01   2.1548245400e+00  -2.5485079278e+00
  -2.0556079148e-02  -2.0729580844e-02  -6.1666246705e-01   2.4626855546e+00  -2.6372640814e+00
  -2.0190923798e-02  -2.0382577452e-02  -5.8933564464e-01   2.7718065580e+00  -2.7223680625e+00
  -1.9775049232e-02  -1.9999270145e-02  -5.6377621184e-01   3.0818695185e+00  -2.8017995053e+00
  -1.9249430286e-02  -1.9550828319e-02  -5.4294688482e-01   3.3944753543e+00  -2.8703418144e+00
  -1.8266975799e-02  -1.8948032254e-02  -5.4986502660e-01   3.6789019284e+00  -2.8773733366e+00
  -1.7200343668e-02  -1.7585919345e-02  -6.2032073251e-01   3.5657108299e+00  -2.7103465299e+00
  -1.6578318233e-02  -1.6814767991e-02  -6.9524335097e-01   3.2545888240e+00  -2.5065853536e+00
  -1.6156266956e-02  -1.6341868474e-02  -7.5810336513e-01   2.9434106993e+00  -2.3223474769e+00
  -1.5811127734e-02  -1.5970665438e-02  -8.1513433539e-01   2.6340675522e+00  -2.1452815169e+00
  -1.5508307114e-02  -1.5651590030e-02  -8.6853590991e-01   2.3242694174e+00  -1.9706064708e+00
  -1.5232779546e-02  -1.5365024198e-02  -9.1860984200e-01   2.0169448721e+00  -1.7984435903e+00
  -1.4976270442e-02  -1.5100534895e-02  -9.6620568037e-01   1.7096531174e+00  -1.6265806491e+00
  -1.4733734409e-02  -1.4852005990e-02  -1.0120231257e+00   1.3990980575e+00  -1.4526355788e+00
  -1.4501642324e-02  -1.4615462828e-02  -1.0550696415e+00   1.0930632032e+00  -1.2805856798e+00
  -1.4277382509e-02  -1.4387821821e-02  -1.0963908133e+00   7.8490446963e-01  -1.1064046859e+00
  -1.4059012276e-02  -1.4166943196e-02  -1.1359073189e+00   4.7510041923e-01  -9.3008066135e-01
  -1.3844903444e-02  -1.3951081355e-02  -1.1731332796e+00   1.6748533421e-01  -7.5356219059e-01
  -1.3633659991e-02  -1.3738725534e-02  -1.2083491624e+00  -1.4032322715e-01  -5.7527160311e-01
  -1.3424052495e-02  -1.3528594449e-02  -1.2415151468e+00  -4.4861005666e-01  -3.9480141961e-01
  -1.3214922526e-02  -1.3319510542e-02  -1.2725356126e+00  -7.5751780643e-01  -2.1179852160e-01
  -1.3005127783e-02  -1.3110334509e-02  -1.3011241632e+00  -1.0654402533e+00  -2.6934603517e-02
  -1.2793492476e-02  -1.2899921058e-02  -1.3272074774e+00  -1.3732498605e+00   1.6062424946e-01
  -1.2578746414e-02  -1.2687063894e-02  -1.3505602328e+00  -1.6808414487e+00   3.5119658472e-01
  -1.2359419970e-02  -1.2470428934e-02  -1.3710459774e+00  -1.9908038306e+00   5.4691707494e-01
  -1.2133770696e-02  -1.2248411005e-02  -1.3879867271e+00  -2.2988475113e+00   7.4569892411e-01
  -1.1899687472e-02  -1.2019130386e-02  -1.4009367583e+00  -2.6043581372e+00   9.4780657456e-01
  -1.1654705485e-02  -1.1780244558e-02  -1.4094343703e+00  -2.9152436850e+00   1.1596574982e+00
  -1.1399421491e-02  -1.1529166412e-02  -1.4121648012e+00  -3.2162412692e+00   1.3722039636e+00
  -1.1135194798e-02  -1.1269676570e-02  -1.4083304609e+00  -3.5061181791e+00   1.5858095860e+00
  -1.0859995770e-02  -1.1000713025e-02  -1.3969158673e+00  -3.7806311730e+00   1.7989972539e+00
  -1.0570163128e-02  -1.0719278515e-02  -1.3762232895e+00  -4.0399419963e+00   2.0144423415e+00
  -1.0260603356e-02  -1.0421047741e-02  -1.3446613215e+00  -4.2743388285e+00   2.2276157811e+00
  -9.9235651295e-03  -1.0100158971e-02  -1.2987894708e+00  -4.4811362509e+00   2.4417041082e+00
  -9.5457199117e-03  -9.7469712877e-03  -1.2334478543e+00  -4.6484908216e+00   2.6558442407e+00
  -9.1262495955e-03  -9.3444685356e-03  -1.1440612562e+00  -4.7528863004e+00   2.8599495497e+00
  -8.7171634080e-03  -8.9080306554e-03  -1.0410908283e+00  -4.7720596842e+00   3.0228549001e+00
  -8.3545695857e-03  -8.5262961607e-03  -9.3776838723e-01  -4.7204241776e+00   3.1354033498e+00
  -8.0241798183e-03  -8.1828430107e-03  -8.3427126852e-01  -4.6187388151e+00   3.2118674478e+00
  -7.7161911005e-03  -7.8655166259e-03  -7.3080225807e-01  -4.4791541984e+00   3.2603335333e+00
  -7.4243679436e-03  -7.5668655751e-03  -6.2764544395e-01  -4.3099130467e+00   3.2859827458e+00
  -7.1444128046e-03  -7.2818703121e-03  -5.2443185351e-01  -4.1156908945e+00   3.2923602716e+00
  -6.8731670500e-03  -7.0069552971e-03  -4.2091729198e-01  -3.8995915828e+00   3.2816628253e+00
  -6.6081284839e-03  -6.7393788028e-03  -3.1738918867e-01  -3.6648559615e+00   3.2553980232e+00
  -6.3471902857e-03  -6.4768781650e-03  -2.1396725813e-01  -3.4138925713e+00   3.2146759473e+00
  -6.0884917774e-03  -6.2175024064e-03  -1.1065708240e-01  -3.1483997457e+00   3.1601956398e+00
  -5.8302970228e-03  -5.9594811484e-03  -7.4003047369e-03  -2.8695187143e+00   3.0922523800e+00
  -5.5708861931e-03  -5.7011128973e-03   9.5877114391e-02  -2.5780063898e+00   3.0107564277e+00
  -5.3093452144e-03  -5.4406594889e-03   1.9885669081e-01  -2.2755081096e+00   2.9156255205e+00
  -5.0479922564e-03  -5.1780309399e-03   2.9983795090e-01  -1.9678740358e+00   2.8081636439e+00
  -4.7882715223e-03  -4.9179535729e-03   3.9760413744e-01  -1.6598443212e+00   2.6896077450e+00
  -4.5280078146e-03  -4.6585894716e-03   4.9238737485e-01  -1.3516265100e+00   2.5594949841e+00
  -4.2646247563e-03  -4.3974261576e-03   5.8442573574e-01  -1.0430561631e+00   2.4167809770e+00
  -3.9952951504e-03  -4.1318233550e-03   6.7374751951e-01  -7.3434652192e-01   2.2600694365e+00
  -3.7166651173e-03  -3.8587669457e-03   7.6010339763e-01  -4.2640561392e-01   2.0877330635e+00
  -3.4244646408e-03  -3.5745632890e-03   8.4361377963e-01  -1.1843515708e-01   1.8962079374e+00
  -3.1234470570e-03  -3.2743659926e-03   9.2130866739e-01   1.7894495969e-01   1.6887127602e+00
  -2.8278031011e-03  -2.9725281213e-03   9.8942773736e-01   4.5096506941e-01   1.4734742101e+00
  -2.5431945707e-03  -2.6830780809e-03   1.0455154938e+00   6.8614656343e-01   1.2606448170e+00
  -2.2672847121e-03  -2.4033110604e-03   1.0915571098e+00   8.9076973577e-01   1.0469890523e+00
  -1.9982704121e-03  -2.1312583637e-03   1.1281047968e+00   1.0658332619e+00   8.3296359473e-01
  -1.7346299057e-03  -1.8652824606e-03   1.1556738652e+00   1.2123798777e+00   6.1894174725e-01
  -1.4750378161e-03  -1.6039773509e-03   1.1747510922e+00   1.3315201056e+00   4.0511287359e-01
  -1.2183016452e-03  -1.3460982813e-03   1.1857678175e+00   1.4243094501e+00   1.9152137161e-01
  -9.6330890354e-04  -1.0905050091e-03   1.1890812485e+00   1.4916551395e+00  -2.1896257183e-02
  -7.0897964641e-04  -8.3611279795e-04   1.1849628811e+00   1.5342491151e+00  -2.3527462649e-01
  -4.5421258686e-04  -5.8184649487e-04   1.1734674295e+00   1.5524788985e+00  -4.5021163949e-01
  -1.9784192888e-04  -3.2657867885e-04   1.1548511499e+00   1.5462721030e+00  -6.6391688331e-01
   6.1406363201e-05  -6.9105178906e-05   1.1291786988e+00   1.5159548377e+00  -8.7746209218e-01
   3.2499010914e-04   1.9191790531e-04   1.0964010567e+00   1.4612728187e+00  -1.0911391363e+00
   5.9464702293e-04   4.5806231298e-04   1.0564413144e+00   1.3817450505e+00  -1.3047270725e+00
   8.7254305464e-04   7.3123173289e-04   1.0090064227e+00   1.2762890410e+00  -1.5185231896e+00
   1.1615332846e-03   1.0138543764e-03   9.5350671125e-01   1.1428687156e+00  -1.7331057875e+00
   1.4655038055e-03   1.3092121929e-03   8.8977405012e-01   9.8024725632e-01  -1.9466640219e+00
   1.7901163869e-03   1.6217954182e-03   8.1657579973e-01   7.8424619293e-01  -2.1601436131e+00
   2.1445843577e-03   1.9584373556e-03   7.3163464173e-01   5.4708999248e-01  -2.3746989523e+00
   2.5345626926e-03   2.3307313598e-03   6.3459242748e-01   2.6569897509e-01  -2.5840999167e+00
   2.9383614537e-03   2.7383940254e-03   5.3293429042e-01  -3.9264740198e-02  -2.7679756493e+00
   3.3363953347e-03   3.1383288821e-03   4.3304413050e-01  -3.4823075653e-01  -2.9147070690e+00
   3.7356846672e-03   3.5344617872e-03   3.3623910509e-01  -6.5602390878e-01  -3.0236973900e+00
   4.1469858814e-03   3.9369075471e-03   2.4166675375e-01  -9.6450752576e-01  -3.0948199580e+00
   4.5841572889e-03   4.3570642156e-03   1.4920171741e-01  -1.2735276818e+00  -3.1228691718e+00
   5.0702417075e-03   4.8112503622e-03   5.8786439176e-02  -1.5825413306e+00  -3.0959262504e+00
   5.6497863154e-03   5.3292330528e-03  -2.9572472336e-02  -1.8895753213e+00  -2.9851885204e+00
   6.2404340332e-03   5.9703395780e-03  -9.6878172557e-02  -2.1222500693e+00  -2.7924588623e+00
   6.7266756952e-03   6.5105284884e-03  -1.3404252067e-01  -2.2424793736e+00  -2.5769141937e+00
   7.1315790379e-03   6.9428229020e-03  -1.5252567879e-01  -2.2888656791e+00  -2.3624780549e+00
   7.4923770801e-03   7.3203351738e-03  -1.5993703639e-01  -2.2874215843e+00  -2.1476116459e+00
   7.8254884910e-03   7.6644189863e-03  -1.5965581319e-01  -2.2498848957e+00  -1.9341383867e+00
   8.1400982531e-03   7.9865579957e-03  -1.5362824556e-01  -2.1824567058e+00  -1.7203590653e+00
   8.4420196528e-03   8.2936385104e-03  -1.4303406345e-01  -2.0888983250e+00  -1.5067602187e+00
   8.7353669107e-03   8.5904007953e-03  -1.2856525460e-01  -1.9706405538e+00  -1.2920393673e+00
   9.0233076214e-03   8.8803330262e-03  -1.1097651121e-01  -1.8305854659e+00  -1.0788479991e+00
   9.3084533581e-03   9.1662822167e-03  -9.0539101506e-02  -1.6683486645e+00  -8.6523847239e-01
   9.5930859252e-03   9.4506244996e-03  -6.7445785498e-02  -1.4832989550e+00  -6.5050383578e-01
   9.8793470452e-03   9.7355473509e-03  -4.2274191583e-02  -1.2781467495e+00  -4.3784446317e-01
   1.0169393102e-02   1.0023146739e-02  -1.4663306250e-02  -1.0480912995e+00  -2.2296238597e-01
   1.0465486686e-02   1.0315639465e-02   1.4718540592e-02  -7.9691972656e-01  -1.0317886729e-02
   1.0770182234e-02   1.0615333908e-02   4.6398716384e-02  -5.1830991204e-01   2.0425491477e-01
   1.1081005162e-02   1.0925030559e-02   7.9434292334e-02  -2.1884307183e-01   4.1453691948e-01
   1.1387245379e-02   1.1236979765e-02   1.1239107788e-01   8.9189645942e-02   6.1255060389e-01
   1.1683779019e-02   1.1537510994e-02   1.4425876171e-01   3.9600486938e-01   7.9401056217e-01
   1.1973760074e-02   1.1830047043e-02   1.7556438830e-01   7.0608449486e-01   9.6340673184e-01
   1.2259936164e-02   1.2117473104e-02   2.0573346640e-01   1.0130526454e+00   1.1188045923e+00
   1.2544803230e-02   1.2402399224e-02   2.3522479934e-01   1.3208112266e+00   1.2635643543e+00
   1.2830773922e-02   1.2687207235e-02   2.6417767887e-01   1.6303287442e+00   1.3989491668e+00
   1.3120368520e-02   1.2974340609e-02   2.9216628657e-01   1.9364467305e+00   1.5235784130e+00
   1.3416486292e-02   1.3266396431e-02   3.1992513312e-01   2.2467785338e+00   1.6411499531e+00
   1.3722665842e-02   1.3566576153e-02   3.4683373357e-01   2.5541270601e+00   1.7493783664e+00
   1.4043560011e-02   1.3878755532e-02   3.7321819451e-01   2.8620141598e+00   1.8500341361e+00
   1.4386022932e-02   1.4208364490e-02   3.9908974874e-01   3.1709540976e+00   1.9434820458e+00
   1.4761100686e-02   1.4563681373e-02   4.2418622208e-01   3.4789611748e+00   2.0292568424e+00
   1.5190063717e-02   1.4958519999e-02   4.4848940585e-01   3.7891548109e+00   2.1080686885e+00
   1.5728611781e-02   1.5421607436e-02   4.7109186724e-01   4.1010277116e+00   2.1789488705e+00
   1.6454846820e-02   1.6035616127e-02   4.8583595406e-01   4.3711557923e+00   2.2311177495e+00
   1.7293308207e-02   1.6874077514e-02   4.7776129924e-01   4.4563153056e+00   2.2389154497e+00
   1.8142512157e-02   1.7712538900e-02   4.3811358427e-01   4.2819446450e+00   2.1961516761e+00
   1.8835275279e-02   1.8572485413e-02   3.8201609563e-01   3.9610132065e+00   2.1290909115e+00
   1.9310649744e-02   1.9098065145e-02   3.3052993723e-01   3.6506758720e+00   2.0665269414e+00
   1.9709643351e-02   1.9523234344e-02   2.7986289988e-01   3.3416918294e+00   2.0043177105e+00
   2.0066322169e-02   1.9896052359e-02   2.2926210309e-01   3.0323237815e+00   1.9413144215e+00
   2.0396209111e-02   2.0236591980e-02   1.7892661556e-01   2.7246818389e+00   1.8774700758e+00
   2.0708150232e-02   2.0555826242e-02   1.2854396500e-01   2.4170163190e+00   1.8120728016e+00
   2.1007822630e-02   2.0860474223e-02   7.7890902637e-02   2.1077563078e+00   1.7444567314e+00
   2.1299346382e-02   2.1155171038e-02   2.7655677677e-02   1.8006479330e+00   1.6751474848e+00
   2.1585956199e-02   2.1443521727e-02  -2.2788964268e-02   1.4911828806e+00   1.6028199549e+00
   2.1870374012e-02   2.1728390670e-02  -7.2470843831e-02   1.1844468632e+00   1.5283413322e+00
   2.2155105987e-02   2.2012357353e-02  -1.2200866610e-01   8.7547768062e-01   1.4501468409e+00
   2.2442617790e-02   2.2297854621e-02  -1.7067074931e-01   5.6733120843e-01   1.3685558505e+00
   2.2735529839e-02   2.2587380958e-02  -2.1822693850e-01   2.5954894286e-01   1.2829540769e+00
   2.3036826506e-02   2.2883678720e-02  -2.6429864327e-01  -4.7986709625e-02   1.1926925152e+00
   2.3350209540e-02   2.3189974291e-02  -3.0858607399e-01  -3.5705775709e-01   1.0963675947e+00
   2.3680569567e-02   2.3510444789e-02  -3.5002410047e-01  -6.6582638904e-01   9.9336985855e-01
   2.4034771653e-02   2.3850694345e-02  -3.8736771727e-01  -9.7346994567e-01   8.8241552844e-01
   2.4423551062e-02   2.4218848961e-02  -4.1899129473e-01  -1.2817036384e+00   7.6042213528e-01
   2.4866114605e-02   2.4628253163e-02  -4.4155949159e-01  -1.5909640846e+00   6.2276453035e-01
   2.5404889965e-02   2.5103976046e-02  -4.4771971057e-01  -1.9015645651e+00   4.5989308339e-01
   2.6094529011e-02   2.5705803884e-02  -4.1991405479e-01  -2.1890868034e+00   2.6396995611e-01
   2.6868221426e-02   2.6483254137e-02  -3.4284432840e-01  -2.3708265642e+00   6.5653081994e-02
   2.7546343665e-02   2.7253188715e-02  -2.3940800031e-01  -2.4147892630e+00  -8.5072388887e-02
   2.8092662886e-02   2.7839498614e-02  -1.3560628202e-01  -2.3784575505e+00  -1.8905029738e-01
   2.8580155464e-02   2.8345827158e-02  -3.2096717066e-02  -2.3002408145e+00  -2.6868621072e-01
   2.9041372618e-02   2.8814483770e-02   7.1612390404e-02  -2.1928929352e+00  -3.3331699701e-01
   2.9496487998e-02   2.9268261466e-02   1.7486618998e-01  -2.0622650316e+00  -3.8732995543e-01
   2.9963831727e-02   2.9724714530e-02   2.7845291100e-01  -1.9081018558e+00  -4.3428602413e-01
   3.0467930713e-02   3.0202948923e-02   3.8214210669e-01  -1.7267357790e+00  -4.7665519787e-01
   3.1060132288e-02   3.0732912502e-02   4.8655464235e-01  -1.5030993137e+00  -5.1802716151e-01
   3.1797370203e-02   3.1387352074e-02   5.7970016722e-01  -1.2241846273e+00  -5.6119951255e-01
   3.2656359416e-02   3.2207388333e-02   6.2471413629e-01  -9.1649425147e-01  -6.0585893345e-01
   3.3576188070e-02   3.3105330500e-02   5.8679796874e-01  -6.2622809218e-01  -6.5115700507e-01
   3.4351783041e-02   3.4047045640e-02   4.8795174159e-01  -4.1978609704e-01  -6.8733364729e-01
   3.4894517560e-02   3.4656520442e-02   3.8347576187e-01  -2.9912111836e-01  -7.0978254585e-01
   3.5339577229e-02   3.5132514679e-02   2.7974759426e-01  -2.1494936895e-01  -7.2489560914e-01
   3.5736263308e-02   3.5546639779e-02   1.7625421130e-01  -1.5098635819e-01  -7.3476791855e-01
   3.6105142264e-02   3.5925886838e-02   7.2672387225e-02  -1.0062228954e-01  -7.4004619732e-01
   3.6457848907e-02   3.6284397690e-02  -3.0701927623e-02  -6.0707486636e-02  -7.4083856918e-01
   3.6802371330e-02   3.6631300124e-02  -1.3391246983e-01  -2.9319184939e-02  -7.3702056950e-01
   3.7145159093e-02   3.6973442537e-02  -2.3741643164e-01  -5.3331947135e-03  -7.2817259554e-01
   3.7492361848e-02   3.7316875649e-02  -3.4064994647e-01   1.1562482609e-02  -7.1370937980e-01
   3.7850921637e-02   3.7667848048e-02  -4.4424541838e-01   2.1384798942e-02  -6.9254099661e-01
   3.8230027037e-02   3.8033995226e-02  -5.4761225590e-01   2.3386836330e-02  -6.6322616352e-01
   3.8644215660e-02   3.8426058847e-02  -6.5129816902e-01   1.5905950185e-02  -6.2296426824e-01
   3.9122271267e-02   3.8862372472e-02  -7.5510889095e-01  -4.9681488240e-03  -5.6654548012e-01
   3.9754733595e-02   3.9382170061e-02  -8.6084826817e-01  -5.2196191378e-02  -4.7738703816e-01
   4.0749345284e-02   4.0127297129e-02  -9.4019745058e-01  -1.6688399552e-01  -3.1674369343e-01
   4.1868247070e-02   4.1371393440e-02  -9.0411370151e-01  -3.3731363930e-01  -1.3678174383e-01
   4.2652814507e-02   4.2365100699e-02  -7.9786128801e-01  -4.7191744369e-01  -3.3021908029e-02
   4.3169090809e-02   4.2940528315e-02  -6.9362431429e-01  -5.6077981603e-01   1.5067934895e-02
   4.3596958429e-02   4.3397653304e-02  -5.8979267283e-01  -6.3122146004e-01   3.9475931644e-02
   4.3978162949e-02   4.3796263555e-02  -4.8647616080e-01  -6.8917609397e-01   4.7802480576e-02
   4.4330689321e-02   4.4160062344e-02  -3.8294960756e-01  -7.3750657947e-01   4.3454472522e-02
   4.4664513518e-02   4.4501316299e-02  -2.7972605432e-01  -7.7712683388e-01   2.8235495104e-02
   4.4986117838e-02   4.4827710738e-02  -1.7624378748e-01  -8.0878573998e-01   3.1241945245e-03
   4.5300194108e-02   4.5144524938e-02  -7.2835671997e-02  -8.3248903268e-01  -3.1205463760e-02
   4.5610526058e-02   4.5455863278e-02   3.0452519653e-02  -8.4810427250e-01  -7.4353689002e-02
   4.5920449235e-02   4.5765188838e-02   1.3371474110e-01  -8.5525921187e-01  -1.2619565864e-01
   4.6233207490e-02   4.6075709631e-02   2.3705856951e-01  -8.5326621371e-01  -1.8684109031e-01
   4.6552282689e-02   4.6390705349e-02   3.4048709601e-01  -8.4106913176e-01  -2.5655497276e-01
   4.6881763293e-02   4.6713860028e-02   4.4377657062e-01  -8.1722114194e-01  -3.3563232501e-01
   4.7226934327e-02   4.7049666558e-02   5.4720459343e-01  -7.7947326579e-01  -4.2504669468e-01
   4.7595327608e-02   4.7404202096e-02   6.5061361631e-01  -7.2453079945e-01  -5.2590251507e-01
   4.7998985146e-02   4.7786453121e-02   7.5411340688e-01  -6.4682616934e-01  -6.4038167049e-01
   4.8460535043e-02   4.8211517170e-02   8.5772213246e-01  -5.3605289271e-01  -7.7237583582e-01
   4.9038019256e-02   4.8709552916e-02   9.6250057639e-01  -3.6526951052e-01  -9.3285599297e-01
   4.9765231067e-02   4.9366485596e-02   1.0507105293e+00  -1.0734666863e-01  -1.1133466588e+00
   5.0523227468e-02   5.0163976538e-02   1.0892932479e+00   2.0050630513e-01  -1.2616319874e+00
   5.1227806153e-02   5.0882478397e-02   1.0743152582e+00   5.0877772381e-01  -1.3491832208e+00
   5.1924830427e-02   5.1573133908e-02   1.0137199019e+00   8.1695698985e-01  -1.3797879797e+00
   5.2583136887e-02   5.2276526946e-02   9.1977845186e-01   1.0944042606e+00  -1.3554512180e+00
   5.3143489943e-02   5.2889746828e-02   8.1575326947e-01   1.3081465009e+00  -1.2940435476e+00
   5.3624941126e-02   5.3397233058e-02   7.1228176117e-01   1.4670518899e+00  -1.2130863546e+00
   5.4065993007e-02   5.3852649194e-02   6.0877848424e-01   1.5878219899e+00  -1.1182030512e+00
   5.4485140998e-02   5.4279336821e-02   5.0523202975e-01   1.6768701174e+00  -1.0120439420e+00
   5.4894106685e-02   5.4690945176e-02   4.0198841272e-01   1.7367795805e+00  -8.9634334783e-01
   5.5301988632e-02   5.5097268195e-02   2.9879196668e-01   1.7684752122e+00  -7.7144885293e-01
   5.5717370336e-02   5.5506709070e-02   1.9533518989e-01   1.7707981716e+00  -6.3695480417e-01
   5.6150074514e-02   5.5928031601e-02   9.1740731608e-02   1.7405120603e+00  -4.9239523388e-01
   5.6613408208e-02   5.6372117426e-02  -1.1542017881e-02   1.6722239853e+00  -3.3714388199e-01
   5.7129137350e-02   5.6854698991e-02  -1.1505407472e-01   1.5552137573e+00  -1.6785062443e-01
   5.7742434313e-02   5.7403575710e-02  -2.1903696660e-01   1.3666928843e+00   2.1546425574e-02
   5.8458736725e-02   5.8081292916e-02  -3.1107919297e-01   1.0964559380e+00   2.1634568606e-01
   5.9194096488e-02   5.8836180533e-02  -3.7197046247e-01   7.8747550545e-01   3.7805489073e-01
   5.9928098542e-02   5.9552012443e-02  -4.0007684692e-01   4.7816571093e-01   4.9273216995e-01
   6.0765293216e-02   6.0304184641e-02  -3.9945033637e-01   1.6654786151e-01   5.6270738070e-01
   6.2139345620e-02   6.1226401791e-02  -3.5651388838e-01  -1.3330381844e-01   5.4360205921e-01
   6.3804920307e-02   6.3052289449e-02  -3.1491214662e-01  -8.7209697994e-02   3.8772531351e-01
   6.5026680019e-02   6.4557551165e-02  -3.3729561857e-01   2.2124850909e-01   2.5012894967e-01
   6.5917582574e-02   6.5495808874e-02  -3.9492383172e-01   5.3247436714e-01   1.8387195411e-01
   6.6781282952e-02   6.6339356274e-02  -4.7926598745e-01   8.3760021836e-01   1.7374823971e-01
   6.7648547940e-02   6.7223209629e-02  -5.8053499170e-01   1.0936366701e+00   2.3161989174e-01
   6.8529259313e-02   6.8073886251e-02  -6.8377070384e-01   1.2560175302e+00   3.6760258454e-01
   6.9379256489e-02   6.8984632375e-02  -7.6582956306e-01   1.2965235161e+00   5.6622636308e-01
   7.0113635686e-02   6.9773880603e-02  -8.0907616684e-01   1.2327030026e+00   7.8111396048e-01
   7.0774005961e-02   7.0453390769e-02  -8.1725574061e-01   1.1028721248e+00   9.9521528505e-01
   7.1419045440e-02   7.1094621152e-02  -7.9216042110e-01   9.2178657622e-01   1.2094174763e+00
   7.2094307296e-02   7.1743469729e-02  -7.2817359887e-01   6.9144650998e-01   1.4224883546e+00
   7.2739251398e-02   7.2445144864e-02  -6.3236161796e-01   4.5105591704e-01   1.5998183888e+00
   7.3274617200e-02   7.3033357932e-02  -5.2839482635e-01   2.4807167139e-01   1.7166970491e+00
   7.3729568423e-02   7.3515876467e-02  -4.2481688877e-01   8.0500050952e-02   1.7878564681e+00
   7.4140672001e-02   7.3943260379e-02  -3.2156434549e-01  -6.2586240736e-02   1.8262779888e+00
   7.4525590238e-02   7.4338083623e-02  -2.1796109372e-01  -1.8755339198e-01   1.8378218103e+00
   7.4895058772e-02   7.4713096853e-02  -1.1452020875e-01  -2.9709152207e-01   1.8250338980e+00
   7.5256827059e-02   7.5077020691e-02  -1.1087048471e-02  -3.9374762911e-01   1.7889884580e+00
   7.5617330842e-02   7.5436633427e-02   9.2162947051e-02  -4.7916634659e-01   1.7296168411e+00
   7.5982783668e-02   7.5798028257e-02   1.9549517915e-01  -5.5505160333e-01   1.6454276739e+00
   7.6360157911e-02   7.6167539079e-02   2.9884644690e-01  -6.2270712681e-01   1.5336284095e+00
   7.6758547281e-02   7.6552776743e-02   4.0234492018e-01  -6.8369846398e-01   1.3890953582e+00
   7.7186516772e-02   7.6964317818e-02   5.0458971006e-01  -7.3929398597e-01   1.2060562148e+00
   7.7615084587e-02   7.7408715727e-02   5.9624914231e-01  -7.8782660514e-01   9.9623207902e-01
   7.8011371358e-02   7.7821453448e-02   6.6935784983e-01  -8.2879744884e-01   7.8249997302e-01
   7.8380408010e-02   7.8201289268e-02   7.2678586456e-01  -8.6624807756e-01   5.6827135892e-01
   7.8731603932e-02   7.8559526752e-02   7.7099688373e-01  -9.0302763327e-01   3.5518377319e-01
   7.9071394135e-02   7.8903681112e-02   8.0436293468e-01  -9.4191807208e-01   1.4016212657e-01
   7.9404696982e-02   7.9239107158e-02   8.2751057723e-01  -9.8404890824e-01  -7.3161645030e-02
   7.9735718308e-02   7.9570286805e-02   8.4159495986e-01  -1.0313103132e+00  -2.8667425019e-01
   8.0068385878e-02   7.9901149811e-02   8.4710024124e-01  -1.0853051544e+00  -5.0059354558e-01
   8.0406840896e-02   8.0235621946e-02   8.4424075880e-01  -1.1477393638e+00  -7.1496588288e-01
   8.0755878499e-02   8.0578059845e-02   8.3310963888e-01  -1.2200490764e+00  -9.2833500633e-01
   8.1121710887e-02   8.0933697153e-02   8.1339081298e-01  -1.3052037314e+00  -1.1424471396e+00
   8.1513301394e-02   8.1309724621e-02   7.8452799258e-01  -1.4060543231e+00  -1.3560349676e+00
   8.1945581414e-02   8.1716878167e-02   7.4481087447e-01  -1.5288526693e+00  -1.5709573946e+00
   8.2448319741e-02   8.2174284662e-02   6.9148516118e-01  -1.6823404744e+00  -1.7853637514e+00
   8.3100180169e-02   8.2722354820e-02   6.1546108251e-01  -1.8924881856e+00  -2.0007367317e+00
   8.3924438765e-02   8.3478005518e-02   5.1833548160e-01  -2.1541260138e+00  -2.1619173965e+00
   8.4896732601e-02   8.4370872012e-02   4.1468922688e-01  -2.4163580176e+00  -2.1852680648e+00
   8.5878254704e-02   8.5422593189e-02   3.3020031564e-01  -2.5807796031e+00  -2.0392802377e+00
   8.6648686883e-02   8.6333916220e-02   2.7866352603e-01  -2.6078525011e+00  -1.8202959839e+00
   8.7230889487e-02   8.6963457547e-02   2.4644888440e-01  -2.5542788428e+00  -1.6054416564e+00
   8.7743081718e-02   8.7498321426e-02   2.2040038930e-01  -2.4510682340e+00  -1.3909506782e+00
   8.8221742624e-02   8.7987842010e-02   1.9603593645e-01  -2.3072056764e+00  -1.1773406875e+00
   8.8686350694e-02   8.8455643237e-02   1.7029214541e-01  -2.1238454419e+00  -9.6298836121e-01
   8.9151166177e-02   8.8917058151e-02   1.4080803794e-01  -1.9008720298e+00  -7.4928369202e-01
   8.9629079380e-02   8.9385274204e-02   1.0472599696e-01  -1.6337302998e+00  -5.3590586936e-01
   9.0106135982e-02   8.9872884556e-02   6.1281123029e-02  -1.3337903290e+00  -3.3501526867e-01
   9.0557171120e-02   9.0339387408e-02   1.2281730705e-02  -1.0257617032e+00  -1.6169261814e-01
   9.0983366573e-02   9.0774954832e-02  -4.1986705624e-02  -7.1738037102e-01  -1.6130347466e-02
   9.1395112893e-02   9.1191778313e-02  -1.0194108698e-01  -4.0955599685e-01   1.0447726604e-01
   9.1800126948e-02   9.1598447473e-02  -1.6827107720e-01  -1.0154114593e-01   2.0219047472e-01
   9.2204966350e-02   9.2001806422e-02  -2.4169950313e-01   2.0700458731e-01   2.7767215675e-01
   9.2616003033e-02   9.2408126277e-02  -3.2260312392e-01   5.1466181278e-01   3.3043268146e-01
   9.3040288760e-02   9.2823879790e-02  -4.1225974099e-01   8.2284522162e-01   3.5967403422e-01
   9.3481781256e-02   9.3256697730e-02  -5.1043296754e-01   1.1272031959e+00   3.6327542767e-01
   9.3928187029e-02   9.3706864782e-02  -6.1369768405e-01   1.4155828494e+00   3.4033795667e-01
   9.4370374824e-02   9.4149509276e-02  -7.1688276195e-01   1.6752108548e+00   2.9333350035e-01
   9.4817025351e-02   9.4591240372e-02  -8.2017997736e-01   1.9096400279e+00   2.2402043281e-01
   9.5280654885e-02   9.5042810331e-02  -9.2364929104e-01   2.1210100344e+00   1.3249320057e-01
   9.5780283470e-02   9.5518499440e-02  -1.0271714073e+00   2.3103247398e+00   1.6905166696e-02
   9.6355010723e-02   9.6042067500e-02  -1.1313126247e+00   2.4788499986e+00  -1.2999687441e-01
   9.7073630427e-02   9.6667953946e-02  -1.2301599163e+00   2.6177792773e+00  -3.1831023343e-01
   9.7979603313e-02   9.7479306907e-02  -1.2921169449e+00   2.6936339594e+00  -5.3342614538e-01
   9.9016046265e-02   9.8479899718e-02  -1.2613382978e+00   2.6730508858e+00  -7.0409532002e-01
   9.9840533011e-02   9.9552192812e-02  -1.1561489906e+00   2.5995392254e+00  -7.5817195598e-01
   1.0034911371e-01   1.0012887321e-01  -1.0515116413e+00   2.5346208266e+00  -7.4371438215e-01
   1.0075626484e-01   1.0056935421e-01  -9.4791943091e-01   2.4752777920e+00  -7.0494330448e-01
   1.0110966147e-01   1.0094317547e-01  -8.4441314868e-01   2.4192976915e+00  -6.5160029510e-01
   1.0142876018e-01   1.0127614746e-01  -7.4096339403e-01   2.3656526421e+00  -5.8798399662e-01
   1.0172399767e-01   1.0158137289e-01  -6.3768794277e-01   2.3136564515e+00  -5.1661504907e-01
   1.0200178083e-01   1.0186662246e-01  -5.3432954265e-01   2.2625897238e+00  -4.3884671521e-01
   1.0226639954e-01   1.0213693920e-01  -4.3069914920e-01   2.2118608439e+00  -3.5555326433e-01
   1.0252096677e-01   1.0239585987e-01  -3.2737945673e-01   2.1613054043e+00  -2.6797100562e-01
   1.0276787701e-01   1.0264607367e-01  -2.2466796211e-01   2.1106592336e+00  -1.7700493749e-01
   1.0300898590e-01   1.0288968036e-01  -1.2031140181e-01   2.0583961626e+00  -8.1039436790e-02
   1.0324586500e-01   1.0312829144e-01  -1.8086111329e-02   2.0060207969e+00   1.6061618206e-02
   1.0347989200e-01   1.0336343857e-01   8.6392172185e-02   1.9508670955e+00   1.1816303042e-01
   1.0371229315e-01   1.0359634543e-01   1.8906917786e-01   1.8946330653e+00   2.2107533543e-01
   1.0394425335e-01   1.0382824088e-01   2.9223286302e-01   1.8356510154e+00   3.2681675949e-01
   1.0417693436e-01   1.0406026582e-01   3.9624615536e-01   1.7731334918e+00   4.3562721172e-01
   1.0441152849e-01   1.0429360290e-01   4.9863976111e-01   1.7080278394e+00   5.4473283765e-01
   1.0464935145e-01   1.0452945407e-01   6.0301446022e-01   1.6373290233e+00   6.5783454410e-01
   1.0489186233e-01   1.0476924883e-01   7.0544181549e-01   1.5628970784e+00   7.7054354370e-01
   1.0514079382e-01   1.0501447583e-01   8.0929414340e-01   1.4813365538e+00   8.8642816874e-01
   1.0539831863e-01   1.0526711181e-01   9.1262177455e-01   1.3928094217e+00   1.0032220689e+00
   1.0566718469e-01   1.0552952545e-01   1.0156313155e+00   1.2956283370e+00   1.1210152441e+00
   1.0596441542e-01   1.0580484393e-01   1.1238697177e+00   1.1813299751e+00   1.2461251370e+00