# time = 3.2
# Grid points = 474
# Pressure (Pa) = 101325
#             1_pos             2_posf             3_uvel             4_vvel             5_wvel
  -1.0078238245e-01  -1.0094825900e-01   1.2572425986e+00   1.0725084542e+00   1.4094470532e+00
  -1.0044516217e-01  -1.0061650591e-01   1.3665626619e+00   9.1589574381e-01   1.5388464539e+00
  -1.0007250594e-01  -1.0027381844e-01   1.4720527223e+00   7.3189402685e-01   1.6643429964e+00
  -9.9611530053e-02  -9.9871193439e-02   1.5775767093e+00   4.9066484048e-01   1.7898548827e+00
  -9.9072002751e-02  -9.9351866668e-02   1.6642930029e+00   1.9333631099e-01   1.8915735563e+00
  -9.8518701287e-02  -9.8792138834e-02   1.7098896867e+00  -1.2267792578e-01   1.9415373538e+00
  -9.7970369673e-02  -9.8245263740e-02   1.7105958769e+00  -4.3862257243e-01   1.9346936799e+00
  -9.7409669426e-02  -9.7695475605e-02   1.6664820850e+00  -7.5470800563e-01   1.8709666473e+00
  -9.6852264736e-02  -9.7123863248e-02   1.5805242691e+00  -1.0515563911e+00   1.7550859008e+00
  -9.6368048175e-02  -9.6580666224e-02   1.4752418010e+00  -1.2863876989e+00   1.6173104612e+00
  -9.5972781558e-02  -9.6155430127e-02   1.3695021282e+00  -1.4576315215e+00   1.4818019766e+00
  -9.5625182777e-02  -9.5790132990e-02   1.2643237621e+00  -1.5888797051e+00   1.3493785161e+00
  -9.5306907447e-02  -9.5460232565e-02   1.1592785540e+00  -1.6916265567e+00   1.2193475019e+00
  -9.5008306614e-02  -9.5153582330e-02   1.0539718063e+00  -1.7717404857e+00   1.0912295026e+00
  -9.4723388078e-02  -9.4863030897e-02   9.4930667246e-01  -1.8319441476e+00   9.6617851650e-01
  -9.4448064566e-02  -9.4583745259e-02   8.4366658247e-01  -1.8751249715e+00   8.4239545332e-01
  -9.4179311001e-02  -9.4312383873e-02   7.3901691878e-01  -1.9017927155e+00   7.2233881998e-01
  -9.3914702652e-02  -9.4046238128e-02   6.3414146749e-01  -1.9133155840e+00   6.0476672717e-01
  -9.3652228255e-02  -9.3783167176e-02   5.2864944427e-01  -1.9099730084e+00   4.8951660633e-01
  -9.3390070688e-02  -9.3521289333e-02   4.2356495762e-01  -1.8919380308e+00   3.7799556964e-01
  -9.3126508606e-02  -9.3258852044e-02   3.1868931698e-01  -1.8593028238e+00   2.7028128605e-01
  -9.2859833215e-02  -9.2994165169e-02   2.1397881408e-01  -1.8118987960e+00   1.6668753870e-01
  -9.2588213003e-02  -9.2725501262e-02   1.0838153356e-01  -1.7485618726e+00   6.6697425049e-02
  -9.2309645459e-02  -9.2450924744e-02   3.8985038392e-03  -1.6698563523e+00  -2.7256370602e-02
  -9.2021772904e-02  -9.2168366173e-02  -1.0165378921e-01  -1.5731335554e+00  -1.1643805165e-01
  -9.1721723785e-02  -9.1875179635e-02  -2.0642165927e-01  -1.4586698215e+00  -1.9838731923e-01
  -9.1405842610e-02  -9.1568267935e-02  -3.1162168595e-01  -1.3234535583e+00  -2.7298581910e-01
  -9.1069188542e-02  -9.1243417285e-02  -4.1654983500e-01  -1.1659008173e+00  -3.3825801293e-01
  -9.0704694063e-02  -9.0894959798e-02  -5.2175007444e-01  -9.8176262389e-01  -3.9253865420e-01
  -9.0301467978e-02  -9.0514428328e-02  -6.2677624785e-01  -7.6673915764e-01  -4.3269778498e-01
  -8.9840805320e-02  -9.0088507629e-02  -7.3201385776e-01  -5.1196004020e-01  -4.5437314340e-01
  -8.9309444640e-02  -8.9593103012e-02  -8.3354066447e-01  -2.1529407963e-01  -4.5035966208e-01
  -8.8726583678e-02  -8.9025786268e-02  -9.2044856587e-01   1.0025476727e-01  -4.1630765534e-01
  -8.8094897685e-02  -8.8427381088e-02  -9.8671085608e-01   4.1707929178e-01  -3.5342055319e-01
  -8.7357627454e-02  -8.7762414282e-02  -1.0289782439e+00   7.3463042877e-01  -2.6201820537e-01
  -8.6322732674e-02  -8.6952840625e-02  -1.0290589520e+00   1.0576200786e+00  -1.3828888686e-01
  -8.5133699142e-02  -8.5692624723e-02  -9.5733760259e-01   1.2507647617e+00  -5.1926094621e-02
  -8.4200201405e-02  -8.4574773561e-02  -8.5026675215e-01   1.2751584114e+00  -5.2028750302e-02
  -8.3520468742e-02  -8.3825629250e-02  -7.4487497479e-01   1.2328301763e+00  -9.5141121963e-02
  -8.2949116349e-02  -8.3215308234e-02  -6.3984485049e-01   1.1675019922e+00  -1.5600714436e-01
  -8.2441970361e-02  -8.2682924464e-02  -5.3469171240e-01   1.0919079767e+00  -2.2507679926e-01
  -8.1977428138e-02  -8.2201016257e-02  -4.2979962498e-01   1.0117896924e+00  -2.9674935218e-01
  -8.1542550772e-02  -8.1753840018e-02  -3.2476476693e-01   9.2930044451e-01  -3.6797109368e-01
  -8.1128586945e-02  -8.1331261526e-02  -2.1980177414e-01   8.4558696478e-01  -4.3635337122e-01
  -8.0728952471e-02  -8.0925912364e-02  -1.1477221717e-01   7.6069070463e-01  -5.0036556028e-01
  -8.0338234750e-02  -8.0531992578e-02  -9.9043782629e-03   6.7440588775e-01  -5.5862542568e-01
  -7.9951544634e-02  -8.0144476921e-02   9.5209211839e-02   5.8556985568e-01  -6.1029092475e-01
  -7.9563994852e-02  -7.9758612348e-02   2.0029585451e-01   4.9314508962e-01  -6.5420086002e-01
  -7.9170147419e-02  -7.9369377356e-02   3.0523425653e-01   3.9546920247e-01  -6.8928044357e-01
  -7.8763220821e-02  -7.8970917482e-02   4.1028480226e-01   2.8974185574e-01  -7.1435432654e-01
  -7.8333604921e-02  -7.8555524160e-02   5.1541873532e-01   1.7205444286e-01  -7.2762808663e-01
  -7.7865528863e-02  -7.8111685683e-02   6.2058637625e-01   3.5860873831e-02  -7.2629230298e-01
  -7.7326744010e-02  -7.7619372044e-02   7.2621953719e-01  -1.3285883294e-01  -7.0480743137e-01
  -7.6640252210e-02  -7.7034115977e-02   8.3042314430e-01  -3.6772577707e-01  -6.4933091440e-01
  -7.5847134174e-02  -7.6246388443e-02   9.0215923085e-01  -6.6577862126e-01  -5.5520209149e-01
  -7.5073578176e-02  -7.5447879905e-02   9.1492303925e-01  -9.8084699689e-01  -4.4322220892e-01
  -7.4335019467e-02  -7.4699276447e-02   8.7130103731e-01  -1.2964704636e+00  -3.2967238586e-01
  -7.3645632412e-02  -7.3970762486e-02   7.8345574104e-01  -1.5929792135e+00  -2.2794974364e-01
  -7.3066799113e-02  -7.3320502337e-02   6.7774073101e-01  -1.8349862041e+00  -1.5118220185e-01
  -7.2593394203e-02  -7.2813095889e-02   5.7241500722e-01  -2.0216806578e+00  -9.7100210931e-02
  -7.2173121982e-02  -7.2373692517e-02   4.6714330733e-01  -2.1752209641e+00  -5.6623596355e-02
  -7.1783409722e-02  -7.1972551446e-02   3.6180925529e-01  -2.3042415140e+00  -2.5866935834e-02
  -7.1411663028e-02  -7.1594267998e-02   2.5697276501e-01  -2.4123100607e+00  -2.7746301732e-03
  -7.1049422103e-02  -7.1229058059e-02   1.5189998320e-01  -2.5022331228e+00   1.4231773551e-02
  -7.0690033363e-02  -7.0869786147e-02   4.6780447654e-02  -2.5743873241e+00   2.6075782059e-02
  -7.0327325108e-02  -7.0510280580e-02  -5.8494224089e-02  -2.6283555394e+00   3.3531583468e-02
  -6.9954685181e-02  -7.0144369636e-02  -1.6336600876e-01  -2.6624066164e+00   3.7262196872e-02
  -6.9563839973e-02  -6.9765000726e-02  -2.6854331336e-01  -2.6737693130e+00   3.7993906975e-02
  -6.9142694792e-02  -6.9362679219e-02  -3.7376837677e-01  -2.6567338592e+00   3.6568306358e-02
  -6.8670234348e-02  -6.8922710365e-02  -4.7907313055e-01  -2.6005746590e+00   3.4345421233e-02
  -6.8098456947e-02  -6.8417758330e-02  -5.8496980934e-01  -2.4797293921e+00   3.4301235908e-02
  -6.7379166249e-02  -6.7779155564e-02  -6.8017612960e-01  -2.2484796661e+00   4.4562590302e-02
  -6.6654107225e-02  -6.6979176935e-02  -7.3184976303e-01  -1.9361376280e+00   7.2291205256e-02
  -6.6046597510e-02  -6.6329037516e-02  -7.3903262826e-01  -1.6194709829e+00   1.1298944221e-01
  -6.5505219111e-02  -6.5764157503e-02  -7.1908811432e-01  -1.3028780726e+00   1.6363582843e-01
  -6.5000576827e-02  -6.5246280720e-02  -6.8020476609e-01  -9.8724246533e-01   2.2213245594e-01
  -6.4515596355e-02  -6.4754872934e-02  -6.2631256592e-01  -6.7058405143e-01   2.8724946704e-01
  -6.4037865179e-02  -6.4276319776e-02  -5.6012099798e-01  -3.5528164463e-01   3.5693727651e-01
  -6.3556143685e-02  -6.3799410582e-02  -4.8206108612e-01  -3.8354577957e-02   4.3011913895e-01
  -6.3057835839e-02  -6.3312876787e-02  -3.9279764550e-01   2.7740316960e-01   5.0393240314e-01
  -6.2537162517e-02  -6.2802794891e-02  -2.9281847009e-01   5.8725752726e-01   5.7406537345e-01
  -6.2010758658e-02  -6.2271530144e-02  -1.8798628293e-01   8.6997455253e-01   6.3151786458e-01
  -6.1488164689e-02  -6.1749987172e-02  -8.3147347202e-02   1.1110149006e+00   6.6886430841e-01
  -6.0957178860e-02  -6.1226342206e-02   2.2002615059e-02   1.3083596468e+00   6.8084463598e-01
  -6.0404418281e-02  -6.0688015513e-02   1.2680331986e-01   1.4543271225e+00   6.5999572556e-01
  -5.9812763167e-02  -6.0120821048e-02   2.3181669874e-01   1.5382181886e+00   5.9544879842e-01
  -5.9154553863e-02  -5.9504705286e-02   3.3688998947e-01   1.5391488269e+00   4.6976960721e-01
  -5.8459977024e-02  -5.8804402440e-02   4.3187711532e-01   1.4374803277e+00   2.7856779560e-01
  -5.7826170385e-02  -5.8115551607e-02   5.0189895251e-01   1.2599750848e+00   5.9058307602e-02
  -5.7272444630e-02  -5.7536789162e-02   5.4838355919e-01   1.0460977219e+00  -1.6044480374e-01
  -5.6753057894e-02  -5.7008100098e-02   5.7807336321e-01   8.0709052189e-01  -3.7924253446e-01
  -5.6240000265e-02  -5.6498015691e-02   5.9318535448e-01   5.4512703742e-01  -5.9816365204e-01
  -5.5706032980e-02  -5.5981984838e-02   5.9267951019e-01   2.5788038567e-01  -8.1760800931e-01
  -5.5131788015e-02  -5.5430081122e-02   5.7240848664e-01  -5.0928266646e-02  -1.0296491661e+00
  -5.4504465190e-02  -5.4833494907e-02   5.2555205355e-01  -3.6800206880e-01  -1.2159140677e+00
  -5.3820858483e-02  -5.4175435473e-02   4.4407555759e-01  -6.6581428284e-01  -1.3458873135e+00
  -5.3183830671e-02  -5.3466281492e-02   3.4017816941e-01  -8.8086993665e-01  -1.3859948176e+00
  -5.2661707481e-02  -5.2901379850e-02   2.3470025012e-01  -1.0010816449e+00  -1.3521396897e+00
  -5.2207954922e-02  -5.2422035113e-02   1.2973546567e-01  -1.0602976003e+00  -1.2727053376e+00
  -5.1796627308e-02  -5.1993874732e-02   2.4436836129e-02  -1.0769795682e+00  -1.1607866767e+00
  -5.1413510324e-02  -5.1599379884e-02  -8.0400160589e-02  -1.0611107409e+00  -1.0249524566e+00
  -5.1049478289e-02  -5.1227640764e-02  -1.8564075833e-01  -1.0189497989e+00  -8.6897580678e-01
  -5.0698010284e-02  -5.0871315813e-02  -2.9051378486e-01  -9.5499512565e-01  -6.9723123420e-01
  -5.0353887035e-02  -5.0524704754e-02  -3.9588878652e-01  -8.7155995085e-01  -5.1052237285e-01
  -5.0012497668e-02  -5.0183069317e-02  -5.0081784568e-01  -7.7129389930e-01  -3.1206514792e-01
  -4.9669512498e-02  -4.9841926020e-02  -6.0570256596e-01  -6.5510468128e-01  -1.0220906001e-01
  -4.9325811362e-02  -4.9497098975e-02  -7.0879889877e-01  -5.2574801379e-01   1.1476225822e-01
  -4.8983768984e-02  -4.9154523749e-02  -8.0805236047e-01  -3.8657524444e-01   3.3374191582e-01
  -4.8639589855e-02  -4.8813014220e-02  -9.0288853512e-01  -2.3883796244e-01   5.5288250826e-01
  -4.8286435170e-02  -4.8466165489e-02  -9.9297682610e-01  -8.2672986308e-02   7.7136821761e-01
  -4.7915712547e-02  -4.8106704851e-02  -1.0785710066e+00   8.4430074930e-02   9.9081715109e-01
  -4.7514690226e-02  -4.7724720242e-02  -1.1579758669e+00   2.6394504635e-01   1.2095226131e+00
  -4.7060062268e-02  -4.7304660209e-02  -1.2295165263e+00   4.6339626126e-01   1.4294098087e+00
  -4.6492127949e-02  -4.6815464327e-02  -1.2866196879e+00   6.9929972558e-01   1.6508769692e+00
  -4.5720574098e-02  -4.6168791572e-02  -1.3007557111e+00   9.8815103901e-01   1.8436574202e+00
  -4.4892668349e-02  -4.5272356625e-02  -1.2339514378e+00   1.2534793306e+00   1.9102746253e+00
  -4.4268591955e-02  -4.4512980072e-02  -1.1260874993e+00   1.4215285429e+00   1.8643301396e+00
  -4.3826865053e-02  -4.4024203838e-02  -1.0202643482e+00   1.5242649017e+00   1.7847127918e+00
  -4.3457482931e-02  -4.3629526267e-02  -9.1495938110e-01   1.6009079754e+00   1.6927039259e+00
  -4.3129417404e-02  -4.3285439595e-02  -8.0976470417e-01   1.6625820262e+00   1.5944367589e+00
  -4.2828379630e-02  -4.2973395213e-02  -7.0463192621e-01   1.7142622915e+00   1.4928991637e+00
  -4.2546254351e-02  -4.2683364048e-02  -5.9961469911e-01   1.7586837561e+00   1.3898923542e+00
  -4.2277842626e-02  -4.2409144655e-02  -4.9472600124e-01   1.7975325268e+00   1.2865624970e+00
  -4.2019545952e-02  -4.2146540598e-02  -3.8933509057e-01   1.8321023829e+00   1.1830969054e+00
  -4.1768677891e-02  -4.1892551307e-02  -2.8417783508e-01   1.8628640909e+00   1.0808427776e+00
  -4.1523100990e-02  -4.1644804474e-02  -1.7894977698e-01   1.8904158283e+00   9.8001057153e-01
  -4.1281049417e-02  -4.1401397505e-02  -7.4020655563e-02   1.9150006621e+00   8.8138396525e-01
  -4.1040988074e-02  -4.1160701329e-02   3.0759295576e-02   1.9368751900e+00   7.8519784420e-01
  -4.0801523669e-02  -4.0921274820e-02   1.3550921643e-01   1.9561659576e+00   6.9170690738e-01
  -4.0561307587e-02  -4.0681772518e-02   2.4137412798e-01   1.9730290439e+00   6.0032984763e-01
  -4.0318981695e-02  -4.0440842656e-02   3.4619938829e-01   1.9870276572e+00   5.1332659199e-01
  -4.0073125482e-02  -4.0197120734e-02   4.5112680292e-01   1.9981800324e+00   4.3010822994e-01
  -3.9822166397e-02  -3.9949130230e-02   5.5615190525e-01   2.0061843436e+00   3.5116268693e-01
  -3.9564293992e-02  -3.9695202564e-02   6.6110704259e-01   2.0106052658e+00   2.7715890627e-01
  -3.9297327672e-02  -3.9433385421e-02   7.6613528319e-01   2.0108552287e+00   2.0864120051e-01
  -3.9018499720e-02  -3.9161269924e-02   8.7143269359e-01   2.0060771713e+00   1.4630823599e-01
  -3.8724180878e-02  -3.8875729516e-02   9.7642455643e-01   1.9951126591e+00   9.1516118916e-02
  -3.8409311309e-02  -3.8572632241e-02   1.0815717337e+00   1.9762013906e+00   4.5353326997e-02
  -3.8066309385e-02  -3.8245990376e-02   1.1867221794e+00   1.9466825779e+00   9.8242293296e-03
  -3.7682767807e-02  -3.7886628395e-02   1.2919182115e+00   1.9020892667e+00  -1.2135151877e-02
  -3.7235230874e-02  -3.7478907219e-02   1.3972671473e+00   1.8339279844e+00  -1.5394901096e-02
  -3.6665041455e-02  -3.6991554528e-02   1.5035339076e+00   1.7207452933e+00   1.1748472914e-02
  -3.5849268883e-02  -3.6338528382e-02   1.6004201371e+00   1.5073896881e+00   9.8444511531e-02
  -3.4934529325e-02  -3.5360009385e-02   1.6398541155e+00   1.2041679090e+00   2.3404083986e-01
  -3.4138089779e-02  -3.4509049266e-02   1.6172508977e+00   8.8861083245e-01   3.6205176327e-01
  -3.3427753424e-02  -3.3767130292e-02   1.5571729925e+00   5.7279552804e-01   4.6603310883e-01
  -3.2768470667e-02  -3.3088376556e-02   1.4718658422e+00   2.5778313598e-01   5.4230392710e-01
  -3.2163193416e-02  -3.2448564779e-02   1.3709776325e+00  -4.6205161270e-02   5.8914544737e-01
  -3.1628983282e-02  -3.1877822053e-02   1.2658824395e+00  -3.2164331856e-01   6.0869731969e-01
  -3.1154883483e-02  -3.1380144511e-02   1.1608326043e+00  -5.6941423684e-01   6.0766914429e-01
  -3.0721030197e-02  -3.0929622455e-02   1.0557367425e+00  -7.9659416123e-01   5.9122340432e-01
  -3.0316202257e-02  -3.0512437939e-02   9.5085121196e-01  -1.0063621491e+00   5.6268923758e-01
  -2.9933162482e-02  -3.0119966574e-02   8.4577955565e-01  -1.2016711401e+00   5.2419330563e-01
  -2.9566778208e-02  -2.9746358389e-02   7.4087096928e-01  -1.3831336103e+00   4.7743721914e-01
  -2.9213104304e-02  -2.9387198027e-02   6.3577378248e-01  -1.5520624241e+00   4.2340143177e-01
  -2.8868915328e-02  -2.9039010582e-02   5.3080021592e-01  -1.7082243702e+00   3.6303650264e-01
  -2.8531391577e-02  -2.8698820075e-02   4.2606052751e-01  -1.8514762068e+00   2.9697151079e-01
  -2.8197945920e-02  -2.8363963079e-02   3.2059526125e-01  -1.9826035717e+00   2.2483188987e-01
  -2.7866034469e-02  -2.8031928761e-02   2.1590062791e-01  -2.0989917887e+00   1.4770064630e-01
  -2.7532995240e-02  -2.7700140178e-02   1.1081500562e-01  -2.2008550671e+00   6.4584600118e-02
  -2.7195869772e-02  -2.7365850303e-02   5.6551299736e-03  -2.2860068565e+00  -2.4775129179e-02
  -2.6851147343e-02  -2.7025889240e-02  -9.9265030357e-02  -2.3517698628e+00  -1.2088848698e-01
  -2.6494359899e-02  -2.6676405446e-02  -2.0427370476e-01  -2.3948076385e+00  -2.2531874076e-01
  -2.6119336795e-02  -2.6312314351e-02  -3.0940428167e-01  -2.4096352205e+00  -3.4017234514e-01
  -2.5716786172e-02  -2.5926359239e-02  -4.1452715289e-01  -2.3876136267e+00  -4.6866835575e-01
  -2.5270973738e-02  -2.5507213105e-02  -5.1964264128e-01  -2.3138859517e+00  -6.1671760906e-01
  -2.4751805077e-02  -2.5034734371e-02  -6.2500017174e-01  -2.1577080017e+00  -7.9697935573e-01
  -2.4183403915e-02  -2.4468875783e-02  -7.1638049712e-01  -1.8995605814e+00  -1.0019148306e+00
  -2.3666568091e-02  -2.3897932048e-02  -7.7648895689e-01  -1.5860271244e+00  -1.1945899174e+00
  -2.3236850165e-02  -2.3435204134e-02  -8.0900740789e-01  -1.2686807676e+00  -1.3589077388e+00
  -2.2860405374e-02  -2.3038496197e-02  -8.2467687361e-01  -9.5212053346e-01  -1.5049535094e+00
  -2.2517735831e-02  -2.2682314550e-02  -8.2908499951e-01  -6.3605570565e-01  -1.6389405260e+00
  -2.2197967230e-02  -2.2353157113e-02  -8.2531826563e-01  -3.1888242966e-01  -1.7648165147e+00
  -2.1894080386e-02  -2.2042777347e-02  -8.1539024092e-01  -3.1920505385e-03  -1.8836005783e+00
  -2.1601048032e-02  -2.1745383425e-02  -8.0063038120e-01   3.1309910780e-01  -1.9974535775e+00
  -2.1314981282e-02  -2.1456712640e-02  -7.8197544027e-01   6.3042394848e-01  -2.1074008620e+00
  -2.1032537987e-02  -2.1173249924e-02  -7.6045918161e-01   9.4504737283e-01  -2.2128272645e+00
  -2.0750594001e-02  -2.0891826050e-02  -7.3630850525e-01   1.2628792870e+00  -2.3161347453e+00
  -2.0465944701e-02  -2.0609361952e-02  -7.1046444537e-01   1.5785865915e+00  -2.4158277144e+00
  -2.0174945680e-02  -2.0322527451e-02  -6.8326663400e-01   1.8945696819e+00  -2.5128002800e+00
  -1.9872975583e-02  -2.0027363910e-02  -6.5516618800e-01   2.2115295553e+00  -2.6071560346e+00
  -1.9553547338e-02  -1.9718587256e-02  -6.2693167618e-01   2.5274920845e+00  -2.6979548021e+00
  -1.9206200825e-02  -1.9388507419e-02  -5.9914927638e-01   2.8447477587e+00  -2.7850173500e+00
  -1.8810608700e-02  -1.9023894230e-02  -5.7316371658e-01   3.1629701757e+00  -2.8662768167e+00
  -1.8310624493e-02  -1.8597323171e-02  -5.5198707676e-01   3.4838023795e+00  -2.9363965553e+00
  -1.7376084877e-02  -1.8023925816e-02  -5.5902026881e-01   3.7757137434e+00  -2.9435899347e+00
  -1.6361473008e-02  -1.6728243938e-02  -6.3065003662e-01   3.6595438996e+00  -2.7727192725e+00
  -1.5769784112e-02  -1.5994702079e-02  -7.0682131452e-01   3.3402345119e+00  -2.5642688393e+00
  -1.5368316519e-02  -1.5544866144e-02  -7.7072900216e-01   3.0208675405e+00  -2.3757910052e+00
  -1.5040009935e-02  -1.5191766894e-02  -8.2871052399e-01   2.7033838400e+00  -2.1946501404e+00
  -1.4751958051e-02  -1.4888252977e-02  -8.8300218142e-01   2.3854331817e+00  -2.0159552150e+00
  -1.4489868121e-02  -1.4615663125e-02  -9.3391075285e-01   2.0700212090e+00  -1.8398302711e+00
  -1.4245869114e-02  -1.4364073118e-02  -9.8229994467e-01   1.7546428917e+00  -1.6640121717e+00
  -1.4015161703e-02  -1.4127665111e-02  -1.0288811195e+00   1.4359153950e+00  -1.4860640287e+00
  -1.3794388883e-02  -1.3902658294e-02  -1.0726451955e+00   1.1218270570e+00  -1.3100546741e+00
  -1.3581066347e-02  -1.3686119471e-02  -1.1146551866e+00   8.0555895004e-01  -1.1318651835e+00
  -1.3373346156e-02  -1.3476013224e-02  -1.1548304488e+00   4.8760222992e-01  -9.5148334651e-01
  -1.3169679536e-02  -1.3270679088e-02  -1.1926770038e+00   1.7189208020e-01  -7.7090259140e-01
  -1.2968738547e-02  -1.3068679983e-02  -1.2284799947e+00  -1.4401663614e-01  -5.8850894023e-01
  -1.2769353730e-02  -1.2868797112e-02  -1.2621989381e+00  -4.6041620538e-01  -4.0388553642e-01
  -1.2570423149e-02  -1.2669910348e-02  -1.2937366212e+00  -7.7745303356e-01  -2.1667113527e-01
  -1.2370860217e-02  -1.2470935950e-02  -1.3228018741e+00  -1.0934786289e+00  -2.7552889432e-02
  -1.2169546485e-02  -1.2270784484e-02  -1.3493201557e+00  -1.4093884138e+00   1.6432230675e-01
  -1.1965273712e-02  -1.2068308486e-02  -1.3730623898e+00  -1.7250744409e+00   3.5928033111e-01
  -1.1756643945e-02  -1.1862238938e-02  -1.3938898553e+00  -2.0431936491e+00   5.5950498149e-01
  -1.1541999716e-02  -1.1651048951e-02  -1.4111132674e+00  -2.3593436628e+00   7.6286143732e-01
  -1.1319332866e-02  -1.1432950480e-02  -1.4242794766e+00  -2.6728939611e+00   9.6962022593e-01
  -1.1086298791e-02  -1.1205715251e-02  -1.4329191024e+00  -2.9919606230e+00   1.1863465044e+00
  -1.0843465145e-02  -1.0966882331e-02  -1.4356954586e+00  -3.3008791117e+00   1.4037843232e+00
  -1.0592124939e-02  -1.0720047958e-02  -1.4317976664e+00  -3.5983842771e+00   1.6223056644e+00
  -1.0330347527e-02  -1.0464201920e-02  -1.4201933211e+00  -3.8801212137e+00   1.8403994221e+00
  -1.0054650189e-02  -1.0196493133e-02  -1.3991564102e+00  -4.1462559226e+00   2.0608025368e+00
  -9.7601878255e-03  -9.9128072453e-03  -1.3670690029e+00  -4.3868210114e+00   2.2788817106e+00
  -9.4395871471e-03  -9.6075684056e-03  -1.3204332891e+00  -4.5990603914e+00   2.4978968063e+00
  -9.0801696580e-03  -9.2716058886e-03  -1.2540034116e+00  -4.7708189524e+00   2.7169648720e+00
  -8.6811571506e-03  -8.8887334274e-03  -1.1631279033e+00  -4.8779616104e+00   2.9257671484e+00
  -8.2920223319e-03  -8.4735808737e-03  -1.0584421526e+00  -4.8976395049e+00   3.0924213088e+00
  -7.9471124190e-03  -8.1104637901e-03  -9.5339842122e-01  -4.8446451371e+00   3.2075597005e+00
  -7.6328359507e-03  -7.7837610478e-03  -8.4817702882e-01  -4.7402838261e+00   3.2857833281e+00
  -7.3398680199e-03  -7.4819108535e-03  -7.4298415680e-01  -4.5970259228e+00   3.3353646229e+00
  -7.0622772462e-03  -7.1978251862e-03  -6.3810863747e-01  -4.4233310577e+00   3.3616039586e+00
  -6.7959756805e-03  -6.9267293062e-03  -5.3317535804e-01  -4.2239978042e+00   3.3681281070e+00
  -6.5379587374e-03  -6.6652220548e-03  -4.2793605989e-01  -4.0022116823e+00   3.3571843355e+00
  -6.2858462548e-03  -6.4106954201e-03  -3.2268296485e-01  -3.7612988265e+00   3.3303149560e+00
  -6.0376341627e-03  -6.1609970895e-03  -2.1753778478e-01  -3.5037311594e+00   3.2886555969e+00
  -5.7915525295e-03  -5.9142712359e-03  -1.1250619666e-01  -3.2312517071e+00   3.2329213878e+00
  -5.5459500817e-03  -5.6688338231e-03  -7.5288726277e-03  -2.9450317309e+00   3.1634144033e+00
  -5.2991908674e-03  -5.4230663403e-03   9.7469459931e-02  -2.6458480620e+00   3.0800428382e+00
  -5.0504053928e-03  -5.1753153946e-03   2.0216500976e-01  -2.3353893357e+00   2.9827225374e+00
  -4.8017987689e-03  -4.9254953910e-03   3.0482896752e-01  -2.0196596646e+00   2.8727874978e+00
  -4.5547447645e-03  -4.6781021469e-03   4.0422429993e-01  -1.7035239417e+00   2.7515031343e+00
  -4.3071742676e-03  -4.4313873821e-03   5.0058699899e-01  -1.3871951723e+00   2.6183959556e+00
  -4.0566365527e-03  -4.1829611532e-03   5.9415910487e-01  -1.0705045901e+00   2.4723975431e+00
  -3.8004423066e-03  -3.9303119521e-03   6.8496938976e-01  -7.5367104729e-01   2.3120794769e+00
  -3.5354012206e-03  -3.6705726610e-03   7.7276437236e-01  -4.3762646663e-01   2.1357770097e+00
  -3.2574515295e-03  -3.4002297802e-03   8.5766647254e-01  -1.2155155823e-01   1.9398442045e+00
  -2.9711147465e-03  -3.1146732787e-03   9.3665620058e-01   1.8365431995e-01   1.7275738400e+00
  -2.6898895165e-03  -2.8275562142e-03   1.0059105661e+00   4.6283282745e-01   1.5073819201e+00
  -2.4191615079e-03  -2.5522228188e-03   1.0629331456e+00   7.0420328819e-01   1.2896546178e+00
  -2.1567079318e-03  -2.2861001969e-03   1.1097421933e+00   9.1421126648e-01   1.0710819424e+00
  -1.9008136141e-03  -2.0273156667e-03   1.1468991208e+00   1.0938817186e+00   8.5213108179e-01
  -1.6500310070e-03  -1.7743115615e-03   1.1749278241e+00   1.2442848207e+00   6.3318392869e-01
  -1.4030993729e-03  -1.5257504524e-03   1.1943231907e+00   1.3665603194e+00   4.1443420396e-01
  -1.1588843728e-03  -1.2804482934e-03   1.2055237473e+00   1.4617914955e+00   1.9592732657e-01
  -9.1632777393e-04  -1.0373204522e-03   1.2088926530e+00   1.5309094516e+00  -2.2401663804e-02
  -6.7440230103e-04  -7.9533509561e-04   1.2047059277e+00   1.5746243379e+00  -2.4069047909e-01
  -4.3206037760e-04  -5.5346950646e-04   1.1930191990e+00   1.5933338741e+00  -4.6057379492e-01
  -1.8819306415e-04  -3.1065124873e-04   1.1740929894e+00   1.5869637683e+00  -6.7919698332e-01
   5.8411539529e-05  -6.5734879561e-05   1.1479930339e+00   1.5558487114e+00  -8.9765644230e-01
   3.0914015449e-04   1.8255795862e-04   1.1146694965e+00   1.4997277283e+00  -1.1162507587e+00
   5.6564574540e-04   4.3572235036e-04   1.0740441862e+00   1.4181071655e+00  -1.3347539048e+00
   8.2998862772e-04   6.9556914045e-04   1.0258191708e+00   1.3098760446e+00  -1.5534700101e+00
   1.1048846379e-03   9.6440811499e-04   9.6939495550e-01   1.1729447106e+00  -1.7729906821e+00
   1.3940303415e-03   1.2453611608e-03   9.0460060625e-01   1.0060437979e+00  -1.9914634034e+00
   1.7028113805e-03   1.5426995223e-03   8.3018294556e-01   8.0488487741e-01  -2.2098556560e+00
   2.0399917444e-03   1.8629232387e-03   7.4382671026e-01   5.6148779871e-01  -2.4293483929e+00
   2.4109506114e-03   2.2170602500e-03   6.4516777615e-01   2.7269183765e-01  -2.6435681180e+00
   2.7950558746e-03   2.6048409728e-03   5.4181597355e-01  -4.0297153491e-02  -2.8316751940e+00
   3.1736774141e-03   2.9852707764e-03   4.4026156097e-01  -3.5739377293e-01  -2.9817831622e+00
   3.5534931761e-03   3.3620840518e-03   3.4184364289e-01  -6.7328666828e-01  -3.0932815051e+00
   3.9447349933e-03   3.7449023004e-03   2.4569555527e-01  -9.8988820318e-01  -3.1660406525e+00
   4.3605852997e-03   4.1445676863e-03   1.5168984515e-01  -1.3070404024e+00  -3.1947352075e+00
   4.8229631015e-03   4.5766029132e-03   5.9767984556e-02  -1.6241859311e+00  -3.1671721041e+00
   5.3742429853e-03   5.0693232898e-03  -3.0063336788e-02  -1.9392997193e+00  -3.0538858379e+00
   5.9360844740e-03   5.6791626809e-03  -9.8490730274e-02  -2.1780974725e+00  -2.8567208112e+00
   6.3986118504e-03   6.1930062672e-03  -1.3627455567e-01  -2.3014907201e+00  -2.6362157870e+00
   6.7837678240e-03   6.6042174335e-03  -1.5506590561e-01  -2.3490977489e+00  -2.4168448354e+00
   7.1269695380e-03   6.9633182146e-03  -1.6260096343e-01  -2.3476156945e+00  -2.1970337318e+00
   7.4438349137e-03   7.2906208615e-03  -1.6231525367e-01  -2.3090912505e+00  -1.9786478528e+00
   7.7431009766e-03   7.5970489660e-03  -1.5618744353e-01  -2.2398886948e+00  -1.7599488794e+00
   8.0302974960e-03   7.8891529873e-03  -1.4541691964e-01  -2.1438683191e+00  -1.5414345434e+00
   8.3093380393e-03   8.1714420047e-03  -1.3070720077e-01  -2.0224985766e+00  -1.3217723904e+00
   8.5832357158e-03   8.4472340739e-03  -1.1282555168e-01  -1.8787579103e+00  -1.1036749254e+00
   8.8544747308e-03   8.7192373578e-03  -9.2047761770e-02  -1.7122518084e+00  -8.8514968576e-01
   9.1252256038e-03   8.9897121039e-03  -6.8569802775e-02  -1.5223324662e+00  -6.6547345097e-01
   9.3975256042e-03   9.2607391038e-03  -4.2978925025e-02  -1.3117816214e+00  -4.4792024356e-01
   9.6734259482e-03   9.5343121047e-03  -1.4908101608e-02  -1.0756721926e+00  -2.2809318770e-01
   9.9550788778e-03   9.8125397918e-03   1.4963205096e-02  -8.1789096023e-01  -1.0555208338e-02
   1.0244914248e-02   1.0097617964e-02   4.7171148629e-02  -5.3194943728e-01   2.0895544182e-01
   1.0540578163e-02   1.0392210532e-02   8.0757092745e-02  -2.2460202637e-01   4.2407654673e-01
   1.0831882869e-02   1.0688945795e-02   1.1426295275e-01   9.1536678478e-02   6.2664700101e-01
   1.1113954392e-02   1.0974819943e-02   1.4666158298e-01   4.0642585227e-01   8.1228278221e-01
   1.1389792904e-02   1.1253088841e-02   1.7848880700e-01   7.2466533378e-01   9.8557715275e-01
   1.1662012022e-02   1.1526496967e-02   2.0916055997e-01   1.0397114623e+00   1.1445510750e+00
   1.1932985957e-02   1.1797527076e-02   2.3914328818e-01   1.3555688233e+00   1.2926420863e+00
   1.2205009694e-02   1.2068444837e-02   2.6857860336e-01   1.6732314091e+00   1.4311424042e+00
   1.2480480596e-02   1.2341574551e-02   2.9703359070e-01   1.9874050048e+00   1.5586396413e+00
   1.2762156534e-02   1.2619386642e-02   3.2525499943e-01   2.3059033067e+00   1.6789167539e+00
   1.3053403532e-02   1.2904926427e-02   3.5261200452e-01   2.6213398266e+00   1.7896357292e+00
   1.3358647507e-02   1.3201880637e-02   3.7943614621e-01   2.9373290937e+00   1.8926077933e+00
   1.3684408314e-02   1.3515414377e-02   4.0573884440e-01   3.2543989055e+00   1.9882061244e+00
   1.4041193311e-02   1.3853402251e-02   4.3125355613e-01   3.5705113089e+00   2.0759547632e+00
   1.4449235568e-02   1.4228984370e-02   4.5596177081e-01   3.8888678121e+00   2.1565802147e+00
   1.4961518333e-02   1.4669486766e-02   4.7894093827e-01   4.2089477704e+00   2.2290914734e+00
   1.5652334471e-02   1.5253549900e-02   4.9393079943e-01   4.4861843756e+00   2.2824608444e+00
   1.6449903614e-02   1.6051119042e-02   4.8572167088e-01   4.5735848869e+00   2.2904379857e+00
   1.7257691398e-02   1.6848688185e-02   4.4541333951e-01   4.3946255756e+00   2.2466901680e+00
   1.7916668064e-02   1.7666694611e-02   3.8838110051e-01   4.0652486764e+00   2.1780862591e+00
   1.8368858243e-02   1.8166641517e-02   3.3603702015e-01   3.7467446715e+00   2.1140826222e+00
   1.8748392702e-02   1.8571074969e-02   2.8452570814e-01   3.4296295714e+00   2.0504418869e+00
   1.9087676089e-02   1.8925710435e-02   2.3308174084e-01   3.1121203609e+00   1.9859888199e+00
   1.9401474255e-02   1.9249641743e-02   1.8190750500e-01   2.7963826792e+00   1.9206753406e+00
   1.9698201828e-02   1.9553306766e-02   1.3068532201e-01   2.4806208000e+00   1.8537731954e+00
   1.9983259031e-02   1.9843096890e-02   7.9188223317e-02   2.1632224700e+00   1.7846011940e+00
   2.0260565001e-02   2.0123421171e-02   2.8115926581e-02   1.8480323982e+00   1.7136970507e+00
   2.0533196692e-02   2.0397708831e-02  -2.3169274544e-02   1.5304236323e+00   1.6397051654e+00
   2.0803743285e-02   2.0668684553e-02  -7.3679001325e-02   1.2156157178e+00   1.5635126832e+00
   2.1074588718e-02   2.0938802017e-02  -1.2404226844e-01   8.9851587232e-01   1.4835188200e+00
   2.1348078405e-02   2.1210375419e-02  -1.7351520235e-01   5.8226038838e-01   1.4000502936e+00
   2.1626704965e-02   2.1485781390e-02  -2.2186381334e-01   2.6637869678e-01   1.3124786831e+00
   2.1913307219e-02   2.1767628539e-02  -2.6870320301e-01  -4.9249890182e-02   1.2201400480e+00
   2.2211406383e-02   2.2058985899e-02  -3.1372858695e-01  -3.6645427432e-01   1.1215985173e+00
   2.2525654561e-02   2.2363826867e-02  -3.5585708776e-01  -6.8334828161e-01   1.0162306075e+00
   2.2862582007e-02   2.2687482255e-02  -3.9382295603e-01  -9.9908760254e-01   9.0272299538e-01
   2.3232400421e-02   2.3037681759e-02  -4.2597347672e-01  -1.3154325833e+00   7.7792227403e-01
   2.3653379885e-02   2.3427119083e-02  -4.4891773655e-01  -1.6328313279e+00   6.3709685349e-01
   2.4165878861e-02   2.3879640687e-02  -4.5518063266e-01  -1.9516053544e+00   4.7047733166e-01
   2.4821883813e-02   2.4452117035e-02  -4.2691172462e-01  -2.2466937963e+00   2.7004547658e-01
   2.5557842804e-02   2.5191650591e-02  -3.4855791976e-01  -2.4332160195e+00   6.7164717506e-02
   2.6202892631e-02   2.5924035017e-02  -2.4339819363e-01  -2.4783355147e+00  -8.7029476448e-02
   2.6722567550e-02   2.6481750245e-02  -1.3786698267e-01  -2.4410476285e+00  -1.9340032796e-01
   2.7186284834e-02   2.6963384854e-02  -3.2632788589e-02  -2.3607725028e+00  -2.7486901274e-01
   2.7625008162e-02   2.7409184814e-02   7.2804277079e-02  -2.2505996391e+00  -3.4098726507e-01
   2.8057927303e-02   2.7840831511e-02   1.7777845450e-01  -2.1165341306e+00  -3.9624334668e-01
   2.8502478409e-02   2.8275023096e-02   2.8309110901e-01  -1.9583140113e+00  -4.4428014389e-01
   2.8981992198e-02   2.8729933723e-02   3.8850795973e-01  -1.7721751369e+00  -4.8762449346e-01
   2.9545311761e-02   2.9234050673e-02   4.9466023008e-01  -1.5426535125e+00  -5.2994869236e-01
   3.0246594159e-02   2.9856572850e-02   5.8935781973e-01  -1.2563990070e+00  -5.7411470837e-01
   3.1063689974e-02   3.0636615468e-02   6.3512199396e-01  -9.4061160249e-01  -6.1980197019e-01
   3.1938658055e-02   3.1490764479e-02   5.9657438724e-01  -6.4270699760e-01  -6.6614248946e-01
   3.2676426813e-02   3.2386551630e-02   4.9608154532e-01  -4.3083246604e-01  -7.0315159057e-01
   3.3192691857e-02   3.2966301995e-02   3.8986508326e-01  -3.0699221210e-01  -7.2611701285e-01
   3.3616045709e-02   3.3419081719e-02   2.8440885861e-01  -2.2060552138e-01  -7.4157777590e-01
   3.3993385181e-02   3.3813009700e-02   1.7919131043e-01  -1.5495937069e-01  -7.5167717718e-01
   3.4344273697e-02   3.4173760662e-02   7.3883833299e-02  -1.0327002431e-01  -7.5707682366e-01
   3.4679778634e-02   3.4514786733e-02  -3.1212689539e-02  -6.2304920708e-02  -7.5788732817e-01
   3.5007498501e-02   3.4844770536e-02  -1.3614272211e-01  -3.0090697119e-02  -7.5398136210e-01
   3.5333568307e-02   3.5170226466e-02  -2.4137107321e-01  -5.4735807191e-03  -7.4492966613e-01
   3.5663837784e-02   3.5496910148e-02  -3.4632448254e-01   1.1866637715e-02  -7.3013350477e-01
   3.6004910406e-02   3.5830765421e-02  -4.5164589127e-01   2.1947355560e-02  -7.0847786938e-01
   3.6365526617e-02   3.6179055391e-02  -5.5673487059e-01   2.4001999596e-02  -6.7848831001e-01
   3.6759515022e-02   3.6551997843e-02  -6.6214825960e-01   1.6324171241e-02  -6.3729976345e-01
   3.7214255582e-02   3.6967032202e-02  -7.6768856320e-01  -5.0993203520e-03  -5.7958250555e-01
   3.7815872359e-02   3.7461478963e-02  -8.7518970691e-01  -5.3570276559e-02  -4.8837215471e-01
   3.8761976264e-02   3.8170265754e-02  -9.5586111266e-01  -1.7127621746e-01  -3.2403184638e-01
   3.9826308565e-02   3.9353686773e-02  -9.1917651061e-01  -3.4619078791e-01  -1.3992846921e-01
   4.0572612197e-02   4.0298930357e-02  -8.1115411453e-01  -4.8433668588e-01  -3.3780913309e-02
   4.1063709407e-02   4.0846294037e-02  -7.0518064503e-01  -5.7553744041e-01   1.5415519114e-02
   4.1470709677e-02   4.1281124777e-02  -5.9961922278e-01  -6.4783271431e-01   4.0385115989e-02
   4.1833322633e-02   4.1660294576e-02  -4.9458148640e-01  -7.0731237531e-01   4.8903183593e-02
   4.2168656091e-02   4.2006350689e-02  -3.8933018934e-01  -7.5691462239e-01   4.4455014732e-02
   4.2486199490e-02   4.2330961493e-02  -2.8438692274e-01  -7.9757742368e-01   2.8885703407e-02
   4.2792118981e-02   4.2641437487e-02  -1.7918061630e-01  -8.3006936886e-01   3.1964167875e-03
   4.3090877571e-02   4.2942800476e-02  -7.4049681273e-02  -8.5439634410e-01  -3.1923369455e-02
   4.3386074454e-02   4.3238954666e-02   3.0959346944e-02  -8.7042242484e-01  -7.6064664226e-02
   4.3680882498e-02   4.3533194241e-02   1.3594198741e-01  -8.7776556761e-01  -1.2909977261e-01
   4.3978387354e-02   4.3828570755e-02   2.4100761013e-01  -8.7572003981e-01  -1.9114093737e-01
   4.4281901071e-02   4.4128203952e-02   3.4615935876e-01  -8.6320190225e-01  -2.6245924561e-01
   4.4595312717e-02   4.4435598191e-02   4.5116975693e-01  -8.3872625722e-01  -3.4335650559e-01
   4.4923649561e-02   4.4755027243e-02   5.5632103222e-01  -7.9998494319e-01  -4.3482866969e-01
   4.5274076090e-02   4.5092271878e-02   6.6145301517e-01  -7.4359655481e-01  -5.3800558778e-01
   4.5658047017e-02   4.5455880301e-02   7.6667730841e-01  -6.6384700526e-01  -6.5511935661e-01
   4.6097086860e-02   4.5860213732e-02   8.7201239323e-01  -5.5015859205e-01  -7.9015121135e-01
   4.6646406836e-02   4.6333959988e-02   9.7853675637e-01  -3.7488087878e-01  -9.5432461320e-01
   4.7338152108e-02   4.6958853683e-02   1.0682166765e+00  -1.1017060596e-01  -1.1389690200e+00
   4.8059180588e-02   4.7717450533e-02   1.1074425637e+00   2.0578368869e-01  -1.2906669095e+00
   4.8729396565e-02   4.8400910643e-02   1.0922153467e+00   5.2216739165e-01  -1.3802329833e+00
   4.9392426565e-02   4.9057882487e-02   1.0306107084e+00   8.3845647502e-01  -1.4115420341e+00
   5.0018627040e-02   4.9726970642e-02   9.3510434431e-01   1.1232048061e+00  -1.3866451633e+00
   5.0551651355e-02   5.0310283437e-02   8.2934616696e-01   1.3425716710e+00  -1.3238242551e+00
   5.1009621886e-02   5.0793019272e-02   7.2415082887e-01   1.5056586289e+00  -1.2410039253e+00
   5.1429163414e-02   5.1226224501e-02   6.1892315138e-01   1.6296067510e+00  -1.1439369991e+00
   5.1827869316e-02   5.1632102326e-02   5.1365154281e-01   1.7209981227e+00  -1.0353347732e+00
   5.2216889511e-02   5.2023636305e-02   4.0868778649e-01   1.7824840335e+00  -9.1697148091e-01
   5.2604878821e-02   5.2410142716e-02   3.0377195749e-01   1.8150136537e+00  -7.8920270527e-01
   5.3000002119e-02   5.2799614925e-02   1.9859142983e-01   1.8173976467e+00  -6.5161345738e-01
   5.3411603065e-02   5.3200389314e-02   9.3270893329e-02   1.7863144470e+00  -5.0372704592e-01
   5.3852339709e-02   5.3622816817e-02  -1.1732779232e-02   1.7162292459e+00  -3.4490279832e-01
   5.4342916444e-02   5.4081862601e-02  -1.1696962850e-01   1.5961397472e+00  -1.7171349220e-01
   5.4926302561e-02   5.4603970287e-02  -2.2268522849e-01   1.4026577699e+00   2.2042264644e-02
   5.5607670492e-02   5.5248634835e-02  -3.1626129222e-01   1.1253093371e+00   2.2132455374e-01
   5.6307166336e-02   5.5966706148e-02  -3.7816741021e-01   8.0819789613e-01   3.8675526462e-01
   5.7005370688e-02   5.6647626524e-02  -4.0674239102e-01   4.9074845710e-01   5.0407167721e-01
   5.7801734895e-02   5.7363114851e-02  -4.0610573552e-01   1.7093025376e-01   5.7565726974e-01
   5.9108773973e-02   5.8240354940e-02  -3.6245414831e-01  -1.3681210374e-01   5.5611228708e-01
   6.0693117624e-02   5.9977193006e-02  -3.2015911642e-01  -8.9504942783e-02   3.9664832243e-01
   6.1855291412e-02   6.1409042242e-02  -3.4291513961e-01   2.2707046744e-01   2.5588544529e-01
   6.2702744136e-02   6.2301540582e-02  -4.0150316175e-01   5.4648632330e-01   1.8810369481e-01
   6.3524321349e-02   6.3103947690e-02  -4.8725024959e-01   8.5964161985e-01   1.7774704110e-01
   6.4349289326e-02   6.3944695009e-02  -5.9020629685e-01   1.1224156871e+00   2.3695054686e-01
   6.5187047898e-02   6.4753883642e-02  -6.9516196594e-01   1.2890695652e+00   3.7606266881e-01
   6.5995590223e-02   6.5620212154e-02  -7.7858812320e-01   1.3306413894e+00   5.7925742473e-01
   6.6694153323e-02   6.6370968292e-02  -8.2255549551e-01   1.2651413474e+00   7.9909025335e-01
   6.7322316959e-02   6.7017338355e-02  -8.3087165961e-01   1.1318938777e+00   1.0181186892e+00
   6.7935897493e-02   6.7627295564e-02  -8.0535860016e-01   9.4604297470e-01   1.2372502868e+00
   6.8578226439e-02   6.8244499422e-02  -7.4030613116e-01   7.0964143011e-01   1.4552245041e+00
   6.9191716246e-02   6.8911953457e-02  -6.4289825932e-01   4.6292490394e-01   1.6366353472e+00
   6.9700971949e-02   6.9471479035e-02  -5.3719962596e-01   2.5459910352e-01   1.7562036433e+00
   7.0133734939e-02   6.9930464863e-02  -4.3189625192e-01   8.2617832629e-02   1.8290005627e+00
   7.0524788760e-02   7.0337005016e-02  -3.2692364159e-01  -6.4233763330e-02   1.8683061877e+00
   7.0890934313e-02   7.0712572504e-02  -2.2159443883e-01  -1.9248940188e-01   1.8801155778e+00
   7.1242383654e-02   7.1069296122e-02  -1.1643027141e-01  -3.0490999461e-01   1.8670332891e+00
   7.1586508293e-02   7.1415471185e-02  -1.1273923823e-02  -4.0410956494e-01   1.8301582488e+00
   7.1929430099e-02   7.1757545401e-02   9.3696239945e-02  -4.9177602563e-01   1.7694202281e+00
   7.2277059581e-02   7.2101314798e-02   1.9875004324e-01  -5.6965814457e-01   1.6832935330e+00
   7.2636029065e-02   7.2452804364e-02   3.0382323421e-01  -6.3909395692e-01   1.5689213524e+00
   7.3014988755e-02   7.2819253765e-02   4.0904612238e-01  -7.0169020658e-01   1.4210620860e+00
   7.3422085929e-02   7.3210723745e-02   5.1299448492e-01  -7.5874864237e-01   1.2338105933e+00
   7.3829752244e-02   7.3633448112e-02   6.0618116885e-01  -8.0855831515e-01   1.0191577194e+00
   7.4206711881e-02   7.4026056377e-02   6.8050807868e-01  -8.5060723385e-01   8.0050695993e-01
   7.4557750403e-02   7.4387367386e-02   7.3889305522e-01  -8.8904331269e-01   5.8134828225e-01
   7.4891818298e-02   7.4728133421e-02   7.8384083766e-01  -9.2679066848e-01   3.6335690507e-01
   7.5215036738e-02   7.5055503175e-02   8.1776297308e-01  -9.6670446335e-01   1.4338697055e-01
   7.5532084213e-02   7.5374570300e-02   8.4129645531e-01  -1.0099439353e+00  -7.4846004678e-02
   7.5846961438e-02   7.5689598125e-02   8.5561567847e-01  -1.0584489953e+00  -2.9327214863e-01
   7.6163404620e-02   7.6004324751e-02   8.6121286651e-01  -1.1138646904e+00  -5.1211433169e-01
   7.6485352991e-02   7.6322484488e-02   8.5830592664e-01  -1.1779418447e+00  -7.3141997217e-01
   7.6817367830e-02   7.6648221494e-02   8.4698953414e-01  -1.2521543858e+00  -9.4969930157e-01
   7.7165358362e-02   7.6986514166e-02   8.2694235450e-01  -1.3395498948e+00  -1.1687387283e+00
   7.7537850774e-02   7.7344202558e-02   7.9759882799e-01  -1.4430543916e+00  -1.3872417716e+00
   7.7949048249e-02   7.7731498991e-02   7.5722015497e-01  -1.5690842137e+00  -1.6071101116e+00
   7.8427267738e-02   7.8166597508e-02   7.0300614271e-01  -1.7266111093e+00  -1.8264504855e+00
   7.9047336558e-02   7.8687937969e-02   6.2571556693e-01  -1.9422889536e+00  -2.0467796940e+00
   7.9831395588e-02   7.9406735148e-02   5.2697181997e-01  -2.2108119211e+00  -2.2116694366e+00
   8.0756270094e-02   8.0256056029e-02   4.2159863806e-01  -2.4799447287e+00  -2.2355573155e+00
   8.1689922799e-02   8.1256484158e-02   3.3570185507e-01  -2.6486932155e+00  -2.0862097759e+00
   8.2422780558e-02   8.2123361440e-02   2.8330620227e-01  -2.6764786212e+00  -1.8621860128e+00
   8.2976588805e-02   8.2722199675e-02   2.5055466937e-01  -2.6214952115e+00  -1.6423872517e+00
   8.3463801127e-02   8.3230977935e-02   2.2407204752e-01  -2.5155686316e+00  -1.4229602166e+00
   8.3919117464e-02   8.3696624318e-02   1.9930155391e-01  -2.3679203301e+00  -1.2044344519e+00
   8.4361066332e-02   8.4141610610e-02   1.7312876905e-01  -2.1797349565e+00  -9.8514927365e-01
   8.4803212496e-02   8.4580522053e-02   1.4315338186e-01  -1.9508939719e+00  -7.6652665987e-01
   8.5257817597e-02   8.5025902939e-02   1.0647016965e-01  -1.6767223679e+00  -5.4823841499e-01
   8.5711607874e-02   8.5489732254e-02   6.2301494437e-02  -1.3688894280e+00  -3.4272475647e-01
   8.6140645769e-02   8.5933483494e-02   1.2485796186e-02  -1.0527549760e+00  -1.6541346057e-01
   8.6546055424e-02   8.6347808044e-02  -4.2686699888e-02  -7.3625853514e-01  -1.6501384300e-02
   8.6937720639e-02   8.6744302804e-02  -1.0363984406e-01  -4.2033370845e-01   1.0688176327e-01
   8.7322981926e-02   8.7131138475e-02  -1.7107479175e-01  -1.0421339307e-01   2.0684364737e-01
   8.7708077077e-02   8.7514825376e-02  -2.4572641271e-01   2.1245177387e-01   2.8406240156e-01
   8.8099067265e-02   8.7901328778e-02  -3.2797774344e-01   5.2820505028e-01   3.3803712804e-01
   8.8502660332e-02   8.8296805752e-02  -4.1912787198e-01   8.4449835470e-01   3.6795144869e-01
   8.8922620985e-02   8.8708514912e-02  -5.1893647407e-01   1.1568655553e+00   3.7163577131e-01
   8.9347255292e-02   8.9136727058e-02  -6.2392137463e-01   1.4528339605e+00   3.4817050286e-01
   8.9767877334e-02   8.9557783525e-02  -7.2882530461e-01   1.7192941111e+00   3.0008440424e-01
   9.0192744458e-02   8.9977971142e-02  -8.3384323454e-01   1.9598923165e+00   2.2917631430e-01
   9.0633762513e-02   9.0407517774e-02  -9.3903612272e-01   2.1768245483e+00   1.3554285273e-01
   9.1109023924e-02   9.0860007252e-02  -1.0442826833e+00   2.3711210894e+00   1.7294885947e-02
   9.1655721398e-02   9.1358040596e-02  -1.1501586410e+00   2.5440811066e+00  -1.3298770817e-01
   9.2339293605e-02   9.1953402200e-02  -1.2506524522e+00   2.6866663253e+00  -3.2563461282e-01
   9.3201081672e-02   9.2725185010e-02  -1.3136414173e+00   2.7645171458e+00  -5.4570090133e-01
   9.4186976705e-02   9.3676978334e-02  -1.2823498262e+00   2.7433924719e+00  -7.2029768781e-01
   9.4971252758e-02   9.4696975076e-02  -1.1754080386e+00   2.6679464075e+00  -7.7561887910e-01
   9.5455029683e-02   9.5245530439e-02  -1.0690274709e+00   2.6013197275e+00  -7.6082869447e-01
   9.5842323820e-02   9.5664528927e-02  -9.6370947606e-01   2.5404151244e+00  -7.2116548301e-01
   9.6178485090e-02   9.6020118712e-02  -8.5847885394e-01   2.4829619499e+00  -6.6659499876e-01
   9.6482021170e-02   9.6336851468e-02  -7.5330571035e-01   2.4279052722e+00  -6.0151480815e-01
   9.6762859764e-02   9.6627190872e-02  -6.4830978108e-01   2.3745408424e+00  -5.2850355808e-01
   9.7027095277e-02   9.6898528656e-02  -5.4322952711e-01   2.3221303335e+00  -4.4894565387e-01
   9.7278808376e-02   9.7155661899e-02  -4.3787275393e-01   2.2700665623e+00  -3.6373548434e-01
   9.7520960218e-02   9.7401954853e-02  -3.3283186247e-01   2.2181807945e+00  -2.7413780901e-01
   9.7755828509e-02   9.7639965584e-02  -2.2840930519e-01   2.1662019070e+00  -1.8107845254e-01
   9.7985178374e-02   9.7871691435e-02  -1.2231428152e-01   2.1125635702e+00  -8.2904613786e-02
   9.8210504748e-02   9.8098665313e-02  -1.8386036317e-02   2.0588099819e+00   1.6430913860e-02
   9.8433118113e-02   9.8322344183e-02   8.7832730006e-02   2.0022049456e+00   1.2088186926e-01
   9.8654184931e-02   9.8543892043e-02   1.9222020722e-01   1.9444911499e+00   2.2616238050e-01
   9.8874832295e-02   9.8764477818e-02   2.9710246719e-01   1.8839570191e+00   3.3433711682e-01
   9.9096165321e-02   9.8985186772e-02   4.0284848325e-01   1.8197943775e+00   4.4565150809e-01
   9.9319318153e-02   9.9207143870e-02   5.0694782627e-01   1.7529754981e+00   5.5726786800e-01
   9.9545542353e-02   9.9431492436e-02   6.1306125992e-01   1.6804162696e+00   6.7297226849e-01
   9.9776225837e-02   9.9659592269e-02   7.1719490439e-01   1.6040256723e+00   7.8827492753e-01
   1.0001301679e-01   9.9892859405e-02   8.2277725347e-01   1.5203189044e+00   9.0682629190e-01
   1.0025798197e-01   1.0013317418e-01   9.2782615838e-01   1.4294621995e+00   1.0263078582e+00
   1.0051373528e-01   1.0038278976e-01   1.0325516665e+00   1.3297238096e+00   1.1468116975e+00
   1.0079646990e-01   1.0064468081e-01   1.1425931300e+00   1.2124176973e+00   1.2748006303e+00