# time = 1.2
# Grid points = 474
# Pressure (Pa) = 101325
#             1_pos             2_posf             3_uvel             4_vvel             5_wvel
  -2.7395491885e-01  -2.7440581805e-01   1.1358991492e+00   6.4414399606e-01   9.6666203128e-01
  -2.7303825909e-01  -2.7350401965e-01   1.2346710832e+00   5.5008098891e-01   1.0554091117e+00
  -2.7202527442e-01  -2.7257249852e-01   1.3299829501e+00   4.3956805963e-01   1.1414793603e+00
  -2.7077221205e-01  -2.7147805031e-01   1.4253261215e+00   2.9468407497e-01   1.2275599652e+00
  -2.6930562479e-01  -2.7006637379e-01   1.5036772480e+00   1.1610671975e-01   1.2973220411e+00
  -2.6780159547e-01  -2.6854487579e-01   1.5448771703e+00  -7.3693069801e-02   1.3315884345e+00
  -2.6631107561e-01  -2.6705831516e-01   1.5455186899e+00  -2.6345075972e-01   1.3268939255e+00
  -2.6478693432e-01  -2.6556383606e-01   1.5056655135e+00  -4.5329270404e-01   1.2831864688e+00
  -2.6327175128e-01  -2.6401003258e-01   1.4280062030e+00  -6.3158051262e-01   1.2037098951e+00
  -2.6195551420e-01  -2.6253346998e-01   1.3328864713e+00  -7.7262046958e-01   1.1092171916e+00
  -2.6088106814e-01  -2.6137755842e-01   1.2373529767e+00  -8.7546950839e-01   1.0162794127e+00
  -2.5993619669e-01  -2.6038457785e-01   1.1423262023e+00  -9.5429699780e-01   9.2545756005e-01
  -2.5907103464e-01  -2.5948781552e-01   1.0474194459e+00  -1.0160064637e+00   8.3627660347e-01
  -2.5825935342e-01  -2.5865425376e-01   9.5227616674e-01  -1.0641224944e+00   7.4840771185e-01
  -2.5748486454e-01  -2.5786445308e-01   8.5771239199e-01  -1.1002803340e+00   6.6264233653e-01
  -2.5673645764e-01  -2.5710527601e-01   7.6226759317e-01  -1.1262141729e+00   5.7774657610e-01
  -2.5600590971e-01  -2.5636763928e-01   6.6771749171e-01  -1.1422301873e+00   4.9540657465e-01
  -2.5528662964e-01  -2.5564418014e-01   5.7296326295e-01  -1.1491501172e+00   4.1477058595e-01
  -2.5457315026e-01  -2.5492907915e-01   4.7765184304e-01  -1.1471417868e+00   3.3572710917e-01
  -2.5386053211e-01  -2.5421722137e-01   3.8270851411e-01  -1.1363091324e+00   2.5924119800e-01
  -2.5314409609e-01  -2.5350384285e-01   2.8795376617e-01  -1.1167075111e+00   1.8536611697e-01
  -2.5241919722e-01  -2.5278434933e-01   1.9334811283e-01  -1.0882356646e+00   1.1431706772e-01
  -2.5168085694e-01  -2.5205404512e-01   9.7941151851e-02  -1.0501944356e+00   4.5739531296e-02
  -2.5092363184e-01  -2.5130766876e-01   3.5408101848e-03  -1.0029227579e+00  -1.8698057769e-02
  -2.5014111311e-01  -2.5053959493e-01  -9.1825716040e-02  -9.4482980441e-01  -7.9862751635e-02
  -2.4932549504e-01  -2.4974263129e-01  -1.8648362285e-01  -8.7608155812e-01  -1.3606717816e-01
  -2.4846684098e-01  -2.4890835879e-01  -2.8153209384e-01  -7.9486923120e-01  -1.8723017534e-01
  -2.4755172035e-01  -2.4802532317e-01  -3.7633503753e-01  -7.0024149925e-01  -2.3199684543e-01
  -2.4656092163e-01  -2.4707811752e-01  -4.7138393849e-01  -5.8964640012e-01  -2.6922510833e-01
  -2.4546483949e-01  -2.4604372574e-01  -5.6627570459e-01  -4.6050143950e-01  -2.9676832687e-01
  -2.4421262856e-01  -2.4488595324e-01  -6.6135866074e-01  -3.0747901489e-01  -3.1163471187e-01
  -2.4276824047e-01  -2.4353930387e-01  -7.5308906630e-01  -1.2929914366e-01  -3.0888275094e-01
  -2.4118386011e-01  -2.4199717708e-01  -8.3161137630e-01   6.0221801580e-02  -2.8552920957e-01
  -2.3946675956e-01  -2.4037054315e-01  -8.9148042166e-01   2.5050879226e-01  -2.4239939996e-01
  -2.3746265128e-01  -2.3856297597e-01  -9.2967019515e-01   4.4123202185e-01  -1.7971263765e-01
  -2.3464951561e-01  -2.3636232660e-01  -9.2974484660e-01   6.3522129904e-01  -9.4854450833e-02
  -2.3141738737e-01  -2.3293670462e-01  -8.6494713227e-01   7.5122429786e-01  -3.5622677035e-02
  -2.2887987743e-01  -2.2989807012e-01  -7.6821141108e-01   7.6587411147e-01  -3.5691457860e-02
  -2.2703217249e-01  -2.2786168475e-01  -6.7299260961e-01   7.4045037874e-01  -6.5257799406e-02
  -2.2547907566e-01  -2.2620266022e-01  -5.7810057054e-01   7.0121273417e-01  -1.0700019467e-01
  -2.2410050993e-01  -2.2475549109e-01  -4.8309740353e-01   6.5580936396e-01  -1.5436891312e-01
  -2.2283775325e-01  -2.2344552877e-01  -3.8833007908e-01   6.0768869435e-01  -2.0352279339e-01
  -2.2165563401e-01  -2.2222997773e-01  -2.9343373060e-01   5.5814401404e-01  -2.5236749867e-01
  -2.2053036366e-01  -2.2108129029e-01  -1.9860225205e-01   5.0786406392e-01  -2.9926481980e-01
  -2.1944404453e-01  -2.1997943703e-01  -1.0371055204e-01   4.5687374284e-01  -3.4316500692e-01
  -2.1838196365e-01  -2.1890865204e-01  -8.9648541320e-03   4.0504946703e-01  -3.8312008594e-01
  -2.1733083094e-01  -2.1785527527e-01   8.6003007108e-02   3.5169293721e-01  -4.1855255650e-01
  -2.1627736141e-01  -2.1680638661e-01   1.8094668497e-01   2.9618102145e-01  -4.4866604186e-01
  -2.1520677308e-01  -2.1574833620e-01   2.7575662975e-01   2.3751528752e-01  -4.7272342714e-01
  -2.1410063191e-01  -2.1466520997e-01   3.7066814301e-01   1.7401384121e-01  -4.8991862759e-01
  -2.1293281482e-01  -2.1353605385e-01   4.6565531686e-01   1.0332916266e-01  -4.9902098694e-01
  -2.1166045217e-01  -2.1232957578e-01   5.6067338589e-01   2.1529651729e-02  -4.9810374075e-01
  -2.1019588310e-01  -2.1099132856e-01   6.5611272925e-01  -7.9805139173e-02  -4.8336773975e-01
  -2.0832980491e-01  -2.0940043763e-01   7.5026179330e-01  -2.2086812223e-01  -4.4531947261e-01
  -2.0617388657e-01  -2.0725917219e-01   8.1507854306e-01  -3.9988036993e-01  -3.8076296110e-01
  -2.0407114335e-01  -2.0508860094e-01   8.2661569832e-01  -5.8911155191e-01  -3.0396456711e-01
  -2.0206353263e-01  -2.0305368577e-01   7.8720962813e-01  -7.7867553322e-01  -2.2609028030e-01
  -2.0018958433e-01  -2.0107337950e-01   7.0784844522e-01  -9.5675871065e-01  -1.5632801068e-01
  -1.9861615229e-01  -1.9930578916e-01   6.1234138120e-01  -1.1021077917e+00  -1.0368079001e-01
  -1.9732930433e-01  -1.9792651543e-01   5.1718504061e-01  -1.2142360033e+00  -6.6591826726e-02
  -1.9618688599e-01  -1.9673209323e-01   4.2207691729e-01  -1.3064517363e+00  -3.8833737013e-02
  -1.9512753823e-01  -1.9564167874e-01   3.2691202777e-01  -1.3839408294e+00  -1.7741809768e-02
  -1.9411702595e-01  -1.9461339772e-01   2.3219631416e-01  -1.4488460898e+00  -1.9062563065e-03
  -1.9313235302e-01  -1.9362065418e-01   1.3726681408e-01  -1.5028531121e+00   9.7554544374e-03
  -1.9215543314e-01  -1.9264405187e-01   4.2294789304e-02  -1.5461880973e+00   1.7876692459e-02
  -1.9116948988e-01  -1.9166681442e-01  -5.2817673746e-02  -1.5786005150e+00   2.2988418622e-02
  -1.9015654954e-01  -1.9067216535e-01  -1.4756642343e-01  -1.5990506319e+00   2.5545364275e-02
  -1.8909412212e-01  -1.8964093374e-01  -2.4259150901e-01  -1.6058740190e+00   2.6045634888e-02
  -1.8794933082e-01  -1.8854731049e-01  -3.3766010119e-01  -1.5956413651e+00   2.5066440099e-02
  -1.8666505018e-01  -1.8735135115e-01  -4.3280115022e-01  -1.5619108285e+00   2.3540557214e-02
  -1.8511079807e-01  -1.8597874921e-01  -5.2847769259e-01  -1.4893295601e+00   2.3509072057e-02
  -1.8315556323e-01  -1.8424284692e-01  -6.1449684299e-01  -1.3504389980e+00   3.0545910226e-02
  -1.8118464846e-01  -1.8206827955e-01  -6.6118588169e-01  -1.1628444598e+00   4.9563183003e-02
  -1.7953326584e-01  -1.8030101738e-01  -6.6767840046e-01  -9.7265297010e-01   7.7476065518e-02
  -1.7806164678e-01  -1.7876551431e-01  -6.4966181127e-01  -7.8250601925e-01   1.1221207742e-01
  -1.7668988683e-01  -1.7735777925e-01  -6.1453429522e-01  -5.9293420290e-01   1.5233228979e-01
  -1.7537157322e-01  -1.7602199440e-01  -5.6584654109e-01  -4.0274822165e-01   1.9699317851e-01
  -1.7407296525e-01  -1.7472115205e-01  -5.0604650938e-01  -2.1337677862e-01   2.4478903089e-01
  -1.7276351046e-01  -1.7342477845e-01  -4.3552367095e-01  -2.3029671493e-02   2.9498138541e-01
  -1.7140896930e-01  -1.7210224248e-01  -3.5487868394e-01   1.6661502308e-01   3.4560693300e-01
  -1.6999363247e-01  -1.7071569613e-01  -2.6455227264e-01   3.5271399525e-01   3.9370856377e-01
  -1.6856271843e-01  -1.6927156882e-01  -1.6984116942e-01   5.2251408638e-01   4.3311353608e-01
  -1.6714216074e-01  -1.6785386804e-01  -7.5123810540e-02   6.6728293481e-01   4.5872906192e-01
  -1.6569879161e-01  -1.6643045344e-01   1.9874652227e-02   7.8580794769e-01   4.6694762818e-01
  -1.6419623257e-01  -1.6496712977e-01   1.1455763784e-01   8.7347546860e-01   4.5265077220e-01
  -1.6258794723e-01  -1.6342533537e-01   2.0943278912e-01   9.2385951318e-01   4.0838433941e-01
  -1.6079874884e-01  -1.6175055909e-01   3.0436205253e-01   9.2441700509e-01   3.2219134164e-01
  -1.5891069324e-01  -1.5984693859e-01   3.9017884058e-01   8.6335294689e-01   1.9106053753e-01
  -1.5718782817e-01  -1.5797444788e-01   4.5344049489e-01   7.5674120465e-01   4.0514904076e-02
  -1.5568264551e-01  -1.5640120845e-01   4.9543722841e-01   6.2828446128e-01  -1.1002680370e-01
  -1.5427080598e-01  -1.5496408257e-01   5.2226054937e-01   4.8473481028e-01  -2.6008505746e-01
  -1.5287617075e-01  -1.5357752940e-01   5.3591341830e-01   3.2739767101e-01  -4.1022821209e-01
  -1.5142469719e-01  -1.5217481211e-01   5.3545621923e-01   1.5487551764e-01  -5.6073052041e-01
  -1.4986373753e-01  -1.5067458226e-01   5.1714200680e-01  -3.0596635800e-02  -7.0615584348e-01
  -1.4815849730e-01  -1.4905289280e-01   4.7480900070e-01  -2.2103252204e-01  -8.3390345438e-01
  -1.4630026161e-01  -1.4726410180e-01   4.0119824681e-01  -3.9989929713e-01  -9.2304502069e-01
  -1.4456864048e-01  -1.4533642142e-01   3.0733121442e-01  -5.2906164830e-01  -9.5055407406e-01
  -1.4314936250e-01  -1.4380085955e-01   2.1203629259e-01  -6.0126010420e-01  -9.2733710214e-01
  -1.4191593517e-01  -1.4249786546e-01   1.1720499836e-01  -6.3682413285e-01  -8.7286035801e-01
  -1.4079783079e-01  -1.4133400488e-01   2.2072109523e-02  -6.4684197575e-01  -7.9610479020e-01
  -1.3975641085e-01  -1.4026165670e-01  -7.2643699408e-02  -6.3730961231e-01  -7.0294711926e-01
  -1.3876686918e-01  -1.3925116500e-01  -1.6772413497e-01  -6.1198603393e-01  -5.9597510051e-01
  -1.3781148009e-01  -1.3828257336e-01  -2.6247247875e-01  -5.7357300888e-01  -4.7818890271e-01
  -1.3687605612e-01  -1.3734038682e-01  -3.5767433173e-01  -5.2345986572e-01  -3.5013970132e-01
  -1.3594806361e-01  -1.3641172542e-01  -4.5247329301e-01  -4.6323799919e-01  -2.1403306740e-01
  -1.3501573325e-01  -1.3548440180e-01  -5.4723219720e-01  -3.9345258067e-01  -7.0108707333e-02
  -1.3408145670e-01  -1.3454706471e-01  -6.4037537335e-01  -3.1575873564e-01   7.8695553561e-02
  -1.3315168912e-01  -1.3361584869e-01  -7.3004668589e-01  -2.3216933337e-01   2.2887727769e-01
  -1.3221611325e-01  -1.3268752955e-01  -8.1572717832e-01  -1.4343609480e-01   3.7916946481e-01
  -1.3125613928e-01  -1.3174469694e-01  -8.9711817563e-01  -4.9641199487e-02   5.2901260713e-01
  -1.3024841071e-01  -1.3076758162e-01  -9.7444895908e-01   5.0723111079e-02   6.7951645433e-01
  -1.2915831903e-01  -1.2972923980e-01  -1.0461879902e+00   1.5854199981e-01   8.2951053271e-01
  -1.2792251211e-01  -1.2858739825e-01  -1.1108221089e+00   2.7833460057e-01   9.8031525146e-01
  -1.2637870657e-01  -1.2725762597e-01  -1.1624126778e+00   4.2002042769e-01   1.1322038730e+00
  -1.2428140576e-01  -1.2549978717e-01  -1.1751845004e+00   5.9350642314e-01   1.2644190746e+00
  -1.2203092460e-01  -1.2306302434e-01  -1.1148303825e+00   7.5286319049e-01   1.3101088779e+00
  -1.2033450908e-01  -1.2099882486e-01  -1.0173804838e+00   8.5379298985e-01   1.2786008398e+00
  -1.1913377087e-01  -1.1967019331e-01  -9.2177417447e-01   9.1549554350e-01   1.2239987316e+00
  -1.1812968616e-01  -1.1859734844e-01  -8.2663592975e-01   9.6152633191e-01   1.1608980682e+00
  -1.1723791160e-01  -1.1766202389e-01  -7.3159725756e-01   9.9856664633e-01   1.0935052306e+00
  -1.1641960609e-01  -1.1681379931e-01  -6.3661444721e-01   1.0296046431e+00   1.0238694061e+00
  -1.1565271007e-01  -1.1602541287e-01  -5.4173597475e-01   1.0562829710e+00   9.5322592775e-01
  -1.1492309136e-01  -1.1528000728e-01  -4.4697356699e-01   1.0796143164e+00   8.8236087564e-01
  -1.1422096820e-01  -1.1456617544e-01  -3.5175737513e-01   1.1003757223e+00   8.1140272753e-01
  -1.1353903811e-01  -1.1387576097e-01  -2.5675222276e-01   1.1188499446e+00   7.4127542275e-01
  -1.1287149088e-01  -1.1320231525e-01  -1.6168304293e-01   1.1353962486e+00   6.7212330581e-01
  -1.1221352649e-01  -1.1254066651e-01  -6.6883876832e-02   1.1501606274e+00   6.0448384171e-01
  -1.1156097210e-01  -1.1188638647e-01   2.7780586726e-02   1.1632971940e+00   5.3851812481e-01
  -1.1091004036e-01  -1.1123555774e-01   1.2241799051e-01   1.1748819514e+00   4.7440083735e-01
  -1.1025706535e-01  -1.1058452299e-01   2.1806282316e-01   1.1850086278e+00   4.1173331865e-01
  -1.0959835528e-01  -1.0992960772e-01   3.1276845682e-01   1.1934149133e+00   3.5206546132e-01
  -1.0893004881e-01  -1.0926710285e-01   4.0756647653e-01   1.2001117461e+00   2.9499338962e-01
  -1.0824787129e-01  -1.0859299477e-01   5.0245285794e-01   1.2049178500e+00   2.4085173639e-01
  -1.0754690142e-01  -1.0790274781e-01   5.9727614625e-01   1.2075717706e+00   1.9009927911e-01
  -1.0682121172e-01  -1.0719105502e-01   6.9216561555e-01   1.2077206107e+00   1.4310932387e-01
  -1.0606327876e-01  -1.0645136841e-01   7.8729842812e-01   1.2048496159e+00   1.0036103713e-01
  -1.0526323720e-01  -1.0567518911e-01   8.8215537485e-01   1.1982630356e+00   6.2784465100e-02
  -1.0440733297e-01  -1.0485128530e-01   9.7715287097e-01   1.1869036237e+00   3.1126119669e-02
  -1.0347495708e-01  -1.0396338065e-01   1.0721536083e+00   1.1691733075e+00   6.7606467291e-03
  -1.0243238298e-01  -1.0298653351e-01   1.1671959173e+00   1.1423892234e+00  -8.2983549048e-03
  -1.0121585146e-01  -1.0187823244e-01   1.2623769342e+00   1.1014501705e+00  -1.0532660032e-02
  -9.9665915927e-02  -1.0055347048e-01   1.3583881758e+00   1.0334711508e+00   8.0842817111e-03
  -9.7448416169e-02  -9.8778361374e-02   1.4459264073e+00   9.0532813271e-01   6.7543781284e-02
  -9.4961896251e-02  -9.6118470964e-02   1.4815596721e+00   7.2321185623e-01   1.6053945676e-01
  -9.2796949104e-02  -9.3805321537e-02   1.4611438070e+00   5.3368757216e-01   2.4833190077e-01
  -9.0866054698e-02  -9.1788576671e-02   1.4068700659e+00   3.4400851594e-01   3.1964360229e-01
  -8.9073938362e-02  -8.9943532725e-02   1.3298018485e+00   1.5481187490e-01   3.7195023746e-01
  -8.7428624208e-02  -8.8204343998e-02   1.2386559207e+00  -2.7763571702e-02   4.0407319200e-01
  -8.5976490508e-02  -8.6652904417e-02   1.1437083271e+00  -1.9319172068e-01   4.1748011766e-01
  -8.4687753640e-02  -8.5300076598e-02   1.0488010740e+00  -3.4200287092e-01   4.1677271670e-01
  -8.3508418137e-02  -8.4075430682e-02   9.5385175949e-01  -4.7844702879e-01   4.0549155142e-01
  -8.2407981702e-02  -8.2941405592e-02   8.5909208556e-01  -6.0443354240e-01   3.8591983788e-01
  -8.1366771642e-02  -8.1874557812e-02   7.6416392975e-01  -7.2173594931e-01   3.5951608936e-01
  -8.0370835929e-02  -8.0858985473e-02   6.6938281597e-01  -8.3072210388e-01   3.2744732429e-01
  -7.9409450583e-02  -7.9882686385e-02   5.7443104866e-01  -9.3218051153e-01   2.9038595800e-01
  -7.8473847945e-02  -7.8936214781e-02   4.7959072419e-01  -1.0259711050e+00   2.4898391737e-01
  -7.7556363264e-02  -7.8011481108e-02   3.8496146626e-01  -1.1120078520e+00   2.0367264552e-01
  -7.6649963994e-02  -7.7101245420e-02   2.8967643195e-01  -1.1907626011e+00   1.5419523751e-01
  -7.5747735129e-02  -7.6198682568e-02   1.9508739983e-01  -1.2606649793e+00   1.0129448067e-01
  -7.4842440645e-02  -7.5296787691e-02   1.0014485860e-01  -1.3218436322e+00   4.4289205194e-02
  -7.3926038609e-02  -7.4388093599e-02   5.1349424383e-03  -1.3729853129e+00  -1.6998125864e-02
  -7.2988985897e-02  -7.3463983620e-02  -8.9658723863e-02  -1.4124820321e+00  -8.2917235824e-02
  -7.2019137070e-02  -7.2513988174e-02  -1.8453275050e-01  -1.4383299067e+00  -1.5454025496e-01
  -7.0999718582e-02  -7.1524285966e-02  -2.7951739880e-01  -1.4472346507e+00  -2.3331183688e-01
  -6.9905472538e-02  -7.0475151198e-02  -3.7449571996e-01  -1.4340076666e+00  -3.2143967845e-01
  -6.8693628700e-02  -6.9335793879e-02  -4.6946826805e-01  -1.3897258521e+00  -4.2297756345e-01
  -6.7282381962e-02  -6.8051463520e-02  -5.6466094232e-01  -1.2959241511e+00  -5.4660749582e-01
  -6.5737307413e-02  -6.6513300404e-02  -6.4722709043e-01  -1.1408793803e+00  -6.8715890321e-01
  -6.4332401983e-02  -6.4961314423e-02  -7.0154028005e-01  -9.5256981632e-01  -8.1930115678e-01
  -6.3164307555e-02  -6.3703489544e-02  -7.3092614123e-01  -7.6197041440e-01  -9.3199474404e-01
  -6.2141024518e-02  -6.2625125566e-02  -7.4508904297e-01  -5.7184328363e-01  -1.0321565740e+00
  -6.1209552129e-02  -6.1656923470e-02  -7.4907739297e-01  -3.8201377841e-01  -1.1240479903e+00
  -6.0340330949e-02  -6.0762180788e-02  -7.4567983394e-01  -1.9151859632e-01  -1.2103765010e+00
  -5.9514280863e-02  -5.9918481111e-02  -7.3671556468e-01  -1.9140919017e-03  -1.2918410738e+00
  -5.8717736342e-02  -5.9110080616e-02  -7.2338577510e-01   1.8805120693e-01  -1.3699237042e+00
  -5.7940126293e-02  -5.8325392068e-02  -7.0653682133e-01   3.7863731038e-01  -1.4453276200e+00
  -5.7172365817e-02  -5.7554860519e-02  -6.8710263219e-01   5.6760091523e-01  -1.5176309470e+00
  -5.6405962603e-02  -5.6789871116e-02  -6.6528831168e-01   7.5849153104e-01  -1.5884810070e+00
  -5.5632205584e-02  -5.6022054091e-02  -6.4194397779e-01   9.4810609029e-01  -1.6568521090e+00
  -5.4841188233e-02  -5.5242357077e-02  -6.1737652150e-01   1.1378862814e+00  -1.7233574572e+00
  -5.4020348404e-02  -5.4440019388e-02  -5.9199352595e-01   1.3282531306e+00  -1.7880681026e+00
  -5.3152052410e-02  -5.3600677421e-02  -5.6648933771e-01   1.5180209795e+00  -1.8503392616e+00
  -5.2207866695e-02  -5.2703427399e-02  -5.4139357800e-01   1.7085655121e+00  -1.9100480129e+00
  -5.1132535812e-02  -5.1712305992e-02  -5.1792114072e-01   1.8996907098e+00  -1.9657768619e+00
  -4.9773437828e-02  -5.0552765632e-02  -4.9879330418e-01   2.0923834382e+00  -2.0138658165e+00
  -4.7233095771e-02  -4.8994110023e-02  -5.0515106852e-01   2.2677066645e+00  -2.0187984977e+00
  -4.4475094766e-02  -4.5472081518e-02  -5.6986286888e-01   2.1979358108e+00  -1.9016116987e+00
  -4.2866717590e-02  -4.3478108014e-02  -6.3867491011e-01   2.0061586610e+00  -1.7586522364e+00
  -4.1775415527e-02  -4.2255327166e-02  -6.9640739908e-01   1.8143467414e+00  -1.6293903982e+00
  -4.0882985706e-02  -4.1295503889e-02  -7.4878587329e-01   1.6236658394e+00  -1.5051603802e+00
  -4.0099979504e-02  -4.0470467524e-02  -7.9783067476e-01   1.4327044352e+00  -1.3826078080e+00
  -3.9387545211e-02  -3.9729491484e-02  -8.4381900682e-01   1.2432677336e+00  -1.2618177491e+00
  -3.8724287144e-02  -3.9045598938e-02  -8.8753114374e-01   1.0538512184e+00  -1.1412380965e+00
  -3.8097159379e-02  -3.8402975349e-02  -9.2960970805e-01   8.6242315957e-01  -1.0191975804e+00
  -3.7497036634e-02  -3.7791343409e-02  -9.6914317305e-01   6.7378136384e-01  -8.9848668854e-01
  -3.6917165863e-02  -3.7202729860e-02  -1.0070918043e+00   4.8383037780e-01  -7.7628057560e-01
  -3.6352523841e-02  -3.6631601866e-02  -1.0433827473e+00   2.9286519096e-01  -6.5257086473e-01
  -3.5798900569e-02  -3.6073445817e-02  -1.0775697805e+00   1.0324927998e-01  -5.2872468955e-01
  -3.5252686331e-02  -3.5524355320e-02  -1.1099104707e+00  -8.6485906987e-02  -4.0363514734e-01
  -3.4710702204e-02  -3.4981017343e-02  -1.1403682321e+00  -2.7651591750e-01  -2.7701634574e-01
  -3.4169952821e-02  -3.4440387066e-02  -1.1688552281e+00  -4.6692868360e-01  -1.4862053142e-01
  -3.3627484530e-02  -3.3899518577e-02  -1.1951084229e+00  -6.5673411929e-01  -1.8918965050e-02
  -3.3080257070e-02  -3.3355450483e-02  -1.2190604468e+00  -8.4647001733e-01   1.1267343705e-01
  -3.2524986104e-02  -3.2805063658e-02  -1.2405043310e+00  -1.0360715455e+00   2.4638017520e-01
  -3.1957871599e-02  -3.2244908551e-02  -1.2593146795e+00  -1.2271344675e+00   3.8369895711e-01
  -3.1374408092e-02  -3.1670834647e-02  -1.2748688234e+00  -1.4170147116e+00   5.2316568226e-01
  -3.0769136839e-02  -3.1077981536e-02  -1.2867573559e+00  -1.6053335883e+00   6.6496589474e-01
  -3.0135684549e-02  -3.0460292142e-02  -1.2945560066e+00  -1.7969656342e+00   8.1360215741e-01
  -2.9475594260e-02  -2.9811076956e-02  -1.2970574353e+00  -1.9825027042e+00   9.6272653028e-01
  -2.8792380746e-02  -2.9140111564e-02  -1.2935290406e+00  -2.1611849512e+00   1.1125941451e+00
  -2.8080795963e-02  -2.8444649929e-02  -1.2830381424e+00  -2.3303968161e+00   1.2621686684e+00
  -2.7331372901e-02  -2.7716941997e-02  -1.2640252841e+00  -2.4902380099e+00   1.4133271996e+00
  -2.6530941208e-02  -2.6945803804e-02  -1.2350288896e+00  -2.6347221055e+00   1.5628921382e+00
  -2.5659458210e-02  -2.6116078613e-02  -1.1928887496e+00  -2.7621938116e+00   1.7130992535e+00
  -2.4682460181e-02  -2.5202837808e-02  -1.1328655078e+00  -2.8653527760e+00   1.8633431027e+00
  -2.3597831732e-02  -2.4162082554e-02  -1.0507571104e+00  -2.9297034450e+00   2.0065469119e+00
  -2.2540053626e-02  -2.3033580911e-02  -9.5617314339e-01  -2.9415226796e+00   2.1208447469e+00
  -2.1602491277e-02  -2.2046526341e-02  -8.6126738850e-01  -2.9096948042e+00   2.1998117548e+00
  -2.0748199264e-02  -2.1158456213e-02  -7.6620228765e-01  -2.8470158379e+00   2.2534616735e+00
  -1.9951829862e-02  -2.0337942315e-02  -6.7116384853e-01  -2.7609754992e+00   2.2874679427e+00
  -1.9197259906e-02  -1.9565717408e-02  -5.7641284448e-01  -2.6566546590e+00   2.3054656873e+00
  -1.8473377199e-02  -1.8828802404e-02  -4.8161025813e-01  -2.5369353538e+00   2.3099422464e+00
  -1.7772014431e-02  -1.8117951994e-02  -3.8653172194e-01  -2.4037308162e+00   2.3024388573e+00
  -1.7086701651e-02  -1.7426076868e-02  -2.9144118929e-01  -2.2590387289e+00   2.2840132690e+00
  -1.6411991231e-02  -1.6747326433e-02  -1.9644857794e-01  -2.1043437344e+00   2.2554443205e+00
  -1.5743071999e-02  -1.6076656029e-02  -1.0155898578e-01  -1.9406926991e+00   2.2172224635e+00
  -1.5075455329e-02  -1.5409487970e-02  -6.7187933844e-03  -1.7687890873e+00   2.1695548675e+00
  -1.4404694240e-02  -1.4741422687e-02   8.8140013706e-02  -1.5890994680e+00   2.1123785683e+00
  -1.3728425206e-02  -1.4067965794e-02   1.8272491561e-01  -1.4026380395e+00   2.0456358403e+00
  -1.3052642338e-02  -1.3388884617e-02   2.7547406309e-01  -1.2130108748e+00   1.9702415356e+00
  -1.2381079927e-02  -1.2716400058e-02   3.6526990097e-01  -1.0231398323e+00   1.8870634811e+00
  -1.1708113544e-02  -1.2045759796e-02   4.5232563747e-01  -8.3315284783e-01   1.7957769453e+00
  -1.1027081426e-02  -1.1370467292e-02   5.3685993145e-01  -6.4294856498e-01   1.6956491789e+00
  -1.0330673262e-02  -1.0683695560e-02   6.1889875792e-01  -4.5265843189e-01   1.5857005289e+00
  -9.6102168943e-03  -9.9776509645e-03   6.9821308688e-01  -2.6284216726e-01   1.4647892557e+00
  -8.8546712996e-03  -9.2427828241e-03   7.7491345510e-01  -7.3007713978e-02   1.3304148717e+00
  -8.0763272255e-03  -8.4665597751e-03   8.4627200050e-01   1.1029876930e-01   1.1848355865e+00
  -7.3118777933e-03  -7.6860946759e-03   9.0883504628e-01   2.7797318443e-01   1.0338232459e+00
  -6.5759627669e-03  -6.9376609106e-03   9.6034743012e-01   4.2294006439e-01   8.8450092536e-01
  -5.8625399804e-03  -6.2142646233e-03   1.0026324718e+00   5.4907061128e-01   7.3459858310e-01
  -5.1669471066e-03  -5.5108153375e-03   1.0361973893e+00   6.5698041359e-01   5.8443664145e-01
  -4.4852493026e-03  -4.8230788757e-03   1.0615155039e+00   7.4731221923e-01   4.3427702458e-01
  -3.8140195289e-03  -4.1474197295e-03   1.0790339252e+00   8.2075056011e-01   2.8425260251e-01
  -3.1501743319e-03  -3.4806193282e-03   1.0891488400e+00   8.7794605478e-01   1.3439453445e-01
  -2.4908371368e-03  -2.8197293356e-03   1.0921883425e+00   9.1945792330e-01  -1.5341723342e-02
  -1.8332155200e-03  -2.1619449379e-03   1.0884017998e+00   9.4571268156e-01  -1.6505061172e-01
  -1.1744618732e-03  -1.5044861020e-03   1.0778394399e+00   9.5694919644e-01  -3.1585323781e-01
  -5.1156178651e-04  -8.4443764442e-04   1.0607366846e+00   9.5312285335e-01  -4.6579180940e-01
   1.5877902647e-04  -1.7868592861e-04   1.0371529028e+00   9.3443466527e-01  -6.1561826687e-01
   8.4033006439e-04   4.9624398155e-04   1.0070430672e+00   9.0072788904e-01  -7.6553739147e-01
   1.5375845511e-03   1.1844161472e-03   9.7033654321e-01   8.5170603585e-01  -9.1539416916e-01
   2.2561430046e-03   1.8907529549e-03   9.2676416396e-01   7.8670184968e-01  -1.0653971887e+00
   3.0033878337e-03   2.6215330542e-03   8.7578431437e-01   7.0446027964e-01  -1.2159522067e+00
   3.7893673457e-03   3.3852426132e-03   8.1724260330e-01   6.0421894657e-01  -1.3657887181e+00
   4.6287212330e-03   4.1934920783e-03   7.5000684788e-01   4.8340221245e-01  -1.5155702813e+00
   5.5452724889e-03   5.0639503876e-03   6.7198533456e-01   3.3721718657e-01  -1.6661068861e+00
   6.5536432363e-03   6.0265945902e-03   5.8284922200e-01   1.6376554701e-01  -1.8130274138e+00
   7.5977495935e-03   7.0806918824e-03   4.8947389971e-01  -2.4216402785e-02  -1.9420392497e+00
   8.6269496442e-03   8.1148073046e-03   3.9772312214e-01  -2.1466532070e-01  -2.0449901543e+00
   9.6593959281e-03   9.1390919837e-03   3.0880668784e-01  -4.0439119866e-01  -2.1214613817e+00
   1.0722901450e-02   1.0179699872e-02   2.2194161003e-01  -5.9454260079e-01  -2.1713640870e+00
   1.1853299782e-02   1.1266103028e-02   1.3701281997e-01  -7.8502462990e-01  -2.1910459560e+00
   1.3110172958e-02   1.2440496535e-02   5.3967624603e-02  -9.7550251276e-01  -2.1721446211e+00
   1.4608707049e-02   1.3779849381e-02  -2.7187491270e-02  -1.1647598994e+00  -2.0944517578e+00
   1.6135950558e-02   1.5437564716e-02  -8.9004209963e-02  -1.3081815411e+00  -1.9592318147e+00
   1.7393230320e-02   1.6834336400e-02  -1.2313613189e-01  -1.3822910103e+00  -1.8080038259e+00
   1.8440192805e-02   1.7952124241e-02  -1.4010967956e-01  -1.4108831635e+00  -1.6575531208e+00
   1.9373111787e-02   1.8928261368e-02  -1.4691398402e-01  -1.4099923259e+00  -1.5068002396e+00
   2.0234441180e-02   1.9817962206e-02  -1.4665285313e-01  -1.3868537610e+00  -1.3570245979e+00
   2.1047930681e-02   2.0650920154e-02  -1.4111386637e-01  -1.3452898552e+00  -1.2070340525e+00
   2.1828611761e-02   2.1444941207e-02  -1.3138060524e-01  -1.2876191043e+00  -1.0571699910e+00
   2.2587122599e-02   2.2212282314e-02  -1.1808864475e-01  -1.2147234565e+00  -9.0651859132e-01
   2.3331653676e-02   2.2961962884e-02  -1.0193119934e-01  -1.1283917767e+00  -7.5694018969e-01
   2.4068957761e-02   2.3701344468e-02  -8.3157411406e-02  -1.0283871108e+00  -6.0706829892e-01
   2.4804934939e-02   2.4436571055e-02  -6.1944332801e-02  -9.1432038075e-01  -4.5640691384e-01
   2.5545123082e-02   2.5173298824e-02  -3.8822550257e-02  -7.8786231281e-01  -3.0720147303e-01
   2.6295097974e-02   2.5916947341e-02  -1.3460450510e-02  -6.4605367270e-01  -1.5643644867e-01
   2.7060710014e-02   2.6673248607e-02   1.3528060592e-02  -4.9122888298e-01  -7.2412514768e-03
   2.7848564234e-02   2.7448171422e-02   4.2627378329e-02  -3.1949092476e-01   1.4330697822e-01
   2.8652262082e-02   2.8248957046e-02   7.2971374176e-02  -1.3489652854e-01   2.9084480996e-01
   2.9444110371e-02   2.9055567119e-02   1.0324271813e-01   5.4977920014e-02   4.2977505714e-01
   3.0210860266e-02   2.9832653622e-02   1.3251345362e-01   2.4410185791e-01   5.5709098264e-01
   3.0960667080e-02   3.0589066911e-02   1.6126770453e-01   4.3523797499e-01   6.7594280351e-01
   3.1700635361e-02   3.1332267250e-02   1.8897782542e-01   6.2445612193e-01   7.8497320933e-01
   3.2437218885e-02   3.2069003473e-02   2.1606524804e-01   8.1416147437e-01   8.8653978391e-01
   3.3176656066e-02   3.2805434297e-02   2.4265792428e-01   1.0049510304e+00   9.8152877328e-01
   3.3925463616e-02   3.3547877835e-02   2.6836476387e-01   1.1936450632e+00   1.0689714985e+00
   3.4691138199e-02   3.4303049396e-02   2.9386040771e-01   1.3849365141e+00   1.1514624570e+00
   3.5482829620e-02   3.5079227003e-02   3.1857496758e-01   1.5743890276e+00   1.2273981395e+00
   3.6312568771e-02   3.5886432238e-02   3.4280796962e-01   1.7641735066e+00   1.2980207540e+00
   3.7198078453e-02   3.6738705304e-02   3.6656973129e-01   1.9546069495e+00   1.3635862390e+00
   3.8167920627e-02   3.7657451603e-02   3.8961945303e-01   2.1444653545e+00   1.4237681575e+00
   3.9277094480e-02   3.8678389651e-02   4.1194038589e-01   2.3356715632e+00   1.4790647773e+00
   4.0669623411e-02   3.9875799309e-02   4.3269901778e-01   2.5279128808e+00   1.5287964226e+00
   4.2547456366e-02   4.1463447512e-02   4.4623968589e-01   2.6944223312e+00   1.5653997515e+00
   4.4715474072e-02   4.3631465219e-02   4.3882206029e-01   2.7469155484e+00   1.5708708487e+00
   4.6911268928e-02   4.5799482926e-02   4.0240577981e-01   2.6394321385e+00   1.5408661875e+00
   4.8702553224e-02   4.8023054929e-02   3.5088116435e-01   2.4416074049e+00   1.4938137980e+00
   4.9931733572e-02   4.9382051519e-02   3.0359213870e-01   2.2503129411e+00   1.4499165114e+00
   5.0963415196e-02   5.0481415624e-02   2.5705548959e-01   2.0598526518e+00   1.4062681296e+00
   5.1885683060e-02   5.1445414767e-02   2.1057967655e-01   1.8691556551e+00   1.3620626265e+00
   5.2738674911e-02   5.2325951353e-02   1.6434752582e-01   1.6795226405e+00   1.3172670362e+00
   5.3545264082e-02   5.3151398469e-02   1.1807203123e-01   1.4898750889e+00   1.2713818908e+00
   5.4320129896e-02   5.3939129695e-02   7.1548139678e-02   1.2992446744e+00   1.2239400018e+00
   5.5073925678e-02   5.4701130097e-02   2.5407994286e-02   1.1099405396e+00   1.1753101710e+00
   5.5815015448e-02   5.5446721259e-02  -2.0924526267e-02   9.1918372037e-01   1.1245626649e+00
   5.6550437335e-02   5.6183309638e-02  -6.6556490515e-02   7.3010908978e-01   1.0723059435e+00
   5.7286671555e-02   5.6917565033e-02  -1.1205616561e-01   5.3965790349e-01   1.0174421174e+00
   5.8030093600e-02   5.7655778077e-02  -1.5675150987e-01   3.4971382500e-01   9.6019527944e-01
   5.8787479115e-02   5.8404409122e-02  -2.0043112361e-01   1.5999422426e-01   9.0013444193e-01
   5.9566544816e-02   5.9170549107e-02  -2.4274726923e-01  -2.9573390166e-02   8.3680425988e-01
   6.0376862355e-02   5.9962540525e-02  -2.8342458293e-01  -2.2008747157e-01   7.6921996940e-01
   6.1231077467e-02   6.0791184186e-02  -3.2148474170e-01  -4.1041518908e-01   6.9695398823e-01
   6.2146941222e-02   6.1670970748e-02  -3.5578420095e-01  -6.0004946383e-01   6.1910562104e-01
   6.3152211896e-02   6.2622911695e-02  -3.8482980101e-01  -7.9004759325e-01   5.3351218653e-01
   6.4296552723e-02   6.3681512096e-02  -4.0555800067e-01  -9.8067875935e-01   4.3692866755e-01
   6.5689669377e-02   6.4911593349e-02  -4.1121537003e-01  -1.1721361730e+00   3.2265502526e-01
   6.7472875718e-02   6.6467745405e-02  -3.8567486693e-01  -1.3493683825e+00   1.8519245005e-01
   6.9473419669e-02   6.8478006032e-02  -3.1488511080e-01  -1.4613957993e+00   4.6051387377e-02
   7.1226846893e-02   7.0468833307e-02  -2.1987767906e-01  -1.4884962911e+00  -5.9698180019e-02
   7.2639469781e-02   7.1984860478e-02  -1.2453480589e-01  -1.4661024348e+00  -1.3264883170e-01
   7.3899984048e-02   7.3294079083e-02  -2.9460378439e-02  -1.4178901899e+00  -1.8852071606e-01
   7.5092557699e-02   7.4505889013e-02   6.5797239620e-02  -1.3517211978e+00  -2.3386472732e-01
   7.6269353933e-02   7.5679226385e-02   1.6063654768e-01  -1.2712021484e+00  -2.7175907596e-01
   7.7477769126e-02   7.6859481482e-02   2.5578150020e-01  -1.1761757224e+00  -3.0470214928e-01
   7.8781222743e-02   7.8096056771e-02   3.5102034720e-01  -1.0643811642e+00  -3.3442691938e-01
   8.0312484077e-02   7.9466388716e-02   4.4692315018e-01  -9.2653075132e-01  -3.6345190226e-01
   8.2218767276e-02   8.1158579438e-02   5.3247624232e-01  -7.5460622147e-01  -3.9374005811e-01
   8.4439863981e-02   8.3278955113e-02   5.7381878136e-01  -5.6494360580e-01  -4.2507215248e-01
   8.6818273816e-02   8.5600772849e-02   5.3898779830e-01  -3.8602059901e-01  -4.5685354474e-01
   8.8823737223e-02   8.8035774783e-02   4.4819187631e-01  -2.5876693969e-01  -4.8223632283e-01
   9.0227091112e-02   8.9611699664e-02   3.5222602229e-01  -1.8438693216e-01  -4.9798786923e-01
   9.1377886196e-02   9.0842482560e-02   2.5694756997e-01  -1.3250167612e-01  -5.0859259589e-01
   9.2403601224e-02   9.1913289832e-02   1.6188507703e-01  -9.3073261387e-02  -5.1552039857e-01
   9.3357415103e-02   9.2893912616e-02   6.6741568450e-02  -6.2027346673e-02  -5.1922501191e-01
   9.4269412077e-02   9.3820917590e-02  -2.8211153397e-02  -3.7422445588e-02  -5.1978228364e-01
   9.5160247035e-02   9.4717906564e-02  -1.2301328120e-01  -1.8073347454e-02  -5.1710488289e-01
   9.6046596664e-02   9.5602587506e-02  -2.1808476521e-01  -3.2870854735e-03  -5.1089841423e-01
   9.6944362182e-02   9.6490605822e-02  -3.1290767241e-01   7.1286551004e-03  -5.0075223782e-01
   9.7871493691e-02   9.7398118542e-02  -4.0806286770e-01   1.3184333090e-02  -4.8590165689e-01
   9.8851750185e-02   9.8344868840e-02  -5.0300784580e-01   1.4419539438e-02  -4.6533544337e-01
   9.9922721708e-02   9.9358631530e-02  -5.9824563321e-01   9.8094181095e-03  -4.3708866485e-01
   1.0115883471e-01   1.0048681189e-01  -6.9359766811e-01  -3.0563566811e-03  -3.9750604704e-01
   1.0279419866e-01   1.0183085753e-01  -7.9072044050e-01  -3.2166834126e-02  -3.3495297846e-01
   1.0536597571e-01   1.0375753979e-01  -8.6360123385e-01  -1.0286019892e-01  -2.2224502573e-01
   1.0825913087e-01   1.0697441164e-01  -8.3045266489e-01  -2.0791446676e-01  -9.5981439331e-02
   1.1028779447e-01   1.0954385010e-01  -7.3285371934e-01  -2.9088628319e-01  -2.3181129768e-02
   1.1162273509e-01   1.1103173884e-01  -6.3710736247e-01  -3.4566279436e-01   1.0560514761e-02
   1.1272907653e-01   1.1221373134e-01  -5.4173387750e-01  -3.8908466090e-01   2.7686724953e-02
   1.1371476074e-01   1.1324442171e-01  -4.4683393548e-01  -4.2480945907e-01   3.3530017448e-02
   1.1462629158e-01   1.1418509976e-01  -3.5174136310e-01  -4.5460188100e-01   3.0480711701e-02
   1.1548946403e-01   1.1506748341e-01  -2.5692736597e-01  -4.7902526352e-01   1.9804217695e-02
   1.1632103943e-01   1.1591144466e-01  -1.6187597096e-01  -4.9854122782e-01   2.1871716558e-03
   1.1713314947e-01   1.1673063420e-01  -6.6892913768e-02  -5.1315330368e-01  -2.1897568440e-02
   1.1793557780e-01   1.1753566475e-01   2.7979766846e-02  -5.2277985257e-01  -5.2169504624e-02
   1.1873694915e-01   1.1833549084e-01   1.2282836777e-01  -5.2719141824e-01  -8.8541057423e-02
   1.1954565119e-01   1.1913840745e-01   2.1775169243e-01  -5.2596413622e-01  -1.3108920262e-01
   1.2037068701e-01   1.1995289492e-01   3.1275256441e-01  -5.1844698896e-01  -1.7999985658e-01
   1.2122262819e-01   1.2078847910e-01   4.0762544249e-01  -5.0374813925e-01  -2.3548000732e-01
   1.2211514027e-01   1.2165677729e-01   5.0262527067e-01  -4.8048130150e-01  -2.9821269775e-01
   1.2306769834e-01   1.2257350325e-01   5.9760728329e-01  -4.4661559125e-01  -3.6897280489e-01
   1.2411143953e-01   1.2356189342e-01   6.9267221041e-01  -3.9871911186e-01  -4.4929114870e-01
   1.2530487356e-01   1.2466098564e-01   7.8783656623e-01  -3.3043886306e-01  -5.4189814733e-01
   1.2679808006e-01   1.2594876148e-01   8.8407424637e-01  -2.2516792169e-01  -6.5449108742e-01
   1.2867843867e-01   1.2764739865e-01   9.6509202591e-01  -6.6183298456e-02  -7.8112363350e-01
   1.3063839728e-01   1.2970947868e-01   1.0005257053e+00   1.2357931561e-01  -8.8516106055e-01
   1.3246023319e-01   1.3156731588e-01   9.8676325600e-01   3.1360057862e-01  -9.4658743035e-01
   1.3426253559e-01   1.3335315051e-01   9.3110081312e-01   5.0356566217e-01  -9.6806007537e-01
   1.3596472497e-01   1.3517192068e-01   8.4481020075e-01   6.7458775315e-01  -9.5098561297e-01
   1.3741363528e-01   1.3675752925e-01   7.4925865793e-01   8.0634168038e-01  -9.0790205887e-01
   1.3865852825e-01   1.3806974130e-01   6.5421658346e-01   9.0429371405e-01  -8.5110246358e-01
   1.3979896036e-01   1.3924731520e-01   5.5914596147e-01   9.7873884208e-01  -7.8453224421e-01
   1.4088275537e-01   1.4035060552e-01   4.6403620145e-01   1.0336302846e+00  -7.1005086942e-01
   1.4194022190e-01   1.4141490522e-01   3.6920507322e-01   1.0705604084e+00  -6.2887514834e-01
   1.4299488619e-01   1.4246553857e-01   2.7441772432e-01   1.0900992906e+00  -5.4124895130e-01
   1.4406894267e-01   1.4352423380e-01   1.7939172456e-01   1.0915326153e+00  -4.4688767463e-01
   1.4518779004e-01   1.4461365154e-01   8.4239773659e-02   1.0728654365e+00  -3.4546439717e-01
   1.4638583645e-01   1.4576192854e-01  -1.0625281388e-02   1.0307735223e+00  -2.3653973620e-01
   1.4771936228e-01   1.4700974436e-01  -1.0570021004e-01   9.5864886366e-01  -1.1776324094e-01
   1.4930517016e-01   1.4842898019e-01  -2.0120651847e-01   8.4244444248e-01   1.5118115658e-02
   1.5115732022e-01   1.5018136012e-01  -2.8574399787e-01   6.7586937059e-01   1.5178966289e-01
   1.5305874706e-01   1.5213328032e-01  -3.4166850416e-01   4.8541204489e-01   2.6524513472e-01
   1.5495666327e-01   1.5398421381e-01  -3.6747986374e-01   2.9475123145e-01   3.4570287333e-01
   1.5712140562e-01   1.5592911272e-01  -3.6689988831e-01   1.0266729333e-01   3.9479747327e-01
   1.6067430619e-01   1.5831369852e-01  -3.2745850373e-01  -8.2164550698e-02   3.8139267585e-01
   1.6498099875e-01   1.6303491387e-01  -2.8924898446e-01  -5.3752571648e-02   2.7202830224e-01
   1.6814011464e-01   1.6692708363e-01  -3.0981434159e-01   1.3638376276e-01   1.7548953491e-01
   1.7044372998e-01   1.6935314565e-01  -3.6275195242e-01   3.2822666271e-01   1.2900288161e-01
   1.7267700839e-01   1.7153431431e-01  -4.4022616643e-01   5.1630989208e-01   1.2189965395e-01
   1.7491950385e-01   1.7381970247e-01  -5.3324660217e-01   6.7413432521e-01   1.6250245364e-01
   1.7719676775e-01   1.7601930523e-01  -6.2807129580e-01   7.7422882507e-01   2.5790864645e-01
   1.7939461366e-01   1.7837423028e-01  -7.0344214625e-01   7.9919848574e-01   3.9726455988e-01
   1.8129350504e-01   1.8041499704e-01  -7.4316142814e-01   7.5985997773e-01   5.4803161668e-01
   1.8300103084e-01   1.8217201304e-01  -7.5066992051e-01   6.7983171131e-01   6.9824731564e-01
   1.8466891565e-01   1.8383004864e-01  -7.2761390205e-01   5.6820925358e-01   8.4853410245e-01
   1.8641494676e-01   1.8550778267e-01  -6.6883439697e-01   4.2622545687e-01   9.9802754879e-01
   1.8808258495e-01   1.8732211084e-01  -5.8082300269e-01   2.7804599813e-01   1.1224451855e+00
   1.8946688548e-01   1.8884305906e-01  -4.8532251106e-01   1.5292390441e-01   1.2044495985e+00
   1.9064325725e-01   1.9009071189e-01  -3.9018027748e-01   4.9630355396e-02   1.2543769121e+00
   1.9170625174e-01   1.9119580260e-01  -2.9533769480e-01  -3.8570299562e-02   1.2813349697e+00
   1.9270153855e-01   1.9221670088e-01  -2.0017358404e-01  -1.1560222818e-01   1.2894353520e+00
   1.9365687690e-01   1.9318637621e-01  -1.0515915119e-01  -1.8312363250e-01   1.2804643253e+00
   1.9459230466e-01   1.9412737759e-01  -1.0152308601e-02  -2.4270450428e-01   1.2551755611e+00
   1.9552446277e-01   1.9505723172e-01   8.4685814159e-02  -2.9535860925e-01   1.2135208869e+00
   1.9646941767e-01   1.9599169382e-01   1.7959899207e-01  -3.4213627185e-01   1.1544539354e+00
   1.9744519790e-01   1.9694714152e-01   2.7452914537e-01  -3.8384112906e-01   1.0760154156e+00
   1.9847531714e-01   1.9794325427e-01   3.6959394146e-01  -4.2143821434e-01   9.7461047951e-01
   1.9958192199e-01   1.9900738000e-01   4.6350655029e-01  -4.5570936557e-01   8.4618918193e-01
   2.0069007393e-01   2.0015646397e-01   5.4769572107e-01  -4.8562684655e-01   6.9897506810e-01
   2.0171475646e-01   2.0122368388e-01   6.1484537710e-01  -5.1088300190e-01   5.4901883491e-01
   2.0266897809e-01   2.0220582903e-01   6.6759182134e-01  -5.3396910641e-01   3.9871403577e-01
   2.0357706878e-01   2.0313212715e-01   7.0819808655e-01  -5.5664141795e-01   2.4920961323e-01
   2.0445566759e-01   2.0402201041e-01   7.3884293196e-01  -5.8061479284e-01   9.8348071102e-02
   2.0531749198e-01   2.0488932478e-01   7.6010193823e-01  -6.0658547018e-01  -5.1322373060e-02
   2.0617341702e-01   2.0574565919e-01   7.7303613462e-01  -6.3571858622e-01  -2.0112544705e-01
   2.0703359877e-01   2.0660117486e-01   7.7809024919e-01  -6.6900216888e-01  -3.5121399967e-01
   2.0790874518e-01   2.0746602269e-01   7.7546117516e-01  -7.0748777271e-01  -5.0162055379e-01
   2.0881125508e-01   2.0835146767e-01   7.6523448970e-01  -7.5206064146e-01  -6.5132338483e-01
   2.0975719142e-01   2.0927104249e-01   7.4711988123e-01  -8.0455116671e-01  -8.0154767832e-01
   2.1076973078e-01   2.1024334035e-01   7.2060643355e-01  -8.6671671854e-01  -9.5140428606e-01
   2.1188748140e-01   2.1129612120e-01   6.8412322520e-01  -9.4241096320e-01  -1.1021974806e+00
   2.1318741675e-01   2.1247884160e-01   6.3514047982e-01  -1.0370223353e+00  -1.2526288731e+00
   2.1487293855e-01   2.1389599190e-01   5.6530924802e-01  -1.1665591709e+00  -1.4037389424e+00
   2.1700423197e-01   2.1584988521e-01   4.7609705456e-01  -1.3278346240e+00  -1.5168274443e+00
   2.1951830153e-01   2.1815857873e-01   3.8089754885e-01  -1.4894758757e+00  -1.5332127764e+00
   2.2205623271e-01   2.2087802433e-01   3.0329609550e-01  -1.5908255936e+00  -1.4307875350e+00
   2.2404834664e-01   2.2323444110e-01   2.5596169608e-01  -1.6075124352e+00  -1.2771462227e+00
   2.2555375354e-01   2.2486225219e-01   2.2637428814e-01  -1.5744881999e+00  -1.1264020152e+00
   2.2687813394e-01   2.2624525489e-01   2.0245010773e-01  -1.5108673520e+00  -9.7591250871e-01
   2.2811581206e-01   2.2751101299e-01   1.8007230529e-01  -1.4221882856e+00  -8.2604097329e-01
   2.2931715364e-01   2.2872061114e-01   1.5642711554e-01  -1.3091624691e+00  -6.7564851124e-01
   2.3051903152e-01   2.2991369614e-01   1.2934589000e-01  -1.1717186868e+00  -5.2571039176e-01
   2.3175477631e-01   2.3112436691e-01   9.6203780037e-02  -1.0070490779e+00  -3.7600155702e-01
   2.3298830617e-01   2.3238518571e-01   5.6298145136e-02  -8.2216229022e-01  -2.3505392321e-01
   2.3415455209e-01   2.3359142664e-01   1.1290018845e-02  -6.3228960232e-01  -1.1344836523e-01
   2.3525656978e-01   2.3471767753e-01  -3.8558299773e-02  -4.4219952824e-01  -1.1319912508e-02
   2.3632122622e-01   2.3579546203e-01  -9.3629693670e-02  -2.5245278124e-01   7.3299956904e-02
   2.3736847498e-01   2.3684699041e-01  -1.5455761588e-01  -6.2588622799e-02   1.4185673451e-01
   2.3841527213e-01   2.3788995954e-01  -2.2200599728e-01   1.2760278544e-01   1.9481549484e-01
   2.3947809365e-01   2.3894058471e-01  -2.9632089365e-01   3.1724652070e-01   2.3183269748e-01
   2.4057517335e-01   2.4001560259e-01  -3.7867602994e-01   5.0721462242e-01   2.5234843147e-01
   2.4171674476e-01   2.4113474412e-01  -4.6885426209e-01   6.9482470459e-01   2.5487471642e-01
   2.4287102048e-01   2.4229874541e-01  -5.6370939892e-01   8.7258557820e-01   2.3878088212e-01
   2.4401438974e-01   2.4344329555e-01  -6.5849143199e-01   1.0326236004e+00   2.0580126576e-01
   2.4516929832e-01   2.4458548392e-01  -7.5337652586e-01   1.1771287668e+00   1.5716957232e-01
   2.4636810968e-01   2.4575311272e-01  -8.4841977841e-01   1.3074199881e+00   9.2952072000e-02
   2.4766000414e-01   2.4698310665e-01  -9.4351165219e-01   1.4241160497e+00   1.1853145631e-02
   2.4914608195e-01   2.4833690164e-01  -1.0391724327e+00   1.5279972212e+00  -9.1216151561e-02
   2.5100422386e-01   2.4995526226e-01  -1.1299708907e+00   1.6136349853e+00  -2.2334016254e-01
   2.5334680670e-01   2.5205318545e-01  -1.1868842943e+00   1.6603925332e+00  -3.7426884740e-01
   2.5602674725e-01   2.5464042795e-01  -1.1586155838e+00   1.6477041399e+00  -4.9401211959e-01
   2.5815863060e-01   2.5741306656e-01  -1.0619961993e+00   1.6023896506e+00  -5.3195170682e-01
   2.5947367262e-01   2.5890419464e-01  -9.6588286041e-01   1.5623723272e+00  -5.2180681155e-01
   2.6052644724e-01   2.6004315061e-01  -8.7072920492e-01   1.5257917895e+00  -4.9460325409e-01
   2.6144022831e-01   2.6100974386e-01  -7.7565429328e-01   1.4912842377e+00  -4.5717583716e-01
   2.6226532492e-01   2.6187071276e-01  -6.8063117400e-01   1.4582160627e+00  -4.1254054517e-01
   2.6302872337e-01   2.6265993708e-01  -5.8576805815e-01   1.4261642834e+00  -3.6246589456e-01
   2.6374698996e-01   2.6339750965e-01  -4.9082866471e-01   1.3946854509e+00  -3.0790135001e-01
   2.6443121710e-01   2.6409647027e-01  -3.9563935764e-01   1.3634148837e+00  -2.4946030892e-01
   2.6508945406e-01   2.6476596393e-01  -3.0073537524e-01   1.3322512421e+00  -1.8801019006e-01
   2.6572789226e-01   2.6541294418e-01  -2.0638998771e-01   1.3010316888e+00  -1.2418595664e-01
   2.6635132983e-01   2.6604284035e-01  -1.1053346661e-01   1.2688154606e+00  -5.6854039921e-02
   2.6696383042e-01   2.6665981932e-01  -1.6634559411e-02   1.2365300378e+00   1.1274565812e-02
   2.6756895628e-01   2.6726784152e-01   7.9333892901e-02   1.2025320144e+00   8.2911508758e-02
   2.6816987820e-01   2.6787007105e-01   1.7364784417e-01   1.1678680869e+00   1.5511735595e-01
   2.6876965992e-01   2.6846968535e-01   2.6840889776e-01   1.1315102576e+00   2.2930814763e-01
   2.6937130546e-01   2.6906963449e-01   3.6395042549e-01   1.0929731297e+00   3.0565220986e-01
   2.6997789775e-01   2.6967297643e-01   4.5800425779e-01   1.0528406725e+00   3.8220333953e-01
   2.7059283888e-01   2.7028281907e-01   5.5387790351e-01   1.0092605286e+00   4.6155818128e-01
   2.7121990161e-01   2.7090285870e-01   6.4796289350e-01   9.6337926816e-01   5.4063745691e-01
   2.7186356616e-01   2.7153694451e-01   7.4335688863e-01   9.1310387963e-01   6.2194479078e-01
   2.7252945056e-01   2.7219018781e-01   8.3826902562e-01   8.5853421760e-01   7.0389005610e-01
   2.7322466014e-01   2.7286871331e-01   9.3288909852e-01   7.9863018505e-01   7.8653639598e-01
   2.7399321251e-01   2.7358060696e-01   1.0323123304e+00   7.2817487192e-01   8.7431626106e-01