# time = 3.8
# Grid points = 474
# Pressure (Pa) = 101325
#             1_pos             2_posf             3_uvel             4_vvel             5_wvel
  -7.4661425245e-02  -7.4784309611e-02   1.4104460013e+00   1.2537634405e+00   1.6226221015e+00
  -7.4411606316e-02  -7.4538540878e-02   1.5330863421e+00   1.0706839206e+00   1.7715931121e+00
  -7.4135535787e-02  -7.4284671754e-02   1.6514298638e+00   8.5558671157e-01   1.9160709951e+00
  -7.3794036454e-02  -7.3986399821e-02   1.7698112040e+00   5.7359074061e-01   2.0605666012e+00
  -7.3394344797e-02  -7.3601673087e-02   1.8670928553e+00   2.2601472929e-01   2.1776703594e+00
  -7.2984448991e-02  -7.3187016508e-02   1.9182443033e+00  -1.4340494550e-01   2.2351914035e+00
  -7.2578234940e-02  -7.2781881474e-02   1.9190352552e+00  -5.1274340090e-01   2.2273129187e+00
  -7.2162857982e-02  -7.2374588406e-02   1.8695448146e+00  -8.8224656631e-01   2.1539475394e+00
  -7.1749922431e-02  -7.1951127557e-02   1.7731116424e+00  -1.2292617964e+00   2.0205402479e+00
  -7.1391205980e-02  -7.1548717304e-02   1.6549993142e+00  -1.5037792841e+00   1.8619266681e+00
  -7.1098385268e-02  -7.1233694656e-02   1.5363743211e+00  -1.7039631723e+00   1.7059228663e+00
  -7.0840877757e-02  -7.0963075880e-02   1.4183791855e+00  -1.8573922638e+00   1.5534706654e+00
  -7.0605093594e-02  -7.0718679635e-02   1.3005335401e+00  -1.9775033747e+00   1.4037727469e+00
  -7.0383884655e-02  -7.0491507553e-02   1.1823945674e+00  -2.0711566614e+00   1.2562771724e+00
  -7.0172811813e-02  -7.0276261758e-02   1.0649754607e+00  -2.1415348983e+00   1.1123124838e+00
  -6.9968847139e-02  -7.0069361868e-02   9.4646265351e-01  -2.1920134876e+00   9.6980748490e-01
  -6.9769749600e-02  -6.9868332409e-02   8.2906101237e-01  -2.2231883293e+00   8.3159252900e-01
  -6.9573722914e-02  -6.9671166792e-02   7.1140611746e-01  -2.2366588547e+00   6.9623789552e-01
  -6.9379277099e-02  -6.9476279037e-02   5.9305956323e-01  -2.2327517198e+00   5.6355642959e-01
  -6.9185065997e-02  -6.9282275160e-02   4.7517024657e-01  -2.2116692076e+00   4.3516806804e-01
  -6.8989814404e-02  -6.9087856834e-02   3.5751526356e-01  -2.1735190684e+00   3.1116222888e-01
  -6.8792256415e-02  -6.8891771974e-02   2.4004557833e-01  -2.1181042198e+00   1.9190015624e-01
  -6.8591035213e-02  -6.8692740857e-02   1.2158109714e-01  -2.0440638654e+00   7.6786769609e-02
  -6.8384667300e-02  -6.8489329569e-02   4.3666762674e-03  -1.9520576630e+00  -3.1377306238e-02
  -6.8171406067e-02  -6.8280005032e-02  -1.1404726263e-01  -1.8389893207e+00  -1.3404747905e-01
  -6.7949124212e-02  -6.8062807102e-02  -2.3158115947e-01  -1.7051818737e+00  -2.2839133203e-01
  -6.7715113682e-02  -6.7835441323e-02  -3.4959983450e-01  -1.5471147835e+00  -3.1427260481e-01
  -6.7465714214e-02  -6.7594786042e-02  -4.6731346557e-01  -1.3629364177e+00  -3.8941695760e-01
  -6.7195690063e-02  -6.7336642387e-02  -5.8533230136e-01  -1.1476797400e+00  -4.5190727001e-01
  -6.6896972833e-02  -6.7054737740e-02  -7.0315581844e-01  -8.9631827289e-01  -4.9814017355e-01
  -6.6555705542e-02  -6.6739207926e-02  -8.2121648694e-01  -5.9848257346e-01  -5.2309360460e-01
  -6.6162063868e-02  -6.6372203158e-02  -9.3511413909e-01  -2.5168127473e-01  -5.1847272952e-01
  -6.5730269847e-02  -6.5951924578e-02  -1.0326115345e+00   1.1719409963e-01  -4.7927000200e-01
  -6.5262305354e-02  -6.5508615117e-02  -1.1069476185e+00   4.8756079536e-01  -4.0687089553e-01
  -6.4716122133e-02  -6.5015995591e-02  -1.1543649550e+00   8.5877697126e-01  -3.0164365903e-01
  -6.3949453224e-02  -6.4416248675e-02  -1.1544549175e+00   1.2363508994e+00  -1.5920015018e-01
  -6.3068595519e-02  -6.3482657773e-02  -1.0739933219e+00   1.4621367430e+00  -5.9775316859e-02
  -6.2377043386e-02  -6.2654533264e-02  -9.5387469261e-01   1.4906533082e+00  -5.9894204659e-02
  -6.1873485044e-02  -6.2099553509e-02  -8.3563975753e-01   1.4411722017e+00  -1.0952810949e-01
  -6.1450216781e-02  -6.1647416579e-02  -7.1781053106e-01   1.3648042316e+00  -1.7960094514e-01
  -6.1074513792e-02  -6.1253016982e-02  -5.9984329158e-01   1.2764355406e+00  -2.5911823361e-01
  -6.0730372449e-02  -6.0896010602e-02  -4.8216891707e-01   1.1827779926e+00  -3.4163211185e-01
  -6.0408207373e-02  -6.0564734296e-02  -3.6433438678e-01   1.0863487946e+00  -4.2362699022e-01
  -6.0101535427e-02  -6.0251680450e-02  -2.4658050253e-01   9.8848846958e-01  -5.0235292337e-01
  -5.9805478927e-02  -5.9951390405e-02  -1.2875197538e-01   8.8924547310e-01  -5.7604777504e-01
  -5.9516028120e-02  -5.9659567450e-02  -1.1104915799e-02   7.8837925084e-01  -6.4312024014e-01
  -5.9229561037e-02  -5.9372488790e-02   1.0681778950e-01   6.8453065895e-01  -7.0260091528e-01
  -5.8942457097e-02  -5.9086633284e-02   2.2471019899e-01   5.7648683834e-01  -7.5315296474e-01
  -5.8650687742e-02  -5.8798280909e-02   3.4243622475e-01   4.6230446120e-01  -7.9353903244e-01
  -5.8349229104e-02  -5.8503094574e-02   4.6028796230e-01   3.3870993908e-01  -8.2240599237e-01
  -5.8030961817e-02  -5.8195363633e-02   5.7823312301e-01   2.0113411913e-01  -8.3768800496e-01
  -5.7684202545e-02  -5.7866560002e-02   6.9621592787e-01   4.1924636187e-02  -8.3615070689e-01
  -5.7285060909e-02  -5.7501845088e-02   8.1472071509e-01  -1.5530783543e-01  -8.1141666550e-01
  -5.6776495275e-02  -5.7068276730e-02   9.3162124623e-01  -4.2986629546e-01  -7.4754953821e-01
  -5.6188938983e-02  -5.6484713820e-02   1.0120972448e+00  -7.7828908427e-01  -6.3918352807e-01
  -5.5615874604e-02  -5.5893164145e-02   1.0264144061e+00  -1.1466032523e+00  -5.1026602674e-01
  -5.5068736856e-02  -5.5338585064e-02   9.7747455880e-01  -1.5155665603e+00  -3.7954076689e-01
  -5.4558026364e-02  -5.4798888648e-02   8.7892251413e-01  -1.8621849889e+00  -2.6243133201e-01
  -5.4129216110e-02  -5.4317164081e-02   7.6032353855e-01  -2.1450910534e+00  -1.7405149233e-01
  -5.3778509127e-02  -5.3941268139e-02   6.4216166639e-01  -2.3633368820e+00  -1.1178853724e-01
  -5.3467163808e-02  -5.3615750115e-02   5.2406062852e-01  -2.5428255847e+00  -6.5188856965e-02
  -5.3178457865e-02  -5.3318577500e-02   4.0588980598e-01  -2.6936507466e+00  -2.9779334948e-02
  -5.2903061140e-02  -5.3038338229e-02   2.8827731570e-01  -2.8199830617e+00  -3.1934548180e-03
  -5.2634706463e-02  -5.2767784052e-02   1.7039985496e-01  -2.9251033475e+00   1.6385990799e-02
  -5.2368464736e-02  -5.2501628874e-02   5.2470051175e-02  -3.0094518764e+00   3.0022191651e-02
  -5.2099763852e-02  -5.2235300599e-02  -6.5633688765e-02  -3.0725410313e+00   3.8606434960e-02
  -5.1823705404e-02  -5.1964227105e-02  -1.8328533766e-01  -3.1123470982e+00   4.2902018616e-02
  -5.1534160152e-02  -5.1683183704e-02  -3.0127962201e-01  -3.1256305060e+00   4.3745082246e-02
  -5.1222168129e-02  -5.1385136601e-02  -4.1932735104e-01  -3.1057165481e+00   4.2104504947e-02
  -5.0872160823e-02  -5.1059199657e-02  -5.3746431073e-01  -3.0400670326e+00   3.9546011155e-02
  -5.0448577707e-02  -5.0685121989e-02  -6.5626506738e-01  -2.8987996791e+00   3.9495690895e-02
  -4.9915714052e-02  -5.0212033424e-02  -7.6307233422e-01  -2.6284697672e+00   5.1309480344e-02
  -4.9378577116e-02  -4.9619394680e-02  -8.2104178015e-01  -2.2633429885e+00   8.3232158958e-02
  -4.8928522849e-02  -4.9137759552e-02  -8.2909886837e-01  -1.8931605810e+00   1.3008587639e-01
  -4.8527459868e-02  -4.8719286146e-02  -8.0672289329e-01  -1.5230642649e+00   1.8839226564e-01
  -4.8153611668e-02  -4.8335633589e-02  -7.6310024787e-01  -1.1540869615e+00   2.5573615523e-01
  -4.7794329298e-02  -4.7971589747e-02  -7.0263980667e-01  -7.8391394329e-01   3.3070168982e-01
  -4.7440417338e-02  -4.7617068849e-02  -6.2838122918e-01  -4.1532604654e-01   4.1092929640e-01
  -4.7083549278e-02  -4.7263765828e-02  -5.4080804439e-01  -4.4838880102e-02   4.9517936747e-01
  -4.6714393746e-02  -4.6903332728e-02  -4.4066607562e-01   3.2428140204e-01   5.8015627222e-01
  -4.6328669463e-02  -4.6525454765e-02  -3.2850255209e-01   6.8650068589e-01   6.6089616291e-01
  -4.5938699892e-02  -4.6131884160e-02  -2.1089466210e-01   1.0169965327e+00   7.2703760161e-01
  -4.5551552758e-02  -4.5745515624e-02  -9.3279249745e-02   1.2987724736e+00   7.7003192103e-01
  -4.5158188781e-02  -4.5357589892e-02   2.4685067237e-02   1.5294683975e+00   7.8382344722e-01
  -4.4748693672e-02  -4.4958787669e-02   1.4225755747e-01   1.7001044590e+00   7.5982024550e-01
  -4.4310384783e-02  -4.4538599675e-02   2.6006865344e-01   1.7981734059e+00   6.8550960117e-01
  -4.3822771338e-02  -4.4082169892e-02   3.7794699976e-01   1.7992618928e+00   5.4082029422e-01
  -4.3308216160e-02  -4.3563372784e-02   4.8451006156e-01   1.6804122810e+00   3.2069799516e-01
  -4.2838680653e-02  -4.3053059535e-02   5.6306541864e-01   1.4729096379e+00   6.7986614368e-02
  -4.2428470525e-02  -4.2624301771e-02   6.1521513957e-01   1.2228879822e+00  -1.8471723840e-01
  -4.2043699368e-02  -4.2232639279e-02   6.4852332896e-01   9.4348954089e-01  -4.3660888658e-01
  -4.1663616927e-02  -4.1854759457e-02   6.6547715403e-01   6.3725520171e-01  -6.8864246817e-01
  -4.1268044234e-02  -4.1472474398e-02   6.6490984725e-01   3.0146484067e-01  -9.4127830623e-01
  -4.0842633100e-02  -4.1063614069e-02   6.4216863415e-01  -5.9531533747e-02  -1.1853910344e+00
  -4.0377900921e-02  -4.0621652131e-02   5.8960210923e-01  -4.3018998552e-01  -1.3998285750e+00
  -3.9871472617e-02  -4.0134149712e-02   4.9819643714e-01  -7.7833189530e-01  -1.5494599364e+00
  -3.9399550807e-02  -3.9608795522e-02   3.8163743716e-01  -1.0297317898e+00  -1.5956329695e+00
  -3.9012752434e-02  -3.9190306092e-02   2.6330523327e-01  -1.1702594426e+00  -1.5566563335e+00
  -3.8676604271e-02  -3.8835198777e-02   1.4554866323e-01  -1.2394832647e+00  -1.4652065111e+00
  -3.8371885280e-02  -3.8518009766e-02   2.7417539118e-02  -1.2589850015e+00  -1.3363590486e+00
  -3.8088065238e-02  -3.8225760794e-02  -9.0195711822e-02  -1.2404349664e+00  -1.1799787454e+00
  -3.7818383672e-02  -3.7950369681e-02  -2.0826176350e-01  -1.1911495405e+00  -1.0004094192e+00
  -3.7558009770e-02  -3.7686397664e-02  -3.2591545970e-01  -1.1163873144e+00  -8.0268723778e-01
  -3.7303076998e-02  -3.7429621877e-02  -4.4413231454e-01  -1.0188524504e+00  -5.8773737978e-01
  -3.7050169535e-02  -3.7176532119e-02  -5.6184888770e-01  -9.0164234579e-01  -3.5926219443e-01
  -3.6796079871e-02  -3.6923806950e-02  -6.7951572394e-01  -7.6581811271e-01  -1.1766404213e-01
  -3.6541459807e-02  -3.6668352792e-02  -7.9517622896e-01  -6.1460116541e-01   1.3212552079e-01
  -3.6288068581e-02  -3.6414566822e-02  -9.0652554105e-01  -4.5190920653e-01   3.8422715742e-01
  -3.6033094411e-02  -3.6161570340e-02  -1.0129192394e+00  -2.7920533628e-01   6.3651403402e-01
  -3.5771470986e-02  -3.5904618481e-02  -1.1139864361e+00  -9.6649492903e-02   8.8804693520e-01
  -3.5496832911e-02  -3.5638323490e-02  -1.2100118290e+00   9.8692961347e-02   1.1406887120e+00
  -3.5199748269e-02  -3.5355342332e-02  -1.2990936126e+00   3.0854493305e-01   1.3924745123e+00
  -3.4862951595e-02  -3.5044154206e-02  -1.3793527853e+00   5.4170235325e-01   1.6456207175e+00
  -3.4442215503e-02  -3.4681748983e-02  -1.4434149596e+00   8.1747241701e-01   1.9005857340e+00
  -3.3870634352e-02  -3.4202682023e-02  -1.4592736046e+00   1.1551385889e+00   2.1225247416e+00
  -3.3257306688e-02  -3.3538586681e-02  -1.3843278495e+00   1.4653068815e+00   2.1992173509e+00
  -3.2794979524e-02  -3.2976026694e-02  -1.2633185860e+00   1.6617564739e+00   2.1463227322e+00
  -3.2467740187e-02  -3.2613932355e-02  -1.1445988632e+00   1.7818555375e+00   2.0546621853e+00
  -3.2194095180e-02  -3.2321548019e-02  -1.0264605019e+00   1.8714516297e+00   1.9487358868e+00
  -3.1951058260e-02  -3.2066642342e-02  -9.0844589434e-01   1.9435489792e+00   1.8356047120e+00
  -3.1728043992e-02  -3.1835474178e-02  -7.9050075033e-01   2.0039636227e+00   1.7187084552e+00
  -3.1519040445e-02  -3.1620613807e-02  -6.7268525963e-01   2.0558927482e+00   1.6001207680e+00
  -3.1320196149e-02  -3.1417467084e-02  -5.5501398230e-01   2.1013074088e+00   1.4811611777e+00
  -3.1128845266e-02  -3.1222925213e-02  -4.3677930969e-01   2.1417200319e+00   1.3620453237e+00
  -3.0942997635e-02  -3.1034765319e-02  -3.1880678936e-01   2.1776809374e+00   1.2443241773e+00
  -3.0761069792e-02  -3.0851229951e-02  -2.0075486105e-01   2.2098893946e+00   1.1282400266e+00
  -3.0581753577e-02  -3.0670909633e-02  -8.3038324511e-02   2.2386295456e+00   1.0146950857e+00
  -3.0403911760e-02  -3.0492597520e-02   3.4510836819e-02   2.2642013531e+00   9.0395976638e-01
  -3.0226512166e-02  -3.0315226000e-02   1.5202628027e-01   2.2867527487e+00   7.9632729080e-01
  -3.0048555715e-02  -3.0137798331e-02   2.7079256367e-01   2.3064661936e+00   6.9112841952e-01
  -2.9869036279e-02  -2.9959313099e-02   3.8839246375e-01   2.3228310683e+00   5.9096491612e-01
  -2.9686901517e-02  -2.9778759459e-02   5.0610693055e-01   2.3358686945e+00   4.9515878789e-01
  -2.9500986454e-02  -2.9595043575e-02   6.2393094877e-01   2.3452262382e+00   4.0427176116e-01
  -2.9309949878e-02  -2.9406929333e-02   7.4167642942e-01   2.3503948043e+00   3.1907396094e-01
  -2.9112176364e-02  -2.9212970423e-02   8.5950386913e-01   2.3506875245e+00   2.4019202879e-01
  -2.8905615536e-02  -2.9011382304e-02   9.7763321907e-01   2.3451024968e+00   1.6843030657e-01
  -2.8687578776e-02  -2.8799848767e-02   1.0954197131e+00   2.3322855106e+00   1.0535002146e-01
  -2.8454317661e-02  -2.8575308784e-02   1.2133803597e+00   2.3101787788e+00   5.2204286383e-02
  -2.8200215587e-02  -2.8333326539e-02   1.3313445604e+00   2.2756718449e+00   1.1300642449e-02
  -2.7916080997e-02  -2.8067104635e-02   1.4493597524e+00   2.2235428478e+00  -1.3980799473e-02
  -2.7584537482e-02  -2.7765057359e-02   1.5675462622e+00   2.1438629355e+00  -1.7734196904e-02
  -2.7162130772e-02  -2.7404017606e-02   1.6867620586e+00   2.0115530867e+00   1.3514155402e-02
  -2.6557791587e-02  -2.6920243938e-02   1.7954534076e+00   1.7621412627e+00   1.1332289803e-01
  -2.5880135855e-02  -2.6195339236e-02   1.8396906709e+00   1.4076758234e+00   2.6942873927e-01
  -2.5290118927e-02  -2.5564932475e-02   1.8143308691e+00   1.0387901993e+00   4.1680226140e-01
  -2.4763888813e-02  -2.5015305380e-02   1.7469298592e+00   6.6960257395e-01   5.3651188046e-01
  -2.4275480134e-02  -2.4512472245e-02   1.6512253429e+00   3.0135347289e-01   6.2431981079e-01
  -2.3827079718e-02  -2.4038488023e-02   1.5380412904e+00  -5.4008525756e-02   6.7824723940e-01
  -2.3431327117e-02  -2.3615671413e-02   1.4201378855e+00  -3.7599547521e-01   7.0075735616e-01
  -2.3080105348e-02  -2.3246982821e-02   1.3022856138e+00  -6.6563947328e-01   6.9957458731e-01
  -2.2758698928e-02  -2.2913227874e-02   1.1843818920e+00  -9.3121263771e-01   6.8064226873e-01
  -2.2458795014e-02  -2.2604169983e-02   1.0667142831e+00  -1.1764312806e+00   6.4779308441e-01
  -2.2175032169e-02  -2.2313420044e-02   9.4883799183e-01  -1.4047473845e+00   6.0347536696e-01
  -2.1903608023e-02  -2.2036644294e-02   8.3114475345e-01  -1.6168769326e+00   5.4964810044e-01
  -2.1641599951e-02  -2.1770571753e-02   7.1324003118e-01  -1.8143546626e+00   4.8744003938e-01
  -2.1386618487e-02  -2.1512628150e-02   5.9547408788e-01  -1.9969079505e+00   4.1794551630e-01
  -2.1136574742e-02  -2.1260608824e-02   4.7797061414e-01  -2.1643693473e+00   3.4188875995e-01
  -2.0889552123e-02  -2.1012540660e-02   3.5965323351e-01  -2.3176572654e+00   2.5883855631e-01
  -2.0643666073e-02  -2.0766563587e-02   2.4220048949e-01  -2.4537151496e+00   1.7004170839e-01
  -2.0396944544e-02  -2.0520768559e-02   1.2430921013e-01  -2.5727934141e+00   7.4354821634e-02
  -2.0147195854e-02  -2.0273120529e-02   6.3347394150e-03  -2.6723359856e+00  -2.8520145359e-02
  -1.9891819198e-02  -2.0021271179e-02  -1.1137067912e-01  -2.7492131125e+00  -1.3917027388e-01
  -1.9627504558e-02  -1.9762367217e-02  -2.2917524887e-01  -2.7995244960e+00  -2.5939528278e-01
  -1.9349680610e-02  -1.9492641900e-02  -3.4711639036e-01  -2.8168582267e+00  -3.9162024126e-01
  -1.9051463774e-02  -1.9206719320e-02  -4.6504864423e-01  -2.7911153533e+00  -5.3955110886e-01
  -1.8721197799e-02  -1.8896208227e-02  -5.8297227213e-01  -2.7049281860e+00  -7.0999277341e-01
  -1.8336588196e-02  -1.8546187372e-02  -7.0116688312e-01  -2.5223568308e+00  -9.1751927462e-01
  -1.7915506259e-02  -1.8126989020e-02  -8.0368043513e-01  -2.2205833473e+00  -1.1534516913e+00
  -1.7532624863e-02  -1.7704023497e-02  -8.7111116925e-01  -1.8540636122e+00  -1.3752695459e+00
  -1.7214281994e-02  -1.7361226228e-02  -9.0758993506e-01  -1.4830865198e+00  -1.5644411719e+00
  -1.6935404833e-02  -1.7067337760e-02  -9.2516661454e-01  -1.1130283503e+00  -1.7325771372e+00
  -1.6681548992e-02  -1.6803471906e-02  -9.3010972397e-01  -7.4354927435e-01  -1.8868304879e+00
  -1.6444658586e-02  -1.6559626079e-02  -9.2588183053e-01  -3.7277439916e-01  -2.0317460405e+00
  -1.6219533675e-02  -1.6329691093e-02  -9.1474188157e-01  -3.7330077887e-03  -2.1684970255e+00
  -1.6002449968e-02  -1.6109376257e-02  -8.9818131807e-01   3.6601070826e-01  -2.2995711354e+00
  -1.5790526507e-02  -1.5895523680e-02  -8.7725103847e-01   7.3696280872e-01  -2.4261488024e+00
  -1.5581287368e-02  -1.5685529335e-02  -8.5311080063e-01   1.1047569680e+00  -2.5475218025e+00
  -1.5372418126e-02  -1.5477045401e-02  -8.2601511432e-01   1.4763018524e+00  -2.6664554062e+00
  -1.5161544738e-02  -1.5267790851e-02  -7.9701972045e-01   1.8453630771e+00  -2.7812277982e+00
  -1.4945967361e-02  -1.5055298626e-02  -7.6650562280e-01   2.2147466978e+00  -2.8928683246e+00
  -1.4722262411e-02  -1.4836636097e-02  -7.3497890782e-01   2.5852721763e+00  -3.0014962441e+00
  -1.4485624147e-02  -1.4607888725e-02  -7.0330181658e-01   2.9546317590e+00  -3.1060291689e+00
  -1.4228303521e-02  -1.4363359568e-02  -6.7213195013e-01   3.3255030190e+00  -3.2062607553e+00
  -1.3935241667e-02  -1.4093247474e-02  -6.4297791979e-01   3.6975043853e+00  -3.2998115123e+00
  -1.3564844257e-02  -1.3777235861e-02  -6.1921888519e-01   4.0725565538e+00  -3.3805375879e+00
  -1.2872520281e-02  -1.3352452653e-02  -6.2710786110e-01   4.4138001523e+00  -3.3888192482e+00
  -1.2120877322e-02  -1.2392587909e-02  -7.0746802600e-01   4.2779974306e+00  -3.1921031853e+00
  -1.1682543406e-02  -1.1849166735e-02  -7.9292422995e-01   3.9047250555e+00  -2.9521230328e+00
  -1.1385128898e-02  -1.1515920078e-02  -8.6462227327e-01   3.5313854377e+00  -2.7351364875e+00
  -1.1141913399e-02  -1.1254337719e-02  -9.2967193238e-01   3.1602473912e+00  -2.5265966951e+00
  -1.0928519315e-02  -1.1029489079e-02  -9.9058206590e-01   2.7885634904e+00  -2.3208728224e+00
  -1.0734358320e-02  -1.0827549551e-02  -1.0476968228e+00   2.4198473233e+00  -2.1181076748e+00
  -1.0553599409e-02  -1.0641167089e-02  -1.1019851859e+00   2.0511705103e+00  -1.9156957990e+00
  -1.0382687155e-02  -1.0466031730e-02  -1.1542452345e+00   1.6785785207e+00  -1.7108317106e+00
  -1.0219134627e-02  -1.0299342580e-02  -1.2033448600e+00   1.3114097095e+00  -1.5081996822e+00
  -1.0061101406e-02  -1.0138926674e-02  -1.2504766705e+00   9.4169275913e-01  -1.3030577730e+00
  -9.9072185038e-03  -9.9832761381e-03  -1.2955501928e+00   5.7000182994e-01  -1.0953919268e+00
  -9.7563385606e-03  -9.8311608694e-03  -1.3380112231e+00   2.0093714533e-01  -8.8749709250e-01
  -9.6074778152e-03  -9.6815162518e-03  -1.3781796725e+00  -1.6835965639e-01  -6.7751516755e-01
  -9.4597699092e-03  -9.5334393786e-03  -1.4160101280e+00  -5.3823025734e-01  -4.6496624426e-01
  -9.3123985103e-03  -9.3861004399e-03  -1.4513935338e+00  -9.0884580578e-01  -2.4943443881e-01
  -9.1645586541e-03  -9.2386965807e-03  -1.4840032264e+00  -1.2782792172e+00  -3.1710841783e-02
  -9.0154217734e-03  -9.0904207275e-03  -1.5137555904e+00  -1.6475772385e+00   1.8918668835e-01
  -8.8640927815e-03  -8.9404228193e-03  -1.5403936358e+00  -2.0166136791e+00   4.1363331806e-01
  -8.7095360484e-03  -8.7877627436e-03  -1.5637617621e+00  -2.3884944950e+00   6.4414315468e-01
  -8.5505236926e-03  -8.6313093532e-03  -1.5830866560e+00  -2.7580733158e+00   8.7825846911e-01
  -8.3855680329e-03  -8.4697380320e-03  -1.5978599460e+00  -3.1246130624e+00   1.1162907034e+00
  -8.2129321444e-03  -8.3013980337e-03  -1.6075551291e+00  -3.4976014147e+00   1.3657980246e+00
  -8.0330365544e-03  -8.1244662551e-03  -1.6106725050e+00  -3.8587265551e+00   1.6161244617e+00
  -7.8468391505e-03  -7.9416068537e-03  -1.6063023780e+00  -4.2065095233e+00   1.8676982537e+00
  -7.6529096737e-03  -7.7520714474e-03  -1.5932865063e+00  -4.5358594403e+00   2.1187797236e+00
  -7.4486680627e-03  -7.5537478999e-03  -1.5696885634e+00  -4.8469703565e+00   2.3725197734e+00
  -7.2305249784e-03  -7.3435882254e-03  -1.5336933853e+00  -5.1281904044e+00   2.6235842810e+00
  -6.9930181543e-03  -7.1174617313e-03  -1.4813769271e+00  -5.3762977125e+00   2.8757261507e+00
  -6.7267551295e-03  -6.8685745773e-03  -1.4068540134e+00  -5.5770829655e+00   3.1279288350e+00
  -6.4311593937e-03  -6.5849356818e-03  -1.3049061806e+00  -5.7023322831e+00   3.3683127693e+00
  -6.1428812298e-03  -6.2773831057e-03  -1.1874645478e+00  -5.7253354193e+00   3.5601733498e+00
  -5.8873656818e-03  -6.0083793539e-03  -1.0696206749e+00  -5.6633848165e+00   3.6927261321e+00
  -5.6545439477e-03  -5.7663520097e-03  -9.5157703878e-01  -5.5413863528e+00   3.7827806002e+00
  -5.4375079665e-03  -5.5427358858e-03  -8.3356505146e-01  -5.3739178451e+00   3.8398604358e+00
  -5.2318636635e-03  -5.3322800472e-03  -7.1590881200e-01  -5.1708685860e+00   3.8700677245e+00
  -5.0345826114e-03  -5.1314472798e-03  -5.9818753972e-01  -4.9378480976e+00   3.8775778034e+00
  -4.8434389588e-03  -4.9377179431e-03  -4.8012275094e-01  -4.6785802453e+00   3.8649778492e+00
  -4.6566694379e-03  -4.7491599745e-03  -3.6204230159e-01  -4.3969532748e+00   3.8340434594e+00
  -4.4727893975e-03  -4.5641789014e-03  -2.4408275309e-01  -4.0958568588e+00   3.7860820339e+00
  -4.2904876399e-03  -4.3813998936e-03  -1.2625048613e-01  -3.7773285907e+00   3.7219168701e+00
  -4.1085408715e-03  -4.1995753862e-03  -8.4789500335e-03  -3.4427376724e+00   3.6418957334e+00
  -3.9257371495e-03  -4.0175063569e-03   1.0931629784e-01  -3.0929922168e+00   3.5459129329e+00
  -3.7414323368e-03  -3.8339679421e-03   2.2677200236e-01  -2.7300662355e+00   3.4338715887e+00
  -3.5572600201e-03  -3.6488967315e-03   3.4194864720e-01  -2.3609785292e+00   3.3073074868e+00
  -3.3742379121e-03  -3.4656233086e-03   4.5345842532e-01  -1.9914161515e+00   3.1676774536e+00
  -3.1908331771e-03  -3.2828525156e-03   5.6156608886e-01  -1.6216281037e+00   3.0144363793e+00
  -3.0052302729e-03  -3.0988138387e-03   6.6654318056e-01  -1.2514170961e+00   2.8463542412e+00
  -2.8154369074e-03  -2.9116467071e-03   7.6842198695e-01  -8.8103896503e-01   2.6617865657e+00
  -2.6190896417e-03  -2.7192271076e-03   8.6691814412e-01  -5.1158312487e-01   2.4588168087e+00
  -2.4131794460e-03  -2.5189521757e-03   9.6216901671e-01  -1.4209182372e-01   2.2332475702e+00
  -2.2010559399e-03  -2.3074067163e-03   1.0507870923e+00   2.1469360136e-01   1.9888697040e+00
  -1.9927191654e-03  -2.0947051635e-03   1.1284833923e+00   5.4105306521e-01   1.7353722062e+00
  -1.7921589238e-03  -1.8907331674e-03   1.1924571625e+00   8.2321496709e-01   1.4847122251e+00
  -1.5977285326e-03  -1.6935846802e-03   1.2449726506e+00   1.0687141667e+00   1.2330791024e+00
  -1.4081573595e-03  -1.5018723850e-03   1.2866596831e+00   1.2787488373e+00   9.8101068487e-01
  -1.2223730346e-03  -1.3144423339e-03   1.3181060002e+00   1.4545700137e+00   7.2894662373e-01
  -1.0394415809e-03  -1.1303037353e-03   1.3398668001e+00   1.5975100585e+00   4.7710993650e-01
  -8.5852265905e-04  -9.4857942639e-04   1.3524340527e+00   1.7088353262e+00   2.2555290803e-01
  -6.7883231104e-04  -7.6846589171e-04   1.3562151762e+00   1.7896342747e+00  -2.5799250759e-02
  -4.9960951268e-04  -5.8919873037e-04   1.3515198302e+00   1.8407370691e+00  -2.7710508373e-01
  -3.2007820016e-04  -4.1002029498e-04   1.3384104329e+00   1.8626086446e+00  -5.3024651806e-01
  -1.3941685093e-04  -2.3013610534e-04   1.3171792361e+00   1.8551621523e+00  -7.8193715422e-01
   4.3272332781e-05  -4.8697596513e-05   1.2878999934e+00   1.8187888464e+00  -1.0334392253e+00
   2.2901665919e-04   1.3524226207e-04   1.2505167967e+00   1.7531836479e+00  -1.2850964799e+00
   4.1904067465e-04   3.2279105630e-04   1.2049419229e+00   1.6577694764e+00  -1.5366487016e+00
   6.1487069838e-04   5.1529029299e-04   1.1508411312e+00   1.5312476002e+00  -1.7884460179e+00
   8.1851867149e-04   7.1445110376e-04   1.0875418670e+00   1.3711752162e+00  -2.0411695131e+00
   1.0327230772e-03   9.2258623923e-04   1.0148523490e+00   1.1760684367e+00  -2.2926864670e+00
   1.2614736971e-03   1.1428599152e-03   9.3136667538e-01   9.4091409497e-01  -2.5441106847e+00
   1.5112630543e-03   1.3800874790e-03   8.3448741818e-01   6.5638340744e-01  -2.7968017199e+00
   1.7860761421e-03   1.6424386296e-03   7.2380602700e-01   3.1878148779e-01  -3.0434220557e+00
   2.0706283197e-03   1.9297136546e-03   6.0785962480e-01  -4.7102067386e-02  -3.2599800519e+00
   2.3511180549e-03   2.2115429848e-03   4.9392938368e-01  -4.1778746076e-01  -3.4327914404e+00
   2.6324924919e-03   2.4906931250e-03   3.8351761028e-01  -7.8706573027e-01  -3.5611533746e+00
   2.9223315588e-03   2.7742918588e-03   2.7565201979e-01  -1.1571724278e+00  -3.6449166790e+00
   3.2304010429e-03   3.0703712589e-03   1.7018959458e-01  -1.5279228866e+00  -3.6779504696e+00
   3.5729389433e-03   3.3904308269e-03   6.7064599186e-02  -1.8986655967e+00  -3.6462174339e+00
   3.9813371259e-03   3.7554470596e-03  -3.3715640375e-02  -2.2670332868e+00  -3.5157953018e+00
   4.3975595379e-03   4.2072271922e-03  -1.1048387578e-01  -2.5461877274e+00  -3.2888076477e+00
   4.7402082458e-03   4.5878918835e-03  -1.5287397156e-01  -2.6904344972e+00  -3.0349500474e+00
   5.0255388089e-03   4.8925246081e-03  -1.7395683686e-01  -2.7460872942e+00  -2.7823982511e+00
   5.2797888920e-03   5.1585530098e-03  -1.8241151093e-01  -2.7443550344e+00  -2.5293398501e+00
   5.5145285358e-03   5.4010247743e-03  -1.8209221117e-01  -2.6993202833e+00  -2.2779223319e+00
   5.7362302881e-03   5.6280322974e-03  -1.7521876358e-01  -2.6184228757e+00  -2.0261444313e+00
   5.9489907025e-03   5.8444282787e-03  -1.6313672546e-01  -2.5061754867e+00  -1.7745791523e+00
   6.1557090213e-03   6.0535531263e-03  -1.4663536120e-01  -2.3642947389e+00  -1.5216924958e+00
   6.3586174107e-03   6.2578649163e-03  -1.2657542996e-01  -2.1962624246e+00  -1.2706072352e+00
   6.5595562152e-03   6.4593699051e-03  -1.0326633991e-01  -2.0016173638e+00  -1.0190295394e+00
   6.7601333951e-03   6.6597425253e-03  -7.6927945787e-02  -1.7796022763e+00  -7.6612679725e-01
   6.9618581969e-03   6.8605242650e-03  -4.8219051308e-02  -1.5334690050e+00  -5.1566823299e-01
   7.1662501989e-03   7.0631921288e-03  -1.6727910701e-02  -1.2574578077e+00  -2.6259193424e-01
   7.3749038210e-03   7.2693082689e-03   1.6783226809e-02  -9.5611231882e-01  -1.2150977070e-02
   7.5896191441e-03   7.4804993731e-03   5.2915850901e-02  -6.2184751606e-01   2.4056098093e-01
   7.8086523598e-03   7.6987389150e-03   9.0594517607e-02  -2.6255927594e-01   4.8821942779e-01
   8.0244561936e-03   7.9185658045e-03   1.2818345825e-01   1.0700597637e-01   7.2142888266e-01
   8.2334199175e-03   8.1303465826e-03   1.6453034437e-01   4.7511054286e-01   9.3514224017e-01
   8.4377661130e-03   8.3364932524e-03   2.0023628533e-01   8.4713162058e-01   1.1346475027e+00
   8.6394309954e-03   8.5390389736e-03   2.3464602693e-01   1.2154196869e+00   1.3176663062e+00
   8.8401734237e-03   8.7398230172e-03   2.6828285177e-01   1.5846560901e+00   1.4881561214e+00
   9.0416935646e-03   8.9405238303e-03   3.0130562441e-01   1.9560028039e+00   1.6476046165e+00
   9.2457674286e-03   9.1428632989e-03   3.3322866151e-01   2.3232709046e+00   1.7943857836e+00
   9.4544380959e-03   9.3486715584e-03   3.6488972032e-01   2.6955945819e+00   1.9328547524e+00
   9.6701991784e-03   9.5602046334e-03   3.9558108698e-01   3.0643390502e+00   2.0603198884e+00
   9.8963294768e-03   9.7801937233e-03   4.2567470703e-01   3.4337296843e+00   2.1788663669e+00
   1.0137659018e-02   1.0012465230e-02   4.5518339187e-01   3.8043834777e+00   2.2889238098e+00
   1.0401971845e-02   1.0262852806e-02   4.8380811198e-01   4.1739180680e+00   2.3899442712e+00
   1.0704256984e-02   1.0541090883e-02   5.1152810998e-01   4.5460760088e+00   2.4827641394e+00
   1.1083765390e-02   1.0867423084e-02   5.3730841767e-01   4.9202486653e+00   2.5662425220e+00
   1.1595534572e-02   1.1300107696e-02   5.5412578097e-01   5.2443375401e+00   2.6276838296e+00
   1.2186388325e-02   1.1890961449e-02   5.4491660586e-01   5.3465084662e+00   2.6368675056e+00
   1.2784812234e-02   1.2481815202e-02   4.9969581368e-01   5.1373053742e+00   2.5865031069e+00
   1.3272994155e-02   1.3087809267e-02   4.3571265623e-01   4.7522644702e+00   2.5075233013e+00
   1.3607984880e-02   1.3458179044e-02   3.7698897413e-01   4.3799339663e+00   2.4338395349e+00
   1.3889150922e-02   1.3757790715e-02   3.1919954526e-01   4.0092270916e+00   2.3605735537e+00
   1.4140498237e-02   1.4020511130e-02   2.6148567124e-01   3.6380595041e+00   2.2863723726e+00
   1.4372965636e-02   1.4260485345e-02   2.0407441119e-01   3.2689628310e+00   2.2111806350e+00
   1.4592786829e-02   1.4485445927e-02   1.4660937115e-01   2.8998378726e+00   2.1341599403e+00
   1.4803962398e-02   1.4700127731e-02   8.8835921648e-02   2.5287999088e+00   2.0545260685e+00
   1.5009395714e-02   1.4907797066e-02   3.1539060924e-02   2.1603433964e+00   1.9728980569e+00
   1.5211366238e-02   1.5110994362e-02  -2.5996639355e-02   1.7890594393e+00   1.8877152746e+00
   1.5411792084e-02   1.5311738114e-02  -8.2662339965e-02   1.4210496757e+00   1.7999990392e+00
   1.5612439316e-02   1.5511846054e-02  -1.3916371882e-01   1.0503606553e+00   1.7079064511e+00
   1.5815045459e-02   1.5713032578e-02  -1.9466624261e-01   6.8065869872e-01   1.6118136374e+00
   1.6021457091e-02   1.5917058339e-02  -2.4890740556e-01   3.1139371331e-01   1.5109971253e+00
   1.6233777263e-02   1.6125855843e-02  -3.0145540177e-01  -5.7575382141e-02   1.4046925485e+00
   1.6454614555e-02   1.6341698684e-02  -3.5196830438e-01  -4.2838656633e-01   1.2912468550e+00
   1.6687415332e-02   1.6567530427e-02  -3.9923126433e-01  -7.9883490156e-01   1.1699422484e+00
   1.6937017323e-02   1.6807300236e-02  -4.4182427584e-01  -1.1679333855e+00   1.0392667514e+00
   1.7210985542e-02   1.7066734409e-02  -4.7789321106e-01  -1.5377398479e+00   8.9558998387e-01
   1.7522854799e-02   1.7355236675e-02  -5.0363391116e-01  -1.9087781023e+00   7.3346466413e-01
   1.7902523379e-02   1.7690472924e-02  -5.1066029494e-01  -2.2814239605e+00   5.4164368433e-01
   1.8388503801e-02   1.8114573834e-02  -4.7894650664e-01  -2.6263812518e+00   3.1089588581e-01
   1.8933715631e-02   1.8662433767e-02  -3.9104399070e-01  -2.8444247032e+00   7.7328347714e-02
   1.9411580296e-02   1.9204997494e-02  -2.7306868954e-01  -2.8971686723e+00  -1.0018891593e-01
   1.9796564944e-02   1.9618163097e-02  -1.5467658961e-01  -2.8535786756e+00  -2.2264946492e-01
   2.0140095158e-02   1.9974966791e-02  -3.6617677484e-02  -2.7597367353e+00  -3.1644134367e-01
   2.0465109393e-02   2.0305223524e-02   8.1668857155e-02  -2.6309444324e+00  -3.9256101172e-01
   2.0785823781e-02   2.0624995262e-02   1.9943612798e-01  -2.4742217034e+00  -4.5617558675e-01
   2.1115155340e-02   2.0946652300e-02   3.1758317915e-01  -2.2892623035e+00  -5.1147896062e-01
   2.1470387892e-02   2.1283658381e-02   4.3584721229e-01  -2.0716659564e+00  -5.6138016597e-01
   2.1887705289e-02   2.1657117403e-02   5.5493646072e-01  -1.8033552858e+00  -6.1010696833e-01
   2.2407228067e-02   2.2118293174e-02   6.6117541086e-01  -1.4687240723e+00  -6.6095415510e-01
   2.3012547534e-02   2.2696162959e-02   7.1251804477e-01  -1.0995691822e+00  -7.1355240142e-01
   2.3660739831e-02   2.3328932110e-02   6.6927457596e-01  -7.5131959364e-01  -7.6690215897e-01
   2.4207292370e-02   2.3992547553e-02   5.5653678966e-01  -5.0363920707e-01  -8.0950860464e-01
   2.4589750921e-02   2.4422037186e-02   4.3737743944e-01  -3.5887069934e-01  -8.3594708567e-01
   2.4903379169e-02   2.4757464656e-02   3.1907076291e-01  -2.5788531354e-01  -8.5374576603e-01
   2.5182919124e-02   2.5049293682e-02   2.0103172603e-01  -1.8114556928e-01  -8.6537213880e-01
   2.5442863731e-02   2.5316544567e-02   8.2891712405e-02  -1.2072129796e-01  -8.7158788637e-01
   2.5691411902e-02   2.5569182895e-02  -3.5011714626e-02  -7.2833642224e-02  -8.7252035740e-01
   2.5934192750e-02   2.5813640908e-02  -1.5272842993e-01  -3.5175746469e-02  -8.6802296609e-01
   2.6175751204e-02   2.6054744592e-02  -2.7077988186e-01  -6.3988556932e-03  -8.5760152430e-01
   2.6420420850e-02   2.6296757816e-02  -3.8852295494e-01   1.3871355654e-02  -8.4056673953e-01
   2.6673093663e-02   2.6544083884e-02  -5.0667894631e-01   2.5655221199e-02  -8.1563494983e-01
   2.6940244722e-02   2.6802103441e-02  -6.2457427141e-01   2.8056619874e-02  -7.8110869222e-01
   2.7232118512e-02   2.7078386004e-02  -7.4283365132e-01   1.9080770903e-02  -7.3368954667e-01
   2.7568998604e-02   2.7385851019e-02  -8.6123557508e-01  -5.9637399585e-03  -6.6724164547e-01
   2.8014687274e-02   2.7752146189e-02  -9.8183761504e-01  -6.2626708906e-02  -5.6223465554e-01
   2.8715578286e-02   2.8277228359e-02  -1.0723411986e+00  -2.0022515565e-01  -3.7303662789e-01
   2.9504055048e-02   2.9153928212e-02  -1.0311881163e+00  -4.0469986515e-01  -1.6108697982e-01
   3.0056930376e-02   2.9854181883e-02  -9.1000335062e-01  -5.6619171119e-01  -3.8884753261e-02
   3.0420744137e-02   3.0259678870e-02  -7.9111663276e-01  -6.7280475747e-01   1.7752244240e-02
   3.0722257353e-02   3.0581809405e-02  -6.7269194005e-01  -7.5731732321e-01   4.6497989928e-02
   3.0990887638e-02   3.0862705301e-02  -5.5485459068e-01  -8.2684845628e-01   5.6303841193e-02
   3.1239308774e-02   3.1119069975e-02  -4.3677753174e-01  -8.8483290409e-01   5.1182252744e-02
   3.1474550709e-02   3.1359547573e-02  -3.1904593126e-01  -9.3236715304e-01   3.3257400223e-02
   3.1701181443e-02   3.1589553846e-02  -2.0101913783e-01  -9.7034968105e-01   3.6818782432e-03
   3.1922507250e-02   3.1812809040e-02  -8.3076805992e-02  -9.9878737119e-01  -3.6750549599e-02
   3.2141194479e-02   3.2032205460e-02   3.4728856028e-02  -1.0175213286e+00  -8.7569030619e-02
   3.2359593650e-02   3.2250183498e-02   1.5250500806e-01  -1.0261049452e+00  -1.4862655657e-01
   3.2579990668e-02   3.2469003802e-02   2.7037435167e-01  -1.0237132209e+00  -2.2005234877e-01
   3.2804839160e-02   3.2690977533e-02   3.8834041991e-01  -1.0090790333e+00  -3.0215849840e-01
   3.3037020218e-02   3.2918700787e-02   5.0614802431e-01  -9.8046654146e-01  -3.9529246342e-01
   3.3280258134e-02   3.3155339649e-02   6.2411380087e-01  -9.3517750842e-01  -5.0060084191e-01
   3.3539860492e-02   3.3405176619e-02   7.4205808337e-01  -8.6925907968e-01  -6.1938438020e-01
   3.3824313151e-02   3.3674544364e-02   8.6010611275e-01  -7.7603149993e-01  -7.5421279462e-01
   3.4149561866e-02   3.3974081937e-02   9.7827869261e-01  -6.4312945847e-01  -9.0966950803e-01
   3.4556508113e-02   3.4325041795e-02   1.0977859228e+00  -4.3822965138e-01  -1.0986756074e+00
   3.5068965615e-02   3.4787974431e-02   1.1983965520e+00  -1.2878346626e-01  -1.3112490127e+00
   3.5603116651e-02   3.5349956799e-02   1.2424048173e+00   2.4056659929e-01  -1.4858923490e+00
   3.6099624858e-02   3.5856276502e-02   1.2253239188e+00   6.1041834811e-01  -1.5890058549e+00
   3.6590809563e-02   3.6342973215e-02   1.1562136664e+00   9.8015923105e-01  -1.6250504507e+00
   3.7054710284e-02   3.6838645911e-02   1.0490699257e+00   1.3130288560e+00  -1.5963875213e+00
   3.7449584409e-02   3.7270774658e-02   9.3042456558e-01   1.5694676358e+00  -1.5240642699e+00
   3.7788857324e-02   3.7628394160e-02   8.1241026671e-01   1.7601153335e+00  -1.4287165552e+00
   3.8099661331e-02   3.7949320487e-02   6.9435943112e-01   1.9050098196e+00  -1.3169673528e+00
   3.8395029928e-02   3.8250002176e-02   5.7625909965e-01   2.0118455376e+00  -1.1919380596e+00
   3.8683223177e-02   3.8540057681e-02   4.5850394658e-01   2.0837218413e+00  -1.0556712736e+00
   3.8970652727e-02   3.8826388673e-02   3.4080237875e-01   2.1217483077e+00  -9.0857636014e-01
   3.9263367266e-02   3.9114916781e-02   2.2280366582e-01   2.1245346034e+00  -7.5017555865e-01
   3.9568288747e-02   3.9411817751e-02   1.0464767526e-01   2.0881978273e+00  -5.7992007380e-01
   3.9894794483e-02   3.9724759742e-02  -1.3153073087e-02   2.0062678037e+00  -3.9707232611e-01
   4.0258222667e-02   4.0064829223e-02  -1.3121571634e-01   1.8658828712e+00  -1.9768669821e-01
   4.0690405732e-02   4.0451616110e-02  -2.4981589274e-01   1.6397023001e+00   2.5376211474e-02
   4.1195175510e-02   4.0929195354e-02  -3.5479759705e-01   1.3154821075e+00   2.5480157122e-01
   4.1713374777e-02   4.1461155666e-02  -4.2425000281e-01   9.4477923103e-01   4.4525501476e-01
   4.2230617282e-02   4.1965593888e-02  -4.5630922772e-01   5.7368142595e-01   5.8031648120e-01
   4.2820578398e-02   4.2495640677e-02  -4.5559679958e-01   1.9981471201e-01   6.6272998702e-01
   4.3788856761e-02   4.3145516118e-02  -4.0662700060e-01  -1.5993509433e-01   6.4022879189e-01
   4.4962567406e-02   4.4432197404e-02  -3.5917667259e-01  -1.0463280433e-01   4.5664498923e-01
   4.5823526924e-02   4.5492937407e-02  -3.8470351238e-01   2.6544307058e-01   2.9459101972e-01
   4.6451335343e-02   4.6154116440e-02  -4.5042929798e-01   6.3883919262e-01   2.1655706972e-01
   4.7059974712e-02   4.6748554246e-02  -5.4662415032e-01   1.0049165634e+00   2.0463415598e-01
   4.7671126020e-02   4.7371395178e-02  -6.6212570536e-01   1.3120982647e+00   2.7279279695e-01
   4.8291752835e-02   4.7970856862e-02  -7.7987147225e-01   1.5069156258e+00   4.3294664255e-01
   4.8890735722e-02   4.8612648809e-02  -8.7346507445e-01   1.5555124183e+00   6.6687585196e-01
   4.9408243995e-02   4.9168822635e-02  -9.2279199587e-01   1.4789426288e+00   9.1995956426e-01
   4.9873599062e-02   4.9647665355e-02  -9.3212352773e-01   1.3231764251e+00   1.1721170597e+00
   5.0328150701e-02   5.0099532769e-02  -9.0350362369e-01   1.1059170882e+00   1.4243931596e+00
   5.0803999688e-02   5.0556768633e-02  -8.3052623668e-01   8.2956435185e-01   1.6753366221e+00
   5.1258484115e-02   5.1051230743e-02  -7.2125042208e-01   5.4115360326e-01   1.8841861684e+00
   5.1635750019e-02   5.1465737487e-02  -6.0267297596e-01   2.9762161124e-01   2.0218391593e+00
   5.1956348728e-02   5.1805762551e-02  -4.8453850391e-01   9.6576325564e-02   2.1056463928e+00
   5.2246048523e-02   5.2106934904e-02  -3.6677478291e-01  -7.5092402831e-02   2.1508966250e+00
   5.2517295820e-02   5.2385162142e-02  -2.4861076129e-01  -2.2502247589e-01   2.1644916924e+00
   5.2777655895e-02   5.2649429498e-02  -1.3063166077e-01  -3.5644139694e-01   2.1494301064e+00
   5.3032589698e-02   5.2905882292e-02  -1.2661125577e-02  -4.7240495295e-01   2.1069770125e+00
   5.3286632421e-02   5.3159297104e-02   1.0510073812e-01  -5.7488631023e-01   2.0370515626e+00
   5.3544162675e-02   5.3413967737e-02   2.2295663669e-01  -6.6592977116e-01   1.9378972959e+00
   5.3810093809e-02   5.3674357612e-02   3.4083450107e-01  -7.4709949265e-01   1.8062252995e+00
   5.4090834053e-02   5.3945830006e-02   4.5888054687e-01  -8.2027374821e-01   1.6360011625e+00
   5.4392419056e-02   5.4235838100e-02   5.7549702724e-01  -8.8697427873e-01   1.4204265801e+00
   5.4694425691e-02   5.4549000013e-02   6.8004061384e-01  -9.4520104158e-01   1.1733061159e+00
   5.4973684258e-02   5.4839851369e-02   7.6342622887e-01  -9.9435557877e-01   9.2158318299e-01
   5.5233739992e-02   5.5107517148e-02   8.2892724205e-01  -1.0392867825e+00   6.6927560479e-01
   5.5481223575e-02   5.5359962836e-02   8.7935359749e-01  -1.0834129287e+00   4.1831197028e-01
   5.5720669685e-02   5.5602484315e-02   9.1741072184e-01  -1.1300716810e+00   1.6507058649e-01
   5.5955544231e-02   5.5838855054e-02   9.4381320453e-01  -1.1806181869e+00  -8.6171047039e-02
   5.6188811017e-02   5.6072233407e-02   9.5987855565e-01  -1.2373201901e+00  -3.3763500284e-01
   5.6423237892e-02   5.6305388626e-02   9.6615897613e-01  -1.3021007442e+00  -5.8957786273e-01
   5.6661743111e-02   5.6541087157e-02   9.6289892026e-01  -1.3770065568e+00  -8.4205421679e-01
   5.6907705753e-02   5.6782399066e-02   9.5020458475e-01  -1.4637606467e+00  -1.0933489626e+00
   5.7165503480e-02   5.7033012441e-02   9.2771547567e-01  -1.5659256277e+00  -1.3455187042e+00
   5.7441452646e-02   5.7297994519e-02   8.9479709340e-01  -1.6869220131e+00  -1.5970708569e+00
   5.7746075228e-02   5.7584910773e-02   8.4949873279e-01  -1.8342504900e+00  -1.8501947191e+00
   5.8100348939e-02   5.7907239682e-02   7.8867891900e-01  -2.0183990224e+00  -2.1027106383e+00
   5.8559707219e-02   5.8293458195e-02   7.0197018709e-01  -2.2705259583e+00  -2.3563647506e+00
   5.9140552434e-02   5.8825956242e-02   5.9119341969e-01  -2.5844288526e+00  -2.5461937799e+00
   5.9825716320e-02   5.9455148626e-02   4.7297845317e-01  -2.8990448213e+00  -2.5736938438e+00
   6.0517383256e-02   6.0196284013e-02   3.7661260607e-01  -3.0963118773e+00  -2.4017562116e+00
   6.1060297636e-02   6.0838482499e-02   3.1783046533e-01  -3.1287933955e+00  -2.1438476556e+00
   6.1470568877e-02   6.1282112774e-02   2.8108665829e-01  -3.0645182977e+00  -1.8908033586e+00
   6.1831504642e-02   6.1659024980e-02   2.5137591119e-01  -2.9406907403e+00  -1.6381871050e+00
   6.2168811281e-02   6.2003984305e-02   2.2358611508e-01  -2.7680905914e+00  -1.3866084960e+00
   6.2496215055e-02   6.2333638258e-02   1.9422331111e-01  -2.5481027178e+00  -1.1341556421e+00
   6.2823764989e-02   6.2658791852e-02   1.6059469537e-01  -2.2805885569e+00  -8.8246558569e-01
   6.3160544731e-02   6.2988738127e-02   1.1944103191e-01  -1.9600830484e+00  -6.3116047672e-01
   6.3496720837e-02   6.3332351335e-02   6.9889949325e-02  -1.6002275448e+00  -3.9456214513e-01
   6.3814559927e-02   6.3661090339e-02   1.4003911023e-02  -1.2306675902e+00  -1.9043186160e-01
   6.4114894786e-02   6.3968029515e-02  -4.7891523264e-02  -8.6068446490e-01  -1.8996252195e-02
   6.4405047514e-02   6.4261760057e-02  -1.1627187651e-01  -4.9136955331e-01   1.2304911992e-01
   6.4690456095e-02   6.4548334971e-02  -1.9192375725e-01  -1.2182611926e-01   2.3813071587e-01
   6.4975741600e-02   6.4832577218e-02  -2.7567158941e-01   2.4835423771e-01   3.2702924377e-01
   6.5265394255e-02   6.5118905981e-02  -3.6794508941e-01   6.1746858883e-01   3.8916804707e-01
   6.5564383353e-02   6.5411882529e-02  -4.7020164105e-01   9.8721421840e-01   4.2360727418e-01
   6.5875497857e-02   6.5716884177e-02  -5.8217163923e-01   1.3523702332e+00   4.2784917703e-01
   6.6190074688e-02   6.6034111537e-02  -6.9994861730e-01   1.6983561052e+00   4.0083506141e-01
   6.6501679161e-02   6.6346037840e-02  -8.1763472601e-01   2.0098469305e+00   3.4547615284e-01
   6.6816428468e-02   6.6657320482e-02  -9.3544869104e-01   2.2911052323e+00   2.6384336877e-01
   6.7143142678e-02   6.6975536453e-02  -1.0534588904e+00   2.5446980955e+00   1.5604794110e-01
   6.7495224991e-02   6.7310748903e-02  -1.1715292419e+00   2.7718299207e+00   1.9914995917e-02
   6.7900228441e-02   6.7679701079e-02  -1.2903055755e+00   2.9740194355e+00  -1.5309790780e-01
   6.8406631187e-02   6.8120755803e-02  -1.4030437521e+00   3.1407009565e+00  -3.7488288534e-01
   6.9045059490e-02   6.8692506572e-02  -1.4737068346e+00   3.2317083221e+00  -6.2823470266e-01
   6.9775428494e-02   6.9397612408e-02  -1.4386010224e+00   3.2070139453e+00  -8.2924008278e-01
   7.0356434484e-02   7.0153244580e-02  -1.3186272552e+00   3.1188182021e+00  -8.9292941263e-01
   7.0714825245e-02   7.0559624388e-02  -1.1992835069e+00   3.0409322216e+00  -8.7590276438e-01
   7.1001739798e-02   7.0870026102e-02  -1.0811319510e+00   2.9697353042e+00  -8.3024095014e-01
   7.1250774192e-02   7.1133453494e-02  -9.6307849532e-01   2.9025730819e+00  -7.6741708536e-01
   7.1475639251e-02   7.1368094890e-02  -8.4508957922e-01   2.8382123473e+00  -6.9249388396e-01
   7.1683689598e-02   7.1583183611e-02  -7.2729951613e-01   2.7758298370e+00  -6.0844002131e-01
   7.1879440081e-02   7.1784195585e-02  -6.0941489014e-01   2.7145624514e+00  -5.1684930013e-01
   7.2065913731e-02   7.1974684577e-02  -4.9122008275e-01   2.6537003966e+00  -4.1875138949e-01
   7.2245304228e-02   7.2157142885e-02  -3.7337967766e-01   2.5930464215e+00  -3.1560234457e-01
   7.2419298937e-02   7.2333465571e-02  -2.5623297951e-01   2.5322835835e+00  -2.0846802227e-01
   7.2589205496e-02   7.2505132304e-02  -1.3721004745e-01   2.4695808555e+00  -9.5445642037e-02
   7.2756131380e-02   7.2673278688e-02  -2.0617945799e-02   2.4067433884e+00   1.8914150752e-02
   7.2921047417e-02   7.2838984071e-02   9.8543755695e-02   2.3405725905e+00   1.3916308725e-01
   7.3084817743e-02   7.3003110762e-02   2.1565099685e-01   2.2731056471e+00   2.6036706578e-01
   7.3248277331e-02   7.3166524724e-02   3.3331328473e-01   2.2023417385e+00   3.8490303152e-01
   7.3412244870e-02   7.3330029939e-02   4.5194455082e-01   2.1273361106e+00   5.1305353499e-01
   7.3577560553e-02   7.3494459800e-02   5.6872846680e-01   2.0492253405e+00   6.4155169418e-01
   7.3745151562e-02   7.3660661306e-02   6.8777186058e-01   1.9644041216e+00   7.7475621848e-01
   7.3916046091e-02   7.3829641818e-02   8.0459419398e-01   1.8751040347e+00   9.0749825294e-01
   7.4091465147e-02   7.4002450364e-02   9.2304171976e-01   1.7772513662e+00   1.0439803699e+00
   7.4272939815e-02   7.4180479930e-02   1.0408907596e+00   1.6710404370e+00   1.1815333960e+00
   7.4462406528e-02   7.4365399701e-02   1.1583769492e+00   1.5544468387e+00   1.3202633290e+00
   7.4671861483e-02   7.4559413355e-02   1.2818267756e+00   1.4173166337e+00   1.4676104881e+00