# time = 1.9
# Grid points = 474
# Pressure (Pa) = 101325
#             1_pos             2_posf             3_uvel             4_vvel             5_wvel
  -1.9305276843e-01  -1.9337051173e-01   1.1068200846e+00   7.6723334334e-01   1.0766539404e+00
  -1.9240680922e-01  -1.9273502514e-01   1.2030626376e+00   6.5519674092e-01   1.1754994830e+00
  -1.9169297098e-01  -1.9207859329e-01   1.2959336237e+00   5.2356688996e-01   1.2713636423e+00
  -1.9080995286e-01  -1.9130734867e-01   1.3888349320e+00   3.5099823082e-01   1.3672394082e+00
  -1.8977646628e-01  -1.9031255704e-01   1.4651790760e+00   1.3829788915e-01   1.4449398730e+00
  -1.8871659474e-01  -1.8924037552e-01   1.5053231611e+00  -8.7769430239e-02   1.4831057186e+00
  -1.8766624314e-01  -1.8819281395e-01   1.5059472858e+00  -3.1378673342e-01   1.4778774021e+00
  -1.8659219893e-01  -1.8713967233e-01   1.4671135257e+00  -5.3990451821e-01   1.4291969559e+00
  -1.8552446748e-01  -1.8604472552e-01   1.3914416634e+00  -7.5226047920e-01   1.3406772968e+00
  -1.8459693089e-01  -1.8500420945e-01   1.2987566163e+00  -9.2025118512e-01   1.2354327932e+00
  -1.8383978155e-01  -1.8418965234e-01   1.2056685905e+00  -1.0427533113e+00   1.1319200759e+00
  -1.8317394189e-01  -1.8348991076e-01   1.1130744286e+00  -1.1366437603e+00   1.0307640092e+00
  -1.8256427250e-01  -1.8285797303e-01   1.0205972934e+00  -1.2101452110e+00   9.3143552447e-01
  -1.8199229041e-01  -1.8227057198e-01   9.2788975452e-01  -1.2674557447e+00   8.3356838118e-01
  -1.8144651733e-01  -1.8171400885e-01   8.3574693710e-01  -1.3105230719e+00   7.3804409137e-01
  -1.8091912390e-01  -1.8117902580e-01   7.4274569745e-01  -1.3414127635e+00   6.4348835578e-01
  -1.8040431547e-01  -1.8065922199e-01   6.5061629059e-01  -1.3604894953e+00   5.5177918096e-01
  -1.7989744737e-01  -1.8014940895e-01   5.5828802032e-01  -1.3687320327e+00   4.6196790557e-01
  -1.7939466695e-01  -1.7964548580e-01   4.6541686037e-01  -1.3663402697e+00   3.7393034301e-01
  -1.7889249343e-01  -1.7914384810e-01   3.7290440133e-01  -1.3534380006e+00   2.8874135855e-01
  -1.7838762950e-01  -1.7864113876e-01   2.8057572780e-01  -1.3300911612e+00   2.0646027892e-01
  -1.7787680190e-01  -1.7813412024e-01   1.8839236353e-01  -1.2961791453e+00   1.2732679422e-01
  -1.7735650229e-01  -1.7761948356e-01   9.5428240657e-02  -1.2508692017e+00   5.0946047328e-02
  -1.7682289479e-01  -1.7709352103e-01   3.4449952323e-03  -1.1945650235e+00  -2.0823680064e-02
  -1.7627146316e-01  -1.7655226855e-01  -8.9479662929e-02  -1.1253718105e+00  -8.8948097336e-02
  -1.7569670682e-01  -1.7599065776e-01  -1.8171381221e-01  -1.0434872572e+00  -1.5154782988e-01
  -1.7509162353e-01  -1.7540275587e-01  -2.7432848981e-01  -9.4675695149e-01  -2.0853247793e-01
  -1.7444674892e-01  -1.7478049119e-01  -3.6670388956e-01  -8.3404778590e-01  -2.5839297131e-01
  -1.7374854486e-01  -1.7411300664e-01  -4.5931890763e-01  -7.0232016447e-01  -2.9985727198e-01
  -1.7297614883e-01  -1.7338408308e-01  -5.5178076853e-01  -5.4849812235e-01  -3.3053447811e-01
  -1.7209373070e-01  -1.7256821459e-01  -6.4442886893e-01  -3.6623604643e-01  -3.4709236527e-01
  -1.7107588762e-01  -1.7161924682e-01  -7.3381020246e-01  -1.5400936212e-01  -3.4402713337e-01
  -1.6995939365e-01  -1.7053252843e-01  -8.1032159910e-01   7.1725517226e-02  -3.1801610057e-01
  -1.6874937334e-01  -1.6938625888e-01  -8.6865732839e-01   2.9837287589e-01  -2.6997850074e-01
  -1.6733710211e-01  -1.6811248781e-01  -9.0586884450e-01   5.2553990273e-01  -2.0015862149e-01
  -1.6535471891e-01  -1.6656171642e-01  -9.0594102774e-01   7.5659721651e-01  -1.0564457644e-01
  -1.6307707663e-01  -1.6414772140e-01  -8.4280174277e-01   8.9476672355e-01  -3.9673233575e-02
  -1.6128892360e-01  -1.6200643186e-01  -7.4854222141e-01   9.1221637926e-01  -3.9750389687e-02
  -1.5998686793e-01  -1.6057141535e-01  -6.5576083881e-01   8.8193513566e-01  -7.2681629272e-02
  -1.5889241910e-01  -1.5940232052e-01  -5.6329786019e-01   8.3520038878e-01  -1.1917444113e-01
  -1.5792096025e-01  -1.5838251767e-01  -4.7072660004e-01   7.8112175811e-01  -1.7193379982e-01
  -1.5703111066e-01  -1.5745940283e-01  -3.7838514981e-01   7.2380659858e-01  -2.2668145224e-01
  -1.5619808531e-01  -1.5660281848e-01  -2.8591798754e-01   6.6479532295e-01  -2.8108474543e-01
  -1.5540512069e-01  -1.5579335213e-01  -1.9351404914e-01   6.0490827493e-01  -3.3331905397e-01
  -1.5463960454e-01  -1.5501688926e-01  -1.0105145096e-01   5.4417510959e-01  -3.8221517454e-01
  -1.5389116879e-01  -1.5426231983e-01  -8.7311434166e-03   4.8244862527e-01  -4.2671725895e-01
  -1.5315044809e-01  -1.5352001776e-01   8.3805607664e-02   4.1889708966e-01  -4.6618209183e-01
  -1.5240808066e-01  -1.5278087842e-01   1.7631875402e-01   3.5277829747e-01  -4.9972267174e-01
  -1.5165364982e-01  -1.5203528290e-01   2.6870154094e-01   2.8290303011e-01  -5.2651800266e-01
  -1.5087416531e-01  -1.5127201674e-01   3.6118323343e-01   2.0726801010e-01  -5.4567027077e-01
  -1.5005121851e-01  -1.5047631387e-01   4.5373856768e-01   1.2307714181e-01  -5.5580877471e-01
  -1.4915459971e-01  -1.4962612315e-01   5.4632389302e-01   2.5647555588e-02  -5.5478748932e-01
  -1.4812253533e-01  -1.4868307627e-01   6.3931953042e-01  -9.5050213437e-02  -5.3837493329e-01
  -1.4680753225e-01  -1.4756199438e-01   7.3105758112e-01  -2.6306764515e-01  -4.9599724894e-01
  -1.4528828227e-01  -1.4605307013e-01   7.9421383257e-01  -4.7628603922e-01  -4.2409463183e-01
  -1.4380650418e-01  -1.4452349442e-01   8.0545423990e-01  -7.0167634135e-01  -3.3855678550e-01
  -1.4239176481e-01  -1.4308951393e-01   7.6705547796e-01  -9.2746330063e-01  -2.5182034393e-01
  -1.4107121576e-01  -1.4169401570e-01   6.8972449401e-01  -1.1395758494e+00  -1.7411882029e-01
  -1.3996243695e-01  -1.4044841583e-01   5.9666120307e-01  -1.3126993928e+00  -1.1547990005e-01
  -1.3905561051e-01  -1.3947645806e-01   5.0393991745e-01  -1.4462540615e+00  -7.4169729025e-02
  -1.3825056191e-01  -1.3863476296e-01   4.1126577059e-01  -1.5560912791e+00  -4.3252261398e-02
  -1.3750405217e-01  -1.3786636086e-01   3.1853642458e-01  -1.6483878203e+00  -1.9759549237e-02
  -1.3679195620e-01  -1.3714174347e-01   2.2624485126e-01  -1.7256959487e+00  -2.1213780313e-03
  -1.3609806892e-01  -1.3644216892e-01   1.3374504421e-01  -1.7900233541e+00   1.0867974791e-02
  -1.3540964511e-01  -1.3575396891e-01   4.1203876537e-02  -1.8416394617e+00   1.9913951835e-02
  -1.3471486264e-01  -1.3506532132e-01  -5.1474060491e-02  -1.8802458700e+00   2.5607933573e-02
  -1.3400105565e-01  -1.3436440396e-01  -1.4379751771e-01  -1.9046041682e+00   2.8456391705e-02
  -1.3325237569e-01  -1.3363770733e-01  -2.3639015413e-01  -1.9127318859e+00   2.9014112531e-02
  -1.3244565490e-01  -1.3286704405e-01  -3.2902508560e-01  -1.9005444260e+00   2.7923979648e-02
  -1.3154063763e-01  -1.3202426575e-01  -4.2173049249e-01  -1.8603690173e+00   2.6224900498e-02
  -1.3044537468e-01  -1.3105700951e-01  -5.1495748866e-01  -1.7739191360e+00   2.6190192385e-02
  -1.2906754398e-01  -1.2983373984e-01  -5.9877399607e-01  -1.6084892920e+00   3.4027942271e-02
  -1.2767866381e-01  -1.2830134811e-01  -6.4426698787e-01  -1.3850487515e+00   5.5209103269e-02
  -1.2651495415e-01  -1.2705597951e-01  -6.5059246030e-01  -1.1585148351e+00   8.6297911227e-02
  -1.2547792172e-01  -1.2597392878e-01  -6.3303625562e-01  -9.3203385596e-01   1.2498614161e-01
  -1.2451125882e-01  -1.2498191466e-01  -5.9880716846e-01  -7.0623783313e-01   1.6967116624e-01
  -1.2358225893e-01  -1.2404060298e-01  -5.5136498485e-01  -4.7971022789e-01   2.1941349037e-01
  -1.2266714535e-01  -1.2312391487e-01  -4.9309500135e-01  -2.5415275514e-01   2.7264745721e-01
  -1.2174438816e-01  -1.2221037584e-01  -4.2437670551e-01  -2.7433134305e-02   3.2855057185e-01
  -1.2078985914e-01  -1.2127840049e-01  -3.4579537770e-01   1.9844990565e-01   3.8493612117e-01
  -1.1979248813e-01  -1.2030131779e-01  -2.5778045922e-01   4.2010974825e-01   4.3851050530e-01
  -1.1878414005e-01  -1.1928365848e-01  -1.6549312806e-01   6.2235629796e-01   4.8239862314e-01
  -1.1778308996e-01  -1.1828462162e-01  -7.3199757761e-02   7.9478856808e-01   5.1092820496e-01
  -1.1676596493e-01  -1.1728155831e-01   1.9367477559e-02   9.3596226782e-01   5.2008122911e-01
  -1.1570712947e-01  -1.1625037155e-01   1.1162727206e-01   1.0403821532e+00   5.0415680076e-01
  -1.1457378994e-01  -1.1516388739e-01   2.0407428063e-01   1.1003943564e+00   4.5485254573e-01
  -1.1331296315e-01  -1.1398369249e-01   2.9657398301e-01   1.1010590462e+00   3.5885088175e-01
  -1.1198247285e-01  -1.1264223380e-01   3.8019439583e-01   1.0283273509e+00   2.1279798319e-01
  -1.1076839036e-01  -1.1132271190e-01   4.4183691606e-01   9.0134446967e-01   4.5121200534e-02
  -1.0970770607e-01  -1.1021406881e-01   4.8275874795e-01   7.4834225103e-01  -1.2255105007e-01
  -1.0871279957e-01  -1.0920134332e-01   5.0889549991e-01   5.7736303478e-01  -2.8968472012e-01
  -1.0773001673e-01  -1.0822425582e-01   5.2219886993e-01   3.8996169637e-01  -4.5691285274e-01
  -1.0670718060e-01  -1.0723577765e-01   5.2175328880e-01   1.8447366110e-01  -6.2454090083e-01
  -1.0560719092e-01  -1.0617858355e-01   5.0390770896e-01  -3.6439012682e-02  -7.8651411570e-01
  -1.0440552844e-01  -1.0503579829e-01   4.6265805483e-01  -2.6326406929e-01  -9.2879788012e-01
  -1.0309605188e-01  -1.0377525858e-01   3.9093116238e-01  -4.7630958681e-01  -1.0280823605e+00
  -1.0187579909e-01  -1.0241684517e-01   2.9946644407e-01  -6.3015320204e-01  -1.0587209772e+00
  -1.0087565081e-01  -1.0133475301e-01   2.0661041061e-01  -7.1614815601e-01  -1.0328614157e+00
  -1.0000646925e-01  -1.0041654860e-01   1.1420615863e-01  -7.5850849895e-01  -9.7218501900e-01
  -9.9218554414e-02  -9.9596389908e-02   2.1508045074e-02  -7.7044124119e-01  -8.8669467719e-01
  -9.8484678189e-02  -9.8840718921e-02  -7.0783651869e-02  -7.5908808090e-01  -7.8293583153e-01
  -9.7787359962e-02  -9.8128637458e-02  -1.6343063397e-01  -7.2892629056e-01  -6.6379069362e-01
  -9.7114108648e-02  -9.7446082465e-02  -2.5575401549e-01  -6.8317389281e-01  -5.3260082838e-01
  -9.6454926516e-02  -9.6782134831e-02  -3.4851929163e-01  -6.2348569735e-01  -3.8998012405e-01
  -9.5800981245e-02  -9.6127718201e-02  -4.4089198026e-01  -5.5175717968e-01  -2.3838513140e-01
  -9.5143979147e-02  -9.5474244288e-02  -5.3322562958e-01  -4.6863768600e-01  -7.8082830618e-02
  -9.4485605589e-02  -9.4813714005e-02  -6.2398489592e-01  -3.7609859523e-01   8.7654644136e-02
  -9.3830409448e-02  -9.4157497172e-02  -7.1136114921e-01  -2.7653738650e-01   2.5492629680e-01
  -9.3171120273e-02  -9.3503321725e-02  -7.9484871444e-01  -1.7084941716e-01   4.2232095021e-01
  -9.2494638056e-02  -9.2838918821e-02  -8.7415655956e-01  -5.9132567217e-02   5.8921542711e-01
  -9.1784503734e-02  -9.2150357291e-02  -9.4950809475e-01   6.0409026589e-02   7.5684575694e-01
  -9.1016329105e-02  -9.1418650177e-02  -1.0194109753e+00   1.8882967786e-01   9.2390826427e-01
  -9.0145470690e-02  -9.0614008034e-02  -1.0823907592e+00   3.3151205890e-01   1.0918735940e+00
  -8.9057569315e-02  -8.9676933347e-02  -1.1326607775e+00   5.0027117295e-01   1.2610460513e+00
  -8.7579626412e-02  -8.8438205282e-02  -1.1451054717e+00   7.0690719486e-01   1.4083061173e+00
  -8.5993739145e-02  -8.6721047541e-02  -1.0862957321e+00   8.9671467997e-01   1.4591944415e+00
  -8.4798295333e-02  -8.5266430749e-02  -9.9133968922e-01   1.0169311010e+00   1.4241002769e+00
  -8.3952149417e-02  -8.4330159917e-02  -8.9818012297e-01   1.0904246227e+00   1.3632841917e+00
  -8.3244582881e-02  -8.3574138916e-02  -8.0547667573e-01   1.1452517736e+00   1.2930025108e+00
  -8.2616159969e-02  -8.2915026846e-02  -7.1287027598e-01   1.1893705247e+00   1.2179402559e+00
  -8.2039509823e-02  -8.2317293092e-02  -6.2031832743e-01   1.2263400167e+00   1.1403797908e+00
  -8.1499087332e-02  -8.1761726553e-02  -5.2786806333e-01   1.2581167792e+00   1.0616970176e+00
  -8.0984933713e-02  -8.1236448110e-02  -4.3553090927e-01   1.2859070047e+00   9.8276746482e-01
  -8.0490155888e-02  -8.0733419317e-02  -3.4275160025e-01   1.3106362195e+00   9.0373422532e-01
  -8.0009607873e-02  -8.0246892460e-02  -2.5017794504e-01   1.3326412040e+00   8.2562637921e-01
  -7.9539195293e-02  -7.9772323287e-02  -1.5754191684e-01   1.3523498745e+00   7.4860469415e-01
  -7.9075535622e-02  -7.9306067299e-02  -6.5169008100e-02   1.3699361182e+00   6.7326779638e-01
  -7.8615688319e-02  -7.8845003946e-02   2.7072628553e-02   1.3855834967e+00   5.9979511060e-01
  -7.8156984474e-02  -7.8386372693e-02   1.1928787985e-01   1.3993825366e+00   5.2838119592e-01
  -7.7696840761e-02  -7.7927596255e-02   2.1248475588e-01   1.4114448819e+00   4.5858202117e-01
  -7.7232655621e-02  -7.7466085267e-02   3.0476644944e-01   1.4214580862e+00   3.9212385679e-01
  -7.6761708007e-02  -7.6999225975e-02   3.9713814094e-01   1.4294351843e+00   3.2855686328e-01
  -7.6280985633e-02  -7.6524190039e-02   4.8959590626e-01   1.4351602599e+00   2.6825375274e-01
  -7.5787020514e-02  -7.6037781227e-02   5.8199216372e-01   1.4383218974e+00   2.1172550967e-01
  -7.5275635627e-02  -7.5536259800e-02   6.7445287430e-01   1.4384997665e+00   1.5938791980e-01
  -7.4741529300e-02  -7.5015011455e-02   7.6715065989e-01   1.4350807516e+00   1.1177467551e-01
  -7.4177749542e-02  -7.4468047145e-02   8.5957959355e-01   1.4272361505e+00   6.9921659973e-02
  -7.3574604026e-02  -7.3887451940e-02   9.5214542130e-01   1.4137066953e+00   3.4660332851e-02
  -7.2917569838e-02  -7.3261756112e-02   1.0447143339e+00   1.3925889437e+00   7.5217691666e-03
  -7.2182880284e-02  -7.2573383563e-02   1.1373236555e+00   1.3606873764e+00  -9.2512934603e-03
  -7.1325605016e-02  -7.1792377005e-02   1.2300679898e+00   1.3119260285e+00  -1.1740270363e-02
  -7.0233383905e-02  -7.0858833027e-02   1.3236210402e+00   1.2309577741e+00   8.9947771329e-03
  -6.8670738236e-02  -6.9607934782e-02   1.4089174358e+00   1.0783290249e+00   7.5220149858e-02
  -6.6918517265e-02  -6.7733541690e-02   1.4436370804e+00   8.6141326220e-01   1.7879827050e-01
  -6.5392904796e-02  -6.6103492840e-02   1.4237423511e+00   6.3567366298e-01   2.7658138406e-01
  -6.4032226505e-02  -6.4682316752e-02   1.3708565418e+00   4.0974957678e-01   3.5600854411e-01
  -6.2769343468e-02  -6.3382136259e-02   1.2957598641e+00   1.8440000952e-01   4.1426811591e-01
  -6.1609910180e-02  -6.2156550677e-02   1.2069459875e+00  -3.3063190592e-02   4.5004730765e-01
  -6.0586608857e-02  -6.1063269683e-02   1.1144279543e+00  -2.3010250228e-01   4.6498070243e-01
  -5.9678451335e-02  -6.0109948031e-02   1.0219493934e+00  -4.0734954576e-01   4.6419362441e-01
  -5.8847387652e-02  -5.9246954639e-02   9.2942997059e-01  -5.6986644270e-01   4.5162953634e-01
  -5.8071923203e-02  -5.8447820665e-02   8.3709543426e-01  -7.1992739035e-01   4.2983147097e-01
  -5.7338194875e-02  -5.7696025741e-02   7.4459681196e-01  -8.5964482552e-01   4.0042391577e-01
  -5.6636370840e-02  -5.6980364009e-02   6.5224154235e-01  -9.8945689438e-01   3.6470668675e-01
  -5.5958894037e-02  -5.6292377670e-02   5.5972005458e-01  -1.1103027761e+00   3.2342871872e-01
  -5.5299586001e-02  -5.5625410404e-02   4.6730722095e-01  -1.2220156386e+00   2.7731612147e-01
  -5.4653045474e-02  -5.4973761598e-02   3.7510011308e-01  -1.3244930107e+00   2.2684943258e-01
  -5.4014316704e-02  -5.4332329350e-02   2.8225407672e-01  -1.4182969076e+00   1.7174251877e-01
  -5.3378526769e-02  -5.3696304058e-02   1.9008629132e-01  -1.5015568778e+00   1.1282268080e-01
  -5.2740576528e-02  -5.3060749480e-02   9.7574114394e-02  -1.5744261532e+00   4.9331242439e-02
  -5.2094798928e-02  -5.2420403576e-02   4.9963634559e-03  -1.6353405447e+00  -1.8929540010e-02
  -5.1434469042e-02  -5.1769194280e-02  -8.7370586678e-02  -1.6823847999e+00  -9.2349190811e-02
  -5.0751028125e-02  -5.1099743804e-02  -1.7981573706e-01  -1.7131721256e+00  -1.7212184374e-01
  -5.0032656058e-02  -5.0402312446e-02  -2.7236854914e-01  -1.7237787480e+00  -2.5985655058e-01
  -4.9261553904e-02  -4.9662999670e-02  -3.6491502845e-01  -1.7080246073e+00  -3.5801224007e-01
  -4.8407581984e-02  -4.8860108138e-02  -4.5745564577e-01  -1.6552815322e+00  -4.7110400680e-01
  -4.7413093216e-02  -4.7955055831e-02  -5.5021037306e-01  -1.5435560760e+00  -6.0880184324e-01
  -4.6324297584e-02  -4.6871130602e-02  -6.3066137800e-01  -1.3588848889e+00  -7.6534689560e-01
  -4.5334277461e-02  -4.5777464566e-02  -6.8358252516e-01  -1.1345924163e+00  -9.1252611260e-01
  -4.4511135230e-02  -4.4891090355e-02  -7.1221453721e-01  -9.0757246670e-01  -1.0380436801e+00
  -4.3790039861e-02  -4.4131180104e-02  -7.2601334381e-01  -6.8111497921e-01  -1.1496035449e+00
  -4.3133642362e-02  -4.3448899618e-02  -7.2989809742e-01  -4.5501195344e-01  -1.2519519350e+00
  -4.2521112550e-02  -4.2818385106e-02  -7.2658603616e-01  -2.2811602420e-01  -1.3481044409e+00
  -4.1939004893e-02  -4.2223839993e-02  -7.1784979467e-01  -2.2809481639e-03  -1.4388395548e+00
  -4.1377689455e-02  -4.1654169792e-02  -7.0485979966e-01   2.2398387973e-01  -1.5258079094e+00
  -4.0829716916e-02  -4.1101209118e-02  -6.8844073673e-01   4.5098815056e-01  -1.6097927504e+00
  -4.0288685252e-02  -4.0558224713e-02  -6.6950264173e-01   6.7605989640e-01  -1.6903241879e+00
  -3.9748610036e-02  -4.0019145792e-02  -6.4824534066e-01   9.0342688307e-01  -1.7692370037e+00
  -3.9203352680e-02  -3.9478074280e-02  -6.2549721232e-01   1.1292739821e+00  -1.8453887791e+00
  -3.8645932173e-02  -3.8928631080e-02  -6.0155728085e-01   1.3553183651e+00  -1.9194624978e+00
  -3.8067496123e-02  -3.8363233267e-02  -5.7682269332e-01   1.5820615074e+00  -1.9915372947e+00
  -3.7455618277e-02  -3.7771758979e-02  -5.5197003192e-01   1.8080911857e+00  -2.0608950083e+00
  -3.6790261850e-02  -3.7139477575e-02  -5.2751535386e-01   2.0350459520e+00  -2.1273987297e+00
  -3.6032488984e-02  -3.6441046124e-02  -5.0464246249e-01   2.2626923223e+00  -2.1894696564e+00
  -3.5074748822e-02  -3.5623931844e-02  -4.8600299064e-01   2.4922057148e+00  -2.2430313024e+00
  -3.3284600030e-02  -3.4525565800e-02  -4.9219705691e-01   2.7010303523e+00  -2.2485256219e+00
  -3.1341069571e-02  -3.2043634260e-02  -5.5525334781e-01   2.6179268376e+00  -2.1180032966e+00
  -3.0207665331e-02  -3.0638504881e-02  -6.2230570297e-01   2.3895035212e+00  -1.9587752822e+00
  -2.9438637765e-02  -2.9776825781e-02  -6.7856204976e-01   2.1610388770e+00  -1.8148036446e+00
  -2.8809753099e-02  -2.9100449749e-02  -7.2960140240e-01   1.9339214077e+00  -1.6764364439e+00
  -2.8257977955e-02  -2.8519056449e-02  -7.7739241125e-01   1.7064698575e+00  -1.5399375878e+00
  -2.7755933994e-02  -2.7996899460e-02  -8.2220517367e-01   1.4808343754e+00  -1.4054018261e+00
  -2.7288543933e-02  -2.7514968528e-02  -8.6480000658e-01   1.2552229492e+00  -1.2711004258e+00
  -2.6846614467e-02  -2.7062119338e-02  -9.0580310227e-01   1.0272156112e+00  -1.1351719304e+00
  -2.6423715116e-02  -2.6631109595e-02  -9.4432622712e-01   8.0252696204e-01  -1.0007243807e+00
  -2.6015087090e-02  -2.6216320637e-02  -9.8130510247e-01   5.7627896257e-01  -8.6461146995e-01
  -2.5617190582e-02  -2.5813853542e-02  -1.0166687372e+00   3.4882297034e-01  -7.2682386917e-01
  -2.5227058856e-02  -2.5420527622e-02  -1.0499823125e+00   1.2297408934e-01  -5.8888428950e-01
  -2.4842148188e-02  -2.5033590089e-02  -1.0814968156e+00  -1.0301685241e-01  -4.4955986600e-01
  -2.4460218429e-02  -2.4650706288e-02  -1.1111765997e+00  -3.2935894719e-01  -3.0853217361e-01
  -2.4079158779e-02  -2.4269730571e-02  -1.1389360785e+00  -5.5615692951e-01  -1.6552526671e-01
  -2.3696887835e-02  -2.3888586988e-02  -1.1645189417e+00  -7.8223152159e-01  -2.1064035577e-02
  -2.3311263162e-02  -2.3505188682e-02  -1.1878595503e+00  -1.0082232806e+00   1.2550318263e-01
  -2.2919970326e-02  -2.3117337642e-02  -1.2087562343e+00  -1.2340549853e+00   2.7442531975e-01
  -2.2520331489e-02  -2.2722603010e-02  -1.2270868242e+00  -1.4616273265e+00   4.2737051477e-01
  -2.2109171704e-02  -2.2318059967e-02  -1.2422445687e+00  -1.6877909868e+00   5.8270805395e-01
  -2.1682644261e-02  -2.1900283441e-02  -1.2538305399e+00  -1.9120949136e+00   7.4064459202e-01
  -2.1236257977e-02  -2.1465005082e-02  -1.2614313785e+00  -2.1403450959e+00   9.0619505977e-01
  -2.0771100212e-02  -2.1007510873e-02  -1.2638705659e+00  -2.3613356246e+00   1.0722891401e+00
  -2.0289647787e-02  -2.0534689552e-02  -1.2604342515e+00  -2.5741614548e+00   1.2392109914e+00
  -1.9788202465e-02  -2.0044606021e-02  -1.2502136111e+00  -2.7757072295e+00   1.4058063423e+00
  -1.9260092959e-02  -1.9531798909e-02  -1.2316891182e+00  -2.9660917087e+00   1.5741658848e+00
  -1.8696038279e-02  -1.8988387008e-02  -1.2034365620e+00  -3.1381845416e+00   1.7407504094e+00
  -1.8081914589e-02  -1.8403689549e-02  -1.1623766327e+00  -3.2900141260e+00   1.9080500799e+00
  -1.7393435714e-02  -1.7760139630e-02  -1.1038912521e+00  -3.4128851045e+00   2.0753905175e+00
  -1.6629110965e-02  -1.7026731798e-02  -1.0238858174e+00  -3.4895320212e+00   2.2348896086e+00
  -1.5883707332e-02  -1.6231490132e-02  -9.3172373299e-01  -3.5036094709e+00   2.3621932518e+00
  -1.5223018311e-02  -1.5535924532e-02  -8.3924767521e-01  -3.4656994783e+00   2.4501455751e+00
  -1.4621008905e-02  -1.4910112090e-02  -7.4661604977e-01  -3.3910431962e+00   2.5098998369e+00
  -1.4059816872e-02  -1.4331905719e-02  -6.5401017329e-01  -3.2885615203e+00   2.5477750912e+00
  -1.3528080411e-02  -1.3787728024e-02  -5.6168419033e-01  -3.1643062027e+00   2.5678201265e+00
  -1.3017968889e-02  -1.3268432798e-02  -4.6930779057e-01  -3.0217099939e+00   2.5728053280e+00
  -1.2523726900e-02  -1.2767504980e-02  -3.7666236843e-01  -2.8630517163e+00   2.5644473175e+00
  -1.2040795146e-02  -1.2279948820e-02  -2.8400513677e-01  -2.6907107812e+00   2.5439242143e+00
  -1.1565334749e-02  -1.1801641472e-02  -1.9144321172e-01  -2.5064555243e+00   2.5121034874e+00
  -1.1093955334e-02  -1.1329028026e-02  -9.8981568867e-02  -2.3115328525e+00   2.4695314008e+00
  -1.0623493817e-02  -1.0858882641e-02  -6.5679661753e-03  -2.1067806507e+00   2.4164386993e+00
  -1.0150816467e-02  -1.0388104993e-02   8.5863867634e-02  -1.8927546414e+00   2.3527552546e+00
  -9.6742577329e-03  -9.9135279413e-03   1.7802889569e-01  -1.6706628209e+00   2.2784167762e+00
  -9.1980415946e-03  -9.4349875246e-03   2.6840522559e-01  -1.4448003347e+00   2.1944422356e+00
  -8.7247995621e-03  -8.9610956647e-03   3.5590388963e-01  -1.2186473686e+00   2.1017982245e+00
  -8.2505681673e-03  -8.4885034596e-03   4.4073263935e-01  -9.9235630298e-01   2.0001230584e+00
  -7.7706529451e-03  -8.0126328751e-03   5.2310454083e-01  -7.6580641140e-01   1.8886006049e+00
  -7.2799024066e-03  -7.5286730151e-03   6.0304490882e-01  -5.3915425733e-01   1.7661397335e+00
  -6.7722053851e-03  -7.0311317981e-03   6.8033057943e-01  -3.1306651150e-01   1.6314687850e+00
  -6.2397814032e-03  -6.5132789720e-03   7.5506927609e-01  -8.6957086812e-02   1.4818027324e+00
  -5.6912916045e-03  -5.9662838344e-03   8.2460291880e-01   1.3137697418e-01   1.3196567819e+00
  -5.1525931944e-03  -5.4162993746e-03   8.8556615979e-01   3.3109189751e-01   1.1514596124e+00
  -4.6340026403e-03  -4.8888870142e-03   9.3576148910e-01   5.0376018225e-01   9.8514488217e-01
  -4.1312620997e-03  -4.3791182664e-03   9.7696558529e-01   6.5399276881e-01   8.1818421671e-01
  -3.6410860862e-03  -3.8834059330e-03   1.0096726838e+00   7.8252287663e-01   6.5093449618e-01
  -3.1607017630e-03  -3.3987662395e-03   1.0343439917e+00   8.9011607426e-01   4.8368744598e-01
  -2.6876941359e-03  -2.9226372865e-03   1.0514151761e+00   9.7758769860e-01   3.1659105200e-01
  -2.2198903322e-03  -2.4527509854e-03   1.0612722853e+00   1.0457126929e+00   1.4968001565e-01
  -1.7552632637e-03  -1.9870296790e-03   1.0642350180e+00   1.0951571368e+00  -1.7095278502e-02
  -1.2918451428e-03  -1.5234968484e-03   1.0605463609e+00   1.1264290482e+00  -1.8384002025e-01
  -8.2762929388e-04  -1.0601934372e-03   1.0502552633e+00   1.1398129399e+00  -3.5180289160e-01
  -3.6049149811e-04  -5.9506515053e-04   1.0335911099e+00   1.1352556696e+00  -5.1880331851e-01
   1.1188968885e-04  -1.2591784569e-04   1.0106117549e+00   1.1129966622e+00  -6.8567880763e-01
   5.9217058781e-04   3.4969722339e-04   9.8127332392e-01   1.0728492238e+00  -8.5265744232e-01
   1.0835175201e-03   8.3464395222e-04   9.4550698812e-01   1.0144602108e+00  -1.0195665680e+00
   1.5898771040e-03   1.3323910879e-03   9.0305046850e-01   9.3703486413e-01  -1.1866385065e+00
   2.1164516352e-03   1.8473631201e-03   8.5337601004e-01   8.3907831118e-01  -1.3543251813e+00
   2.6703220361e-03   2.3855401503e-03   7.9633316280e-01   7.1968249099e-01  -1.5212115102e+00
   3.2618047235e-03   2.9551039219e-03   7.3081871606e-01   5.7577959828e-01  -1.6880365485e+00
   3.9076874772e-03   3.5685055251e-03   6.5479447991e-01   4.0166088933e-01  -1.8557024358e+00
   4.6182743329e-03   4.2468694293e-03   5.6793999695e-01   1.9506529276e-01  -2.0193406452e+00
   5.3540436472e-03   4.9896792365e-03   4.7695464682e-01  -2.8837180715e-02  -2.1630322265e+00
   6.0793086648e-03   5.7184080579e-03   3.8755210033e-01  -2.5567806609e-01  -2.2776973294e+00
   6.8068612644e-03   6.4402092718e-03   3.0091120164e-01  -4.8165779096e-01  -2.3628695707e+00
   7.5563009394e-03   7.1735132570e-03   2.1626900064e-01  -7.0814439573e-01  -2.4184499890e+00
   8.3528791801e-03   7.9390886217e-03   1.3351335471e-01  -9.3502485809e-01  -2.4403706620e+00
   9.2385827378e-03   8.7666697384e-03   5.2592875714e-02  -1.1619004528e+00  -2.4193176440e+00
   1.0294581863e-02   9.7104957371e-03  -2.6486221563e-02  -1.3873224474e+00  -2.3327830478e+00
   1.1370812174e-02   1.0878667990e-02  -8.6722026312e-02  -1.5581502475e+00  -2.1821753944e+00
   1.2256802248e-02   1.1862956359e-02  -1.1998144281e-01  -1.6464213303e+00  -2.0137383860e+00
   1.2994584242e-02   1.2650648138e-02  -1.3652146776e-01  -1.6804773836e+00  -1.8461672980e+00
   1.3652001137e-02   1.3338520345e-02  -1.4315241209e-01  -1.6794166715e+00  -1.6782597646e+00
   1.4258969702e-02   1.3965481929e-02  -1.4289866232e-01  -1.6518570126e+00  -1.5114407583e+00
   1.4832226064e-02   1.4552457474e-02  -1.3750206542e-01  -1.6023512012e+00  -1.3443824605e+00
   1.5382362723e-02   1.5111994653e-02  -1.2801847531e-01  -1.5336607652e+00  -1.1774650960e+00
   1.5916876276e-02   1.5652730792e-02  -1.1506720692e-01  -1.4468361839e+00  -1.0096708507e+00
   1.6441538459e-02   1.6181021761e-02  -9.9323728813e-02  -1.3440081450e+00  -8.4307174658e-01
   1.6961107866e-02   1.6702055157e-02  -8.1030811938e-02  -1.2248944208e+00  -6.7614579902e-01
   1.7479742218e-02   1.7220160576e-02  -6.0360976581e-02  -1.0890315882e+00  -5.0834056082e-01
   1.8001343987e-02   1.7739323860e-02  -3.7831223836e-02  -9.3840962051e-01  -3.4215697931e-01
   1.8529842360e-02   1.8263364113e-02  -1.3118430105e-02  -7.6950382625e-01  -1.7423638881e-01
   1.9069360047e-02   1.8796320608e-02   1.3179218571e-02  -5.8509469496e-01  -8.0642967807e-03
   1.9624551531e-02   1.9342399485e-02   4.1533722279e-02  -3.8054055406e-01   1.5961474656e-01
   2.0190907833e-02   1.9906703577e-02   7.1101126467e-02  -1.6067330501e-01   3.2394079618e-01
   2.0748913890e-02   2.0475112089e-02   1.0059781335e-01   6.5482946601e-02   4.7867976798e-01
   2.1289233410e-02   2.1022715692e-02   1.2911956523e-01   2.9074529621e-01   6.2048279690e-01
   2.1817613341e-02   2.1555751127e-02   1.5713811054e-01   5.1840433493e-01   7.5285856416e-01
   2.2339060176e-02   2.2079475555e-02   1.8413929743e-01   7.4377892556e-01   8.7429531804e-01
   2.2858121812e-02   2.2598644796e-02   2.1053376945e-01   9.6973383116e-01   9.8741891147e-01
   2.3379194387e-02   2.3117598827e-02   2.3644620145e-01   1.1969801254e+00   1.0932164371e+00
   2.3906870148e-02   2.3640789946e-02   2.6149550298e-01   1.4217304868e+00   1.1906089960e+00
   2.4446431908e-02   2.4172950350e-02   2.8633905575e-01   1.6495746003e+00   1.2824863077e+00
   2.5004327423e-02   2.4719913466e-02   3.1042154518e-01   1.8752283948e+00   1.3670624070e+00
   2.5589034720e-02   2.5288741380e-02   3.3403483464e-01   2.1012775967e+00   1.4457208504e+00
   2.6213042846e-02   2.5889328059e-02   3.5718897777e-01   2.3280997771e+00   1.5187466997e+00
   2.6896479075e-02   2.6536757633e-02   3.7964933443e-01   2.5542370469e+00   1.5857763756e+00
   2.7678100679e-02   2.7256200516e-02   4.0139959181e-01   2.7819796701e+00   1.6473648412e+00
   2.8659399231e-02   2.8100000841e-02   4.2162757643e-01   3.0109551984e+00   1.7027550836e+00
   2.9982685749e-02   2.9218797621e-02   4.3482230174e-01   3.2092819060e+00   1.7435231920e+00
   3.1510462005e-02   3.0746573877e-02   4.2759480167e-01   3.2718056785e+00   1.7496167911e+00
   3.3057812487e-02   3.2274350133e-02   3.9211031709e-01   3.1437838015e+00   1.7161982310e+00
   3.4320109196e-02   3.3841274841e-02   3.4190386407e-01   2.9081577922e+00   1.6637923013e+00
   3.5186297947e-02   3.4798943551e-02   2.9582459376e-01   2.6803098971e+00   1.6149004667e+00
   3.5913311700e-02   3.5573652343e-02   2.5047844341e-01   2.4534555769e+00   1.5662858547e+00
   3.6563222879e-02   3.6252971057e-02   2.0519157363e-01   2.2263193198e+00   1.5170507251e+00
   3.7164316078e-02   3.6873474702e-02   1.6014213761e-01   2.0004503573e+00   1.4671583569e+00
   3.7732709860e-02   3.7455157453e-02   1.1505047315e-01   1.7745640818e+00   1.4160524503e+00
   3.8278748570e-02   3.8010262266e-02   6.9716773617e-02   1.5475071364e+00   1.3632126570e+00
   3.8809939479e-02   3.8547234873e-02   2.4757010435e-02   1.3220299056e+00   1.3090497376e+00
   3.9332176614e-02   3.9072644085e-02  -2.0390199489e-02   1.0948224094e+00   1.2525281704e+00
   3.9850419659e-02   3.9591709143e-02  -6.4854769113e-02   8.6961854758e-01   1.1943256425e+00
   4.0369235144e-02   4.0109130175e-02  -1.0919042897e-01   6.4277509869e-01   1.1332193421e+00
   4.0893115805e-02   4.0629340114e-02  -1.5274233187e-01   4.1653566683e-01   1.0694588543e+00
   4.1426836357e-02   4.1156891496e-02  -1.9530448874e-01   1.9056361792e-01   1.0025641477e+00
   4.1975834677e-02   4.1696781218e-02  -2.3653806139e-01  -3.5227388684e-02   9.3202806054e-01
   4.2546855796e-02   4.2254888137e-02  -2.7617473530e-01  -2.6214569945e-01   8.5675377057e-01
   4.3148811012e-02   4.2838823456e-02  -3.1326122263e-01  -4.8884201190e-01   7.7626503203e-01
   4.3794209291e-02   4.3458798567e-02  -3.4668324409e-01  -7.1471234482e-01   6.8955864962e-01
   4.4502611562e-02   4.4129620015e-02  -3.7498585620e-01  -9.4101601583e-01   5.9422583834e-01
   4.5309014914e-02   4.4875603110e-02  -3.9518392315e-01  -1.1680736207e+00   4.8665230508e-01
   4.6290727627e-02   4.5742426718e-02  -4.0069685626e-01  -1.3961152409e+00   3.5937555798e-01
   4.7547331898e-02   4.6839028537e-02  -3.7581033018e-01  -1.6072132409e+00   2.0627094364e-01
   4.8957091393e-02   4.8255635258e-02  -3.0683250612e-01  -1.7406466295e+00   5.1296462785e-02
   5.0192710673e-02   4.9658547528e-02  -2.1425667510e-01  -1.7729248755e+00  -6.6487113288e-02
   5.1188169198e-02   5.0726873819e-02  -1.2135390813e-01  -1.7462512707e+00  -1.4773959336e-01
   5.2076438589e-02   5.1649464577e-02  -2.8712672548e-02  -1.6888258378e+00  -2.0996991523e-01
   5.2916831037e-02   5.2503412601e-02   6.4107101235e-02  -1.6100124346e+00  -2.6047440474e-01
   5.3746105327e-02   5.3330249472e-02   1.5651930790e-01  -1.5141069279e+00  -3.0268154029e-01
   5.4597661121e-02   5.4161961182e-02   2.4922938430e-01  -1.4009219283e+00  -3.3937401228e-01
   5.5516189361e-02   5.5033361060e-02   3.4203102231e-01  -1.2677646838e+00  -3.7248199647e-01
   5.6595250985e-02   5.5999017661e-02   4.3547975340e-01  -1.1035727301e+00  -4.0481062079e-01
   5.7938586051e-02   5.7191484309e-02   5.1884389567e-01  -8.9879569743e-01  -4.3854617436e-01
   5.9503766445e-02   5.8685687793e-02   5.5912930222e-01  -6.7289134361e-01  -4.7344425991e-01
   6.1179803528e-02   6.0321845097e-02   5.2519105101e-01  -4.5977915662e-01  -5.0884234003e-01
   6.2593029706e-02   6.2037761959e-02   4.3672016551e-01  -3.0820979627e-01  -5.3711328074e-01
   6.3581956477e-02   6.3148297453e-02   3.4321135895e-01  -2.1961743449e-01  -5.5465688472e-01
   6.4392908066e-02   6.4015615501e-02   2.5037221122e-01  -1.5781821471e-01  -5.6646795357e-01
   6.5115717230e-02   6.4770200631e-02   1.5774340901e-01  -1.1085614375e-01  -5.7418366537e-01
   6.5787858510e-02   6.5461233828e-02   6.5035603304e-02  -7.3878340188e-02  -5.7830939352e-01
   6.6430531915e-02   6.6114483192e-02  -2.7486350594e-02  -4.4572329408e-02  -5.7892962224e-01
   6.7058292700e-02   6.6746580638e-02  -1.1986161075e-01  -2.1526426523e-02  -5.7594708528e-01
   6.7682892727e-02   6.7370004762e-02  -2.1249937531e-01  -3.9152527698e-03  -5.6903388629e-01
   6.8315537395e-02   6.7995780692e-02  -3.0489497076e-01   8.4902566532e-03  -5.5773266069e-01
   6.8968875927e-02   6.8635294098e-02  -3.9761439692e-01   1.5702554484e-02  -5.4119169148e-01
   6.9659651003e-02   6.9302457756e-02  -4.9012904371e-01   1.7173255625e-02  -5.1828468191e-01
   7.0414351880e-02   7.0016844250e-02  -5.8292907709e-01   1.1681663923e-02  -4.8682309923e-01
   7.1285425989e-02   7.0811859510e-02  -6.7584053879e-01  -3.6431274111e-03  -4.4273572054e-01
   7.2437847488e-02   7.1758992468e-02  -7.7047762099e-01  -3.8316778558e-02  -3.7306397178e-01
   7.4250148146e-02   7.3116702507e-02  -8.4149377231e-01  -1.2251911413e-01  -2.4753010834e-01
   7.6288920125e-02   7.5383593786e-02  -8.0919499562e-01  -2.4764764663e-01  -1.0689857087e-01
   7.7718495203e-02   7.7194246465e-02  -7.1409525895e-01  -3.4647368385e-01  -2.5814446424e-02
   7.8659211960e-02   7.8242743941e-02  -6.2080032590e-01  -4.1171667681e-01   1.1766362377e-02
   7.9438837594e-02   7.9075679978e-02  -5.2786856930e-01  -4.6343530334e-01   3.0840995449e-02
   8.0133437516e-02   7.9801995210e-02  -4.3539813155e-01  -5.0598605506e-01   3.7348780531e-02
   8.0775782447e-02   8.0464879823e-02  -3.4273991466e-01  -5.4147082979e-01   3.3952038758e-02
   8.1384049792e-02   8.1086685071e-02  -2.5035307201e-01  -5.7056061399e-01   2.2060178574e-02
   8.1970051069e-02   8.1681414513e-02  -1.5773484474e-01  -5.9380523596e-01   2.4379687823e-03
   8.2542335346e-02   8.2258687625e-02  -6.5183144802e-02  -6.1120890254e-01  -2.4387923083e-02
   8.3107797027e-02   8.2825983067e-02   2.7261064064e-02  -6.2267437620e-01  -5.8105080303e-02
   8.3672513873e-02   8.3389610986e-02   1.1968187041e-01  -6.2792835504e-01  -9.8615958422e-02
   8.4242396570e-02   8.3955416759e-02   2.1217555112e-01  -6.2646598029e-01  -1.4600629394e-01
   8.4823789489e-02   8.4529376381e-02   3.0474486193e-01  -6.1751183504e-01  -2.0048316058e-01
   8.5424142292e-02   8.5118202597e-02   3.9718952896e-01  -6.0000366706e-01  -2.6227710092e-01
   8.6053084921e-02   8.5730081987e-02   4.8975798109e-01  -5.7229029126e-01  -3.3214888760e-01
   8.6724341246e-02   8.6376087856e-02   5.8230917335e-01  -5.3195275311e-01  -4.1096157671e-01
   8.7459853233e-02   8.7072594636e-02   6.7494128370e-01  -4.7490337230e-01  -5.0042019246e-01
   8.8300851979e-02   8.7847111831e-02   7.6767045196e-01  -3.9357518712e-01  -6.0356586882e-01
   8.9353096820e-02   8.8754592127e-02   8.6144577306e-01  -2.6818793884e-01  -7.2897182957e-01
   9.0678163133e-02   8.9951601514e-02   9.4039115767e-01  -7.8823241797e-02  -8.7001503595e-01
   9.2059322625e-02   9.1404724752e-02   9.7491935955e-01   1.4720033991e-01  -9.8589177825e-01
   9.3343148694e-02   9.2713920498e-02   9.6151054228e-01   3.7353165116e-01  -1.0543083619e+00
   9.4613209729e-02   9.3972376889e-02   9.0727408456e-01   5.9979574816e-01  -1.0782245435e+00
   9.5812722305e-02   9.5254042568e-02   8.2319317843e-01   8.0349691431e-01  -1.0592070243e+00
   9.6833752144e-02   9.6371402043e-02   7.3008805785e-01   9.6042630338e-01  -1.0112206298e+00
   9.7711013396e-02   9.7296102245e-02   6.3747911122e-01   1.0770947775e+00  -9.4795733681e-01
   9.8514662321e-02   9.8125924547e-02   5.4484217076e-01   1.1657645359e+00  -8.7381154200e-01
   9.9278399755e-02   9.8903400094e-02   4.5216694799e-01   1.2311441989e+00  -7.9085431669e-01
   1.0002358382e-01   9.9653399416e-02   3.5976309339e-01   1.2751304130e+00  -7.0044093938e-01
   1.0076679319e-01   1.0039376823e-01   2.6740177067e-01   1.2984021872e+00  -6.0284303105e-01
   1.0152366800e-01   1.0113981815e-01   1.7480777408e-01   1.3001087093e+00  -4.9774359915e-01
   1.0231210641e-01   1.0190751785e-01   8.2090906126e-02   1.2778738313e+00  -3.8477851758e-01
   1.0315635545e-01   1.0271669498e-01  -1.0346574310e-02   1.2277381155e+00  -2.6345840021e-01
   1.0409607522e-01   1.0359601592e-01  -1.0298876782e-01   1.1418308616e+00  -1.3116531497e-01
   1.0521357514e-01   1.0459613451e-01  -1.9605160752e-01   1.0034208837e+00   1.6837760407e-02
   1.0651876323e-01   1.0583101577e-01  -2.7842668819e-01   8.0501528686e-01   1.6906237043e-01
   1.0785867608e-01   1.0720651069e-01  -3.3292124022e-01   5.7816411989e-01   2.9542897590e-01
   1.0919611503e-01   1.0851084147e-01  -3.5807331395e-01   3.5107080637e-01   3.8504277745e-01
   1.1072158318e-01   1.0988138858e-01  -3.5750946409e-01   1.2228263386e-01   4.3972439745e-01
   1.1322526990e-01   1.1156177778e-01  -3.1907861435e-01  -9.7867355413e-02   4.2479440503e-01
   1.1626014485e-01   1.1488876201e-01  -2.8184644961e-01  -6.4025880760e-02   3.0298487076e-01
   1.1848633619e-01   1.1763152768e-01  -3.0188383890e-01   1.6244252842e-01   1.9546038186e-01
   1.2010966648e-01   1.1934114470e-01  -3.5346506927e-01   3.9094332850e-01   1.4368375524e-01
   1.2168343118e-01   1.2087818827e-01  -4.2895504062e-01   6.1496583677e-01   1.3577225032e-01
   1.2326369102e-01   1.2248867409e-01  -5.1959369559e-01   8.0294740213e-01   1.8099552982e-01
   1.2486845177e-01   1.2403870795e-01  -6.1199102565e-01   9.2216765358e-01   2.8725857390e-01
   1.2641724761e-01   1.2569819559e-01  -6.8543313479e-01   9.5190793235e-01   4.4247256119e-01
   1.2775537375e-01   1.2713629962e-01  -7.2413669840e-01   9.0505195142e-01   6.1039614381e-01
   1.2895864684e-01   1.2837444787e-01  -7.3145422751e-01   8.0973122460e-01   7.7770554088e-01
   1.3013398540e-01   1.2954284581e-01  -7.0898981426e-01   6.7677932501e-01   9.4509401781e-01
   1.3136439273e-01   1.3072512500e-01  -6.5171653306e-01   5.0766471155e-01   1.1115987502e+00
   1.3253955750e-01   1.3200366045e-01  -5.6595954713e-01   3.3117074855e-01   1.2501740787e+00
   1.3351505759e-01   1.3307545454e-01  -4.7290481948e-01   1.8214016751e-01   1.3415097684e+00
   1.3434403277e-01   1.3395466064e-01  -3.8019888892e-01   5.9109278303e-02   1.3971181667e+00
   1.3509311233e-01   1.3473340490e-01  -2.8778473374e-01  -4.5944662383e-02   1.4271435390e+00
   1.3579447908e-01   1.3545281976e-01  -1.9505711927e-01  -1.3769567265e-01   1.4361653401e+00
   1.3646769464e-01   1.3613613841e-01  -1.0247520786e-01  -2.1811881630e-01   1.4261731067e+00
   1.3712687944e-01   1.3679925088e-01  -9.9005614781e-03  -2.8908408596e-01   1.3980062755e+00
   1.3778376016e-01   1.3745450801e-01   8.2509809910e-02  -3.5179896236e-01   1.3516111952e+00
   1.3844965863e-01   1.3811301232e-01   1.7499344122e-01  -4.0751446649e-01   1.2858224301e+00
   1.3913727933e-01   1.3878630494e-01   2.6749374593e-01  -4.5718779358e-01   1.1984577379e+00
   1.3986319209e-01   1.3948825373e-01   3.6012539389e-01  -5.0196837125e-01   1.0855132033e+00
   1.4064300335e-01   1.4023813046e-01   4.5163451384e-01  -5.4278743215e-01   9.4247803453e-01
   1.4142390482e-01   1.4104787624e-01   5.3366922553e-01  -5.7842091774e-01   7.7851160209e-01
   1.4214598640e-01   1.4179993340e-01   5.9910064590e-01  -6.0850245599e-01   6.1149109781e-01
   1.4281841502e-01   1.4249203939e-01   6.5049756663e-01  -6.3599935540e-01   4.4408243577e-01
   1.4345833571e-01   1.4314479064e-01   6.9006507497e-01  -6.6300345705e-01   2.7756529166e-01
   1.4407747383e-01   1.4377188077e-01   7.1992616026e-01  -6.9155728281e-01   1.0953665336e-01
   1.4468479121e-01   1.4438306688e-01   7.4064165162e-01  -7.2249011417e-01  -5.7165293982e-02
   1.4528795139e-01   1.4498651554e-01   7.5324541879e-01  -7.5718971784e-01  -2.2401491230e-01
   1.4589411123e-01   1.4558938724e-01   7.5817080115e-01  -7.9683291529e-01  -3.9118244382e-01
   1.4651081648e-01   1.4619883521e-01   7.5560964642e-01  -8.4267219503e-01  -5.5870411113e-01
   1.4714680446e-01   1.4682279774e-01   7.4564533087e-01  -8.9576195830e-01  -7.2544192320e-01
   1.4781339453e-01   1.4747081117e-01   7.2799497152e-01  -9.5828235384e-01  -8.9276047764e-01
   1.4852691895e-01   1.4815597789e-01   7.0216071668e-01  -1.0323265612e+00  -1.0596694410e+00
   1.4931458450e-01   1.4889786002e-01   6.6661184475e-01  -1.1224846254e+00  -1.2276214865e+00
   1.5023063346e-01   1.4973130899e-01   6.1888330210e-01  -1.2351746395e+00  -1.3951704528e+00
   1.5141840060e-01   1.5072995793e-01   5.5083978032e-01  -1.3894639147e+00  -1.5634751396e+00
   1.5292029769e-01   1.5210684327e-01   4.6391104323e-01  -1.5815567236e+00  -1.6894315018e+00
   1.5469193256e-01   1.5373375210e-01   3.7114772905e-01  -1.7740854622e+00  -1.7076805207e+00
   1.5648038244e-01   1.5565011303e-01   2.9553165382e-01  -1.8948020872e+00  -1.5935993793e+00
   1.5788420140e-01   1.5731065186e-01   2.4940801082e-01  -1.9146780798e+00  -1.4224744778e+00
   1.5894504371e-01   1.5845775094e-01   2.2057734259e-01  -1.8753439149e+00  -1.2545765507e+00
   1.5987831880e-01   1.5943233647e-01   1.9726509489e-01  -1.7995665895e+00  -1.0869624022e+00
   1.6075049584e-01   1.6032430113e-01   1.7545977564e-01  -1.6939428161e+00  -9.2003660640e-01
   1.6159706694e-01   1.6117669054e-01   1.5241963742e-01  -1.5593200299e+00  -7.5253065047e-01
   1.6244401597e-01   1.6201744333e-01   1.2603155134e-01  -1.3956134162e+00  -5.8553077096e-01
   1.6331483060e-01   1.6287058860e-01   9.3737874166e-02  -1.1994785916e+00  -4.1878629184e-01
   1.6418408440e-01   1.6375907259e-01   5.4853961571e-02  -9.7926342867e-01  -2.6179998292e-01
   1.6500592401e-01   1.6460909621e-01   1.0998304999e-02  -7.5310962661e-01  -1.2635672518e-01
   1.6578250275e-01   1.6540275180e-01  -3.7573535276e-02  -5.2669688366e-01  -1.2606904822e-02
   1.6653275347e-01   1.6616225370e-01  -9.1234654728e-02  -3.0069306243e-01   8.1642007258e-02
   1.6727073719e-01   1.6690325323e-01  -1.5060229650e-01  -7.4549391017e-02   1.5799999176e-01
   1.6800840268e-01   1.6763822115e-01  -2.1632339735e-01   1.5198406127e-01   2.1698504854e-01
   1.6875736034e-01   1.6837858420e-01  -2.8873515732e-01   3.7786518700e-01   2.5821454839e-01
   1.6953045934e-01   1.6913613649e-01  -3.6898124826e-01   6.0413265334e-01   2.8106487087e-01
   1.7033491112e-01   1.6992478220e-01  -4.5685009063e-01   8.2759151791e-01   2.8387871836e-01
   1.7114831547e-01   1.7074504004e-01  -5.4927606661e-01   1.0393191642e+00   2.6595365367e-01
   1.7195403417e-01   1.7155159090e-01  -6.4163081119e-01   1.2299374444e+00   2.2922136049e-01
   1.7276788449e-01   1.7235647743e-01  -7.3408597460e-01   1.4020548233e+00   1.7505592707e-01
   1.7361267258e-01   1.7317929155e-01  -8.2669523773e-01   1.5572422338e+00   1.0353116225e-01
   1.7452305522e-01   1.7404605361e-01  -9.1935185677e-01   1.6962367045e+00   1.3204012597e-02
   1.7557027655e-01   1.7500005682e-01  -1.0125627668e+00   1.8199676097e+00  -1.0159355162e-01
   1.7687968702e-01   1.7614049628e-01  -1.1010357592e+00   1.9219691732e+00  -2.4875203946e-01
   1.7853047725e-01   1.7761887776e-01  -1.1564912014e+00   1.9776613540e+00  -4.1685514061e-01
   1.8041899944e-01   1.7944207674e-01  -1.1289455365e+00   1.9625488100e+00  -5.5022447967e-01
   1.8192131224e-01   1.8139592214e-01  -1.0347994824e+00   1.9085760326e+00  -5.9248174717e-01
   1.8284800669e-01   1.8244670234e-01  -9.4114675491e-01   1.8609125208e+00  -5.8118286467e-01
   1.8358988442e-01   1.8324931105e-01  -8.4842921956e-01   1.8173424682e+00  -5.5088416625e-01
   1.8423381506e-01   1.8393045780e-01  -7.5578845730e-01   1.7762414939e+00  -5.0919820901e-01
   1.8481525082e-01   1.8453717233e-01  -6.6319819342e-01   1.7368549227e+00  -4.5948417396e-01
   1.8535320861e-01   1.8509332931e-01  -5.7076386149e-01   1.6986789517e+00  -4.0371182081e-01
   1.8585936252e-01   1.8561308791e-01  -4.7825522609e-01   1.6611853994e+00  -3.4293865697e-01
   1.8634152924e-01   1.8610563714e-01  -3.8550309451e-01   1.6239399018e+00  -2.7784788034e-01
   1.8680538098e-01   1.8657742135e-01  -2.9302899964e-01   1.5868217537e+00  -2.0940561273e-01
   1.8725528078e-01   1.8703334062e-01  -2.0109921379e-01   1.5496370023e+00  -1.3831906993e-01
   1.8769460981e-01   1.8747722095e-01  -1.0769700134e-01   1.5112651280e+00  -6.3325700129e-02
   1.8812623168e-01   1.8791199868e-01  -1.6202295773e-02   1.4728108253e+00   1.2555026913e-02
   1.8855265667e-01   1.8834046469e-01   7.7308949732e-02   1.4323166751e+00   9.2343307783e-02
   1.8897611919e-01   1.8876484866e-01   1.6920804012e-01   1.3910293676e+00   1.7276524046e-01
   1.8939877822e-01   1.8918738972e-01   2.6154276798e-01   1.3477244793e+00   2.5539799150e-01
   1.8982275067e-01   1.8961016673e-01   3.5463796786e-01   1.3018238631e+00   3.4042904053e-01
   1.9025020903e-01   1.9003533461e-01   4.4628354539e-01   1.2540230678e+00   4.2569073112e-01
   1.9068355072e-01   1.9046508345e-01   5.3970231860e-01   1.2021157922e+00   5.1407517401e-01
   1.9112543436e-01   1.9090201799e-01   6.3137821215e-01   1.1474676853e+00   6.0215270769e-01
   1.9157901710e-01   1.9134885072e-01   7.2432956714e-01   1.0875858055e+00   6.9271183917e-01
   1.9204825791e-01   1.9180918349e-01   8.1681137269e-01   1.0225890822e+00   7.8398150582e-01
   1.9253816382e-01   1.9228733232e-01   9.0900855862e-01   9.5123867344e-01   8.7603203713e-01
   1.9307975352e-01   1.9278899531e-01   1.0058858669e+00   8.6732081904e-01   9.7380024913e-01