# time = 3.3
# Grid points = 474
# Pressure (Pa) = 101325
#             1_pos             2_posf             3_uvel             4_vvel             5_wvel
  -9.5867167660e-02  -9.6024954310e-02   1.2792757451e+00   1.1007518636e+00   1.4422175312e+00
  -9.5546393807e-02  -9.5709381010e-02   1.3905114622e+00   9.4001506243e-01   1.5746255934e+00
  -9.5191912231e-02  -9.5383406603e-02   1.4978500388e+00   7.5116800733e-01   1.7030400580e+00
  -9.4753418406e-02  -9.5000417859e-02   1.6052230975e+00   5.0358648947e-01   1.8314702326e+00
  -9.4240204161e-02  -9.4506418954e-02   1.6934588338e+00   1.9842833361e-01   1.9355539921e+00
  -9.3713887528e-02  -9.3973989368e-02   1.7398543571e+00  -1.2590760704e-01   1.9866795353e+00
  -9.3192298362e-02  -9.3453785688e-02   1.7405727149e+00  -4.5017214623e-01   1.9796767867e+00
  -9.2658943789e-02  -9.2930811036e-02   1.6956856543e+00  -7.7458120049e-01   1.9144680944e+00
  -9.2128724046e-02  -9.2387076543e-02   1.6082212970e+00  -1.0792466502e+00   1.7958930688e+00
  -9.1668123006e-02  -9.1870371550e-02   1.5010936774e+00  -1.3202619118e+00   1.6549142722e+00
  -9.1292133769e-02  -9.1465874462e-02   1.3935008815e+00  -1.4960152148e+00   1.5162551310e+00
  -9.0961487581e-02  -9.1118393077e-02   1.2864792535e+00  -1.6307196580e+00   1.3807527384e+00
  -9.0658734722e-02  -9.0804582085e-02   1.1795931343e+00  -1.7361722328e+00   1.2476984155e+00
  -9.0374696823e-02  -9.0512887359e-02   1.0724409054e+00  -1.8183958839e+00   1.1166015848e+00
  -9.0103673928e-02  -9.0236506287e-02   9.6594154539e-01  -1.8801849630e+00   9.8864307640e-01
  -8.9841778103e-02  -8.9970841570e-02   8.5845015292e-01  -1.9245029360e+00   8.6198197034e-01
  -8.9586131803e-02  -8.9712714635e-02   7.5196655195e-01  -1.9518729836e+00   7.3913393595e-01
  -8.9334428556e-02  -8.9459548971e-02   6.4525321412e-01  -1.9636993404e+00   6.1882820942e-01
  -8.9084755186e-02  -8.9209308141e-02   5.3791250637e-01  -1.9602687963e+00   5.0089844266e-01
  -8.8835383195e-02  -8.8960202231e-02   4.3098648369e-01  -1.9417589498e+00   3.8678446450e-01
  -8.8584675187e-02  -8.8710564159e-02   3.2427297324e-01  -1.9082644009e+00   2.7656575003e-01
  -8.8331005709e-02  -8.8458786215e-02   2.1772750048e-01  -1.8596121184e+00   1.7056337838e-01
  -8.8072632570e-02  -8.8203225202e-02   1.1027971604e-01  -1.7946073745e+00   6.8248429064e-02
  -8.7807650925e-02  -8.7942039939e-02   3.9657145328e-03  -1.7138293267e+00  -2.7889851692e-02
  -8.7533818081e-02  -8.7673261912e-02  -1.0343628232e-01  -1.6145595477e+00  -1.1914506028e-01
  -8.7248402530e-02  -8.7394374250e-02  -2.1004010407e-01  -1.4970816534e+00  -2.0299969371e-01
  -8.6947927062e-02  -8.7102430811e-02  -3.1708364959e-01  -1.3583047468e+00  -2.7933264507e-01
  -8.6627691806e-02  -8.6793423314e-02  -4.2385054701e-01  -1.1966031685e+00  -3.4612244253e-01
  -8.6280973933e-02  -8.6461960299e-02  -5.3089429650e-01  -1.0076160547e+00  -4.0166511999e-01
  -8.5897413417e-02  -8.6099987567e-02  -6.3776092277e-01  -7.8693035634e-01  -4.4275794407e-01
  -8.5459217541e-02  -8.5694839266e-02  -7.4484268294e-01  -5.2544210886e-01  -4.6493722425e-01
  -8.4953771627e-02  -8.5223595817e-02  -8.4814860385e-01  -2.2096399734e-01  -4.6083036794e-01
  -8.4399337130e-02  -8.4683947437e-02  -9.3657943315e-01   1.0289425593e-01  -4.2598655954e-01
  -8.3798458827e-02  -8.4114726822e-02  -1.0040028544e+00   4.2806178903e-01  -3.6163721403e-01
  -8.3097145688e-02  -8.3482190831e-02  -1.0470108783e+00   7.5397508043e-01  -2.6810962155e-01
  -8.2112723323e-02  -8.2712100546e-02  -1.0470929075e+00   1.0854701226e+00  -1.4150344771e-01
  -8.0981679641e-02  -8.1513346100e-02  -9.7411455913e-01   1.2837009949e+00  -5.3132685201e-02
  -8.0093709126e-02  -8.0450013182e-02  -8.6516721679e-01   1.3087370853e+00  -5.3237841952e-02
  -7.9447127415e-02  -7.9737405070e-02  -7.5792837554e-01   1.2652942834e+00  -9.7352748092e-02
  -7.8903640207e-02  -7.9156849761e-02  -6.5105752299e-01   1.1982458685e+00  -1.5963410218e-01
  -7.8421228021e-02  -7.8650430654e-02  -5.4406149933e-01   1.1206612895e+00  -2.3030983507e-01
  -7.7979341790e-02  -7.8192025388e-02  -4.3733110181e-01   1.0384333026e+00  -3.0364898659e-01
  -7.7565673643e-02  -7.7766658191e-02  -3.3045543362e-01   9.5377191664e-01  -3.7652684434e-01
  -7.7171899070e-02  -7.7364689096e-02  -2.2365289393e-01   8.6785406014e-01  -4.4649921567e-01
  -7.6791755000e-02  -7.6979109045e-02  -1.1678262877e-01   7.8072227592e-01  -5.1199988669e-01
  -7.6420092806e-02  -7.6604400954e-02  -1.0076922745e-02   6.9216536849e-01  -5.7161448272e-01
  -7.6052261791e-02  -7.6235784658e-02   9.6878832877e-02   6.0099006278e-01  -6.2448138243e-01
  -7.5683613034e-02  -7.5868738923e-02   2.0380715837e-01   5.0613151824e-01  -6.6941238819e-01
  -7.5308973767e-02  -7.5498487145e-02   3.1058463255e-01   4.0588357121e-01  -7.0530772106e-01
  -7.4921893213e-02  -7.5119460388e-02   4.1747620003e-01   2.9737214078e-01  -7.3096470324e-01
  -7.4513229928e-02  -7.4724326038e-02   5.2445259595e-01   1.7658569316e-01  -7.4454718846e-01
  -7.4067982209e-02  -7.4302133819e-02   6.3146326282e-01   3.6805757143e-02  -7.4318043112e-01
  -7.3555474204e-02  -7.3833830599e-02   7.3894756524e-01  -1.3635684318e-01  -7.2119608161e-01
  -7.2902463004e-02  -7.3277117808e-02   8.4497717999e-01  -3.7740856864e-01  -6.6442971291e-01
  -7.2148025790e-02  -7.2527808199e-02   9.1797018024e-01  -6.8331012182e-01  -5.6811226502e-01
  -7.1412196563e-02  -7.1768243382e-02   9.3095735096e-01  -1.0066753264e+00  -4.5352862766e-01
  -7.0709657788e-02  -7.1056149745e-02   8.8657051723e-01  -1.3306102782e+00  -3.3733848806e-01
  -7.0053892536e-02  -7.0363165830e-02   7.9718537701e-01  -1.6349271861e+00  -2.3325048831e-01
  -6.9503289270e-02  -6.9744619242e-02   6.8961740941e-01  -1.8833071266e+00  -1.5469782660e-01
  -6.9052972591e-02  -6.9261959299e-02   5.8244561164e-01  -2.0749179595e+00  -9.9358201528e-02
  -6.8653197287e-02  -6.8843985882e-02   4.7532882119e-01  -2.2325015814e+00  -5.7940305638e-02
  -6.8282491519e-02  -6.8462408692e-02   3.6814861259e-01  -2.3649197571e+00  -2.6468372653e-02
  -6.7928875125e-02  -6.8102574345e-02   2.6147470799e-01  -2.4758341906e+00  -2.8390073167e-03
  -6.7584300898e-02  -6.7755175905e-02   1.5456038937e-01  -2.5681253066e+00   1.4562946129e-02
  -6.7242439754e-02  -6.7413425891e-02   4.7598515073e-02  -2.6421796465e+00   2.6682467314e-02
  -6.6897420989e-02  -6.7071453617e-02  -5.9521197328e-02  -2.6975691011e+00   3.4311745537e-02
  -6.6542954926e-02  -6.6723388361e-02  -1.6623094440e-01  -2.7325169307e+00   3.8129215310e-02
  -6.6171171463e-02  -6.6362521491e-02  -2.7325154723e-01  -2.7441789177e+00   3.8878048910e-02
  -6.5770565776e-02  -6.5979821435e-02  -3.8032072425e-01  -2.7266949341e+00   3.7419406105e-02
  -6.5321147499e-02  -6.5561310116e-02  -4.8747096070e-01  -2.6690569433e+00   3.5144934192e-02
  -6.4777256011e-02  -6.5080984882e-02  -5.9522345403e-01  -2.5450294830e+00   3.5099810245e-02
  -6.4093045535e-02  -6.4473527140e-02  -6.9209816963e-01  -2.3076902341e+00   4.5599817294e-02
  -6.3403348057e-02  -6.3712563929e-02  -7.4467722685e-01  -1.9871232106e+00   7.3973169013e-02
  -6.2825466939e-02  -6.3094132184e-02  -7.5198580124e-01  -1.6621176704e+00   1.1561766119e-01
  -6.2310491877e-02  -6.2556801695e-02  -7.3169158461e-01  -1.3371877898e+00   1.6744158550e-01
  -6.1830461287e-02  -6.2064182060e-02  -6.9212662898e-01  -1.0132404096e+00   2.2729826272e-01
  -6.1369133592e-02  -6.1596740515e-02  -6.3728978921e-01  -6.8824327964e-01   2.9392924269e-01
  -6.0914701641e-02  -6.1141526670e-02  -5.6993803416e-01  -3.6463785742e-01   3.6523728715e-01
  -6.0456473981e-02  -6.0687876612e-02  -4.9050993845e-01  -3.9364985006e-02   4.4012061454e-01
  -5.9982468896e-02  -6.0225071350e-02  -3.9968196748e-01   2.8470778371e-01   5.1565001349e-01
  -5.9487189111e-02  -5.9739866442e-02  -2.9795046286e-01   6.0272171417e-01   5.8741353567e-01
  -5.8986458271e-02  -5.9234511781e-02  -1.9128090030e-01   8.9288369968e-01   6.4620173631e-01
  -5.8489351511e-02  -5.8738404760e-02  -8.4604478704e-02   1.1402715231e+00   6.8441639811e-01
  -5.7984262166e-02  -5.8240298261e-02   2.2388416573e-02   1.3428130956e+00   6.9667514689e-01
  -5.7458460038e-02  -5.7728226071e-02   1.2902593212e-01   1.4926244651e+00   6.7534133314e-01
  -5.6895660285e-02  -5.7188694006e-02   2.3587985151e-01   1.5787247500e+00   6.0929346241e-01
  -5.6269552228e-02  -5.6602626564e-02   3.4279473892e-01   1.5796799879e+00   4.8069191623e-01
  -5.5608850301e-02  -5.5936477892e-02   4.3944669320e-01   1.4753343090e+00   2.8504426901e-01
  -5.5005954776e-02  -5.5281222710e-02   5.1069580580e-01   1.2931548354e+00   6.0430783931e-02
  -5.4479234545e-02  -5.4730686843e-02   5.5799516021e-01   1.0736454244e+00  -1.6417614597e-01
  -5.3985178600e-02  -5.4227782248e-02   5.8820535597e-01   8.2834441083e-01  -3.8806127254e-01
  -5.3497143086e-02  -5.3742574952e-02   6.0358223931e-01   5.5948258608e-01  -6.1207263610e-01
  -5.2989217693e-02  -5.3251711220e-02   6.0306755925e-01   2.6467179192e-01  -8.3661938527e-01
  -5.2442978985e-02  -5.2726724166e-02   5.8244128203e-01  -5.2268818157e-02  -1.0535907735e+00
  -5.1846251055e-02  -5.2159233804e-02   5.3476363929e-01  -3.7769224996e-01  -1.2441865377e+00
  -5.1195984241e-02  -5.1533268307e-02   4.5185915344e-01  -6.8334690371e-01  -1.3771817407e+00
  -5.0590024642e-02  -5.0858700174e-02   3.4614080112e-01  -9.0406576659e-01  -1.4182216673e+00
  -5.0093365701e-02  -5.0321349110e-02   2.3881420675e-01  -1.0274431345e+00  -1.3835792238e+00
  -4.9661742915e-02  -4.9865382291e-02   1.3200973498e-01  -1.0882185318e+00  -1.3022977753e+00
  -4.9270475986e-02  -4.9458103539e-02   2.4865562959e-02  -1.1053398831e+00  -1.1877767114e+00
  -4.8906043837e-02  -4.9082848432e-02  -8.1808888228e-02  -1.0890532699e+00  -1.0487840183e+00
  -4.8559765853e-02  -4.8729239243e-02  -1.8889401652e-01  -1.0457821852e+00  -8.8918055509e-01
  -4.8225439145e-02  -4.8390292464e-02  -2.9560513304e-01  -9.8014346877e-01  -7.1344254309e-01
  -4.7898098986e-02  -4.8060585826e-02  -4.0282702415e-01  -8.9451126589e-01  -5.2239230086e-01
  -4.7573359375e-02  -4.7735612146e-02  -5.0959515797e-01  -7.9160497385e-01  -3.1932052963e-01
  -4.7247101789e-02  -4.7411106604e-02  -6.1631817668e-01  -6.7235620622e-01  -1.0458485593e-01
  -4.6920163155e-02  -4.7083096973e-02  -7.2122146379e-01  -5.3959324549e-01   1.1743148482e-01
  -4.6594802381e-02  -4.6757229337e-02  -8.2221452672e-01  -3.9675568935e-01   3.4150285653e-01
  -4.6267409065e-02  -4.6432375424e-02  -9.1871288155e-01  -2.4512808490e-01   5.6573889910e-01
  -4.5931477938e-02  -4.6102442706e-02  -1.0103801370e+00  -8.4850853197e-02   7.8930482519e-01
  -4.5578835670e-02  -4.5760513170e-02  -1.0974745138e+00   8.6652503403e-02   1.0138563655e+00
  -4.5197371439e-02  -4.5397158171e-02  -1.1782710899e+00   2.7089462224e-01   1.2376471390e+00
  -4.4764915948e-02  -4.4997584707e-02  -1.2510656283e+00   4.7559797864e-01   1.4626471119e+00
  -4.4224680113e-02  -4.4532247189e-02  -1.3091696206e+00   7.1771350541e-01   1.6892637655e+00
  -4.3490755387e-02  -4.3917113037e-02  -1.3235533863e+00   1.0141712119e+00   1.8865266438e+00
  -4.2703227077e-02  -4.3064397738e-02  -1.2555782188e+00   1.2864865319e+00   1.9546926950e+00
  -4.2109587249e-02  -4.2342056417e-02  -1.1458237438e+00   1.4589611312e+00   1.9076797860e+00
  -4.1689403622e-02  -4.1877118081e-02  -1.0381458322e+00   1.5644029723e+00   1.8262110787e+00
  -4.1338036479e-02  -4.1501689163e-02  -9.3099519099e-01   1.6430644054e+00   1.7320627351e+00
  -4.1025970896e-02  -4.1174383795e-02  -8.2395677671e-01   1.7063626313e+00   1.6315105773e+00
  -4.0739614908e-02  -4.0877557997e-02  -7.1698134968e-01   1.7594039021e+00   1.5276119503e+00
  -4.0471249041e-02  -4.0601671819e-02  -6.1012350205e-01   1.8049952234e+00   1.4222099485e+00
  -4.0215927911e-02  -4.0340826264e-02  -5.0339643966e-01   1.8448671028e+00   1.3164773889e+00
  -3.9970228514e-02  -4.0091029557e-02  -3.9615836570e-01   1.8803473898e+00   1.2106059389e+00
  -3.9731595432e-02  -3.9849427471e-02  -2.8915804571e-01   1.9119192467e+00   1.1059741221e+00
  -3.9497995458e-02  -3.9613763394e-02  -1.8208568591e-01   1.9401966035e+00   1.0027972895e+00
  -3.9267748879e-02  -3.9382227522e-02  -7.5317506112e-02   1.9654289274e+00   9.0187734130e-01
  -3.9039395467e-02  -3.9153270237e-02   3.1298884754e-02   1.9878795734e+00   8.0345462421e-01
  -3.8811609878e-02  -3.8925520697e-02   1.3788471450e-01   2.0076784196e+00   7.0778975927e-01
  -3.8583109273e-02  -3.8697699060e-02   2.4560507194e-01   2.0249856556e+00   6.1428792175e-01
  -3.8352601754e-02  -3.8468519486e-02   3.5226755122e-01   2.0393529860e+00   5.2526158799e-01
  -3.8118736090e-02  -3.8236684023e-02   4.5903396929e-01   2.0507991265e+00   4.4010815315e-01
  -3.7880016424e-02  -3.8000788158e-02   5.6589978055e-01   2.0590143033e+00   3.5932688781e-01
  -3.7634720605e-02  -3.7759244690e-02   6.7269439312e-01   2.0635517274e+00   2.8360228954e-01
  -3.7380774386e-02  -3.7510196520e-02   7.7956338164e-01   2.0638083559e+00   2.1349132701e-01
  -3.7115545033e-02  -3.7251352252e-02   8.8670624750e-01   2.0589045583e+00   1.4970891163e-01
  -3.6835580291e-02  -3.6979737814e-02   9.9353819893e-01   2.0476513941e+00   9.3642682084e-02
  -3.6536067092e-02  -3.6691422768e-02   1.1005281725e+00   2.0282422073e+00   4.6406424776e-02
  -3.6209793570e-02  -3.6380711415e-02   1.2075214535e+00   1.9979461419e+00   1.0051114270e-02
  -3.5844957535e-02  -3.6038875724e-02   1.3145610956e+00   1.9521786131e+00  -1.2418959209e-02
  -3.5419247235e-02  -3.5651039345e-02   1.4217562859e+00   1.8822224856e+00  -1.5754599901e-02
  -3.4876866283e-02  -3.5187455125e-02   1.5298853240e+00   1.7660593783e+00   1.2019811537e-02
  -3.4100879409e-02  -3.4566277440e-02   1.6284693027e+00   1.5470854481e+00   1.0073161077e-01
  -3.3230752225e-02  -3.3635481377e-02   1.6685940365e+00   1.2358788155e+00   2.3948078549e-01
  -3.2473155494e-02  -3.2826023073e-02   1.6455943377e+00   9.1201201405e-01   3.7046824805e-01
  -3.1797462652e-02  -3.2120287914e-02   1.5844632118e+00   5.8788016314e-01   4.7686744435e-01
  -3.1170333495e-02  -3.1474637389e-02   1.4976607134e+00   2.6457235537e-01   5.5491182409e-01
  -3.0594575963e-02  -3.0866029600e-02   1.3950041269e+00  -4.7421061522e-02   6.0284264070e-01
  -3.0086419565e-02  -3.0323122326e-02   1.2880668750e+00  -3.3011251477e-01   6.2284927997e-01
  -2.9635441886e-02  -2.9849716804e-02   1.1811758159e+00  -5.8440815329e-01   6.2179734709e-01
  -2.9222747875e-02  -2.9421166968e-02   1.0742379534e+00  -8.1757056468e-01   6.0496936266e-01
  -2.8837663626e-02  -2.9024328781e-02   9.6751413269e-01  -1.0328625221e+00   5.7577187266e-01
  -2.8473304921e-02  -2.8650998470e-02   8.6060094438e-01  -1.2333147266e+00   5.3638098789e-01
  -2.8124789419e-02  -2.8295611372e-02   7.5385370185e-01  -1.4195557830e+00   4.8853788400e-01
  -2.7788364395e-02  -2.7953967466e-02   6.4691456962e-01  -1.5929331283e+00   4.3324581239e-01
  -2.7460961714e-02  -2.7622761324e-02   5.4010123935e-01  -1.7532074097e+00   3.7147743387e-01
  -2.7139899190e-02  -2.7299162104e-02   4.3352590077e-01  -1.9002316135e+00   3.0387645445e-01
  -2.6822715870e-02  -2.6980636276e-02   3.2621228272e-01  -2.0348120668e+00   2.3005959963e-01
  -2.6506991931e-02  -2.6664795463e-02   2.1968281856e-01  -2.1542652390e+00   1.5113505551e-01
  -2.6190195217e-02  -2.6349188400e-02   1.1275552922e-01  -2.2588109809e+00   6.6086550326e-02
  -2.5869511552e-02  -2.6031202035e-02   5.7527030318e-03  -2.3462051626e+00  -2.5350816532e-02
  -2.5541601435e-02  -2.5707821069e-02  -1.0100618651e-01  -2.4136999876e+00  -1.2369884828e-01
  -2.5202214719e-02  -2.5375381801e-02  -2.0785511730e-01  -2.4578711483e+00  -2.3055716113e-01
  -2.4845481708e-02  -2.5029047638e-02  -3.1482805701e-01  -2.4730892435e+00  -3.4808118911e-01
  -2.4462563711e-02  -2.4661915778e-02  -4.2179311679e-01  -2.4504877969e+00  -4.7956483774e-01
  -2.4038493805e-02  -2.4263211643e-02  -5.2875060892e-01  -2.3748186692e+00  -6.3105638254e-01
  -2.3544645299e-02  -2.3813775968e-02  -6.3595429559e-01  -2.2145280660e+00  -8.1550942736e-01
  -2.3003965389e-02  -2.3275514629e-02  -7.2893572400e-01  -1.9495827769e+00  -1.0252099363e+00
  -2.2512335945e-02  -2.2732416148e-02  -7.9009720503e-01  -1.6277929294e+00  -1.2223650245e+00
  -2.2103575610e-02  -2.2292255742e-02  -8.2318517389e-01  -1.3020897616e+00  -1.3905035234e+00
  -2.1745490247e-02  -2.1914895478e-02  -8.3912888911e-01  -9.7719340916e-01  -1.5399451337e+00
  -2.1419532896e-02  -2.1576085016e-02  -8.4361391613e-01  -6.5280550310e-01  -1.6770476156e+00
  -2.1115359593e-02  -2.1262980776e-02  -8.3978082207e-01  -3.2727995544e-01  -1.8058504836e+00
  -2.0826293485e-02  -2.0967738410e-02  -8.2967846550e-01  -3.2763513169e-03  -1.9273965339e+00
  -2.0547552488e-02  -2.0684848560e-02  -8.1465959803e-01   3.2134385505e-01  -2.0438968694e+00
  -2.0275437378e-02  -2.0410256416e-02  -7.9567738923e-01   6.4702496615e-01  -2.1564006801e+00
  -2.0006769005e-02  -2.0140618340e-02  -7.7378372305e-01   9.6993352465e-01  -2.2642784934e+00
  -1.9738575590e-02  -1.9872919670e-02  -7.4920946953e-01   1.2961350648e+00  -2.3699881199e+00
  -1.9467808800e-02  -1.9604231509e-02  -7.2291216020e-01   1.6201560477e+00  -2.4719991927e+00
  -1.9191001969e-02  -1.9331386091e-02  -6.9523737675e-01   1.9444600794e+00  -2.5712266098e+00
  -1.8903759127e-02  -1.9050617846e-02  -6.6664414153e-01   2.2697666162e+00  -2.6677763716e+00
  -1.8599909581e-02  -1.8756900407e-02  -6.3791449525e-01   2.5940495449e+00  -2.7606864406e+00
  -1.8269503357e-02  -1.8442918754e-02  -6.0964488747e-01   2.9196596705e+00  -2.8497734166e+00
  -1.7893204488e-02  -1.8096087960e-02  -5.8320361558e-01   3.2462619943e+00  -2.9329223786e+00
  -1.7417604799e-02  -1.7690321017e-02  -5.6165555230e-01   3.5755428244e+00  -3.0046725910e+00
  -1.6528643218e-02  -1.7144888581e-02  -5.6881179808e-01   3.8751412011e+00  -3.0120332695e+00
  -1.5563514554e-02  -1.5912397854e-02  -6.4169717176e-01   3.7559121339e+00  -2.8371894920e+00
  -1.5000682665e-02  -1.5214631254e-02  -7.1920382540e-01   3.4281941602e+00  -2.6238921138e+00
  -1.4618794878e-02  -1.4786734076e-02  -7.8423194215e-01   3.1004170981e+00  -2.4310317428e+00
  -1.4306499995e-02  -1.4450855679e-02  -8.4323002498e-01   2.7745729052e+00  -2.2456789441e+00
  -1.4032496567e-02  -1.4162144311e-02  -8.9847357432e-01   2.4482494608e+00  -2.0628289606e+00
  -1.3783188914e-02  -1.3902848823e-02  -9.5027474286e-01   2.1245315570e+00  -1.8826087189e+00
  -1.3551089879e-02  -1.3663529005e-02  -9.9951237794e-01   1.8008481966e+00  -1.7027024587e+00
  -1.3331634201e-02  -1.3438650753e-02  -1.0469103141e+00   1.4737274623e+00  -1.5206166294e+00
  -1.3121628598e-02  -1.3224617648e-02  -1.0914417749e+00   1.1513680539e+00  -1.3405146720e+00
  -1.2918709926e-02  -1.3018639548e-02  -1.1341884134e+00   8.2677147659e-01  -1.1581818884e+00
  -1.2721120368e-02  -1.2818780303e-02  -1.1750681716e+00   5.0044182010e-01  -9.7360578443e-01
  -1.2527386686e-02  -1.2623460432e-02  -1.2135784096e+00   1.7641789540e-01  -7.8882613990e-01
  -1.2336245705e-02  -1.2431312939e-02  -1.2500092709e+00  -1.4780982377e-01  -6.0219144856e-01
  -1.2146584999e-02  -1.2241178471e-02  -1.2843195631e+00  -4.7254132061e-01  -4.1327516125e-01
  -1.1957356378e-02  -1.2051991528e-02  -1.3164103704e+00  -7.9792685652e-01  -2.2170763382e-01
  -1.1767526245e-02  -1.1862721227e-02  -1.3459854181e+00  -1.1222745290e+00  -2.8191996899e-02
  -1.1576030699e-02  -1.1672331263e-02  -1.3729688602e+00  -1.4465033401e+00   1.6814469133e-01
  -1.1381720427e-02  -1.1479730136e-02  -1.3971276061e+00  -1.7705024998e+00   3.6763588564e-01
  -1.1183265654e-02  -1.1283710719e-02  -1.4183205075e+00  -2.0969989133e+00   5.7251616105e-01
  -1.0979089747e-02  -1.1082820589e-02  -1.4358461944e+00  -2.4214742748e+00   7.8060105748e-01
  -1.0767282488e-02  -1.0875358906e-02  -1.4492435754e+00  -2.7432814593e+00   9.9216739188e-01
  -1.0545613619e-02  -1.0659206069e-02  -1.4580350562e+00  -3.0707502707e+00   1.2139329729e+00
  -1.0314623109e-02  -1.0432021169e-02  -1.4608605042e+00  -3.3878036691e+00   1.4364266309e+00
  -1.0075540910e-02  -1.0197225049e-02  -1.4568948289e+00  -3.6931431883e+00   1.6600289963e+00
  -9.8265305326e-03  -9.9538567704e-03  -1.4450875279e+00  -3.9822992424e+00   1.8831938256e+00
  -9.5642791129e-03  -9.6992042947e-03  -1.4236823421e+00  -4.2554422032e+00   2.1087216959e+00
  -9.2841778482e-03  -9.4293539311e-03  -1.3910329741e+00  -4.5023422011e+00   2.3318715743e+00
  -8.9792130495e-03  -9.1390017653e-03  -1.3435803141e+00  -4.7201705684e+00   2.5559791166e+00
  -8.6373245582e-03  -8.8194243336e-03  -1.2759865593e+00  -4.8964521061e+00   2.7801408335e+00
  -8.2577721203e-03  -8.4552247827e-03  -1.1835186960e+00  -5.0064161664e+00   2.9937980287e+00
  -7.8876156307e-03  -8.0603194580e-03  -1.0769984552e+00  -5.0266122028e+00   3.1643270666e+00
  -7.5595271727e-03  -7.7149118035e-03  -9.7011385725e-01  -4.9722222610e+00   3.2821424974e+00
  -7.2605781487e-03  -7.4041425420e-03  -8.6304841162e-01  -4.8651127039e+00   3.3621848267e+00
  -6.9818984324e-03  -7.1170137553e-03  -7.5601193018e-01  -4.7180822704e+00   3.4129188357e+00
  -6.7178459206e-03  -6.8467831096e-03  -6.4929831842e-01  -4.5398133632e+00   3.4397681421e+00
  -6.4645320355e-03  -6.5889087316e-03  -5.4252589649e-01  -4.3352309184e+00   3.4464438465e+00
  -6.2190987272e-03  -6.3401553393e-03  -4.3544205940e-01  -4.1076043419e+00   3.4352454693e+00
  -5.9792819154e-03  -6.0980421151e-03  -3.2834415416e-01  -3.8603473572e+00   3.4077511844e+00
  -5.7431752699e-03  -5.8605217158e-03  -2.2135602859e-01  -3.5959969811e+00   3.3651230261e+00
  -5.5090951796e-03  -5.6258288241e-03  -1.1448346107e-01  -3.3163421395e+00   3.3080927520e+00
  -5.2754709045e-03  -5.3923615351e-03  -7.6660850900e-03  -3.0225849373e+00   3.2369694609e+00
  -5.0407462792e-03  -5.1585802739e-03   9.9172690712e-02  -2.7155226621e+00   3.1516592127e+00
  -4.8040942153e-03  -4.9229122844e-03   2.0570339940e-01  -2.3968884167e+00   3.0520758964e+00
  -4.5676122796e-03  -4.6852761462e-03   3.1016692783e-01  -2.0728444240e+00   2.9395845292e+00
  -4.3326072411e-03  -4.4499484130e-03   4.1130455841e-01  -1.7483836872e+00   2.8154799509e+00
  -4.0971108998e-03  -4.2152660692e-03   5.0935641938e-01  -1.4237248204e+00   2.6792776609e+00
  -3.8587920534e-03  -3.9789557304e-03   6.0456879400e-01  -1.0986946128e+00   2.5298843974e+00
  -3.6150925481e-03  -3.7386283763e-03   6.9697096003e-01  -7.7351767944e-01   2.3658385278e+00
  -3.3629776685e-03  -3.4915567199e-03   7.8630499485e-01  -4.4915048368e-01   2.1854365969e+00
  -3.0985837437e-03  -3.2343986170e-03   8.7269546812e-01  -1.2475216026e-01   1.9849478937e+00
  -2.8262117704e-03  -2.9627688704e-03   9.5306996106e-01   1.8849091319e-01   1.7677417639e+00
  -2.5587020567e-03  -2.6896546704e-03   1.0235384643e+00   4.7502122168e-01   1.5424299040e+00
  -2.3011776089e-03  -2.4277494431e-03   1.0815607844e+00   7.2274786055e-01   1.3196399869e+00
  -2.0515240448e-03  -2.1746057747e-03   1.1291905545e+00   9.3828612958e-01   1.0959850562e+00
  -1.8081098403e-03  -1.9284423150e-03   1.1669990254e+00   1.1226879759e+00   8.7194316181e-01
  -1.5695580452e-03  -1.6877773656e-03   1.1955192748e+00   1.2770517575e+00   6.4790507539e-01
  -1.3346694090e-03  -1.4513387248e-03   1.2152548643e+00   1.4025472345e+00   4.2406902144e-01
  -1.1023649150e-03  -1.2180000932e-03   1.2266520065e+00   1.5002862145e+00   2.0048147436e-01
  -8.7163794105e-04  -9.8672973681e-04   1.2300802259e+00   1.5712243195e+00  -2.2924037140e-02
  -6.4151131269e-04  -7.5654614528e-04   1.2258203803e+00   1.6160904005e+00  -2.4628842742e-01
  -4.1098854433e-04  -5.2647648011e-04   1.2139290741e+00   1.6352926509e+00  -4.7128438111e-01
  -1.7901478010e-04  -2.9550060855e-04   1.1946713929e+00   1.6287548220e+00  -6.9499089572e-01
   5.5562775130e-05  -6.2528951654e-05   1.1681142247e+00   1.5968204188e+00  -9.1852986243e-01
   2.9406321124e-04   1.7365450191e-04   1.1342068606e+00   1.5392215934e+00  -1.1422068107e+00
   5.3805887687e-04   4.1447192057e-04   1.0928697385e+00   1.4554516930e+00  -1.3657904569e+00
   7.8950960469e-04   6.6164583317e-04   1.0437997044e+00   1.3443704831e+00  -1.5895920018e+00
   1.0509987782e-03   9.1737337621e-04   9.8638675606e-01   1.2038332806e+00  -1.8142168077e+00
   1.3260426795e-03   1.1846241803e-03   9.2045696109e-01   1.0325372930e+00  -2.0377692827e+00
   1.6197642895e-03   1.4674611788e-03   8.4473517740e-01   8.2608116136e-01  -2.2612394023e+00
   1.9405001730e-03   1.7720674003e-03   7.5686556135e-01   5.7627458959e-01  -2.4858355751e+00
   2.2933671626e-03   2.1089329457e-03   6.5647759852e-01   2.7987361963e-01  -2.7050361096e+00
   2.6587393911e-03   2.4778013795e-03   5.5131447875e-01  -4.1357472504e-02  -2.8975168245e+00
   3.0188953402e-03   2.8396774026e-03   4.4798020736e-01  -3.6680436582e-01  -3.0511148912e+00
   3.3801872688e-03   3.1981132777e-03   3.4783736037e-01  -6.9101584121e-01  -3.1652055991e+00
   3.7523479975e-03   3.5622612600e-03   2.5000408354e-01  -1.0159546219e+00  -3.2396563642e+00
   4.1479170452e-03   3.9424347350e-03   1.5435068485e-01  -1.3414585737e+00  -3.2690179651e+00
   4.5877444154e-03   4.3533993553e-03   6.0817598442e-02  -1.6669556872e+00  -3.2408138271e+00
   5.1121380621e-03   4.8220894756e-03  -3.0588397635e-02  -1.9903675705e+00  -3.1248933250e+00
   5.6465782180e-03   5.4021866486e-03  -1.0021538445e-01  -2.2354537581e+00  -2.9231437788e+00
   6.0865478680e-03   5.8909697875e-03  -1.3866170306e-01  -2.3620964309e+00  -2.6975115927e+00
   6.4529195632e-03   6.2821259486e-03  -1.5778263978e-01  -2.4109571636e+00  -2.4730398804e+00
   6.7793831321e-03   6.6237131779e-03  -1.6544997862e-01  -2.4094361235e+00  -2.2481178016e+00
   7.0807948011e-03   6.9350530863e-03  -1.6515945990e-01  -2.3698972363e+00  -2.0246541004e+00
   7.3654654858e-03   7.2265365158e-03  -1.5892443416e-01  -2.2988723749e+00  -1.8008700360e+00
   7.6386552657e-03   7.5043944559e-03  -1.4796531006e-01  -2.2003234861e+00  -1.5772749113e+00
   7.9040868411e-03   7.7729160755e-03  -1.3299793830e-01  -2.0757576932e+00  -1.3525052893e+00
   8.1646263703e-03   8.0352576067e-03  -1.1480302962e-01  -1.9282318717e+00  -1.1293367438e+00
   8.4226369025e-03   8.2939951339e-03  -9.3661208563e-02  -1.7573411215e+00  -9.0573048397e-01
   8.6801830996e-03   8.5512786710e-03  -6.9771881668e-02  -1.5624205795e+00  -6.8094647317e-01
   8.9392028722e-03   8.8090875281e-03  -4.3732589687e-02  -1.3463252356e+00  -4.5833485922e-01
   9.2016473977e-03   9.0693182164e-03  -1.5169874513e-02  -1.1039982620e+00  -2.3339653292e-01
   9.4695639518e-03   9.3339765790e-03   1.5224895560e-02  -8.3942879134e-01  -1.0800513361e-02
   9.7452638840e-03   9.6051513246e-03   4.7997270506e-02  -5.4595747280e-01   2.1381403773e-01
   1.0026508100e-02   9.8853764433e-03   8.2171815385e-02  -2.3051657500e-01   4.3393697448e-01
   1.0303605708e-02   1.0167639757e-02   1.1626489155e-01   9.3947123377e-02   6.4121743606e-01
   1.0571920440e-02   1.0439571659e-02   1.4923134969e-01   4.1712838837e-01   8.3116946706e-01
   1.0834306149e-02   1.0704269222e-02   1.8161640239e-01   7.4374818770e-01   1.0084931294e+00
   1.1093248984e-02   1.0964343076e-02   2.1282574633e-01   1.0670905438e+00   1.1711633714e+00
   1.1351007364e-02   1.1222154891e-02   2.4333400172e-01   1.3912654963e+00   1.3226976576e+00
   1.1609764347e-02   1.1479859837e-02   2.7328526146e-01   1.7172932125e+00   1.4644182512e+00
   1.1871800375e-02   1.1739668857e-02   3.0223902152e-01   2.0397400628e+00   1.5948799260e+00
   1.2139738816e-02   1.2003931893e-02   3.3095511974e-01   2.3666255045e+00   1.7179535962e+00
   1.2416781529e-02   1.2275545738e-02   3.5879167293e-01   2.6903685381e+00   1.8312468880e+00
   1.2707138580e-02   1.2558017321e-02   3.8608603233e-01   3.0146788755e+00   1.9366131409e+00
   1.3017011845e-02   1.2856259839e-02   4.1284981796e-01   3.3400982129e+00   2.0344342097e+00
   1.3356396232e-02   1.3177763851e-02   4.3881181467e-01   3.6645349309e+00   2.1242230690e+00
   1.3744538034e-02   1.3535028614e-02   4.6395318887e-01   3.9912748440e+00   2.2067231157e+00
   1.4231836474e-02   1.3954047454e-02   4.8733522289e-01   4.3197835969e+00   2.2809203028e+00
   1.4888961111e-02   1.4509625493e-02   5.0258792407e-01   4.6043207837e+00   2.3355305374e+00
   1.5647632347e-02   1.5268296729e-02   4.9423497756e-01   4.6940228399e+00   2.3436931542e+00
   1.6416023856e-02   1.6026967966e-02   4.5322014340e-01   4.5103509027e+00   2.2989281994e+00
   1.7042861851e-02   1.6805079747e-02   3.9518822880e-01   4.1723003650e+00   2.2287292510e+00
   1.7472998455e-02   1.7280643955e-02   3.4192663807e-01   3.8454090442e+00   2.1632375316e+00
   1.7834022801e-02   1.7665352956e-02   2.8951241099e-01   3.5199432034e+00   2.0981171509e+00
   1.8156759141e-02   1.8002692646e-02   2.3716670944e-01   3.1940728741e+00   2.0321655505e+00
   1.8455253190e-02   1.8310825637e-02   1.8509546863e-01   2.8700207242e+00   1.9653335311e+00
   1.8737509189e-02   1.8599680743e-02   1.3297544200e-01   2.5459437399e+00   1.8968759069e+00
   1.9008663987e-02   1.8875337635e-02   8.0575682829e-02   2.2201872117e+00   1.8260956492e+00
   1.9272445586e-02   1.9141990340e-02   2.8608173791e-02   1.8966970931e+00   1.7535429735e+00
   1.9531780873e-02   1.9402900833e-02  -2.3575969379e-02   1.5707245884e+00   1.6778307615e+00
   1.9789132752e-02   1.9660660912e-02  -7.4971043419e-02   1.2476266920e+00   1.5998667839e+00
   2.0046768898e-02   1.9917604593e-02  -1.2621708866e-01   9.2217651100e-01   1.5180130371e+00
   2.0306920335e-02   2.0175933203e-02  -1.7655719298e-01   5.9759292761e-01   1.4326038344e+00
   2.0571958117e-02   2.0437907466e-02  -2.2575326552e-01   2.7339298122e-01   1.3429961431e+00
   2.0844582615e-02   2.0706008768e-02  -2.7341366174e-01  -5.0547193595e-02   1.2485105844e+00
   2.1128143311e-02   2.0983156462e-02  -3.1922825550e-01  -3.7610465940e-01   1.1476779011e+00
   2.1427065424e-02   2.1273130160e-02  -3.6209518942e-01  -7.0134357196e-01   1.0398601111e+00
   2.1747560725e-02   2.1581000689e-02  -4.0072652924e-01  -1.0253973872e+00   9.2371335297e-01
   2.2099342882e-02   2.1914120761e-02  -4.3344059314e-01  -1.3500728054e+00   7.9601089645e-01
   2.2499790935e-02   2.2284565003e-02  -4.5678703567e-01  -1.6758297277e+00   6.5191113099e-01
   2.2987295042e-02   2.2715016868e-02  -4.6315973888e-01  -2.0029981321e+00   4.8141749227e-01
   2.3611306255e-02   2.3259573215e-02  -4.3439539826e-01  -2.3058572009e+00   2.7632528879e-01
   2.4311372102e-02   2.3963039294e-02  -3.5466831898e-01  -2.4972910995e+00   6.8727170710e-02
   2.4924962478e-02   2.4659704910e-02  -2.4766548348e-01  -2.5435986466e+00  -8.9052391086e-02
   2.5419292552e-02   2.5190220046e-02  -1.4028464554e-01  -2.5053287540e+00  -1.9789665361e-01
   2.5860394077e-02   2.5648365058e-02  -3.3206026116e-02  -2.4229396265e+00  -2.8125974015e-01
   2.6277720616e-02   2.6072423097e-02   7.4079024972e-02  -2.3098654546e+00  -3.4891547676e-01
   2.6689526042e-02   2.6483018136e-02   1.8089308060e-01  -2.1722694656e+00  -4.0545648291e-01
   2.7112396134e-02   2.6896033948e-02   2.8805155438e-01  -2.0098827940e+00  -4.5461034887e-01
   2.7568523759e-02   2.7328758321e-02   3.9531606472e-01  -1.8188421725e+00  -4.9896266486e-01
   2.8104369904e-02   2.7808289197e-02   5.0332891190e-01  -1.5832763856e+00  -5.4227111800e-01
   2.8771450355e-02   2.8400450610e-02   5.9968636950e-01  -1.2894837561e+00  -5.8746421117e-01
   2.9548695937e-02   2.9142450101e-02   6.4625284859e-01  -9.6538055927e-01  -6.3421387621e-01
   3.0380991321e-02   2.9954941773e-02   6.0702992517e-01  -6.5963113431e-01  -6.8163189833e-01
   3.1082778672e-02   3.0807040869e-02   5.0477607411e-01  -4.4217729019e-01  -7.1950145354e-01
   3.1573865173e-02   3.1358516474e-02   3.9669821874e-01  -3.1507597105e-01  -7.4300077086e-01
   3.1976571814e-02   3.1789213871e-02   2.8939389107e-01  -2.2641449522e-01  -7.5882092789e-01
   3.2335508222e-02   3.2163929757e-02   1.8233240312e-01  -1.5903972891e-01  -7.6915505952e-01
   3.2669283704e-02   3.2507086687e-02   7.5179395799e-02  -1.0598929776e-01  -7.7468015694e-01
   3.2988425872e-02   3.2831480721e-02  -3.1758972186e-02  -6.3945515690e-02  -7.7550940577e-01
   3.3300162652e-02   3.3145371023e-02  -1.3852794290e-01  -3.0883054655e-02  -7.7151251706e-01
   3.3610329846e-02   3.3454954281e-02  -2.4560047082e-01  -5.6177594717e-03  -7.6225025026e-01
   3.3924491891e-02   3.3765705412e-02  -3.5239324934e-01   1.2179011572e-02  -7.4710994892e-01
   3.4248930204e-02   3.4083278370e-02  -4.5956048867e-01   2.2525113360e-02  -7.2495067796e-01
   3.4591958955e-02   3.4414582038e-02  -5.6649123919e-01   2.4633786364e-02  -6.9426370457e-01
   3.4966732319e-02   3.4769335872e-02  -6.7375210301e-01   1.6753695881e-02  -6.5211734726e-01
   3.5399294921e-02   3.5164128767e-02  -7.8114213207e-01  -5.2340306139e-03  -5.9305795662e-01
   3.5971570501e-02   3.5634461074e-02  -8.9052741895e-01  -5.4981480123e-02  -4.9972669731e-01
   3.6871532374e-02   3.6308679927e-02  -9.7261288454e-01  -1.7578710016e-01  -3.3156510545e-01
   3.7883956576e-02   3.7434384821e-02  -9.3528567361e-01  -3.5530777012e-01  -1.4318103221e-01
   3.8593862551e-02   3.8333528332e-02  -8.2537032957e-01  -4.9709146204e-01  -3.4565460069e-02
   3.9061008667e-02   3.8854196769e-02  -7.1753973003e-01  -5.9069377757e-01   1.5774776102e-02
   3.9448159299e-02   3.9267820565e-02  -6.1012836126e-01  -6.6489276330e-01   4.1324860445e-02
   3.9793087413e-02   3.9628498034e-02  -5.0324983056e-01  -7.2593865518e-01   5.0040888957e-02
   4.0112066465e-02   3.9957676792e-02  -3.9615397635e-01  -7.7684702503e-01   4.5489192932e-02
   4.0414123090e-02   4.0266456139e-02  -2.8937153346e-01  -8.1858054153e-01   2.9557768516e-02
   4.0705122712e-02   4.0561790040e-02  -1.8232142481e-01  -8.5192803368e-01   3.2710611973e-03
   4.0989310673e-02   4.0848455384e-02  -7.5347993227e-02  -8.7689554303e-01  -3.2665421570e-02
   4.1270110634e-02   4.1130165963e-02   3.1501410009e-02  -8.9334356575e-01  -7.7833178952e-02
   4.1550540720e-02   4.1410055305e-02   1.3832397811e-01  -9.0087999783e-01  -1.3210154708e-01
   4.1833536093e-02   4.1691026136e-02   2.4523099845e-01  -8.9878052225e-01  -1.9558537878e-01
   4.2122247272e-02   4.1976046049e-02   3.5222567080e-01  -8.8593265596e-01  -2.6856206455e-01
   4.2420373651e-02   4.2268448495e-02   4.5907653346e-01  -8.6081239898e-01  -3.5134043020e-01
   4.2732697318e-02   4.2572298808e-02   5.6607076281e-01  -8.2105080769e-01  -4.4493958631e-01
   4.3066033344e-02   4.2893095828e-02   6.7304538581e-01  -7.6317743279e-01  -5.5051565401e-01
   4.3431277787e-02   4.3238970859e-02   7.8011396716e-01  -6.8132771572e-01  -6.7035263100e-01
   4.3848905405e-02   4.3623584716e-02   8.8729532340e-01  -5.6464540654e-01  -8.0852432449e-01
   4.4371434729e-02   4.4074226094e-02   9.9568687275e-01  -3.8475193647e-01  -9.7651516519e-01
   4.5029443187e-02   4.4668643364e-02   1.0869388531e+00  -1.1307085232e-01  -1.1654529928e+00
   4.5715306693e-02   4.5390243009e-02   1.1268525673e+00   2.1120364262e-01  -1.3206781993e+00
   4.6352835851e-02   4.6040370376e-02   1.1113587932e+00   5.3591880609e-01  -1.4123268679e+00
   4.6983529496e-02   4.6665301325e-02   1.0486747483e+00   8.6053681695e-01  -1.4443638947e+00
   4.7579189813e-02   4.7301757666e-02   9.5149475191e-01   1.1527834680e+00  -1.4188880801e+00
   4.8086218226e-02   4.7856621960e-02   8.4388319000e-01   1.3779269238e+00  -1.3546064109e+00
   4.8521853271e-02   4.8315814491e-02   7.3684427239e-01   1.5453084288e+00  -1.2698602918e+00
   4.8920933516e-02   4.8727892051e-02   6.2977240724e-01   1.6725204373e+00  -1.1705363133e+00
   4.9300194302e-02   4.9113974982e-02   5.2265580698e-01   1.7663183638e+00  -1.0594088149e+00
   4.9670241758e-02   4.9486413623e-02   4.1585242379e-01   1.8294233158e+00  -9.3829328485e-01
   5.0039308606e-02   4.9854069894e-02   3.0909777842e-01   1.8628094583e+00  -8.0755357372e-01
   5.0415161514e-02   5.0224547319e-02   2.0207376470e-01   1.8652561351e+00  -6.6676504301e-01
   5.0806688445e-02   5.0605775710e-02   9.4907254970e-02   1.8333543128e+00  -5.1543991711e-01
   5.1225930109e-02   5.1007601181e-02  -1.1936875504e-02   1.7614234324e+00  -3.5292262632e-01
   5.1692581135e-02   5.1444259038e-02  -1.1901831817e-01   1.6381714692e+00  -1.7570625733e-01
   5.2247515175e-02   5.1940903231e-02  -2.2658697321e-01   1.4395943507e+00   2.2554778710e-02
   5.2895652400e-02   5.2554127119e-02  -3.2180340295e-01   1.1549422958e+00   2.2647084940e-01
   5.3561033429e-02   5.3237177681e-02  -3.8479484622e-01   8.2948016524e-01   3.9574821138e-01
   5.4225185953e-02   5.3884889178e-02  -4.1387095668e-01   5.0367116670e-01   5.1579250471e-01
   5.4982711020e-02   5.4565482728e-02  -4.1322343554e-01   1.7543105382e-01   5.8904263198e-01
   5.6226005049e-02   5.5399939312e-02  -3.6880702055e-01  -1.4041517068e-01   5.6904320287e-01
   5.7733079348e-02   5.7052070786e-02  -3.2577054883e-01  -9.1862196263e-02   4.0587138884e-01
   5.8838573252e-02   5.8414087911e-02  -3.4892502274e-01   2.3304972616e-01   2.6183551523e-01
   5.9644695219e-02   5.9263058594e-02  -4.0853954407e-01   5.6087685617e-01   1.9247773522e-01
   6.0426203639e-02   6.0026331845e-02  -4.9578917187e-01   8.8227853698e-01   1.8188030839e-01
   6.1210937452e-02   6.0826075433e-02  -6.0054946147e-01   1.1519722565e+00   2.4246045459e-01
   6.2007838057e-02   6.1595799471e-02  -7.0734456519e-01   1.3230146016e+00   3.8480724109e-01
   6.2776947307e-02   6.2419876643e-02  -7.9223299197e-01   1.3656810621e+00   5.9272668631e-01
   6.3441441083e-02   6.3134017972e-02  -8.3697118729e-01   1.2984561152e+00   8.1767104390e-01
   6.4038968817e-02   6.3748864195e-02  -8.4543341298e-01   1.1616997456e+00   1.0417922799e+00
   6.4622624675e-02   6.4329073439e-02  -8.1947357552e-01   9.7095473881e-01   1.2660190503e+00
   6.5233626869e-02   6.4916175910e-02  -7.5328141211e-01   7.2832794786e-01   1.4890614972e+00
   6.5817196425e-02   6.5551077828e-02  -6.5416676920e-01   4.7511457507e-01   1.6746903801e+00
   6.6301615434e-02   6.6083315022e-02  -5.4661597483e-01   2.6130290201e-01   1.7970387607e+00
   6.6713272325e-02   6.6519915847e-02  -4.3946729399e-01   8.4792840745e-02   1.8715282478e+00
   6.7085254225e-02   6.6906628802e-02  -3.3265512206e-01  -6.5925790666e-02   1.9117477094e+00
   6.7433542649e-02   6.7263879648e-02  -2.2548006725e-01  -1.9755876521e-01   1.9238316002e+00
   6.7767851603e-02   6.7603205650e-02  -1.1847290371e-01  -3.1293969945e-01   1.9104450375e+00
   6.8095193085e-02   6.7932497556e-02  -1.1473663541e-02  -4.1475145295e-01   1.8727125005e+00
   6.8421390398e-02   6.8257888615e-02   9.5336162251e-02  -5.0472638708e-01   1.8105621282e+00
   6.8752065790e-02   6.8584892181e-02   2.0223112619e-01  -5.8465932027e-01   1.7224327515e+00
   6.9093528125e-02   6.8919239399e-02   3.0914585240e-01  -6.5592352224e-01   1.6054011342e+00
   6.9454005734e-02   6.9267816852e-02   4.1621293844e-01  -7.2016804697e-01   1.4541038002e+00
   6.9841248543e-02   6.9640194615e-02   5.2198320638e-01  -7.7872892271e-01   1.2624983066e+00
   7.0229032738e-02   7.0042302472e-02   6.1680322456e-01  -8.2985015372e-01   1.0428543148e+00
   7.0587607837e-02   7.0415763005e-02   6.9243295019e-01  -8.7300627588e-01   8.1911949809e-01
   7.0921526008e-02   7.0759452668e-02   7.5184135445e-01  -9.1245443066e-01   5.9486496904e-01
   7.1239301220e-02   7.1083599348e-02   7.9757706970e-01  -9.5119573535e-01   3.7180489584e-01
   7.1546756110e-02   7.1395003091e-02   8.3209390801e-01  -9.9216053600e-01   1.4672027231e-01
   7.1848340997e-02   7.1698509129e-02   8.5604002223e-01  -1.0365385975e+00  -7.6586993560e-02
   7.2147861479e-02   7.1998172865e-02   8.7061038907e-01  -1.0863209141e+00  -3.0009190929e-01
   7.2448871545e-02   7.2297550093e-02   8.7630585808e-01  -1.1431958521e+00  -5.2402252759e-01
   7.2755118309e-02   7.2600192996e-02   8.7334815424e-01  -1.2089603407e+00  -7.4842736927e-01
   7.3070940592e-02   7.2910043621e-02   8.6183360954e-01  -1.2851271211e+00  -9.7178202613e-01
   7.3401959426e-02   7.3231837564e-02   8.4143525768e-01  -1.3748240275e+00  -1.1959144426e+00
   7.3756285169e-02   7.3572081287e-02   8.1157762382e-01  -1.4810541324e+00  -1.4194979917e+00
   7.4147428306e-02   7.3940489050e-02   7.7049143250e-01  -1.6104027381e+00  -1.6444785677e+00
   7.4602324756e-02   7.4354367562e-02   7.1532740800e-01  -1.7720778516e+00  -1.8689188822e+00
   7.5192152463e-02   7.4850281949e-02   6.3668235189e-01  -1.9934352413e+00  -2.0943709897e+00
   7.5937972483e-02   7.5534022976e-02   5.3620805295e-01  -2.2690293693e+00  -2.2630945423e+00
   7.6817740326e-02   7.6341921989e-02   4.2898798919e-01  -2.5452494245e+00  -2.2875377003e+00
   7.7705858252e-02   7.7293558663e-02   3.4158554930e-01  -2.7184417149e+00  -2.1347174697e+00
   7.8402974116e-02   7.8118157841e-02   2.8827138472e-01  -2.7469588776e+00  -1.9054847292e+00
   7.8929772816e-02   7.8687790390e-02   2.5494567485e-01  -2.6905276273e+00  -1.6805752627e+00
   7.9393223513e-02   7.9171755242e-02   2.2799877732e-01  -2.5818116959e+00  -1.4560461806e+00
   7.9826333810e-02   7.9614691783e-02   2.0279404342e-01  -2.4302753672e+00  -1.2324393335e+00
   8.0246728577e-02   8.0037975837e-02   1.7616246927e-01  -2.2371344887e+00  -1.0080554207e+00
   8.0667311019e-02   8.0455481316e-02   1.4566167856e-01  -2.0022674017e+00  -7.8434948080e-01
   8.1099744767e-02   8.0879140721e-02   1.0833553586e-01  -1.7208759909e+00  -5.6098568511e-01
   8.1531403431e-02   8.1320348813e-02   6.3392779444e-02  -1.4049368299e+00  -3.5069350373e-01
   8.1939516901e-02   8.1742458049e-02   1.2704067503e-02  -1.0804775492e+00  -1.6925943159e-01
   8.2325154494e-02   8.2136575753e-02  -4.3435293617e-02  -7.5564674601e-01  -1.6884901959e-02
   8.2697717971e-02   8.2513733235e-02  -1.0545658599e-01  -4.3140260927e-01   1.0936711567e-01
   8.3064189843e-02   8.2881702708e-02  -1.7407325481e-01  -1.0695783648e-01   2.1165329377e-01
   8.3430503682e-02   8.3246676978e-02  -2.5003304928e-01   2.1804613450e-01   2.9066753433e-01
   8.3802425054e-02   8.3614330386e-02  -3.3372571930e-01   5.4211420048e-01   3.4589729347e-01
   8.4186334655e-02   8.3990519721e-02  -4.2647311832e-01   8.6673651315e-01   3.7650721205e-01
   8.4585813585e-02   8.4382149588e-02  -5.2803071108e-01   1.1873293328e+00   3.8027725179e-01
   8.4989738232e-02   8.4789477581e-02  -6.3485530304e-01   1.4910915222e+00   3.5626643613e-01
   8.5389846295e-02   8.5189998882e-02  -7.4159750022e-01   1.7645684087e+00   3.0706232055e-01
   8.5793992405e-02   8.5589693707e-02  -8.4845568946e-01   2.0115023209e+00   2.3450556944e-01
   8.6213501755e-02   8.5998291103e-02  -9.5549189598e-01   2.2341470579e+00   1.3869504876e-01
   8.6665584394e-02   8.6428712408e-02  -1.0625827057e+00   2.4335600338e+00   1.7697699193e-02
   8.7185619118e-02   8.6902456380e-02  -1.1703139247e+00   2.6110746277e+00  -1.3607913099e-01
   8.7835853115e-02   8.7468781855e-02  -1.2725686493e+00   2.7574145621e+00  -3.3320531171e-01
   8.8655611282e-02   8.8202924374e-02  -1.3366612509e+00   2.8373154525e+00  -5.5838844959e-01
   8.9593423647e-02   8.9108298189e-02  -1.3048210925e+00   2.8156345447e+00  -7.3704492561e-01
   9.0339450105e-02   9.0078549104e-02  -1.1960050864e+00   2.7382018118e+00  -7.9365252248e-01
   9.0799632951e-02   9.0600351106e-02  -1.0877602018e+00   2.6698206955e+00  -7.7851854015e-01
   9.1168038530e-02   9.0998914797e-02  -9.8059653397e-01   2.6073123330e+00  -7.3793319230e-01
   9.1487805021e-02   9.1337162263e-02  -8.7352178308e-01   2.5483462843e+00  -6.8209395365e-01
   9.1776537472e-02   9.1638447780e-02  -7.6650552723e-01   2.4918398386e+00  -6.1550064114e-01
   9.2043679406e-02   9.1914627164e-02  -6.5966959849e-01   2.4370702019e+00  -5.4079185915e-01
   9.2295028002e-02   9.2172731648e-02  -5.5274787328e-01   2.3832796051e+00  -4.5938420286e-01
   9.2534464907e-02   9.2417324355e-02  -4.4554478830e-01   2.3298448759e+00  -3.7219285716e-01
   9.2764806865e-02   9.2651605460e-02  -3.3866312542e-01   2.2765928367e+00  -2.8051198869e-01
   9.2988220494e-02   9.2878008270e-02  -2.3241063700e-01   2.2232452246e+00  -1.8528894868e-01
   9.3206384834e-02   9.3098432718e-02  -1.2445637768e-01   2.1681944646e+00  -8.4832507749e-02
   9.3420721911e-02   9.3314336950e-02  -1.8706872089e-02   2.1130254165e+00   1.6812635488e-02
   9.3632478294e-02   9.3527106873e-02   8.9373290052e-02   2.0549298327e+00   1.2369214666e-01
   9.3842763556e-02   9.3737849716e-02   1.9559006713e-01   1.9956962908e+00   2.3142050427e-01
   9.4052649822e-02   9.3947677396e-02   3.0231029340e-01   1.9335681447e+00   3.4211038240e-01
   9.4263188309e-02   9.4157622248e-02   4.0990940785e-01   1.8677159367e+00   4.5601291729e-01
   9.4475457849e-02   9.4368754370e-02   5.1583298829e-01   1.7991375421e+00   5.7022444424e-01
   9.4690648964e-02   9.4582161328e-02   6.2380594929e-01   1.7246676362e+00   6.8861906427e-01
   9.4910081882e-02   9.4799136600e-02   7.2976442200e-01   1.6462654673e+00   8.0660260438e-01
   9.5135324408e-02   9.5021027164e-02   8.3719698032e-01   1.5603544687e+00   9.2791038727e-01
   9.5368342495e-02   9.5249621652e-02   9.4408673973e-01   1.4671052505e+00   1.0501700025e+00
   9.5611622570e-02   9.5487063338e-02   1.0506474275e+00   1.3647404620e+00   1.1734756621e+00
   9.5880568056e-02   9.5736181801e-02   1.1626172160e+00   1.2443453357e+00   1.3044404534e+00