# time = 1.5
# Grid points = 474
# Pressure (Pa) = 101325
#             1_pos             2_posf             3_uvel             4_vvel             5_wvel
  -2.3579518383e-01  -2.3618327637e-01   1.1138997321e+00   6.9370287518e-01   1.0078853774e+00
  -2.3500620747e-01  -2.3540709130e-01   1.2107584060e+00   5.9240321372e-01   1.1004172202e+00
  -2.3413432348e-01  -2.3460532363e-01   1.3042239963e+00   4.7338804456e-01   1.1901580905e+00
  -2.3305580270e-01  -2.3366332333e-01   1.3977202170e+00   3.1735746980e-01   1.2799097876e+00
  -2.3179349935e-01  -2.3244828208e-01   1.4745534407e+00   1.2504129254e-01   1.3526470667e+00
  -2.3049896932e-01  -2.3113871662e-01   1.5149550088e+00  -7.9360764315e-02   1.3883749294e+00
  -2.2921606699e-01  -2.2985922203e-01   1.5155837387e+00  -2.8371752936e-01   1.3834803691e+00
  -2.2790422642e-01  -2.2857291195e-01   1.4765021031e+00  -4.8816507756e-01   1.3379091206e+00
  -2.2660009629e-01  -2.2723554089e-01   1.4003466116e+00  -6.8016961224e-01   1.2550433421e+00
  -2.2546720054e-01  -2.2596465169e-01   1.3070689550e+00  -8.3206063922e-01   1.1565210301e+00
  -2.2454241624e-01  -2.2496974939e-01   1.2133856214e+00  -9.4282251730e-01   1.0596199252e+00
  -2.2372915785e-01  -2.2411508310e-01   1.1201992378e+00  -1.0277147397e+00   9.6492496489e-01
  -2.2298450598e-01  -2.2334323260e-01   1.0271305785e+00  -1.0941719580e+00   8.7194086646e-01
  -2.2228588548e-01  -2.2262577935e-01   9.3383000161e-01  -1.1459899266e+00   7.8032477854e-01
  -2.2161927672e-01  -2.2194599160e-01   8.4109772565e-01  -1.1849296968e+00   6.9090190599e-01
  -2.2097511693e-01  -2.2129256184e-01   7.4750150696e-01  -1.2128588812e+00   6.0238572840e-01
  -2.2034632850e-01  -2.2065767203e-01   6.5478267296e-01  -1.2301072100e+00   5.1653429713e-01
  -2.1972723841e-01  -2.2003498497e-01   5.6186367982e-01  -1.2375596454e+00   4.3245954358e-01
  -2.1911314101e-01  -2.1941949185e-01   4.6839830134e-01  -1.2353969237e+00   3.5004521245e-01
  -2.1849978489e-01  -2.1880679018e-01   3.7529389777e-01  -1.2237309768e+00   2.7029751318e-01
  -2.1788314269e-01  -2.1819277960e-01   2.8237443550e-01  -1.2026214210e+00   1.9327198229e-01
  -2.1725921645e-01  -2.1757350578e-01   1.8960119267e-01  -1.1719592080e+00   1.1919299927e-01
  -2.1662372108e-01  -2.1694492712e-01   9.6042175482e-02  -1.1309913919e+00   4.7690926864e-02
  -2.1597197140e-01  -2.1630251503e-01   3.4702931110e-03  -1.0800829806e+00  -1.9494648436e-02
  -2.1529845128e-01  -2.1564142776e-01  -9.0049046358e-02  -1.0175207592e+00  -8.3267754373e-02
  -2.1459644231e-01  -2.1495547480e-01  -1.8287347823e-01  -9.4348347871e-01  -1.4186905910e-01
  -2.1385739191e-01  -2.1423740981e-01  -2.7608089482e-01  -8.5602319382e-01  -1.9521393878e-01
  -2.1306974028e-01  -2.1347737401e-01  -3.6904752439e-01  -7.5411538949e-01  -2.4188971430e-01
  -2.1221695192e-01  -2.1266210655e-01  -4.6225533000e-01  -6.3501176933e-01  -2.8070559973e-01
  -2.1127354528e-01  -2.1177179729e-01  -5.5530902499e-01  -4.9593115484e-01  -3.0942341157e-01
  -2.1019575734e-01  -2.1077529327e-01  -6.4855018320e-01  -3.3113606560e-01  -3.2492377151e-01
  -2.0895256100e-01  -2.0961622142e-01  -7.3850370197e-01  -1.3924804025e-01  -3.2205443036e-01
  -2.0758887218e-01  -2.0828890058e-01  -8.1550494110e-01   6.4853597547e-02  -2.9770493158e-01
  -2.0611095004e-01  -2.0688884379e-01  -8.7421420729e-01   2.6978023673e-01  -2.5273578598e-01
  -2.0438599806e-01  -2.0533305629e-01  -9.1166409819e-01   4.7517670310e-01  -1.8737566756e-01
  -2.0196470975e-01  -2.0343893983e-01  -9.1173707553e-01   6.8409054780e-01  -9.8898635314e-02
  -1.9918279119e-01  -2.0049047967e-01  -8.4819417592e-01   8.0901835890e-01  -3.7140975683e-02
  -1.9699873615e-01  -1.9787510271e-01  -7.5333190426e-01   8.2479545139e-01  -3.7212876763e-02
  -1.9540840176e-01  -1.9612236959e-01  -6.5995719963e-01   7.9741594581e-01  -6.8040305976e-02
  -1.9407163894e-01  -1.9469443394e-01  -5.6690293413e-01   7.5515975942e-01  -1.1156305770e-01
  -1.9288509642e-01  -1.9344884393e-01  -4.7373969485e-01   7.0626348989e-01  -1.6095207750e-01
  -1.9179823167e-01  -1.9232134891e-01  -3.8080773270e-01   6.5444086554e-01  -2.1220238950e-01
  -1.9078077221e-01  -1.9127511443e-01  -2.8774924868e-01   6.0108467367e-01  -2.6313033993e-01
  -1.8981224305e-01  -1.9028642999e-01  -1.9475438324e-01   5.4693664196e-01  -3.1202785398e-01
  -1.8887723951e-01  -1.8933805610e-01  -1.0170046948e-01   4.9202358423e-01  -3.5780041256e-01
  -1.8796309802e-01  -1.8841642292e-01  -8.7897390034e-03   4.3621240753e-01  -3.9945961219e-01
  -1.8705837971e-01  -1.8750977313e-01   8.4338840951e-02   3.7875108890e-01  -4.3640332349e-01
  -1.8615165008e-01  -1.8660698629e-01   1.7744369199e-01   3.1896855435e-01  -4.6780120510e-01
  -1.8523018617e-01  -1.8569631387e-01   2.7041738275e-01   2.5578955608e-01  -4.9288470482e-01
  -1.8427812164e-01  -1.8476405848e-01   3.6349065296e-01   1.8740280246e-01  -5.1081335924e-01
  -1.8327297215e-01  -1.8379218480e-01   4.5663808959e-01   1.1128016523e-01  -5.2030402534e-01
  -1.8217783948e-01  -1.8275375951e-01   5.4981578299e-01   2.3187563358e-02  -5.1934776320e-01
  -1.8091727319e-01  -1.8160191945e-01   6.4340652834e-01  -8.5943283520e-02  -5.0398339205e-01
  -1.7931112481e-01  -1.8023262694e-01   7.3573186264e-01  -2.3785884835e-01  -4.6431250377e-01
  -1.7745550870e-01  -1.7838962269e-01   7.9929283806e-01  -4.3064339887e-01  -3.9700276982e-01
  -1.7564566084e-01  -1.7652139470e-01   8.1060604134e-01  -6.3443319616e-01  -3.1692896017e-01
  -1.7391769428e-01  -1.7476992698e-01   7.7196263285e-01  -8.3858149767e-01  -2.3573328111e-01
  -1.7230477203e-01  -1.7306546159e-01   6.9413795874e-01  -1.0303657868e+00  -1.6299551591e-01
  -1.7095050652e-01  -1.7154408247e-01   6.0048019597e-01  -1.1868975867e+00  -1.0810271606e-01
  -1.6984290622e-01  -1.7035693058e-01   5.0716645786e-01  -1.3076526431e+00  -6.9431726549e-02
  -1.6885961764e-01  -1.6932888186e-01   4.1390005935e-01  -1.4069632387e+00  -4.0489568037e-02
  -1.6794782858e-01  -1.6839035342e-01   3.2057803515e-01  -1.4904141893e+00  -1.8497880985e-02
  -1.6707807259e-01  -1.6750530374e-01   2.2769652201e-01  -1.5603131598e+00  -1.9867515301e-03
  -1.6623055675e-01  -1.6665084145e-01   1.3460539184e-01  -1.6184754291e+00   1.0172521500e-02
  -1.6538971402e-01  -1.6581027206e-01   4.1472587988e-02  -1.6651446011e+00   1.8640319773e-02
  -1.6454110479e-01  -1.6496915599e-01  -5.1797907285e-02  -1.7000508715e+00   2.3970248392e-02
  -1.6366925896e-01  -1.6411305360e-01  -1.4471170502e-01  -1.7220745140e+00   2.6636430180e-02
  -1.6275481920e-01  -1.6322546432e-01  -2.3789645627e-01  -1.7294230479e+00   2.7158213422e-02
  -1.6176948820e-01  -1.6228417408e-01  -3.3112383524e-01  -1.7184033265e+00   2.6137421127e-02
  -1.6066409761e-01  -1.6125480233e-01  -4.2442222050e-01  -1.6820779037e+00   2.4546606055e-02
  -1.5932634042e-01  -1.6007339289e-01  -5.1824565437e-01  -1.6039127554e+00   2.4513889595e-02
  -1.5764345420e-01  -1.5857928794e-01  -6.0259861293e-01  -1.4543367696e+00   3.1850871067e-02
  -1.5594707214e-01  -1.5670762046e-01  -6.4838309092e-01  -1.2523096816e+00   5.1679113432e-02
  -1.5452571394e-01  -1.5518652382e-01  -6.5474954509e-01  -1.0474857732e+00   8.0782268350e-02
  -1.5325907968e-01  -1.5386490407e-01  -6.3708157110e-01  -8.4270978796e-01   1.1699949943e-01
  -1.5207839495e-01  -1.5265325529e-01  -6.0263406809e-01  -6.3855315638e-01   1.5883052450e-01
  -1.5094371191e-01  -1.5150353461e-01  -5.5488895484e-01  -4.3373508611e-01   2.0539585045e-01
  -1.4982598967e-01  -1.5038388922e-01  -4.9624678254e-01  -2.2979420170e-01   2.5522981978e-01
  -1.4869893149e-01  -1.4926809012e-01  -4.2708947429e-01  -2.4802571082e-02   3.0756247645e-01
  -1.4753306711e-01  -1.4812977286e-01  -3.4800605505e-01   1.7943262610e-01   3.6034678321e-01
  -1.4631487541e-01  -1.4693636136e-01  -2.5942871386e-01   3.7984933050e-01   4.1049951935e-01
  -1.4508327628e-01  -1.4569338946e-01  -1.6655161532e-01   5.6271320914e-01   4.5158471015e-01
  -1.4386059095e-01  -1.4447316309e-01  -7.3668406577e-02   7.1862006850e-01   4.7829238701e-01
  -1.4261827162e-01  -1.4324801880e-01   1.9490441755e-02   8.4626402800e-01   4.8686118511e-01
  -1.4132500707e-01  -1.4198852445e-01   1.1233990281e-01   9.4067648094e-01   4.7195435595e-01
  -1.3994074305e-01  -1.4066148970e-01   2.0537778875e-01   9.9493706467e-01   4.2579984673e-01
  -1.3840076572e-01  -1.3921999640e-01   2.9846871670e-01   9.9553770630e-01   3.3593074171e-01
  -1.3677570121e-01  -1.3758153505e-01   3.8262361047e-01   9.2977594028e-01   1.9920740343e-01
  -1.3529281750e-01  -1.3596986737e-01   4.4466014073e-01   8.1496223386e-01   4.2241316546e-02
  -1.3399729478e-01  -1.3461576763e-01   4.8584354440e-01   6.7662283107e-01  -1.1472062045e-01
  -1.3278211324e-01  -1.3337882193e-01   5.1214736802e-01   5.2202931185e-01  -2.7117844512e-01
  -1.3158173957e-01  -1.3218540455e-01   5.2553578444e-01   3.5258753292e-01  -4.2772475609e-01
  -1.3033244470e-01  -1.3097807459e-01   5.2508737296e-01   1.6679244765e-01  -5.8464549959e-01
  -1.2898891427e-01  -1.2968681480e-01   5.0712774977e-01  -3.2948990211e-02  -7.3627269280e-01
  -1.2752120040e-01  -1.2829101374e-01   4.6561446249e-01  -2.3803610957e-01  -8.6946821208e-01
  -1.2592180212e-01  -1.2675138706e-01   3.9342913564e-01  -4.3066413768e-01  -9.6241118001e-01
  -1.2443138200e-01  -1.2509221718e-01   3.0137981932e-01  -5.6976380469e-01  -9.9109315373e-01
  -1.2320979813e-01  -1.2377054683e-01   2.0793028772e-01  -6.4751708290e-01  -9.6688579790e-01
  -1.2214817738e-01  -1.2264904942e-01   1.1493542013e-01  -6.8581747564e-01  -9.1008554334e-01
  -1.2118581602e-01  -1.2164730534e-01   2.1644808838e-02  -6.9660629642e-01  -8.3005634488e-01
  -1.2028945758e-01  -1.2072432671e-01  -7.1236791349e-02  -6.8634082127e-01  -7.3292554810e-01
  -1.1943775117e-01  -1.1985458845e-01  -1.6447595039e-01  -6.5906924037e-01  -6.2139126563e-01
  -1.1861544016e-01  -1.1902091389e-01  -2.5738944308e-01  -6.1770117968e-01  -4.9858161558e-01
  -1.1781031328e-01  -1.1820996642e-01  -3.5074765744e-01  -5.6373285736e-01  -3.6507127720e-01
  -1.1701158273e-01  -1.1741066015e-01  -4.4371077759e-01  -4.9887809917e-01  -2.2315988435e-01
  -1.1620911855e-01  -1.1661250531e-01  -5.3663461176e-01  -4.2372401997e-01  -7.3097365237e-02
  -1.1540497927e-01  -1.1580573180e-01  -6.2797400293e-01  -3.4005307739e-01   8.2053161803e-02
  -1.1460472090e-01  -1.1500422675e-01  -7.1590876087e-01  -2.5003299496e-01   2.3863988652e-01
  -1.1379946328e-01  -1.1420521505e-01  -7.9992997889e-01  -1.5447332549e-01   3.9534177368e-01
  -1.1297320604e-01  -1.1339371151e-01  -8.7974476556e-01  -5.3462569987e-02   5.5157545330e-01
  -1.1210584602e-01  -1.1255270056e-01  -9.5557796070e-01   5.4623028652e-02   7.0849800250e-01
  -1.1116759541e-01  -1.1165899147e-01  -1.0259276832e+00   1.7073673768e-01   8.6488902601e-01
  -1.1010392654e-01  -1.1067619934e-01  -1.0893100719e+00   2.9974537409e-01   1.0221252390e+00
  -1.0877516080e-01  -1.0953165373e-01  -1.1399014837e+00   4.5233162529e-01   1.1804915387e+00
  -1.0696999726e-01  -1.0801866786e-01  -1.1524258527e+00   6.3916469565e-01   1.3183452950e+00
  -1.0503299018e-01  -1.0592132666e-01  -1.0932403805e+00   8.1078171670e-01   1.3659834214e+00
  -1.0357287181e-01  -1.0414465370e-01  -9.9767753577e-01   9.1947680647e-01   1.3331313761e+00
  -1.0253938685e-01  -1.0300108992e-01  -9.0392261101e-01   9.8592670324e-01   1.2762003875e+00
  -1.0167516313e-01  -1.0207768378e-01  -8.1062670137e-01   1.0354991278e+00   1.2104084138e+00
  -1.0090760565e-01  -1.0127264248e-01  -7.1742844577e-01   1.0753893961e+00   1.1401412221e+00
  -1.0020328358e-01  -1.0054256883e-01  -6.2428497790e-01   1.1088155581e+00   1.0675353903e+00
  -9.9543210054e-02  -9.9863998324e-02  -5.3124383396e-01   1.1375466390e+00   9.9387893449e-01
  -9.8915221407e-02  -9.9222421785e-02  -4.3831651311e-01   1.1626732360e+00   9.1999145828e-01
  -9.8310898407e-02  -9.8608021029e-02  -3.4494420147e-01   1.1850321752e+00   8.4600691710e-01
  -9.7723955736e-02  -9.8013775784e-02  -2.5177884814e-01   1.2049279643e+00   7.7288865513e-01
  -9.7149392512e-02  -9.7434135687e-02  -1.5855071293e-01   1.2227475093e+00   7.0078717205e-01
  -9.6583077312e-02  -9.6864649337e-02  -6.5587368359e-02   1.2386480343e+00   6.3026285502e-01
  -9.6021418548e-02  -9.6301505286e-02   2.7243876209e-02   1.2527955088e+00   5.6148366831e-01
  -9.5461156406e-02  -9.5741331809e-02   1.2004857865e-01   1.2652717837e+00   4.9463174370e-01
  -9.4899135606e-02  -9.5180981003e-02   2.1384119362e-01   1.2761778003e+00   4.2929141662e-01
  -9.4332178596e-02  -9.4617290209e-02   3.0671279021e-01   1.2852310626e+00   3.6707868279e-01
  -9.3756961881e-02  -9.4047066983e-02   3.9967497553e-01   1.2924433530e+00   3.0757244023e-01
  -9.3169806247e-02  -9.3466856779e-02   4.9272380220e-01   1.2976194480e+00   2.5112159325e-01
  -9.2566475888e-02  -9.2872755715e-02   5.8571074733e-01   1.3004777778e+00   1.9820448567e-01
  -9.1941868977e-02  -9.2260196061e-02   6.7876257995e-01   1.3006382947e+00   1.4921034426e-01
  -9.1289510036e-02  -9.1623541894e-02   7.7205302937e-01   1.2975466416e+00   1.0463877099e-01
  -9.0600907885e-02  -9.0955478177e-02   8.6507293894e-01   1.2904535380e+00   6.5459477949e-02
  -8.9864224288e-02  -9.0246337593e-02   9.5823065574e-01   1.2782203985e+00   3.2450814182e-02
  -8.9061720918e-02  -8.9482110983e-02   1.0513915252e+00   1.2591262005e+00   7.0460527100e-03
  -8.8164369071e-02  -8.8641330853e-02   1.1445931265e+00   1.2302816719e+00  -8.6553300482e-03
  -8.7117290694e-02  -8.7687407289e-02   1.2379306982e+00   1.1861931460e+00  -1.0985060458e-02
  -8.5783248816e-02  -8.6547174099e-02   1.3320823246e+00   1.1129843071e+00   8.4257355914e-03
  -8.3874629087e-02  -8.5019323533e-02   1.4179248447e+00   9.7498267869e-01   7.0420997747e-02
  -8.1734461559e-02  -8.2729934641e-02   1.4528674733e+00   7.7885520853e-01   1.6738281666e-01
  -7.9871074282e-02  -8.0738988478e-02   1.4328464692e+00   5.7474968729e-01   2.5891960548e-01
  -7.8209138065e-02  -7.9003160085e-02   1.3796233434e+00   3.7047743388e-01   3.3327284684e-01
  -7.6666649239e-02  -7.7415116044e-02   1.3040472367e+00   1.6672468173e-01   3.8781053967e-01
  -7.5250514223e-02  -7.5918182434e-02   1.2146661120e+00  -2.9897482483e-02   4.2130378359e-01
  -7.4000651165e-02  -7.4582846013e-02   1.1215570160e+00  -2.0805310688e-01   4.3528279494e-01
  -7.2891425063e-02  -7.3418456318e-02   1.0284875376e+00  -3.6831328543e-01   4.3454552164e-01
  -7.1876361589e-02  -7.2364393809e-02   9.3537685589e-01  -5.1525500350e-01   4.2278352665e-01
  -7.0929207172e-02  -7.1388329369e-02   8.4245217766e-01  -6.5093450711e-01   4.0237740119e-01
  -7.0033029368e-02  -7.0470084975e-02   7.4936231005e-01  -7.7726178353e-01   3.7484786298e-01
  -6.9175819556e-02  -6.9595973762e-02   6.5641666336e-01  -8.9463298849e-01   3.4141170086e-01
  -6.8348347520e-02  -6.8755665350e-02   5.6330369208e-01  -1.0038972926e+00   3.0277000838e-01
  -6.7543066867e-02  -6.7941029691e-02   4.7030002830e-01  -1.1049038524e+00   2.5960251501e-01
  -6.6753380484e-02  -6.7145104043e-02   3.7750336572e-01  -1.1975600169e+00   2.1235906367e-01
  -6.5973235403e-02  -6.6361656926e-02   2.8406364907e-01  -1.2823739380e+00   1.6077179498e-01
  -6.5196679822e-02  -6.5584813879e-02   1.9130647880e-01  -1.3576544234e+00   1.0561517069e-01
  -6.4417485638e-02  -6.4808545765e-02   9.8202670452e-02  -1.4235400177e+00   4.6178972655e-02
  -6.3628731096e-02  -6.4026425512e-02   5.0328195730e-03  -1.4786164379e+00  -1.7721909239e-02
  -6.2822202352e-02  -6.3231036681e-02  -8.7924938209e-02  -1.5211519828e+00  -8.6452115083e-02
  -6.1987445731e-02  -6.2413368024e-02  -1.8096146275e-01  -1.5489885993e+00  -1.6112950023e-01
  -6.1110024107e-02  -6.1561523439e-02  -2.7410642020e-01  -1.5585785533e+00  -2.4326033220e-01
  -6.0168197809e-02  -6.0658524776e-02  -3.6724511246e-01  -1.5443340582e+00  -3.3514646569e-01
  -5.9125154151e-02  -5.9677870843e-02  -4.6037805795e-01  -1.4966455063e+00  -4.4101457668e-01
  -5.7910482828e-02  -5.8572437459e-02  -5.5372672879e-01  -1.3956272182e+00  -5.6991695201e-01
  -5.6580624839e-02  -5.7248528196e-02  -6.3469325975e-01  -1.2286540624e+00  -7.1646253920e-01
  -5.5371411530e-02  -5.5912721483e-02  -6.8795395634e-01  -1.0258568255e+00  -8.5424042031e-01
  -5.4366023338e-02  -5.4830101577e-02  -7.1677012225e-01  -8.2059354856e-01  -9.7174024060e-01
  -5.3485275466e-02  -5.3901945100e-02  -7.3065817510e-01  -6.1583885782e-01  -1.0761738797e+00
  -5.2683549751e-02  -5.3068605832e-02  -7.3456874210e-01  -4.1140467756e-01  -1.1719844089e+00
  -5.1935404148e-02  -5.2298493669e-02  -7.3123645158e-01  -2.0625359650e-01  -1.2619948011e+00
  -5.1224416250e-02  -5.1572314627e-02  -7.2244527176e-01  -2.0617109343e-03  -1.3469338287e+00
  -5.0538824027e-02  -5.0876517873e-02  -7.0937312397e-01   2.0251873262e-01  -1.4283466901e+00
  -4.9869528856e-02  -5.0201130181e-02  -6.9284997121e-01   4.0776774730e-01  -1.5069666026e+00
  -4.9208711290e-02  -4.9537927530e-02  -6.7379166009e-01   6.1126943828e-01  -1.5823536965e+00
  -4.8549061931e-02  -4.8879495049e-02  -6.5239931239e-01   8.1684639899e-01  -1.6562255508e+00
  -4.7883083092e-02  -4.8218628812e-02  -6.2950659005e-01   1.0210491302e+00  -1.7275127269e+00
  -4.7202248148e-02  -4.7547537373e-02  -6.0541443656e-01   1.2254302370e+00  -1.7968545814e+00
  -4.6495744761e-02  -4.6856958924e-02  -5.8052254044e-01   1.4304431367e+00  -1.8643251950e+00
  -4.5748395472e-02  -4.6134530598e-02  -5.5551180436e-01   1.6348109501e+00  -1.9292522834e+00
  -4.4935727297e-02  -4.5362260347e-02  -5.3090158991e-01   1.8400151986e+00  -1.9915076832e+00
  -4.4010181428e-02  -4.4509194247e-02  -5.0788326511e-01   2.0458447793e+00  -2.0496134444e+00
  -4.2840394953e-02  -4.3511168610e-02  -4.8912541004e-01   2.2533624744e+00  -2.0997534806e+00
  -4.0653902281e-02  -4.2169621295e-02  -4.9535968929e-01   2.4421742518e+00  -2.1048966658e+00
  -3.8280068817e-02  -3.9138183267e-02  -5.5881856771e-01   2.3670353251e+00  -1.9827119405e+00
  -3.6895725753e-02  -3.7421954367e-02  -6.2629856488e-01   2.1605034716e+00  -1.8336552961e+00
  -3.5956433363e-02  -3.6369497138e-02  -6.8291356244e-01   1.9539342065e+00  -1.6988804685e+00
  -3.5188311898e-02  -3.5543369588e-02  -7.3427822497e-01   1.7485829892e+00  -1.5693520673e+00
  -3.4514372214e-02  -3.4833254207e-02  -7.8237377544e-01   1.5429296970e+00  -1.4415726570e+00
  -3.3901174335e-02  -3.4195490220e-02  -8.2747204487e-01   1.3389184184e+00  -1.3156309338e+00
  -3.3330302826e-02  -3.3606858450e-02  -8.7033820176e-01   1.1349288840e+00  -1.1899085946e+00
  -3.2790528957e-02  -3.3053747201e-02  -9.1160243001e-01   9.2877304896e-01  -1.0626630905e+00
  -3.2273998523e-02  -3.2527310712e-02  -9.5037084193e-01   7.2561784540e-01  -9.3680392305e-01
  -3.1774899125e-02  -3.2020686335e-02  -9.8758511886e-01   5.2105273033e-01  -8.0938576853e-01
  -3.1288907233e-02  -3.1529111915e-02  -1.0231738166e+00   3.1539538851e-01  -6.8039989317e-01
  -3.0812399267e-02  -3.1048702552e-02  -1.0566993486e+00   1.1119113362e-01  -5.5127173855e-01
  -3.0342268316e-02  -3.0576095981e-02  -1.0884142981e+00  -9.3141571224e-02  -4.2084719334e-01
  -2.9875778255e-02  -3.0108440650e-02  -1.1182827888e+00  -2.9779177956e-01  -2.8882817246e-01
  -2.9410350947e-02  -2.9643115859e-02  -1.1462186859e+00  -5.0285418858e-01  -1.5495635654e-01
  -2.8943444162e-02  -2.9177586036e-02  -1.1719640449e+00  -7.0726253869e-01  -1.9723105754e-02
  -2.8472441123e-02  -2.8709302288e-02  -1.1954528031e+00  -9.1159599833e-01   1.1748161640e-01
  -2.7994514973e-02  -2.8235579958e-02  -1.2164820001e+00  -1.1157847472e+00   2.5689084159e-01
  -2.7506394995e-02  -2.7753449989e-02  -1.2349286746e+00  -1.3215473206e+00   4.0006615248e-01
  -2.7004203300e-02  -2.7259340001e-02  -1.2501822089e+00  -1.5260362218e+00   5.4548100462e-01
  -2.6483241505e-02  -2.6749066599e-02  -1.2618411246e+00  -1.7288436259e+00   6.9332885411e-01
  -2.5938024066e-02  -2.6217416411e-02  -1.2694893862e+00  -1.9352190970e+00   8.4830429120e-01
  -2.5369879089e-02  -2.5658631722e-02  -1.2719430059e+00  -2.1350306628e+00   1.0037886406e+00
  -2.4781831769e-02  -2.5081126457e-02  -1.2684835694e+00  -2.3274600160e+00   1.1600479128e+00
  -2.4169365070e-02  -2.4482537081e-02  -1.2581964529e+00  -2.5096903657e+00   1.3160015733e+00
  -2.3524330662e-02  -2.3856193059e-02  -1.2395524054e+00  -2.6818290928e+00   1.4736067728e+00
  -2.2835392720e-02  -2.3192468265e-02  -1.2111181394e+00  -2.8374291965e+00   1.6295503856e+00
  -2.2085300352e-02  -2.2478317175e-02  -1.1697946501e+00  -2.9747080309e+00   1.7861635244e+00
  -2.1244390355e-02  -2.1692283530e-02  -1.1109343528e+00  -3.0858035783e+00   1.9428149110e+00
  -2.0310841998e-02  -2.0796497181e-02  -1.0304165334e+00  -3.1551050501e+00   2.0921259433e+00
  -1.9400403945e-02  -1.9825186816e-02  -9.3766460253e-01  -3.1678335126e+00   2.2112981605e+00
  -1.8593436553e-02  -1.8975621074e-02  -8.4459696576e-01  -3.1335568278e+00   2.2936327337e+00
  -1.7858140603e-02  -1.8211252032e-02  -7.5137296236e-01  -3.0660554900e+00   2.3495704752e+00
  -1.7172699106e-02  -1.7505029175e-02  -6.5817502268e-01  -2.9733954471e+00   2.3850267905e+00
  -1.6523234727e-02  -1.6840369038e-02  -5.6525888626e-01  -2.8610484724e+00   2.4037918390e+00
  -1.5900183107e-02  -1.6206100415e-02  -4.7229211167e-01  -2.7321183345e+00   2.4084590413e+00
  -1.5296514578e-02  -1.5594265798e-02  -3.7905468325e-01  -2.5886654620e+00   2.4006353657e+00
  -1.4706660402e-02  -1.4998763358e-02  -2.8580544826e-01  -2.4328412316e+00   2.3814236744e+00
  -1.4125931762e-02  -1.4414557445e-02  -1.9265220004e-01  -2.2662445082e+00   2.3516360234e+00
  -1.3550187643e-02  -1.3837306079e-02  -9.9599940669e-02  -2.0900026996e+00   2.3117837819e+00
  -1.2975564650e-02  -1.3263069208e-02  -6.5960909455e-03  -1.9048733916e+00   2.2620829552e+00
  -1.2398235231e-02  -1.2688060091e-02   8.6426045549e-02  -1.7113590485e+00   2.2024678941e+00
  -1.1816165078e-02  -1.2108410371e-02   1.7917961227e-01  -1.5105518970e+00   2.1328784127e+00
  -1.1234513373e-02  -1.1523919786e-02   2.7013299950e-01  -1.3063354484e+00   2.0542683850e+00
  -1.0656494250e-02  -1.0945106961e-02   3.5819028842e-01  -1.1018563586e+00   1.9675426534e+00
  -1.0077266716e-02  -1.0367881538e-02   4.4356055837e-01  -8.9725240515e-01   1.8723626371e+00
  -9.4910969398e-03  -9.7866518937e-03   5.2645823499e-01  -6.9241443297e-01   1.7679643361e+00
  -8.8916928785e-03  -9.1955419859e-03   6.0690879173e-01  -4.8748400224e-01   1.6533263176e+00
  -8.2715903361e-03  -8.5878437712e-03   6.8468763521e-01  -2.8306389334e-01   1.5272581503e+00
  -7.6212862162e-03  -7.9553369011e-03   7.5990316691e-01  -7.8624190228e-02   1.3871527057e+00
  -6.9513592632e-03  -7.2872355313e-03   8.2988033822e-01   1.1878530997e-01   1.2353645115e+00
  -6.2933915393e-03  -6.6154829951e-03   8.9123233120e-01   2.9936007021e-01   1.0779115836e+00
  -5.6599836062e-03  -5.9713000835e-03   9.4174763234e-01   4.5548025927e-01   9.2222079027e-01
  -5.0459349232e-03  -5.3486671289e-03   9.8321426102e-01   5.9131491717e-01   7.6592527116e-01
  -4.4472325884e-03  -4.7432027176e-03   1.0161296125e+00   7.0752699366e-01   6.0935911242e-01
  -3.8604898510e-03  -4.1512624593e-03   1.0409578421e+00   8.0480868741e-01   4.5279540730e-01
  -3.2827570307e-03  -3.5697172428e-03   1.0581374013e+00   8.8389719581e-01   2.9637269106e-01
  -2.7113801746e-03  -2.9957968187e-03   1.0680568053e+00   9.4549319376e-01   1.4012345050e-01
  -2.1438833916e-03  -2.4269635305e-03   1.0710377952e+00   9.9019892581e-01  -1.5998758876e-02
  -1.5778632205e-03  -1.8608032527e-03   1.0673249097e+00   1.0184737226e+00  -1.7209240641e-01
  -1.0108687023e-03  -1.2949231884e-03   1.0569674064e+00   1.0305748293e+00  -3.2932641221e-01
  -4.4030531009e-04  -7.2681421615e-04   1.0401961442e+00   1.0264541978e+00  -4.8565948904e-01
   1.3666237457e-04  -1.5379640403e-04   1.0170693439e+00   1.0063283067e+00  -6.4187564612e-01
   7.2327878925e-04   4.2712115317e-04   9.8754285027e-01   9.7002835393e-01  -7.9818839794e-01
   1.3234112875e-03   1.0194364253e-03   9.5154739590e-01   9.1723503992e-01  -9.5443611908e-01
   1.9418802800e-03   1.6273861498e-03   9.0881902591e-01   8.4722977269e-01  -1.1108362930e+00
   2.5850398648e-03   2.2563744102e-03   8.5882661292e-01   7.5866094281e-01  -1.2678119792e+00
   3.2615387001e-03   2.9137053193e-03   8.0141875208e-01   6.5070751581e-01  -1.4240384871e+00
   3.9839772859e-03   3.6093720809e-03   7.3548518362e-01   5.2059569433e-01  -1.5802076704e+00
   4.7728602627e-03   4.3585824909e-03   6.5897469616e-01   3.6316384133e-01  -1.7371640553e+00
   5.6407730081e-03   5.1871380345e-03   5.7156480537e-01   1.7636758248e-01  -1.8903501025e+00
   6.5394436780e-03   6.0944079818e-03   4.7999774442e-01  -2.6076904995e-02  -2.0248636731e+00
   7.4252843710e-03   6.9844793742e-03   3.9002371353e-01  -2.3117817647e-01  -2.1322048737e+00
   8.3139191228e-03   7.8660893677e-03   3.0282908665e-01  -4.3550079738e-01  -2.2119371048e+00
   9.2292868088e-03   8.7617488778e-03   2.1764603866e-01  -6.4028169868e-01  -2.2639677301e+00
   1.0202229669e-02   9.6968247398e-03   1.3436172292e-01  -8.4541868552e-01  -2.2844886723e+00
   1.1284030437e-02   1.0707634598e-02   5.2924452364e-02  -1.0505512359e+00  -2.2647809280e+00
   1.2573830682e-02   1.1860426276e-02  -2.6659448054e-02  -1.2543694366e+00  -2.1837743346e+00
   1.3888341352e-02   1.3287235088e-02  -8.7279491614e-02  -1.4088255122e+00  -2.0427873357e+00
   1.4970492072e-02   1.4489447617e-02  -1.2075080170e-01  -1.4886368161e+00  -1.8851096928e+00
   1.5871621034e-02   1.5451536528e-02  -1.3739595228e-01  -1.5194288775e+00  -1.7282425524e+00
   1.6674591843e-02   1.6291705540e-02  -1.4406874959e-01  -1.5184696433e+00  -1.5710603918e+00
   1.7415944922e-02   1.7057478147e-02  -1.4381290207e-01  -1.4935510297e+00  -1.4148971795e+00
   1.8116121824e-02   1.7774411697e-02  -1.3838137889e-01  -1.4487895043e+00  -1.2585099231e+00
   1.8788060257e-02   1.8457831951e-02  -1.2883677979e-01  -1.3866819394e+00  -1.1022545662e+00
   1.9440916585e-02   1.9118288562e-02  -1.1580237399e-01  -1.3081781378e+00  -9.4517831209e-01
   2.0081740422e-02   1.9763544608e-02  -9.9957950654e-02  -1.2152045915e+00  -7.8922083348e-01
   2.0716343929e-02   2.0399936235e-02  -8.1547829018e-02  -1.1075061179e+00  -6.3295736534e-01
   2.1349805357e-02   2.1032751624e-02  -6.0745632123e-02  -9.8466370561e-01  -4.7587074901e-01
   2.1986891196e-02   2.1666859091e-02  -3.8071670059e-02  -8.4847661819e-01  -3.2030218355e-01
   2.2632400567e-02   2.2306923301e-02  -1.3200751545e-02  -6.9575795341e-01  -1.6310753882e-01
   2.3291368957e-02   2.2957877833e-02   1.3265108147e-02  -5.2902173206e-01  -7.5496847361e-03
   2.3969481368e-02   2.3624860081e-02   4.1800925402e-02  -3.4407111812e-01   1.4941888756e-01
   2.4661230517e-02   2.4314102655e-02   7.1557345907e-02  -1.4527494624e-01   3.0324866217e-01
   2.5342780655e-02   2.5008358379e-02   1.0124254758e-01   5.9207507926e-02   4.4810375399e-01
   2.6002728406e-02   2.5677202931e-02   1.2994653914e-01   2.6288171843e-01   5.8084920213e-01
   2.6648093112e-02   2.6328253881e-02   1.5814406818e-01   4.6872292200e-01   7.0476957007e-01
   2.7284989713e-02   2.6967932342e-02   1.8531770288e-01   6.7249860189e-01   8.1844966542e-01
   2.7918973027e-02   2.7602047085e-02   2.1188071359e-01   8.7679897568e-01   9.2434761480e-01
   2.8555412507e-02   2.8235898970e-02   2.3795857372e-01   1.0822669713e+00   1.0233874599e+00
   2.9199917138e-02   2.8874926045e-02   2.6316776275e-01   1.2854782283e+00   1.1145592131e+00
   2.9858939360e-02   2.9524908231e-02   2.8816986034e-01   1.4914867406e+00   1.2005680164e+00
   3.0540354480e-02   3.0192970488e-02   3.1240600947e-01   1.6955148401e+00   1.2797419788e+00
   3.1254517586e-02   3.0887738472e-02   3.3616993738e-01   1.8999004485e+00   1.3533762837e+00
   3.2016682832e-02   3.1621296699e-02   3.5947176186e-01   2.1049849525e+00   1.4217377841e+00
   3.2851433727e-02   3.2412068966e-02   3.8207534512e-01   2.3094501810e+00   1.4844861231e+00
   3.3806108510e-02   3.3290798488e-02   4.0396426544e-01   2.5153669096e+00   1.5421408166e+00
   3.5004669268e-02   3.4321418532e-02   4.2432115398e-01   2.7223983852e+00   1.5939932041e+00
   3.6620935071e-02   3.5687920004e-02   4.3759984199e-01   2.9017182995e+00   1.6321574169e+00
   3.8486965204e-02   3.7553950137e-02   4.3032596689e-01   2.9582500833e+00   1.6378618131e+00
   4.0376903350e-02   3.9419980270e-02   3.9461480231e-01   2.8424973500e+00   1.6065776777e+00
   4.1918676032e-02   4.1333826430e-02   3.4408775845e-01   2.6294528335e+00   1.5575188704e+00
   4.2976641362e-02   4.2503525634e-02   2.9771428097e-01   2.4234410013e+00   1.5117497109e+00
   4.3864617965e-02   4.3449757089e-02   2.5207860997e-01   2.2183275223e+00   1.4662400694e+00
   4.4658421272e-02   4.4279478840e-02   2.0650259736e-01   2.0129591253e+00   1.4201495466e+00
   4.5392598162e-02   4.5037363704e-02   1.6116553124e-01   1.8087365694e+00   1.3734437694e+00
   4.6086835896e-02   4.5747832621e-02   1.1578596264e-01   1.6044983588e+00   1.3256019702e+00
   4.6753769082e-02   4.6425839170e-02   7.0162808660e-02   1.3992016693e+00   1.2761370371e+00
   4.7402567124e-02   4.7081698994e-02   2.4915973606e-02   1.1953332989e+00   1.2254334974e+00
   4.8040429000e-02   4.7723435254e-02  -2.0519509903e-02   9.8990048280e-01   1.1725219698e+00
   4.8673412485e-02   4.8357422747e-02  -6.5267998714e-02   7.8627927777e-01   1.1180368597e+00
   4.9307095150e-02   4.8989402223e-02  -1.0988675840e-01   5.8117561365e-01   1.0608334588e+00
   4.9946964434e-02   4.9624788078e-02  -1.5371675938e-01   3.7661807545e-01   1.0011454141e+00
   5.0598852188e-02   5.0269140790e-02  -1.9655069593e-01   1.7230228965e-01   9.3852335707e-01
   5.1269400251e-02   5.0928563586e-02  -2.3804756438e-01  -3.1849811289e-02   8.7249252283e-01
   5.1966847021e-02   5.1610236916e-02  -2.7793733429e-01  -2.3702118921e-01   8.0202614995e-01
   5.2702076781e-02   5.2323457125e-02  -3.1526062679e-01  -4.4199185617e-01   7.2667841802e-01
   5.3490368020e-02   5.3080696437e-02  -3.4889604165e-01  -6.4621571801e-01   6.4551021662e-01
   5.4355612508e-02   5.3900039603e-02  -3.7737933536e-01  -8.5083141099e-01   5.5626662922e-01
   5.5340555785e-02   5.4811185412e-02  -3.9770629290e-01  -1.0561288180e+00   4.5556424074e-01
   5.6539622401e-02   5.5869926158e-02  -4.0325426611e-01  -1.2623159957e+00   3.3641725890e-01
   5.8074442323e-02   5.7209318645e-02  -3.7820850526e-01  -1.4531834671e+00   1.9309232055e-01
   5.9796326459e-02   5.8939566001e-02  -3.0878970112e-01  -1.5738294999e+00   4.8017174459e-02
   6.1305515256e-02   6.0653086917e-02  -2.1562213775e-01  -1.6030147028e+00  -6.2242520260e-02
   6.2521371043e-02   6.1957943595e-02  -1.2212559140e-01  -1.5788977182e+00  -1.3830454238e-01
   6.3606305728e-02   6.3084798492e-02  -2.8892271896e-02  -1.5269760122e+00  -1.9655944783e-01
   6.4632763382e-02   6.4127812964e-02   6.4520706658e-02  -1.4557160584e+00  -2.4383750579e-01
   6.5645641287e-02   6.5137713799e-02   1.5752349138e-01  -1.3690020271e+00  -2.8334820129e-01
   6.6685733883e-02   6.6153568775e-02   2.5082602075e-01  -1.2666644923e+00  -3.1769647361e-01
   6.7807626808e-02   6.7217898990e-02   3.4422065336e-01  -1.1462687651e+00  -3.4868920370e-01
   6.9125595652e-02   6.8397354626e-02   4.3826643320e-01  -9.9781256547e-01  -3.7895232540e-01
   7.0766348806e-02   6.9853836678e-02   5.2216301424e-01  -8.1266076287e-01  -4.1053250156e-01
   7.2678064457e-02   7.1678860934e-02   5.6270530381e-01  -6.0840627393e-01  -4.4320107303e-01
   7.4725180773e-02   7.3677267979e-02   5.2854930181e-01  -4.1571779886e-01  -4.7633795741e-01
   7.6451299124e-02   7.5773093566e-02   4.3951211917e-01  -2.7867398744e-01  -5.0280319673e-01
   7.7659177010e-02   7.7129504682e-02   3.4540500880e-01  -1.9857170067e-01  -5.1922640030e-01
   7.8649675518e-02   7.8188849338e-02   2.5197193357e-01  -1.4269481067e-01  -5.3028326627e-01
   7.9532516624e-02   7.9110501698e-02   1.5875060403e-01  -1.0023313649e-01  -5.3750638568e-01
   8.0353471838e-02   7.9954531550e-02   6.5449805522e-02  -6.6798876039e-02  -5.4136884684e-01
   8.1138434907e-02   8.0752412125e-02  -2.7663919622e-02  -4.0301173341e-02  -5.4194973434e-01
   8.1905183661e-02   8.1524457690e-02  -1.2062998350e-01  -1.9463633230e-02  -5.3915799377e-01
   8.2668071857e-02   8.2285909633e-02  -2.1386020235e-01  -3.5399763142e-03  -5.3268667423e-01
   8.3440785799e-02   8.3050234081e-02  -3.0684667433e-01   7.6769086307e-03  -5.2210762414e-01
   8.4238775284e-02   8.3831337518e-02  -4.0015901612e-01   1.4198283297e-02  -5.0662353307e-01
   8.5082489868e-02   8.4646213051e-02  -4.9326523185e-01   1.5528317095e-02  -4.8518004699e-01
   8.6004283600e-02   8.5518766684e-02  -5.8665861151e-01   1.0563303655e-02  -4.5572843182e-01
   8.7068215919e-02   8.6489800515e-02  -6.8016406285e-01  -3.2925248691e-03  -4.1445752241e-01
   8.8475786716e-02   8.7646631323e-02  -7.7540603152e-01  -3.4642871270e-02  -3.4923650781e-01
   9.0689335740e-02   8.9304942110e-02  -8.4687568793e-01  -1.1077529501e-01  -2.3172162594e-01
   9.3179497458e-02   9.2073729370e-02  -8.1436954256e-01  -2.2391199436e-01  -1.0007315578e-01
   9.4925584401e-02   9.4285265546e-02  -7.1866108910e-01  -3.1326714897e-01  -2.4168184636e-02
   9.6074578442e-02   9.5565903256e-02  -6.2476921889e-01  -3.7225775250e-01   1.1012337749e-02
   9.7026815342e-02   9.6583253629e-02  -5.3124294666e-01  -4.1902012420e-01   2.8868806385e-02
   9.7875201603e-02   9.7470377056e-02  -4.3818101066e-01  -4.5749324206e-01   3.4961160891e-02
   9.8659763473e-02   9.8280026151e-02  -3.4493014714e-01  -4.8957756619e-01   3.1781662702e-02
   9.9402702886e-02   9.9039500795e-02  -2.5195243931e-01  -5.1587977594e-01   2.0649689985e-02
   1.0011844646e-01   9.9765904977e-02  -1.5874190901e-01  -5.3689700706e-01   2.2811618977e-03
   1.0081743606e-01   1.0047098795e-01  -6.5598371644e-02  -5.5263306189e-01  -2.2830896710e-02
   1.0150809251e-01   1.0116388417e-01   2.7436947853e-02  -5.6300002135e-01  -5.4394025260e-02
   1.0219783923e-01   1.0185230086e-01   1.2044867535e-01  -5.6775077576e-01  -9.2316909566e-02
   1.0289389552e-01   1.0254337759e-01   2.1353370172e-01  -5.6642885024e-01  -1.3667980878e-01
   1.0360401044e-01   1.0324441346e-01   3.0669479749e-01  -5.5833314078e-01  -1.8767656875e-01
   1.0433728301e-01   1.0396360742e-01   3.9973040429e-01  -5.4250319656e-01  -2.4552300542e-01
   1.0510547527e-01   1.0471095860e-01   4.9289053257e-01  -5.1744607653e-01  -3.1093129357e-01
   1.0592534960e-01   1.0549999195e-01   5.8603322577e-01  -4.8097464896e-01  -3.8470935842e-01
   1.0682370597e-01   1.0635070725e-01   6.7925727266e-01  -4.2939298145e-01  -4.6845330898e-01
   1.0785090415e-01   1.0729670469e-01   7.7257888506e-01  -3.5585930091e-01  -5.6501001493e-01
   1.0913611891e-01   1.0840510362e-01   8.6695314388e-01  -2.4248901580e-01  -6.8240505044e-01
   1.1075455856e-01   1.0986713419e-01   9.4640239687e-01  -7.1272584238e-02  -8.1443846703e-01
   1.1244151057e-01   1.1164198292e-01   9.8115039559e-01   1.3308964615e-01  -9.2291307781e-01
   1.1400957927e-01   1.1324103822e-01   9.6765496919e-01   3.3773029233e-01  -9.8695927802e-01
   1.1556083532e-01   1.1477812032e-01   9.1307095283e-01   5.4231032100e-01  -1.0093477422e+00
   1.1702592329e-01   1.1634355032e-01   8.2845183482e-01   7.2648987817e-01  -9.9154508127e-01
   1.1827301195e-01   1.1770829626e-01   7.3475101803e-01   8.6838012032e-01  -9.4662405013e-01
   1.1934450126e-01   1.1883772764e-01   6.4154971124e-01   9.7386789679e-01  -8.8740199226e-01
   1.2032608028e-01   1.1985127489e-01   5.4832034579e-01   1.0540402466e+00  -8.1799259551e-01
   1.2125891129e-01   1.2080088567e-01   4.5505254740e-01   1.1131545338e+00  -7.4033463399e-01
   1.2216908116e-01   1.2171693691e-01   3.6205793702e-01   1.1529256363e+00  -6.5569681289e-01
   1.2307683913e-01   1.2262122542e-01   2.6910621212e-01   1.1739674902e+00  -5.6433340311e-01
   1.2400128811e-01   1.2353245284e-01   1.7592041043e-01   1.1755108223e+00  -4.6594766217e-01
   1.2496428897e-01   1.2447012338e-01   8.2611044467e-02   1.1554072049e+00  -3.6019872497e-01
   1.2599545707e-01   1.2545845456e-01  -1.0417041710e-02   1.1100766553e+00  -2.4662846809e-01
   1.2714323338e-01   1.2653245958e-01  -1.0365101392e-01   1.0324027719e+00  -1.2278619287e-01
   1.2850815087e-01   1.2775400718e-01  -1.9730812383e-01   9.0725781986e-01   1.5762521891e-02
   1.3010231121e-01   1.2926229456e-01  -2.8020894389e-01   7.2786695021e-01   1.5826309298e-01
   1.3173888446e-01   1.3094232785e-01  -3.3505094259e-01   5.2275651214e-01   2.7655744430e-01
   1.3337243607e-01   1.3253544107e-01  -3.6036293578e-01   3.1742701779e-01   3.6044672991e-01
   1.3523564708e-01   1.3420943108e-01  -3.5979466025e-01   1.1056498833e-01   4.1163526383e-01
   1.3829365695e-01   1.3626186309e-01  -3.2111747596e-01  -8.8486875528e-02   3.9765886689e-01
   1.4200046158e-01   1.4032545080e-01  -2.8364770524e-01  -5.7888842940e-02   2.8363025838e-01
   1.4471953783e-01   1.4367547236e-01  -3.0381422382e-01   1.4687574392e-01   1.8297420886e-01
   1.4670227793e-01   1.4576360329e-01  -3.5572613081e-01   3.5347808592e-01   1.3450493926e-01
   1.4862447847e-01   1.4764095256e-01  -4.3169951998e-01   5.5603142433e-01   1.2709875635e-01
   1.5055461219e-01   1.4960800437e-01  -5.2291819371e-01   7.2599792377e-01   1.6943320799e-01
   1.5251467140e-01   1.5150122001e-01  -6.1590639547e-01   8.3379296580e-01   2.6890834484e-01
   1.5440637491e-01   1.5352812279e-01  -6.8981774391e-01   8.6068341159e-01   4.1420758624e-01
   1.5604076587e-01   1.5528462702e-01  -7.2876813434e-01   8.1831817553e-01   5.7140462022e-01
   1.5751044694e-01   1.5679690471e-01  -7.3613164005e-01   7.3213276263e-01   7.2802675837e-01
   1.5894600870e-01   1.5822398917e-01  -7.1352263950e-01   6.1192250716e-01   8.8472298758e-01
   1.6044883160e-01   1.5966802823e-01  -6.5588206667e-01   4.5901512226e-01   1.0405920033e+00
   1.6188418109e-01   1.6122963496e-01  -5.6957570471e-01   2.9943548819e-01   1.1703157355e+00
   1.6307565960e-01   1.6253872722e-01  -4.7592516421e-01   1.6468719674e-01   1.2558173835e+00
   1.6408817216e-01   1.6361259197e-01  -3.8262584220e-01   5.3446863723e-02   1.3078738990e+00
   1.6500310000e-01   1.6456375236e-01  -2.8962029636e-01  -4.1539378911e-02   1.3359815597e+00
   1.6585975130e-01   1.6544244765e-01  -1.9629939326e-01  -1.2449760847e-01   1.3444272981e+00
   1.6668201864e-01   1.6627705494e-01  -1.0312521954e-01  -1.9721360382e-01   1.3350735629e+00
   1.6748714877e-01   1.6708698234e-01  -9.9584438569e-03  -2.6137814500e-01   1.3087061692e+00
   1.6828946469e-01   1.6788731520e-01   8.3042922928e-02  -3.1808299248e-01   1.2652748911e+00
   1.6910279491e-01   1.6869161419e-01   1.7611793443e-01  -3.6845927643e-01   1.2036887364e+00
   1.6994265674e-01   1.6951397564e-01   2.6920963770e-01  -4.1337246042e-01   1.1219048559e+00
   1.7082928858e-01   1.7037133783e-01   3.6243342587e-01  -4.5386181988e-01   1.0161750899e+00
   1.7178175220e-01   1.7128723934e-01   4.5452739674e-01  -4.9076934279e-01   8.8227677524e-01
   1.7273554742e-01   1.7227626507e-01   5.3708628580e-01  -5.2298824741e-01   7.2878418731e-01
   1.7361749984e-01   1.7319482976e-01   6.0293567819e-01  -5.5018723667e-01   5.7243256168e-01
   1.7443880602e-01   1.7404016993e-01   6.5466081036e-01  -5.7504924936e-01   4.1571752872e-01
   1.7522040692e-01   1.7483744211e-01   6.9448088144e-01  -5.9946565827e-01   2.5983702815e-01
   1.7597662392e-01   1.7560337172e-01   7.2453245520e-01  -6.2528324672e-01   1.0254154900e-01
   1.7671840305e-01   1.7634987612e-01   7.4537995907e-01  -6.5325182028e-01  -5.3512015936e-02
   1.7745510456e-01   1.7708692998e-01   7.5806387348e-01  -6.8462615219e-01  -2.0970384937e-01
   1.7819546985e-01   1.7782327914e-01   7.6302031176e-01  -7.2047028368e-01  -3.6619331875e-01
   1.7894871534e-01   1.7856766056e-01   7.6044235191e-01  -7.6191667062e-01  -5.2301433340e-01
   1.7972551282e-01   1.7932977012e-01   7.5041391012e-01  -8.0991866404e-01  -6.7910159394e-01
   1.8053968777e-01   1.8012125551e-01   7.3265029591e-01  -8.6644747693e-01  -8.3573253522e-01
   1.8141118847e-01   1.8095812003e-01   7.0665048288e-01  -9.3339568505e-01  -9.9198008648e-01
   1.8237324535e-01   1.8186425691e-01   6.7087396834e-01  -1.0149134399e+00  -1.1492041385e+00
   1.8349211007e-01   1.8288223378e-01   6.2283995709e-01  -1.1168037434e+00  -1.3060509199e+00
   1.8494285213e-01   1.8410198635e-01   5.5436116401e-01  -1.2563065547e+00  -1.4636052550e+00
   1.8677727337e-01   1.8578371791e-01   4.6687662840e-01  -1.4299898763e+00  -1.5815164275e+00
   1.8894115310e-01   1.8777082884e-01   3.7352056057e-01  -1.6040672324e+00  -1.5986002487e+00
   1.9112557071e-01   1.9011147736e-01   2.9742162734e-01  -1.7132145681e+00  -1.4918065782e+00
   1.9284019906e-01   1.9213966406e-01   2.5100364062e-01  -1.7311854405e+00  -1.3316127135e+00
   1.9413591478e-01   1.9354073405e-01   2.2198904300e-01  -1.6956206581e+00  -1.1744395827e+00
   1.9527581956e-01   1.9473109551e-01   1.9852805406e-01  -1.6271052895e+00  -1.0175320511e+00
   1.9634109899e-01   1.9582054360e-01   1.7658354492e-01  -1.5316038355e+00  -8.6126886970e-01
   1.9737510327e-01   1.9686165438e-01   1.5339624096e-01  -1.4098825077e+00  -7.0446256352e-01
   1.9840956915e-01   1.9788855216e-01   1.2683949578e-01  -1.2618646149e+00  -5.4812999098e-01
   1.9947318454e-01   1.9893058614e-01   9.4339301249e-02  -1.0845262779e+00  -3.9203649366e-01
   2.0053489354e-01   2.0001578294e-01   5.5206626541e-02  -8.8541535158e-01  -2.4507784742e-01
   2.0153869070e-01   2.0105400413e-01   1.1070325184e-02  -6.8093492666e-01  -1.1828616759e-01
   2.0248720612e-01   2.0202337726e-01  -3.7812392851e-02  -4.7622038395e-01  -1.1802238729e-02
   2.0340356441e-01   2.0295103498e-01  -9.1816999905e-02  -2.7187557783e-01   7.6426415241e-02
   2.0430493976e-01   2.0385609384e-01  -1.5156468266e-01  -6.7404325141e-02   1.4790693352e-01
   2.0520592642e-01   2.0475378569e-01  -2.1770651407e-01   1.3741935478e-01   2.0312422601e-01
   2.0612070538e-01   2.0565806716e-01  -2.9058184899e-01   3.4165322624e-01   2.4172010246e-01
   2.0706497063e-01   2.0658334361e-01  -3.7134167812e-01   5.4623641754e-01   2.6311077436e-01
   2.0804753025e-01   2.0754659765e-01  -4.5977306539e-01   7.4828017395e-01   2.6574480422e-01
   2.0904102457e-01   2.0854846285e-01  -5.5279076548e-01   9.3971697569e-01   2.4896462578e-01
   2.1002513161e-01   2.0953358629e-01  -6.4573678191e-01   1.1120674261e+00   2.1457853987e-01
   2.1101917064e-01   2.1051667693e-01  -7.3878386537e-01   1.2676900074e+00   1.6387286463e-01
   2.1205099714e-01   2.1152166435e-01  -8.3198604420e-01   1.4080051011e+00   9.6916695545e-02
   2.1316294101e-01   2.1258032993e-01  -9.2523589878e-01   1.5336791005e+00   1.2359157497e-02
   2.1444202003e-01   2.1374555208e-01  -1.0190436275e+00   1.6455523087e+00  -9.5105725931e-02
   2.1604133759e-01   2.1513848798e-01  -1.1080831855e+00   1.7377785800e+00  -2.3286443406e-01
   2.1805761733e-01   2.1694418720e-01  -1.1638939825e+00   1.7881334532e+00  -3.9022982105e-01
   2.2036426354e-01   2.1917104746e-01  -1.1361725594e+00   1.7744690297e+00  -5.1507991198e-01
   2.2219919254e-01   2.2155747962e-01  -1.0414244207e+00   1.7256684744e+00  -5.5463767254e-01
   2.2333105970e-01   2.2284090545e-01  -9.4717260397e-01   1.6825725831e+00  -5.4406026025e-01
   2.2423719121e-01   2.2382121395e-01  -8.5386190860e-01   1.6431778715e+00  -5.1569667375e-01
   2.2502368986e-01   2.2465316847e-01  -7.6062844649e-01   1.6060156231e+00  -4.7667320503e-01
   2.2573385710e-01   2.2539421126e-01  -6.6744578393e-01   1.5704034843e+00  -4.3013446287e-01
   2.2639092023e-01   2.2607350293e-01  -5.7442003386e-01   1.5358859330e+00  -3.7792438637e-01
   2.2700913802e-01   2.2670833753e-01  -4.8131949050e-01   1.5019854048e+00  -3.2103293278e-01
   2.2759805778e-01   2.2730993851e-01  -3.8797388019e-01   1.4683091622e+00  -2.6009965951e-01
   2.2816460757e-01   2.2788617704e-01  -2.9490807393e-01   1.4347480685e+00  -1.9602897771e-01
   2.2871411643e-01   2.2844303810e-01  -2.0239004866e-01   1.4011267582e+00  -1.2948292972e-01
   2.2925071412e-01   2.2898519476e-01  -1.0839016423e-01   1.3664320936e+00  -5.9279605583e-02
   2.2977789826e-01   2.2951623348e-01  -1.6309982220e-02   1.3316629063e+00   1.1754388131e-02
   2.3029873492e-01   2.3003956304e-01   7.7799654331e-02   1.2950493600e+00   8.6446339376e-02
   2.3081595320e-01   2.3055790679e-01   1.7028683018e-01   1.2577186742e+00   1.6173146089e-01
   2.3133219011e-01   2.3107399961e-01   2.6321244239e-01   1.2185637650e+00   2.3908618088e-01
   2.3185003123e-01   2.3159038062e-01   3.5690340511e-01   1.1770618916e+00   3.1868600395e-01
   2.3237213005e-01   2.3210968184e-01   4.4913548106e-01   1.1338419485e+00   3.9850172943e-01
   2.3290141479e-01   2.3263457826e-01   5.4315211425e-01   1.0869090709e+00   4.8124073858e-01
   2.3344113268e-01   2.3316825132e-01   6.3541472854e-01   1.0374980362e+00   5.6369243449e-01
   2.3399513989e-01   2.3371401404e-01   7.2896098380e-01   9.8335481017e-01   6.4846721161e-01
   2.3456827191e-01   2.3427626575e-01   8.2203470342e-01   9.2458692757e-01   7.3390713100e-01
   2.3516664433e-01   2.3486027806e-01   9.1482200359e-01   8.6007427147e-01   8.2007802921e-01
   2.3582814349e-01   2.3547301061e-01   1.0123194100e+00   7.8419857308e-01   9.1160138603e-01