# time = 3.7
# Grid points = 474
# Pressure (Pa) = 101325
#             1_pos             2_posf             3_uvel             4_vvel             5_wvel
  -7.8489398374e-02  -7.8618583157e-02   1.3814482608e+00   1.2215235879e+00   1.5842751630e+00
  -7.8226770955e-02  -7.8360213591e-02   1.5015673725e+00   1.0431517293e+00   1.7297255421e+00
  -7.7936545988e-02  -7.8093328319e-02   1.6174780205e+00   8.3358548657e-01   1.8707889743e+00
  -7.7577537609e-02  -7.7779763656e-02   1.7334257462e+00   5.5884071755e-01   2.0118697022e+00
  -7.7157353323e-02  -7.7375311561e-02   1.8287076003e+00   2.2020224221e-01   2.1262059219e+00
  -7.6726441709e-02  -7.6939395085e-02   1.8788076384e+00  -1.3971819078e-01   2.1823675356e+00
  -7.6299400619e-02  -7.6513488334e-02   1.8795825247e+00  -4.9955947373e-01   2.1746751998e+00
  -7.5862726828e-02  -7.6085312904e-02   1.8311097364e+00  -8.5956121225e-01   2.1030436136e+00
  -7.5428619619e-02  -7.5640140752e-02   1.7366592845e+00  -1.1976532526e+00   1.9727890809e+00
  -7.5051511382e-02  -7.5217098485e-02   1.6209753336e+00  -1.4651117498e+00   1.8179239647e+00
  -7.4743677431e-02  -7.4885924279e-02   1.5047892195e+00  -1.6601480620e+00   1.6656069575e+00
  -7.4472967228e-02  -7.4601430583e-02   1.3892199905e+00  -1.8096318310e+00   1.5167576209e+00
  -7.4225094152e-02  -7.4344503874e-02   1.2737971622e+00  -1.9266543580e+00   1.3705974778e+00
  -7.3992543589e-02  -7.4105684431e-02   1.1580870247e+00  -2.0178993972e+00   1.2265876328e+00
  -7.3770648810e-02  -7.3879402747e-02   1.0430819430e+00  -2.0864678815e+00   1.0860252300e+00
  -7.3556226644e-02  -7.3661894874e-02   9.2700563743e-01  -2.1356484171e+00   9.4688802093e-01
  -7.3346921156e-02  -7.3450558414e-02   8.1201764556e-01  -2.1660215821e+00   8.1193946950e-01
  -7.3140843967e-02  -7.3243283899e-02   6.9678159943e-01  -2.1791456793e+00   6.7978364310e-01
  -7.2936428701e-02  -7.3038404036e-02   5.8086810701e-01  -2.1753389648e+00   5.5023780954e-01
  -7.2732260183e-02  -7.2834453367e-02   4.6540244562e-01  -2.1547985206e+00   4.2488362180e-01
  -7.2526997827e-02  -7.2630067000e-02   3.5016629434e-01  -2.1176293262e+00   3.0380838442e-01
  -7.2319310824e-02  -7.2423928654e-02   2.3511162564e-01  -2.0636393667e+00   1.8736480404e-01
  -7.2107772790e-02  -7.2214692994e-02   1.1908260698e-01  -1.9915028369e+00   7.4971863192e-02
  -7.1890824168e-02  -7.2000852586e-02   4.2779436471e-03  -1.9018624330e+00  -3.0636000194e-02
  -7.1666628798e-02  -7.1780795750e-02  -1.1170158290e-01  -1.7917014799e+00  -1.3087979909e-01
  -7.1432950309e-02  -7.1552461845e-02  -2.2681916527e-01  -1.6613347071e+00  -2.2299405501e-01
  -7.1186941802e-02  -7.1313438772e-02  -3.4241156517e-01  -1.5073321026e+00  -3.0684572857e-01
  -7.0924755350e-02  -7.1060444832e-02  -4.5770519810e-01  -1.3278896469e+00  -3.8021422973e-01
  -7.0640886765e-02  -7.0789065868e-02  -5.7329776733e-01  -1.1181680256e+00  -4.4122774630e-01
  -7.0326853974e-02  -7.0492707661e-02  -6.8869903980e-01  -8.7327001193e-01  -4.8636806900e-01
  -6.9968089535e-02  -7.0161000287e-02  -8.0433259567e-01  -5.8309280206e-01  -5.1073182228e-01
  -6.9554265421e-02  -6.9775178783e-02  -9.1588872794e-01  -2.4520909339e-01  -5.0622020465e-01
  -6.9100332847e-02  -6.9333352059e-02  -1.0113817717e+00   1.1418107333e-01  -4.6794400908e-01
  -6.8608375302e-02  -6.8867313636e-02  -1.0841896679e+00   4.7502420518e-01  -3.9725596245e-01
  -6.8034188668e-02  -6.8349436967e-02  -1.1306322322e+00   8.3669496315e-01  -2.9451560762e-01
  -6.7228211803e-02  -6.7718940369e-02  -1.1307204335e+00   1.2045599689e+00  -1.5543849179e-01
  -6.6302191558e-02  -6.6737483238e-02  -1.0519131484e+00   1.4245399211e+00  -5.8363321156e-02
  -6.5575182789e-02  -6.5866899877e-02  -9.3426414298e-01   1.4523231450e+00  -5.8479295313e-02
  -6.5045806459e-02  -6.5283465701e-02  -8.1846010191e-01   1.4041143250e+00  -1.0694008388e-01
  -6.4600836768e-02  -6.4808147216e-02  -7.0305343049e-01   1.3297100082e+00  -1.7535676315e-01
  -6.4205871075e-02  -6.4393526319e-02  -5.8751158487e-01   1.2436135558e+00  -2.5299469098e-01
  -6.3844085228e-02  -6.4018215831e-02  -4.7225658258e-01   1.1523642439e+00  -3.3355838953e-01
  -6.3505402395e-02  -6.3669954625e-02  -3.5684471532e-01   1.0584145522e+00  -4.1361535424e-01
  -6.3183007042e-02  -6.3340850165e-02  -2.4151183253e-01   9.6307053401e-01  -4.9048063069e-01
  -6.2871771401e-02  -6.3025163920e-02  -1.2610583652e-01   8.6637939901e-01  -5.6243372794e-01
  -6.2567480134e-02  -6.2718378882e-02  -1.0877570735e-02   7.6810677883e-01  -6.2792094932e-01
  -6.2266325569e-02  -6.2416581385e-02   1.0462068153e-01   6.6692847856e-01  -6.8599580165e-01
  -6.1964501495e-02  -6.2116069753e-02   2.2008927061e-01   5.6166282690e-01  -7.3535304376e-01
  -6.1657772806e-02  -6.1812933237e-02   3.3539490862e-01   4.5041646706e-01  -7.7478456301e-01
  -6.1340858052e-02  -6.1502612375e-02   4.5082368858e-01   3.2999998768e-01  -8.0296921274e-01
  -6.1006272854e-02  -6.1179103730e-02   5.6634398997e-01   1.9596172746e-01  -8.1788997702e-01
  -6.0641734853e-02  -6.0833441977e-02   6.8190118744e-01   4.0846094715e-02  -8.1638893303e-01
  -6.0222128788e-02  -6.0450027729e-02   7.9796967567e-01  -1.5131480034e-01  -7.9223937099e-01
  -5.9687488436e-02  -5.9994229846e-02   9.1246696601e-01  -4.1881331636e-01  -7.2988158718e-01
  -5.9069807488e-02  -5.9380747026e-02   9.9128868037e-01  -7.5827678705e-01  -6.2407662592e-01
  -5.8467361471e-02  -5.8758867951e-02   1.0053117942e+00  -1.1171201108e+00  -4.9820593540e-01
  -5.7892171370e-02  -5.8175854992e-02   9.5737844911e-01  -1.4765958475e+00  -3.7057026291e-01
  -5.7355276192e-02  -5.7608487749e-02   8.6085289697e-01  -1.8143012560e+00  -2.5622866394e-01
  -5.6904480366e-02  -5.7102064635e-02   7.4469251472e-01  -2.0899325936e+00  -1.6993768704e-01
  -5.6535792251e-02  -5.6706896096e-02   6.2896019190e-01  -2.3025663732e+00  -1.0914635194e-01
  -5.6208483916e-02  -5.6364688406e-02   5.1328741828e-01  -2.4774396301e+00  -6.3648108177e-02
  -5.5904975703e-02  -5.6052279426e-02   3.9754626969e-01  -2.6243864024e+00  -2.9075556133e-02
  -5.5615459087e-02  -5.5757671980e-02   2.8235195339e-01  -2.7474701387e+00  -3.1181085731e-03
  -5.5333345570e-02  -5.5473246193e-02   1.6689809686e-01  -2.8498872929e+00   1.5998493749e-02
  -5.5053453339e-02  -5.5193444947e-02   5.1392957090e-02  -2.9320668161e+00   2.9312313781e-02
  -5.4770975865e-02  -5.4913461730e-02  -6.4282558632e-02  -2.9935336297e+00   3.7693574450e-02
  -5.4480763599e-02  -5.4628490001e-02  -1.7951529454e-01  -3.0323160578e+00   4.1887535011e-02
  -5.4176373044e-02  -5.4333037197e-02  -2.9508363884e-01  -3.0452578309e+00   4.2710573925e-02
  -5.3848384848e-02  -5.4019708892e-02  -4.1070434931e-01  -3.0258558762e+00   4.1108673370e-02
  -5.3480432284e-02  -5.3677060804e-02  -5.2641248173e-01  -2.9618944087e+00   3.8610555799e-02
  -5.3035131596e-02  -5.3283803764e-02  -6.4277080304e-01  -2.8242595407e+00   3.8561344064e-02
  -5.2474947438e-02  -5.2786459429e-02  -7.4738227852e-01  -2.5608808355e+00   5.0095878109e-02
  -5.1910270902e-02  -5.2163435446e-02  -8.0416006135e-01  -2.2051428957e+00   8.1264110476e-02
  -5.1437141860e-02  -5.1657106358e-02  -8.1205166198e-01  -1.8444793529e+00   1.2701055089e-01
  -5.1015515939e-02  -5.1217177362e-02  -7.9013588565e-01  -1.4838997031e+00   1.8393902151e-01
  -5.0622500133e-02  -5.0813854517e-02  -7.4741025688e-01  -1.1244103022e+00   2.4969142206e-01
  -5.0244796962e-02  -5.0431145749e-02  -6.8819300739e-01  -7.6375594121e-01   3.2288535548e-01
  -4.9872739548e-02  -5.0058448175e-02  -6.1546130245e-01  -4.0464594881e-01   4.0121701089e-01
  -4.9497574471e-02  -4.9687030921e-02  -5.2968873280e-01  -4.3685531358e-02   4.8347607714e-01
  -4.9109491930e-02  -4.9308118020e-02  -4.3160578877e-01   3.1594314308e-01   5.6644480973e-01
  -4.8703991140e-02  -4.8910865841e-02  -3.2174844979e-01   6.6884826444e-01   6.4527667296e-01
  -4.8294027401e-02  -4.8497116439e-02  -2.0655867388e-01   9.9084568076e-01   7.0985509749e-01
  -4.7887030809e-02  -4.8090938364e-02  -9.1361522852e-02   1.2653759725e+00   7.5183344439e-01
  -4.7473498630e-02  -4.7683123255e-02   2.4177363095e-02   1.4901397154e+00   7.6529915662e-01
  -4.7043008258e-02  -4.7263874005e-02   1.3933247958e-01   1.6563879713e+00   7.4186335542e-01
  -4.6582226792e-02  -4.6822142511e-02   2.5472129400e-01   1.7519350977e+00   6.6930904450e-01
  -4.6069612871e-02  -4.6342311073e-02   3.7017597062e-01   1.7529955117e+00   5.2803935420e-01
  -4.5528675884e-02  -4.5796914669e-02   4.7454800496e-01   1.6372019133e+00   3.1311939417e-01
  -4.5035066778e-02  -4.5260437100e-02   5.5148818723e-01   1.4350349199e+00   6.6380512361e-02
  -4.4603824726e-02  -4.4809696455e-02   6.0256564976e-01   1.1914422629e+00  -1.8035104690e-01
  -4.4199325930e-02  -4.4397952997e-02   6.3518897457e-01   9.1922822572e-01  -4.2628961636e-01
  -4.3799756246e-02  -4.4000698862e-02   6.5179419119e-01   6.2086835829e-01  -6.7236678198e-01
  -4.3383902107e-02  -4.3598813630e-02   6.5123852164e-01   2.9371248246e-01  -9.1903198909e-01
  -4.2936679678e-02  -4.3168990584e-02   6.2896485650e-01  -5.8001245695e-02  -1.1573755392e+00
  -4.2448120171e-02  -4.2704368772e-02   5.7747911031e-01  -4.1912858020e-01  -1.3667452571e+00
  -4.1915726732e-02  -4.2191871570e-02   4.8795278151e-01  -7.5831833363e-01  -1.5128404237e+00
  -4.1419608974e-02  -4.1639581894e-02   3.7379030395e-01  -1.0032536699e+00  -1.5579223553e+00
  -4.1012979024e-02  -4.1199636053e-02   2.5789108929e-01  -1.1401677229e+00  -1.5198669915e+00
  -4.0659596176e-02  -4.0826321996e-02   1.4255567824e-01  -1.2076114462e+00  -1.4305785579e+00
  -4.0339253908e-02  -4.0492870356e-02   2.6853417755e-02  -1.2266116335e+00  -1.3047763161e+00
  -4.0040882101e-02  -4.0185637460e-02  -8.8341614810e-02  -1.2085385093e+00  -1.1520919262e+00
  -3.9757373667e-02  -3.9896126742e-02  -2.0398013617e-01  -1.1605203213e+00  -9.7676654804e-01
  -3.9483650109e-02  -3.9618620591e-02  -3.1921477882e-01  -1.0876804418e+00  -7.8371732688e-01
  -3.9215646654e-02  -3.9348679627e-02  -4.3500099982e-01  -9.9265349783e-01  -5.7384757740e-01
  -3.8949772348e-02  -3.9082613681e-02  -5.5029722434e-01  -8.7845724103e-01  -3.5077214873e-01
  -3.8682655228e-02  -3.8816931014e-02  -6.6554473378e-01  -7.4612549807e-01  -1.1488389261e-01
  -3.8414980515e-02  -3.8548379442e-02  -7.7882716327e-01  -5.9879684938e-01   1.2900218591e-01
  -3.8148597643e-02  -3.8281581587e-02  -8.8788704120e-01  -4.4028825978e-01   3.7514570078e-01
  -3.7880550667e-02  -3.8015613698e-02  -9.9209319685e-01  -2.7202520793e-01   6.2147008318e-01
  -3.7605513522e-02  -3.7745487636e-02  -1.0910823685e+00  -9.4163519734e-02   8.6705831499e-01
  -3.7316794453e-02  -3.7465539409e-02  -1.1851334005e+00   9.6155981631e-02   1.1137292216e+00
  -3.7004477955e-02  -3.7168049497e-02  -1.2723835907e+00   3.0061189860e-01   1.3595643892e+00
  -3.6650413346e-02  -3.6840906414e-02  -1.3509925723e+00   5.2777398280e-01   1.6067278209e+00
  -3.6208105654e-02  -3.6459920278e-02  -1.4137375835e+00   7.9645295983e-01   1.8556670980e+00
  -3.5607218910e-02  -3.5956291030e-02  -1.4292701791e+00   1.1254364169e+00   2.0723609355e+00
  -3.4962445264e-02  -3.5258146791e-02  -1.3558653955e+00   1.4276290068e+00   2.1472411311e+00
  -3.4476414080e-02  -3.4666743737e-02  -1.2373442032e+00   1.6190270185e+00   2.0955967251e+00
  -3.4132396823e-02  -3.4286084424e-02  -1.1210654697e+00   1.7360377761e+00   2.0061025545e+00
  -3.3844721737e-02  -3.3978709222e-02  -1.0053561401e+00   1.8233299146e+00   1.9026797780e+00
  -3.3589224048e-02  -3.3710734252e-02  -8.8976801645e-01   1.8935732724e+00   1.7922223993e+00
  -3.3354775594e-02  -3.3467713843e-02  -7.7424792485e-01   1.9524343331e+00   1.6780889192e+00
  -3.3135056206e-02  -3.3241837344e-02  -6.5885481767e-01   2.0030280722e+00   1.5623039820e+00
  -3.2926016944e-02  -3.3028275067e-02  -5.4360295561e-01   2.0472748597e+00   1.4461559300e+00
  -3.2724855292e-02  -3.2823758821e-02  -4.2779927892e-01   2.0866482316e+00   1.3298553073e+00
  -3.2529479049e-02  -3.2625951763e-02  -3.1225236112e-01   2.1216843579e+00   1.2149164295e+00
  -3.2338223566e-02  -3.2433006335e-02  -1.9662766452e-01   2.1530645265e+00   1.1015758590e+00
  -3.2149713612e-02  -3.2243440797e-02  -8.1331460101e-02   2.1810655735e+00   9.9071448714e-01
  -3.1962753650e-02  -3.2055986426e-02   3.3800814381e-02   2.2059797483e+00   8.8259633498e-01
  -3.1776258584e-02  -3.1869520874e-02   1.4890006846e-01   2.2279511785e+00   7.7750769504e-01
  -3.1589178111e-02  -3.1682996294e-02   2.6522444913e-01   2.2471576328e+00   6.7479514543e-01
  -3.1400454517e-02  -3.1495359928e-02   3.8040643306e-01   2.2631016233e+00   5.7699895880e-01
  -3.1208981506e-02  -3.1305549105e-02   4.9570063371e-01   2.2758039228e+00   4.8345716687e-01
  -3.1013534373e-02  -3.1112413906e-02   6.1110213955e-01   2.2849207700e+00   3.9471822035e-01
  -3.0812703143e-02  -3.0914654841e-02   7.2642672958e-01   2.2899563558e+00   3.1153404327e-01
  -3.0604789564e-02  -3.0710751445e-02   8.4183160156e-01   2.2902414740e+00   2.3451646746e-01
  -3.0387638136e-02  -3.0498827683e-02   9.5753218573e-01   2.2847999857e+00   1.6445082542e-01
  -3.0158422392e-02  -3.0276448589e-02   1.0728969743e+00   2.2723125028e+00   1.0286144633e-01
  -2.9913201724e-02  -3.0040396194e-02   1.1884323482e+00   2.2507741522e+00   5.0971827763e-02
  -2.9646071558e-02  -2.9786007255e-02   1.3039712201e+00   2.2171544599e+00   1.1034974983e-02
  -2.9347369076e-02  -2.9506135862e-02   1.4195600578e+00   2.1663658405e+00  -1.3648885718e-02
  -2.8998826962e-02  -2.9188602291e-02   1.5353167240e+00   2.0887347532e+00  -1.7313488921e-02
  -2.8554762997e-02  -2.8809051633e-02   1.6520815730e+00   1.9598270602e+00   1.3196436938e-02
  -2.7919438679e-02  -2.8300474360e-02   1.7585384760e+00   1.7168285684e+00   1.1064640549e-01
  -2.7207038795e-02  -2.7538402998e-02   1.8018665574e+00   1.3714778542e+00   2.6306290640e-01
  -2.6586771052e-02  -2.6875674591e-02   1.7770284720e+00   1.0120777930e+00   4.0695340374e-01
  -2.6033560543e-02  -2.6297867513e-02   1.7110135119e+00   6.5238351565e-01   5.2383375842e-01
  -2.5520110616e-02  -2.5769253572e-02   1.6172769311e+00   2.9360364078e-01   6.0956635021e-01
  -2.5048720218e-02  -2.5270967659e-02   1.5064201536e+00  -5.2620505623e-02   6.6221914302e-01
  -2.4632676948e-02  -2.4826472777e-02   1.3909410077e+00  -3.6632781078e-01   6.8419712616e-01
  -2.4263447653e-02  -2.4438881118e-02   1.2755119063e+00  -6.4852383475e-01   6.8304217433e-01
  -2.3925562374e-02  -2.4088014188e-02   1.1600323846e+00  -9.0726798509e-01   6.6455716025e-01
  -2.3610282057e-02  -2.3763110561e-02   1.0447840986e+00  -1.1461810123e+00   6.3248418786e-01
  -2.3311970381e-02  -2.3457453554e-02   9.2933140176e-01  -1.3686261340e+00   5.8921372622e-01
  -2.3026630021e-02  -2.3166487207e-02   8.1405797753e-01  -1.5753009225e+00   5.3665846192e-01
  -2.2751188508e-02  -2.2886772835e-02   6.9857740242e-01  -1.7677006509e+00   4.7592047253e-01
  -2.2483133864e-02  -2.2615604181e-02   5.8323273876e-01  -1.9455597056e+00   4.0806822794e-01
  -2.2220270102e-02  -2.2350663548e-02   4.6814513459e-01  -2.1087149432e+00   3.3380884096e-01
  -2.1960582364e-02  -2.2089876657e-02   3.5226034364e-01  -2.2580611596e+00   2.5272128765e-01
  -2.1702089466e-02  -2.1831288070e-02   2.3722239834e-01  -2.3906203967e+00   1.6602290648e-01
  -2.1442718253e-02  -2.1572890862e-02   1.2175491881e-01  -2.5066366289e+00   7.2597324219e-02
  -2.1180164674e-02  -2.1312545645e-02   6.2059415971e-03  -2.6036195100e+00  -2.7846456144e-02
  -2.0911694577e-02  -2.1047783703e-02  -1.0907953400e-01  -2.6785197672e+00  -1.3588164039e-01
  -2.0633828236e-02  -2.0775605451e-02  -2.2446214486e-01  -2.7275373942e+00  -2.5326541349e-01
  -2.0341759949e-02  -2.0492051021e-02  -3.3997854768e-01  -2.7444253576e+00  -3.8236553090e-01
  -2.0028253209e-02  -2.0191468878e-02  -4.5548628236e-01  -2.7193443913e+00  -5.2680036583e-01
  -1.9681054136e-02  -1.9865037540e-02  -5.7098562036e-01  -2.6353733994e+00  -6.9321398040e-01
  -1.9276725176e-02  -1.9497070732e-02  -6.8675045395e-01  -2.4574966486e+00  -8.9583597393e-01
  -1.8834053907e-02  -1.9056379621e-02  -7.8715671618e-01  -2.1634829469e+00  -1.1261925225e+00
  -1.8431541762e-02  -1.8611728192e-02  -8.5320147799e-01  -1.8063878969e+00  -1.3427680481e+00
  -1.8096877105e-02  -1.8251355331e-02  -8.8893061117e-01  -1.4449501189e+00  -1.5274688641e+00
  -1.7803701606e-02  -1.7942398879e-02  -9.0614626200e-01  -1.0844076423e+00  -1.6916311506e+00
  -1.7536830299e-02  -1.7665004334e-02  -9.1098807382e-01  -7.2442937352e-01  -1.8422389071e+00
  -1.7287794261e-02  -1.7408656263e-02  -9.0684742915e-01  -3.6318862953e-01  -1.9837295428e+00
  -1.7051126949e-02  -1.7166932259e-02  -8.9593683127e-01  -3.6367972583e-03  -2.1172485628e+00
  -1.6822913123e-02  -1.6935321639e-02  -8.7971706094e-01   3.5659929786e-01  -2.2452248677e+00
  -1.6600124114e-02  -1.6710504606e-02  -8.5921741166e-01   7.1801270317e-01  -2.3688109927e+00
  -1.6380157054e-02  -1.6489743621e-02  -8.3557379398e-01   1.0763493695e+00  -2.4873154531e+00
  -1.6160578857e-02  -1.6270570488e-02  -8.0903549110e-01   1.4383403135e+00  -2.6034381657e+00
  -1.5938893760e-02  -1.6050587227e-02  -7.8063653333e-01   1.7979114622e+00  -2.7154980095e+00
  -1.5712263494e-02  -1.5827200292e-02  -7.5075009351e-01   2.1577967164e+00  -2.8245000034e+00
  -1.5477088946e-02  -1.5597326696e-02  -7.1987185361e-01   2.5187944664e+00  -2.9305605879e+00
  -1.5228317978e-02  -1.5356851196e-02  -6.8884632511e-01   2.8786563009e+00  -3.0326229567e+00
  -1.4957804242e-02  -1.5099784761e-02  -6.5831759022e-01   3.2399909423e+00  -3.1304856434e+00
  -1.4649716786e-02  -1.4815823723e-02  -6.2976324141e-01   3.6024266324e+00  -3.2218253936e+00
  -1.4260328694e-02  -1.4483609848e-02  -6.0649295961e-01   3.9678346810e+00  -3.3006435589e+00
  -1.3532508509e-02  -1.4037047540e-02  -6.1421993439e-01   4.3003035403e+00  -3.3087294567e+00
  -1.2742327991e-02  -1.3027969478e-02  -6.9292767640e-01   4.1679929213e+00  -3.1166625722e+00
  -1.2281520215e-02  -1.2456686504e-02  -7.7662651780e-01   3.8043189551e+00  -2.8823541163e+00
  -1.1968856939e-02  -1.2106353926e-02  -8.4685008194e-01   3.4405794647e+00  -2.6704958359e+00
  -1.1713171515e-02  -1.1831359953e-02  -9.1056195920e-01   3.0789849297e+00  -2.4668846762e+00
  -1.1488836482e-02  -1.1594983077e-02  -9.7021942049e-01   2.7168585737e+00  -2.2660228828e+00
  -1.1284720640e-02  -1.1382689887e-02  -1.0261595412e+00   2.3576236368e+00  -2.0680498857e+00
  -1.1094694022e-02  -1.1186751392e-02  -1.0793313784e+00   1.9984270403e+00  -1.8704218090e+00
  -1.0915018909e-02  -1.1002636651e-02  -1.1305165985e+00   1.6354159414e+00  -1.6703994730e+00
  -1.0743080864e-02  -1.0827401166e-02  -1.1786063778e+00   1.2776885671e+00  -1.4725564422e+00
  -1.0576945106e-02  -1.0658760561e-02  -1.2247687965e+00   9.1747857583e-01  -1.2722628467e+00
  -1.0415172459e-02  -1.0495129651e-02  -1.2689152416e+00   5.5534536385e-01  -1.0695049621e+00
  -1.0256556735e-02  -1.0335215266e-02  -1.3105029080e+00   1.9577086374e-01  -8.6652349875e-01
  -1.0100063736e-02  -1.0177898205e-02  -1.3498451266e+00  -1.6402978578e-01  -6.6150426817e-01
  -9.9447826839e-03  -1.0022229268e-02  -1.3868974175e+00  -5.2438948082e-01  -4.5397870460e-01
  -9.7898553918e-03  -9.8673361001e-03  -1.4215529664e+00  -8.8547496871e-01  -2.4354075294e-01
  -9.6344356241e-03  -9.7123746835e-03  -1.4534918278e+00  -1.2454087183e+00  -3.0962806987e-02
  -9.4776523320e-03  -9.5564965648e-03  -1.4826321038e+00  -1.6052105604e+00   1.8471406324e-01
  -9.3185645367e-03  -9.3988080993e-03  -1.5087220881e+00  -1.9647575493e+00   4.0385615796e-01
  -9.1560835105e-03  -9.2383209742e-03  -1.5316093754e+00  -2.3270757742e+00   6.2891816699e-01
  -8.9889184169e-03  -9.0738460469e-03  -1.5505365563e+00  -2.6871511992e+00   8.5750044736e-01
  -8.8155052996e-03  -8.9039907869e-03  -1.5650057116e+00  -3.0442656988e+00   1.0899070812e+00
  -8.6340181799e-03  -8.7270198124e-03  -1.5745011515e+00  -3.4076629860e+00   1.3335176086e+00
  -8.4448991458e-03  -8.5410165475e-03  -1.5775540279e+00  -3.7595021155e+00   1.5779279002e+00
  -8.2491551969e-03  -8.3487817441e-03  -1.5732733488e+00  -4.0983421575e+00   1.8235560755e+00
  -8.0452827431e-03  -8.1495286497e-03  -1.5605246899e+00  -4.4192231409e+00   2.0687035735e+00
  -7.8305694408e-03  -7.9410368365e-03  -1.5374115322e+00  -4.7223341268e+00   2.3164468309e+00
  -7.6012419214e-03  -7.7201020451e-03  -1.5021560419e+00  -4.9963228659e+00   2.5615777930e+00
  -7.3515578621e-03  -7.4823817977e-03  -1.4509148501e+00  -5.2380503353e+00   2.8077606731e+00
  -7.0716432401e-03  -7.2207339264e-03  -1.3779237878e+00  -5.4336726017e+00   3.0540029554e+00
  -6.7608919868e-03  -6.9225525538e-03  -1.2780717068e+00  -5.5557012814e+00   3.2887058389e+00
  -6.4578334853e-03  -6.5992314199e-03  -1.1630444710e+00  -5.5781129541e+00   3.4760321728e+00
  -6.1892173750e-03  -6.3164355508e-03  -1.0476233613e+00  -5.5177553974e+00   3.6054523721e+00
  -5.9444586154e-03  -6.0619991993e-03  -9.3200666365e-01  -5.3988940568e+00   3.6933786502e+00
  -5.7162949615e-03  -5.8269180316e-03  -8.1642101664e-01  -5.2357318938e+00   3.7491096083e+00
  -5.5001070496e-03  -5.6056718915e-03  -7.0118384536e-01  -5.0379039068e+00   3.7786031169e+00
  -5.2927111817e-03  -5.3945422078e-03  -5.8588301369e-01  -4.8108753738e+00   3.7859358346e+00
  -5.0917673844e-03  -5.1908801556e-03  -4.7024575931e-01  -4.5582744050e+00   3.7736337939e+00
  -4.8954219855e-03  -4.9926546132e-03  -3.5459319391e-01  -4.2838892630e+00   3.7434306279e+00
  -4.7021142138e-03  -4.7981893578e-03  -2.3905906856e-01  -3.9905353151e+00   3.6966028375e+00
  -4.5104656452e-03  -4.6060390698e-03  -1.2364963095e-01  -3.6801977602e+00   3.6339542623e+00
  -4.3191902665e-03  -4.4148922205e-03  -8.2996976377e-03  -3.3542105922e+00   3.5558244488e+00
  -4.1270139972e-03  -4.2234883125e-03   1.0707343831e-01  -3.0134585730e+00   3.4621102039e+00
  -3.9332596747e-03  -4.0305396819e-03   2.2211399120e-01  -2.6598649542e+00   3.3527169367e+00
  -3.7396446414e-03  -3.8359796675e-03   3.3492232580e-01  -2.3002680536e+00   3.2291441346e+00
  -3.5472387893e-03  -3.6433096153e-03   4.4413917235e-01  -1.9402086872e+00   3.0928141922e+00
  -3.3544306925e-03  -3.4511679633e-03   5.5002383944e-01  -1.5799294534e+00   2.9431948827e+00
  -3.1593117238e-03  -3.2576934216e-03   6.5284228582e-01  -1.2192381360e+00   2.7790852536e+00
  -2.9597874444e-03  -3.0609300260e-03   7.5262613300e-01  -8.5838399292e-01   2.5988796958e+00
  -2.7533732391e-03  -2.8586448627e-03   8.4909686251e-01  -4.9842842557e-01   2.4007069596e+00
  -2.5369058020e-03  -2.6481016155e-03   9.4238901078e-01  -1.3843831022e-01   2.1804688446e+00
  -2.3139064911e-03  -2.4257099885e-03   1.0291847219e+00   2.0917264932e-01   1.9418666089e+00
  -2.0948880618e-03  -2.2021029938e-03   1.1052832154e+00   5.2714002600e-01   1.6943602575e+00
  -1.8840448767e-03  -1.9876731299e-03   1.1679413376e+00   8.0204634531e-01   1.4496243451e+00
  -1.6796458262e-03  -1.7804166235e-03   1.2193767761e+00   1.0412327138e+00   1.2039382755e+00
  -1.4803551312e-03  -1.5788750288e-03   1.2602064084e+00   1.2458664943e+00   9.5782718505e-01
  -1.2850454403e-03  -1.3818352335e-03   1.2910058905e+00   1.4171665526e+00   7.1172033501e-01
  -1.0927348903e-03  -1.1882556471e-03   1.3123190055e+00   1.5564309906e+00   4.6583547287e-01
  -9.0254005704e-04  -9.9721413358e-04   1.3246276077e+00   1.6648935993e+00   2.2022364840e-01
  -7.1363678788e-04  -8.0786598051e-04   1.3283307383e+00   1.7436148478e+00  -2.5188159490e-02
  -5.2522504015e-04  -6.1940759526e-04   1.3237316897e+00   1.7934035541e+00  -2.7055474733e-01
  -3.3648896041e-04  -4.3104248504e-04   1.3108915951e+00   1.8147126979e+00  -5.1771356563e-01
  -1.4656490573e-04  -2.4193543578e-04   1.2900967004e+00   1.8074576637e+00  -7.6345588381e-01
   4.5490952725e-05  -5.1194375677e-05   1.2614192415e+00   1.7720196449e+00  -1.0090141038e+00
   2.4075859439e-04   1.4217628113e-04   1.2248044597e+00   1.7081014070e+00  -1.2547238504e+00
   4.4052534946e-04   3.3934090766e-04   1.1801664361e+00   1.6151407091e+00  -1.5003310572e+00
   6.4639579321e-04   5.4170979126e-04   1.1271778022e+00   1.4918722151e+00  -1.7461775772e+00
   8.6048502119e-04   7.5108179516e-04   1.0651798315e+00   1.3359159363e+00  -1.9929283992e+00
   1.0856719216e-03   9.6988824721e-04   9.9398468853e-01   1.1458261423e+00  -2.2385012072e+00
   1.3261508366e-03   1.2014555960e-03   9.1221537812e-01   9.1671857550e-01  -2.4839834849e+00
   1.5887471680e-03   1.4508460771e-03   8.1732787882e-01   6.3950433412e-01  -2.7307026583e+00
   1.8776502241e-03   1.7266482588e-03   7.0892204805e-01   3.1058354334e-01  -2.9714946227e+00
   2.1767917039e-03   2.0286521894e-03   5.9535949413e-01  -4.5891641818e-02  -3.1829347347e+00
   2.4716624553e-03   2.3249312184e-03   4.8377168866e-01  -4.0704518606e-01  -3.3516621244e+00
   2.7674632682e-03   2.6183936923e-03   3.7563004843e-01  -7.6682778538e-01  -3.4769905539e+00
   3.0721627018e-03   2.9165328441e-03   2.6998227991e-01  -1.1274175061e+00  -3.5587743743e+00
   3.3960272461e-03   3.2277925596e-03   1.6668831086e-01  -1.4886344292e+00  -3.5910275962e+00
   3.7561274402e-03   3.5642619326e-03   6.5683768717e-02  -1.8498437956e+00  -3.5600446582e+00
   4.1854646454e-03   3.9479929477e-03  -3.3024144155e-02  -2.2087392018e+00  -3.4327049927e+00
   4.6230272367e-03   4.4229363431e-03  -1.0821370189e-01  -2.4807153898e+00  -3.2110819571e+00
   4.9832439196e-03   4.8231181304e-03  -1.4973197730e-01  -2.6212529400e+00  -2.9632239606e+00
   5.2832036935e-03   5.1433697088e-03  -1.7038114312e-01  -2.6754746358e+00  -2.7166408780e+00
   5.5504894571e-03   5.4230376783e-03  -1.7866178112e-01  -2.6737868817e+00  -2.4695631455e+00
   5.7972644599e-03   5.6779412360e-03  -1.7834886108e-01  -2.6299101223e+00  -2.2240875032e+00
   6.0303331040e-03   5.9165876837e-03  -1.7161656416e-01  -2.5510928827e+00  -1.9782599854e+00
   6.2540019782e-03   6.1440785243e-03  -1.5978278138e-01  -2.4417317985e+00  -1.7326400556e+00
   6.4713189718e-03   6.3639254321e-03  -1.4362054782e-01  -2.3034993503e+00  -1.4857299697e+00
   6.6846306968e-03   6.5787125115e-03  -1.2397292637e-01  -2.1397877995e+00  -1.2405787001e+00
   6.8958718541e-03   6.7905488820e-03  -1.0114296216e-01  -1.9501478244e+00  -9.9494662694e-01
   7.1067328460e-03   7.0011948261e-03  -7.5345989500e-02  -1.7338416174e+00  -7.4802081697e-01
   7.3188002995e-03   7.2122708658e-03  -4.7227268639e-02  -1.4940374034e+00  -5.0348141520e-01
   7.5336717035e-03   7.4253297332e-03  -1.6383518125e-02  -1.2251235460e+00  -2.5638613901e-01
   7.7530232256e-03   7.6420136738e-03   1.6438682574e-02  -9.3152684484e-01  -1.1863917030e-02
   7.9787472387e-03   7.8640327774e-03   5.1828456595e-02  -6.0585731858e-01   2.3487564050e-01
   8.2090105275e-03   8.0934616999e-03   8.8732469045e-02  -2.5580780947e-01   4.7668112371e-01
   8.4358788604e-03   8.3245593550e-03   1.2554858249e-01   1.0425444678e-01   7.0437909680e-01
   8.6555563836e-03   8.5471983658e-03   1.6114816226e-01   4.6289357545e-01   9.1304173277e-01
   8.8703796326e-03   8.7639144013e-03   1.9611996054e-01   8.2534850462e-01   1.1078320611e+00
   9.0823840946e-03   8.9768448638e-03   2.2982219728e-01   1.1841664116e+00   1.2865255619e+00
   9.2934188073e-03   9.1879233254e-03   2.6276739726e-01   1.5439082688e+00   1.4529861781e+00
   9.5052711067e-03   9.3989142892e-03   2.9511115942e-01   1.9057061709e+00   1.6086664193e+00
   9.7198080616e-03   9.6116279243e-03   3.2637778799e-01   2.2635303364e+00   1.7519787045e+00
   9.9391775027e-03   9.8279881988e-03   3.5738781478e-01   2.6262800784e+00   1.8871752385e+00
   1.0166000892e-02   1.0050366807e-02   3.8744807881e-01   2.9855426464e+00   2.0116279978e+00
   1.0403725139e-02   1.0281634978e-02   4.1692287796e-01   3.3454347638e+00   2.1273728783e+00
   1.0657427911e-02   1.0525815300e-02   4.4582476025e-01   3.7065575587e+00   2.2348293489e+00
   1.0935292346e-02   1.0789040522e-02   4.7386084496e-01   4.0665899291e+00   2.3334624128e+00
   1.1253075975e-02   1.1081544170e-02   5.0101080014e-01   4.4291781926e+00   2.4240886919e+00
   1.1652042194e-02   1.1424607781e-02   5.2626093564e-01   4.7937293652e+00   2.5055942563e+00
   1.2190050343e-02   1.1879476607e-02   5.4273241169e-01   5.1094846132e+00   2.5655835455e+00
   1.2811197816e-02   1.2500624079e-02   5.3371252643e-01   5.2090283210e+00   2.5745501845e+00
   1.3440303575e-02   1.3121771552e-02   4.8942153487e-01   5.0052046983e+00   2.5253760091e+00
   1.3953515118e-02   1.3758835597e-02   4.2675400006e-01   4.6300647660e+00   2.4482626711e+00
   1.4305681184e-02   1.4148194639e-02   3.6923780459e-01   4.2673083962e+00   2.3763202144e+00
   1.4601262918e-02   1.4463167729e-02   3.1263665380e-01   3.9061339052e+00   2.3047856701e+00
   1.4865497085e-02   1.4739358107e-02   2.5610950395e-01   3.5445105480e+00   2.2323380279e+00
   1.5109883342e-02   1.4991636063e-02   1.9987874444e-01   3.1849048533e+00   2.1589232402e+00
   1.5340975009e-02   1.5228130621e-02   1.4359530913e-01   2.8252716005e+00   2.0837227200e+00
   1.5562977781e-02   1.5453819396e-02   8.7009804043e-02   2.4637745331e+00   2.0059707807e+00
   1.5778943889e-02   1.5672136166e-02   3.0891086115e-02   2.1047925371e+00   1.9262718309e+00
   1.5991269663e-02   1.5885751611e-02  -2.5461562301e-02   1.7430558011e+00   1.8431021217e+00
   1.6201971561e-02   1.6096787715e-02  -8.0962101928e-02   1.3845090651e+00   1.7574588349e+00
   1.6412906197e-02   1.6307155408e-02  -1.3630170039e-01   1.0233519661e+00   1.6675426238e+00
   1.6625900179e-02   1.6518656986e-02  -1.9066298387e-01   6.6315654845e-01   1.5737207275e+00
   1.6842894762e-02   1.6733143371e-02  -2.4378884395e-01   3.0338686440e-01   1.4752867716e+00
   1.7066100822e-02   1.6952646152e-02  -2.9525635310e-01  -5.6094539862e-02   1.3714944547e+00
   1.7298260684e-02   1.7179555492e-02  -3.4473061458e-01  -4.1737066741e-01   1.2607297924e+00
   1.7542997411e-02   1.7416965876e-02  -3.9102175816e-01  -7.7829327910e-01   1.1422919535e+00
   1.7805396770e-02   1.7669028946e-02  -4.3273897478e-01  -1.1379007534e+00   1.0147046954e+00
   1.8093411640e-02   1.7941764594e-02  -4.6806625890e-01  -1.4981980065e+00   8.7442343798e-01
   1.8421270777e-02   1.8245058687e-02  -4.9327766846e-01  -1.8596953852e+00   7.1612964112e-01
   1.8820405381e-02   1.8597482866e-02  -5.0015954710e-01  -2.2227590441e+00   5.2884201268e-01
   1.9331302551e-02   1.9043327895e-02  -4.6909778928e-01  -2.5588461464e+00   3.0354757935e-01
   1.9904467990e-02   1.9619277207e-02  -3.8300260157e-01  -2.7712829042e+00   7.5500110190e-02
   2.0406833300e-02   2.0189658772e-02  -2.6745296132e-01  -2.8226707020e+00  -9.7821703425e-02
   2.0811556534e-02   2.0624007828e-02  -1.5149509850e-01  -2.7802016600e+00  -2.1738797368e-01
   2.1172699918e-02   2.0999105239e-02  -3.5863576900e-02  -2.6887728496e+00  -3.0896310915e-01
   2.1514377989e-02   2.1346294597e-02   7.9990882915e-02  -2.5632923885e+00  -3.8328368579e-01
   2.1851535755e-02   2.1682461382e-02   1.9533674994e-01  -2.4105997027e+00  -4.4539470562e-01
   2.2197752505e-02   2.2020610129e-02   3.1105458058e-01  -2.2303964233e+00  -4.9939094327e-01
   2.2571198219e-02   2.2374894881e-02   4.2688697466e-01  -2.0183954228e+00  -5.4811268034e-01
   2.3009911936e-02   2.2767501556e-02   5.4352759095e-01  -1.7569841681e+00  -5.9568776242e-01
   2.3556071216e-02   2.3252322315e-02   6.4758206961e-01  -1.4309577310e+00  -6.4533311885e-01
   2.4192426077e-02   2.3859820117e-02   6.9786886575e-01  -1.0712953296e+00  -6.9668819241e-01
   2.4873851903e-02   2.4525032036e-02   6.5551423588e-01  -7.3200061874e-01  -7.4877709797e-01
   2.5448426790e-02   2.5222671771e-02   5.4509413792e-01  -4.9068903256e-01  -7.9037666501e-01
   2.5850494410e-02   2.5674181809e-02   4.2838457171e-01  -3.4964304220e-01  -8.1619039213e-01
   2.6180202722e-02   2.6026807012e-02   3.1251017966e-01  -2.5125433334e-01  -8.3356851250e-01
   2.6474074998e-02   2.6333598432e-02   1.9689794313e-01  -1.7648781261e-01  -8.4492020159e-01
   2.6747347250e-02   2.6614551564e-02   8.1186819368e-02  -1.1761722777e-01  -8.5098913983e-01
   2.7008638757e-02   2.6880142935e-02  -3.4292570670e-02  -7.0960891267e-02  -8.5189966540e-01
   2.7263867246e-02   2.7137134579e-02  -1.4958907759e-01  -3.4271265954e-02  -8.4750865660e-01
   2.7517810666e-02   2.7390599913e-02  -2.6521342920e-01  -6.2342783890e-03  -8.3733360493e-01
   2.7775024794e-02   2.7645021420e-02  -3.8053573199e-01   1.3514771307e-02  -8.2070150772e-01
   2.8040652418e-02   2.7905028168e-02  -4.9626245231e-01   2.4995694461e-02  -7.9635904110e-01
   2.8321500606e-02   2.8176276669e-02  -6.1173385245e-01   2.7335412727e-02  -7.6264885865e-01
   2.8628339085e-02   2.8466724543e-02  -7.2756180553e-01   1.8590439920e-02  -7.1635049442e-01
   2.8982491389e-02   2.8789953626e-02  -8.4352934710e-01  -5.8100024403e-03  -6.5147309329e-01
   2.9451031005e-02   2.9175029151e-02  -9.6165172153e-01  -6.1015859216e-02  -5.4894789654e-01
   3.0187857468e-02   2.9727032860e-02  -1.0502943414e+00  -1.9507602341e-01  -3.6422137837e-01
   3.1016760297e-02   3.0648682075e-02  -1.0099870669e+00  -3.9429286255e-01  -1.5728083964e-01
   3.1597982150e-02   3.1384838519e-02  -8.9129363814e-01  -5.5163215574e-01  -3.7966602236e-02
   3.1980449042e-02   3.1811125781e-02  -7.7485109478e-01  -6.5550381062e-01   1.7331948734e-02
   3.2297421171e-02   3.2149772303e-02  -6.5886111285e-01  -7.3784328037e-01   4.5398418946e-02
   3.2579824425e-02   3.2445070039e-02  -5.4344642266e-01  -8.0558655236e-01   5.4972612640e-02
   3.2840982385e-02   3.2714578811e-02  -4.2779697004e-01  -8.6208005278e-01   4.9972156324e-02
   3.3088285432e-02   3.2967385959e-02  -3.1248588977e-01  -9.0839207237e-01   3.2471023255e-02
   3.3326535772e-02   3.3209184906e-02  -1.9688570060e-01  -9.4539798576e-01   3.5945685893e-03
   3.3559209196e-02   3.3443886638e-02  -8.1368250808e-02  -9.7310449875e-01  -3.5882203823e-02
   3.3789108759e-02   3.3674531753e-02   3.4015325073e-02  -9.9135680220e-01  -8.5499569231e-02
   3.4018705495e-02   3.3903685764e-02   1.4936998357e-01  -9.9971977216e-01  -1.4511399356e-01
   3.4250402509e-02   3.4133725225e-02   2.6481590298e-01  -9.9738962265e-01  -2.1485164397e-01
   3.4486779230e-02   3.4367079793e-02   3.8035654276e-01  -9.8313181413e-01  -2.9501723565e-01
   3.4730864465e-02   3.4606478667e-02   4.9574195980e-01  -9.5525514106e-01  -3.8595001490e-01
   3.4986573456e-02   3.4855250263e-02   6.1128227772e-01  -9.1113074925e-01  -4.8876948102e-01
   3.5259485912e-02   3.5117896649e-02   7.2680152093e-01  -8.4690742803e-01  -6.0474563877e-01
   3.5558522770e-02   3.5401075174e-02   8.4242234964e-01  -7.5607718581e-01  -7.3638747204e-01
   3.5900447344e-02   3.5715970366e-02   9.5816512912e-01  -6.2659267427e-01  -8.8817007965e-01
   3.6328258171e-02   3.6084924321e-02   1.0752150514e+00  -4.2696175369e-01  -1.0727091725e+00
   3.6866989931e-02   3.6571592021e-02   1.1737568048e+00  -1.2547275471e-01  -1.2802585950e+00
   3.7428527476e-02   3.7162387841e-02   1.2168599232e+00   2.3437979152e-01  -1.4507744091e+00
   3.7950492203e-02   3.7694667110e-02   1.2001299146e+00   5.9472116355e-01  -1.5514509457e+00
   3.8466860486e-02   3.8206317297e-02   1.1324403181e+00   9.5495455779e-01  -1.5866436902e+00
   3.8954545907e-02   3.8727403676e-02   1.0274992663e+00   1.2792648314e+00  -1.5586582129e+00
   3.9369665660e-02   3.9181688137e-02   9.1129314381e-01   1.5291096155e+00  -1.4880442804e+00
   3.9726333469e-02   3.9557643184e-02   7.9570516340e-01   1.7148550729e+00  -1.3949500418e+00
   4.0053072739e-02   3.9895023755e-02   6.8008143624e-01   1.8560238196e+00  -1.2858419464e+00
   4.0363585208e-02   4.0211121723e-02   5.6440926279e-01   1.9601124436e+00  -1.1637676207e+00
   4.0666554440e-02   4.0516048692e-02   4.4907519952e-01   2.0301406015e+00  -1.0307213879e+00
   4.0968720819e-02   4.0817060188e-02   3.3379364740e-01   2.0671893385e+00  -8.8710293880e-01
   4.1276443153e-02   4.1120381449e-02   2.1822108819e-01   2.0699040728e+00  -7.3244580450e-01
   4.1596998292e-02   4.1432504857e-02   1.0249451628e-01   2.0345017480e+00  -5.6621415999e-01
   4.1940244336e-02   4.1761491728e-02  -1.2884081568e-02   1.9546785625e+00  -3.8768785783e-01
   4.2322305881e-02   4.2118996944e-02  -1.2851914396e-01   1.8179035808e+00  -1.9301453166e-01
   4.2776647446e-02   4.2525614818e-02  -2.4468062112e-01   1.5975391139e+00   2.4776487078e-02
   4.3307297324e-02   4.3027680073e-02  -3.4750355935e-01   1.2816560111e+00   2.4877958737e-01
   4.3852065235e-02   4.3586914574e-02  -4.1552767925e-01   9.2048545616e-01   4.3473183875e-01
   4.4395827331e-02   4.4117215896e-02  -4.4692745844e-01   5.5893010010e-01   5.6660125180e-01
   4.5016036399e-02   4.4674438766e-02  -4.4622940370e-01   1.9467701009e-01   6.4706698803e-01
   4.6033959456e-02   4.5357634033e-02  -3.9826623250e-01  -1.5582221479e-01   6.2509756948e-01
   4.7267847532e-02   4.6710284879e-02  -3.5179165449e-01  -1.0194201852e-01   4.4585254578e-01
   4.8172949389e-02   4.7825410186e-02  -3.7679400732e-01   2.5861771340e-01   2.8762850946e-01
   4.8832946234e-02   4.8520488592e-02  -4.4116875773e-01   6.2241234855e-01   2.1143877043e-01
   4.9472791211e-02   4.9145403876e-02  -5.3538607957e-01   9.7907645225e-01   1.9979760453e-01
   5.0115276917e-02   4.9800178546e-02  -6.4851306415e-01   1.2783593515e+00   2.6634536024e-01
   5.0767723949e-02   5.0430375288e-02  -7.6383798176e-01   1.4681672619e+00   4.2271413324e-01
   5.1397417345e-02   5.1105072611e-02  -8.5550715516e-01   1.5155145176e+00   6.5111469935e-01
   5.1941458835e-02   5.1689762079e-02  -9.0381967467e-01   1.4409137046e+00   8.9821710060e-01
   5.2430673166e-02   5.2193155590e-02  -9.1295905681e-01   1.2891529131e+00   1.1444151978e+00
   5.2908530166e-02   5.2668190742e-02  -8.8492724094e-01   1.0774802027e+00   1.3907291201e+00
   5.3408776453e-02   5.3148869590e-02  -8.1344988919e-01   8.0823359686e-01   1.6357419292e+00
   5.3886562794e-02   5.3668683315e-02  -7.0642042466e-01   5.2723901326e-01   1.8396556784e+00
   5.4283171535e-02   5.4104442274e-02  -5.9028065176e-01   2.8996915892e-01   1.9740555113e+00
   5.4620207691e-02   5.4461900796e-02  -4.7457481375e-01   9.4093500446e-02   2.0558821570e+00
   5.4924760712e-02   5.4778514585e-02  -3.5923215252e-01  -7.3160994744e-02   2.1000630426e+00
   5.5209915156e-02   5.5071006839e-02  -2.4349745909e-01  -2.1923582701e-01   2.1133368897e+00
   5.5483624177e-02   5.5348823472e-02  -1.2794391890e-01  -3.4727550689e-01   2.0986313433e+00
   5.5751628716e-02   5.5618424882e-02  -1.2398799249e-02  -4.6025724475e-01   2.0571816490e+00
   5.6018696487e-02   5.5884832549e-02   1.0294190881e-01  -5.6010346878e-01   1.9889088688e+00
   5.6289430600e-02   5.6152560425e-02   2.1837468776e-01  -6.4880591452e-01   1.8920980533e+00
   5.6568996315e-02   5.6426300775e-02   3.3382894836e-01  -7.2788851854e-01   1.7635380179e+00
   5.6864130418e-02   5.6711691855e-02   4.4944789606e-01  -7.9918125726e-01   1.5973369660e+00
   5.7181178016e-02   5.7016568982e-02   5.6366662844e-01  -8.6416674149e-01   1.3868572593e+00
   5.7498668862e-02   5.7345787050e-02   6.6606065168e-01  -9.2089635011e-01   1.1455772022e+00
   5.7792245322e-02   5.7651550674e-02   7.4773169697e-01  -9.6878700538e-01   8.9980343232e-01
   5.8065634398e-02   5.7932939971e-02   8.1188584040e-01  -1.0125629163e+00   6.5345882008e-01
   5.8325806736e-02   5.8198328826e-02   8.6127525785e-01  -1.0555544625e+00   4.0842637693e-01
   5.8577529510e-02   5.8453284647e-02   8.9854975189e-01  -1.1010134849e+00   1.6117000510e-01
   5.8824446332e-02   5.8701774374e-02   9.2440922450e-01  -1.1502602845e+00  -8.4133887840e-02
   5.9069672962e-02   5.8947118290e-02   9.4014409750e-01  -1.2055042931e+00  -3.2965485822e-01
   5.9316119159e-02   5.9192227633e-02   9.4629521955e-01  -1.2686191154e+00  -5.7564342371e-01
   5.9566852803e-02   5.9440010686e-02   9.4310202008e-01  -1.3415988300e+00  -8.2215288430e-01
   5.9825426219e-02   5.9693694921e-02   9.3066851482e-01  -1.4261221498e+00  -1.0675086716e+00
   6.0096441518e-02   5.9957157518e-02   9.0864162173e-01  -1.5256600796e+00  -1.3137187857e+00
   6.0386538901e-02   6.0235725518e-02   8.7639988948e-01  -1.6435451769e+00  -1.5593259177e+00
   6.0706779816e-02   6.0537352283e-02   8.3203272118e-01  -1.7870852555e+00  -1.8064676281e+00
   6.1079217529e-02   6.0876207349e-02   7.7246323749e-01  -1.9664985896e+00  -2.0530157809e+00
   6.1562127611e-02   6.1282227708e-02   6.8753714153e-01  -2.2121423156e+00  -2.3006752578e+00
   6.2172753398e-02   6.1842027514e-02   5.7903792981e-01  -2.5179734707e+00  -2.4860180915e+00
   6.2893046387e-02   6.2503479282e-02   4.6325358223e-01  -2.8244993388e+00  -2.5128683716e+00
   6.3620175845e-02   6.3282613492e-02   3.6886924379e-01  -3.0166937919e+00  -2.3449943375e+00
   6.4190926041e-02   6.3957738198e-02   3.1129588167e-01  -3.0483400141e+00  -2.0931811227e+00
   6.4622232338e-02   6.4424113884e-02   2.7530769364e-01  -2.9857176340e+00  -1.8461171765e+00
   6.5001673676e-02   6.4820350792e-02   2.4620793460e-01  -2.8650741309e+00  -1.5994711438e+00
   6.5356274396e-02   6.5182996560e-02   2.1898960467e-01  -2.6969121765e+00  -1.3538382246e+00
   6.5700464520e-02   6.5529552232e-02   1.9023058224e-01  -2.4825810251e+00  -1.1073517171e+00
   6.6044808299e-02   6.5871376807e-02   1.5729342531e-01  -2.2219456756e+00  -8.6160997691e-01
   6.6398855107e-02   6.6218239791e-02   1.1698590429e-01  -1.9096815947e+00  -6.1624408587e-01
   6.6752267331e-02   6.6579470424e-02   6.8453579064e-02  -1.5590793623e+00  -3.8523740112e-01
   6.7086402379e-02   6.6925064237e-02   1.3716510762e-02  -1.1990222200e+00  -1.8593143406e-01
   6.7402135736e-02   6.7247740521e-02  -4.6906429399e-02  -8.3855278941e-01  -1.8547455718e-02
   6.7707164912e-02   6.7556530950e-02  -1.1388098441e-01  -4.7873439033e-01   1.2014087471e-01
   6.8007206704e-02   6.7857798874e-02  -1.8797758879e-01  -1.1869334453e-01   2.3250267198e-01
   6.8307119109e-02   6.8156614533e-02  -2.7000371612e-01   2.4196824739e-01   3.1930019269e-01
   6.8611622574e-02   6.8457623685e-02  -3.6038024750e-01   6.0159124593e-01   3.7997040815e-01
   6.8925941171e-02   6.8765621462e-02  -4.6053460500e-01   9.6182929211e-01   4.1359567777e-01
   6.9253006856e-02   6.9086260879e-02  -5.7020272575e-01   1.3175957423e+00   4.1773728359e-01
   6.9583712387e-02   6.9419752833e-02  -6.8555845194e-01   1.6546849902e+00   3.9136155348e-01
   6.9911293162e-02   6.9747671940e-02  -8.0082518173e-01   1.9581661936e+00   3.3731091335e-01
   7.0242180011e-02   7.0074914385e-02  -9.1621714448e-01   2.2321922698e+00   2.5760733794e-01
   7.0585645218e-02   7.0409445638e-02  -1.0318013136e+00   2.4792642936e+00   1.5235943063e-01
   7.0955779177e-02   7.0761844797e-02  -1.1474444074e+00   2.7005556951e+00   1.9443717712e-02
   7.1381547598e-02   7.1149713556e-02  -1.2637789855e+00   2.8975461487e+00  -1.4948035420e-01
   7.1913914168e-02   7.1613381639e-02  -1.3741995708e+00   3.0599416519e+00  -3.6602384354e-01
   7.2585075389e-02   7.2214446696e-02  -1.4434100998e+00   3.1486088588e+00  -6.1338811175e-01
   7.3352891213e-02   7.2955704082e-02  -1.4090262081e+00   3.1245494280e+00  -8.0964300035e-01
   7.3963686017e-02   7.3750078344e-02  -1.2915190754e+00   3.0386214772e+00  -8.7182703830e-01
   7.4340451865e-02   7.4177293690e-02  -1.1746289468e+00   2.9627381946e+00  -8.5520270033e-01
   7.4642076842e-02   7.4503610041e-02  -1.0589064793e+00   2.8933719767e+00  -8.1061994637e-01
   7.4903879503e-02   7.4780543644e-02  -9.4328008294e-01   2.8279367081e+00  -7.4928074116e-01
   7.5140273639e-02   7.5027215362e-02  -8.2771689071e-01   2.7652308913e+00  -6.7612814898e-01
   7.5358990956e-02   7.5253331917e-02  -7.1234845658e-01   2.7044524320e+00  -5.9406068516e-01
   7.5564777781e-02   7.5464649996e-02  -5.9688739807e-01   2.6447604240e+00  -5.0463448512e-01
   7.5760812139e-02   7.5664905567e-02  -4.8112253021e-01   2.5854633247e+00  -4.0885488310e-01
   7.5949400184e-02   7.5856718712e-02  -3.6570477412e-01   2.5263689555e+00  -3.0814352319e-01
   7.6132315793e-02   7.6042081656e-02  -2.5096645916e-01   2.4671685236e+00  -2.0354107264e-01
   7.6310933647e-02   7.6222549930e-02  -1.3439047919e-01   2.4060780837e+00  -9.3189718401e-02
   7.6486418004e-02   7.6399317364e-02  -2.0195351198e-02   2.3448563710e+00   1.8467438578e-02
   7.6659789466e-02   7.6573518643e-02   9.6516553070e-02   2.2803870401e+00   1.3587455976e-01
   7.6831956477e-02   7.6746060290e-02   2.1121623769e-01   2.2146548940e+00   2.5421415008e-01
   7.7003796818e-02   7.6917852665e-02   3.2645956199e-01   2.1457105612e+00   3.7580698104e-01
   7.7176171151e-02   7.7089740971e-02   4.4265194791e-01   2.0726335806e+00   5.0092892573e-01
   7.7349962752e-02   7.7262601332e-02   5.5703496676e-01   1.9965313045e+00   6.2639030787e-01
   7.7526146335e-02   7.7437324171e-02   6.7363101672e-01   1.9138911315e+00   7.5644682813e-01
   7.7705802814e-02   7.7614968500e-02   7.8805167282e-01   1.8268872613e+00   8.8605178639e-01
   7.7890215797e-02   7.7796637128e-02   9.0406411557e-01   1.7315507304e+00   1.0193084360e+00
   7.8080994870e-02   7.7983794465e-02   1.0194903825e+00   1.6280708636e+00   1.1536106839e+00
   7.8280175749e-02   7.8178195276e-02   1.1345612662e+00   1.5144753083e+00   1.2890620225e+00
   7.8500369690e-02   7.8382156223e-02   1.2554731941e+00   1.3808712226e+00   1.4329269342e+00