# time = 3.9
# Grid points = 474
# Pressure (Pa) = 101325
#             1_pos             2_posf             3_uvel             4_vvel             5_wvel
  -7.1020144568e-02  -7.1137035793e-02   1.4408093377e+00   1.2868632082e+00   1.6621415175e+00
  -7.0782509452e-02  -7.0903253342e-02   1.5660896468e+00   1.0989504598e+00   1.8147408037e+00
  -7.0519903042e-02  -7.0661765562e-02   1.6869806213e+00   8.7817475729e-01   1.9627375349e+00
  -7.0195058827e-02  -7.0378040522e-02   1.8079101913e+00   5.8873417386e-01   2.1107524298e+00
  -6.9814860363e-02  -7.0012077132e-02   1.9072858262e+00   2.3198223699e-01   2.2307083441e+00
  -6.9424955412e-02  -6.9617643594e-02   1.9595382073e+00  -1.4719005106e-01   2.2896303826e+00
  -6.9038552654e-02  -6.9232267229e-02   1.9603459891e+00  -5.2627899480e-01   2.2815600565e+00
  -6.8643433868e-02  -6.8844838078e-02   1.9097899782e+00  -9.0553701609e-01   2.2064078719e+00
  -6.8250637422e-02  -6.8442029658e-02   1.8112807179e+00  -1.2617134414e+00   2.0697514241e+00
  -6.7909415779e-02  -6.8059245185e-02   1.6906256552e+00  -1.5434782016e+00   1.9072747694e+00
  -6.7630876101e-02  -6.7759586372e-02   1.5694469300e+00  -1.7489469649e+00   1.7474714476e+00
  -6.7385927380e-02  -6.7502165830e-02   1.4489116445e+00  -1.9064266108e+00   1.5913062230e+00
  -6.7161642546e-02  -6.7269688930e-02   1.3285290837e+00  -2.0297086858e+00   1.4379623601e+00
  -6.6951222095e-02  -6.7053596162e-02   1.2078468937e+00  -2.1258344537e+00   1.2868744785e+00
  -6.6750443397e-02  -6.6848848028e-02   1.0879000767e+00  -2.1980707135e+00   1.1394034777e+00
  -6.6556426197e-02  -6.6652038765e-02   9.6683602388e-01  -2.2498819781e+00   9.9342771726e-01
  -6.6367038760e-02  -6.6460813629e-02   8.4690706535e-01  -2.2818798786e+00   8.5184648516e-01
  -6.6180572408e-02  -6.6273263891e-02   7.2671940840e-01  -2.2957060715e+00   7.1319523969e-01
  -6.5995609827e-02  -6.6087880925e-02   6.0582520950e-01  -2.2916958368e+00   5.7728226804e-01
  -6.5810870512e-02  -6.5903338728e-02   4.8539809745e-01  -2.2700567971e+00   4.4576696145e-01
  -6.5625141452e-02  -6.5718402296e-02   3.6521036953e-01  -2.2308995478e+00   3.1874091602e-01
  -6.5437218480e-02  -6.5531880608e-02   2.4521193405e-01  -2.1740218032e+00   1.9657417438e-01
  -6.5245810951e-02  -6.5342556353e-02   1.2419729352e-01  -2.0980268430e+00   7.8657163000e-02
  -6.5049507721e-02  -6.5149065550e-02   4.4596286376e-03  -2.0035917388e+00  -3.2141282819e-02
  -6.4846647360e-02  -6.4949949891e-02  -1.1650337038e-01  -1.8875384582e+00  -1.3731201725e-01
  -6.4635206320e-02  -6.4743344830e-02  -2.3656737737e-01  -1.7501985636e+00  -2.3395363855e-01
  -6.4412608618e-02  -6.4527067810e-02  -3.5712659250e-01  -1.5879585757e+00  -3.2192656689e-01
  -6.4175372506e-02  -6.4298149426e-02  -4.7737419126e-01  -1.3989179789e+00  -3.9890106930e-01
  -6.3918517588e-02  -6.4052595585e-02  -5.9793355861e-01  -1.1779786084e+00  -4.6291333196e-01
  -6.3634368969e-02  -6.3784439590e-02  -7.1829339609e-01  -9.1998128855e-01  -5.1027222340e-01
  -6.3309745480e-02  -6.3484298347e-02  -8.3889548253e-01  -6.1428282529e-01  -5.3583336307e-01
  -6.2935301937e-02  -6.3135192613e-02  -9.5524492916e-01  -2.5832607849e-01  -5.3109989144e-01
  -6.2524566759e-02  -6.2735411261e-02  -1.0548410720e+00   1.2028750134e-01  -4.9094230462e-01
  -6.2079425164e-02  -6.2313722258e-02  -1.1307773150e+00   5.0043178170e-01  -4.1677982378e-01
  -6.1559879613e-02  -6.1845128070e-02  -1.1792153323e+00   8.8144797898e-01  -3.0898967004e-01
  -6.0830601587e-02  -6.1274631156e-02  -1.1793071422e+00   1.2689897937e+00  -1.6307684082e-01
  -5.9992703819e-02  -6.0386572019e-02  -1.0971133322e+00   1.5007363872e+00  -6.1230502376e-02
  -5.9334879082e-02  -5.9598835619e-02  -9.7440877988e-01   1.5300058526e+00  -6.1352390291e-02
  -5.8855879570e-02  -5.9070922546e-02  -8.5362847536e-01   1.4792185229e+00  -1.1219527665e-01
  -5.8453254344e-02  -5.8640836595e-02  -7.3326261126e-01   1.4008345222e+00  -1.8397490282e-01
  -5.8095874606e-02  -5.8265672093e-02  -6.1275576174e-01   1.3101329843e+00  -2.6542901048e-01
  -5.7768517234e-02  -5.7926077119e-02  -4.9254808237e-01   1.2140029644e+00  -3.4995269225e-01
  -5.7462064334e-02  -5.7610957350e-02  -3.7217680137e-01   1.1150281234e+00  -4.3394473310e-01
  -5.7170348956e-02  -5.7313171319e-02  -2.5188790608e-01   1.0145843732e+00  -5.1458820969e-01
  -5.6888731302e-02  -5.7027526593e-02  -1.3152276598e-01   9.1272144868e-01  -5.9007806709e-01
  -5.6613397177e-02  -5.6749936011e-02  -1.1343006505e-02   8.0919244441e-01  -6.5878424198e-01
  -5.6340901259e-02  -5.6476858343e-02   1.0911832475e-01   7.0260233548e-01  -7.1971372028e-01
  -5.6067799543e-02  -5.6204944174e-02   2.2954869818e-01   5.9170624311e-01  -7.7149710573e-01
  -5.5790259947e-02  -5.5930654911e-02   3.4980909407e-01   4.7450953566e-01  -8.1286690469e-01
  -5.5503503620e-02  -5.5649864983e-02   4.7019789318e-01   3.4765220231e-01  -8.4243703410e-01
  -5.5200758413e-02  -5.5357142257e-02   5.9068210755e-01   2.0644446485e-01  -8.5809133792e-01
  -5.4870910790e-02  -5.5044374568e-02   7.1120475040e-01   4.3031936173e-02  -8.5651667529e-01
  -5.4491235521e-02  -5.4697447011e-02   8.3226057234e-01  -1.5940738616e-01  -8.3118028234e-01
  -5.4007472926e-02  -5.4285024031e-02   9.5167752629e-01  -4.4121409953e-01  -7.6575766223e-01
  -5.3448572092e-02  -5.3729921820e-02   1.0338857241e+00  -7.9883517684e-01  -6.5475229932e-01
  -5.2903456393e-02  -5.3167222363e-02   1.0485107927e+00  -1.1768728027e+00  -5.2269483273e-01
  -5.2383002867e-02  -5.2639690423e-02   9.9851705742e-01  -1.5555767408e+00  -3.8878552453e-01
  -5.1897200020e-02  -5.2126315311e-02   8.9784309987e-01  -1.9113459232e+00  -2.6882363116e-01
  -5.1489303089e-02  -5.1668084729e-02   7.7669070150e-01  -2.2017207502e+00  -1.7829106575e-01
  -5.1155700287e-02  -5.1310521449e-02   6.5598487417e-01  -2.4257283153e+00  -1.1451149951e-01
  -5.0859539458e-02  -5.1000879126e-02   5.3534122532e-01  -2.6099555691e+00  -6.6776709675e-02
  -5.0584913870e-02  -5.0718199791e-02   4.1462631472e-01  -2.7647625668e+00  -3.0504630533e-02
  -5.0322948403e-02  -5.0451627950e-02   2.9448177707e-01  -2.8944301080e+00  -3.2711065582e-03
  -5.0067681537e-02  -5.0194268856e-02   1.7406658229e-01  -3.0023256242e+00   1.6785330848e-02
  -4.9814424573e-02  -4.9941094219e-02   5.3597934110e-02  -3.0889010109e+00   3.0753766480e-02
  -4.9558828385e-02  -4.9687754927e-02  -6.7048378726e-02  -3.1536557781e+00   3.9547195888e-02
  -4.9296233467e-02  -4.9429901843e-02  -1.8723285145e-01  -3.1945127860e+00   4.3947507139e-02
  -4.9020809504e-02  -4.9162565091e-02  -3.0776731831e-01  -3.2081469394e+00   4.4811205210e-02
  -4.8724033511e-02  -4.8879053917e-02  -4.2835635996e-01  -3.1877073205e+00   4.3130766207e-02
  -4.8391096263e-02  -4.8569013105e-02  -5.4903652716e-01  -3.1203247309e+00   4.0510047907e-02
  -4.7988171539e-02  -4.8213179421e-02  -6.7039474179e-01  -2.9753280024e+00   4.0458583123e-02
  -4.7481295951e-02  -4.7763163657e-02  -7.7950121000e-01  -2.6978614746e+00   5.2560164617e-02
  -4.6970355493e-02  -4.7199428245e-02  -8.3871844382e-01  -2.3230954301e+00   8.5260356208e-02
  -4.6542250631e-02  -4.6741282740e-02  -8.4694881916e-01  -1.9431402631e+00   1.3325520613e-01
  -4.6160747722e-02  -4.6343218523e-02  -8.2409097955e-01  -1.5632734450e+00   1.9298164490e-01
  -4.5805132315e-02  -4.5978276922e-02  -7.7952908065e-01  -1.1845551710e+00   2.6196568470e-01
  -4.5463372353e-02  -4.5631987708e-02  -7.1776690857e-01  -8.0460960697e-01   3.3875698885e-01
  -4.5126720883e-02  -4.5294756997e-02  -6.4190955996e-01  -4.2629100453e-01   4.2093851724e-01
  -4.4787257483e-02  -4.4958684768e-02  -5.5245097024e-01  -4.6022985077e-02   5.0724047029e-01
  -4.4436105879e-02  -4.4615830198e-02  -4.5015301781e-01   3.3284207136e-01   5.9428694950e-01
  -4.4069193591e-02  -4.4256381561e-02  -3.3557471153e-01   7.0462395119e-01   6.7699320829e-01
  -4.3698243060e-02  -4.3882005621e-02  -2.1543483806e-01   1.0438449041e+00   7.4474545319e-01
  -4.3329977315e-02  -4.3514480500e-02  -9.5287287816e-02   1.3330597546e+00   7.8878681139e-01
  -4.2955797925e-02  -4.3145474130e-02   2.5216674495e-02   1.5698460860e+00   8.0291411631e-01
  -4.2566274129e-02  -4.2766121721e-02   1.4532037331e-01   1.7449869867e+00   7.7832616897e-01
  -4.2149341817e-02  -4.2366426537e-02   2.6566781662e-01   1.8456450166e+00   7.0220549470e-01
  -4.1685509560e-02  -4.1932257097e-02   3.8608396342e-01   1.8467623236e+00   5.5399202000e-01
  -4.1196049534e-02  -4.1438762023e-02   4.9494122782e-01   1.7247751845e+00   3.2850832413e-01
  -4.0749413544e-02  -4.0953337045e-02   5.7518781748e-01   1.5117945737e+00   6.9641838363e-02
  -4.0359209600e-02  -4.0545490043e-02   6.2846028838e-01   1.2551724390e+00  -1.8921690830e-01
  -3.9993203953e-02  -4.0172929156e-02   6.6248559136e-01   9.6839796471e-01  -4.4724364857e-01
  -3.9631658352e-02  -3.9813478750e-02   6.7980443945e-01   6.5407911908e-01  -7.0541576196e-01
  -3.9255377967e-02  -3.9449837954e-02   6.7922494590e-01   3.0942396663e-01  -9.6420478187e-01
  -3.8850714379e-02  -3.9060917979e-02   6.5599416629e-01  -6.1102648222e-02  -1.2142630801e+00
  -3.8408647456e-02  -3.8640510778e-02   6.0229596697e-01  -4.4154643848e-01  -1.4339233925e+00
  -3.7926917951e-02  -3.8176784133e-02   5.0892245156e-01  -7.9887928279e-01  -1.5871990696e+00
  -3.7478012040e-02  -3.7677051769e-02   3.8985407554e-01  -1.0569161619e+00  -1.6344965674e+00
  -3.7110078046e-02  -3.7278972310e-02   2.6897431208e-01  -1.2011537981e+00  -1.5945704945e+00
  -3.6790324022e-02  -3.6941183783e-02   1.4868257013e-01  -1.2722051977e+00  -1.5008932023e+00
  -3.6500466352e-02  -3.6639464262e-02   2.8008206841e-02  -1.2922218602e+00  -1.3689074151e+00
  -3.6230488376e-02  -3.6361468441e-02  -9.2137136570e-02  -1.2731821920e+00  -1.2087181997e+00
  -3.5973959336e-02  -3.6099508311e-02  -2.1274503104e-01  -1.2225957258e+00  -1.0247751707e+00
  -3.5726284019e-02  -3.5848410362e-02  -3.3293169400e-01  -1.1458598771e+00  -8.2223715706e-01
  -3.5483784465e-02  -3.5604157677e-02  -4.5369364109e-01  -1.0457501983e+00  -6.0205187022e-01
  -3.5243211444e-02  -3.5363411253e-02  -5.7394453694e-01  -9.2544585641e-01  -3.6801183466e-01
  -3.5001513879e-02  -3.5123011635e-02  -6.9414462584e-01  -7.8603597705e-01  -1.2052921020e-01
  -3.4759311783e-02  -3.4880016124e-02  -8.1229518970e-01  -6.3082701768e-01   1.3534433207e-01
  -3.4518278593e-02  -3.4638607442e-02  -9.2604174509e-01  -4.6384010575e-01   3.9358625606e-01
  -3.4275739659e-02  -3.4397949744e-02  -1.0347259971e+00  -2.8657696650e-01   6.5201792627e-01
  -3.4026875759e-02  -3.4153529575e-02  -1.1379690729e+00  -9.9201760210e-02   9.0967725139e-01
  -3.3765631942e-02  -3.3900221944e-02  -1.2360617990e+00   1.0129762456e-01   1.1684724541e+00
  -3.3483036289e-02  -3.3631041940e-02  -1.3270614254e+00   3.1668958021e-01   1.4263908244e+00
  -3.3162665382e-02  -3.3335030638e-02  -1.4090484966e+00   5.5600225002e-01   1.6857027232e+00
  -3.2762448832e-02  -3.2990300126e-02  -1.4744898591e+00   8.3905254068e-01   1.9468777134e+00
  -3.2218744022e-02  -3.2534597538e-02  -1.4906899076e+00   1.1856330201e+00   2.1742222610e+00
  -3.1635328701e-02  -3.1902890507e-02  -1.4141306171e+00   1.5039897488e+00   2.2527827004e+00
  -3.1195549500e-02  -3.1367766895e-02  -1.2905161199e+00   1.7056256602e+00   2.1985996473e+00
  -3.0884269813e-02  -3.1023332104e-02  -1.1692404621e+00   1.8288954020e+00   2.1047064906e+00
  -3.0623970631e-02  -3.0745207521e-02  -1.0485586863e+00   1.9208568992e+00   1.9962001287e+00
  -3.0392786761e-02  -3.0502733741e-02  -9.2800333206e-01   1.9948576900e+00   1.8803134100e+00
  -3.0180649027e-02  -3.0282839781e-02  -8.0751894005e-01   2.0568673533e+00   1.7605699082e+00
  -2.9981838704e-02  -3.0078458274e-02  -6.8716699579e-01   2.1101674820e+00   1.6390937806e+00
  -2.9792692158e-02  -2.9885219133e-02  -5.6696237281e-01   2.1567811648e+00   1.5172366927e+00
  -2.9610673568e-02  -2.9700165182e-02  -4.4618222844e-01   2.1982607571e+00   1.3952195353e+00
  -2.9433889833e-02  -2.9521181954e-02  -3.2566988359e-01   2.2351711068e+00   1.2746310561e+00
  -2.9260834716e-02  -2.9346597712e-02  -2.0507642470e-01   2.2682299439e+00   1.1557194437e+00
  -2.9090263855e-02  -2.9175071719e-02  -8.4825581933e-02   2.2977289113e+00   1.0394088872e+00
  -2.8921095486e-02  -2.9005455991e-02   3.5254278271e-02   2.3239758909e+00   9.2597638426e-01
  -2.8752347772e-02  -2.8836734982e-02   1.5529969045e-01   2.3471227197e+00   8.1572229870e-01
  -2.8583070360e-02  -2.8667960562e-02   2.7662286698e-01   2.3673566766e+00   7.0796108990e-01
  -2.8412306190e-02  -2.8498180158e-02   3.9675454428e-01   2.3841536601e+00   6.0535789237e-01
  -2.8239054245e-02  -2.8326432222e-02   5.1700324919e-01   2.3975355558e+00   5.0721819907e-01
  -2.8062206367e-02  -2.8151676268e-02   6.3736385778e-01   2.4071402146e+00   4.1411741783e-01
  -2.7880486755e-02  -2.7972736466e-02   7.5764423096e-01   2.4124453064e+00   3.2684443116e-01
  -2.7692358768e-02  -2.7788237043e-02   8.7800831961e-01   2.4127458299e+00   2.4604114309e-01
  -2.7495872031e-02  -2.7596480493e-02   9.9868080877e-01   2.4070134329e+00   1.7253148611e-01
  -2.7288469049e-02  -2.7395263569e-02   1.1190030498e+00   2.3938581532e+00   1.0791471352e-01
  -2.7066584214e-02  -2.7181674529e-02   1.2395031791e+00   2.3711678787e+00   5.3474459018e-02
  -2.6824874843e-02  -2.6951493898e-02   1.3600069218e+00   2.3357500366e+00   1.1574467017e-02
  -2.6554597661e-02  -2.6698255789e-02   1.4805627307e+00   2.2822449089e+00  -1.4322824622e-02
  -2.6239223715e-02  -2.6410939533e-02   1.6012935123e+00   2.2004615226e+00  -1.8167728865e-02
  -2.5837418022e-02  -2.6067507896e-02   1.7230756804e+00   2.0646587719e+00   1.3841629160e-02
  -2.5262552807e-02  -2.5607328149e-02   1.8341067091e+00   1.8086625533e+00   1.1608126615e-01
  -2.4617946735e-02  -2.4917777466e-02   1.8792959829e+00   1.4448392740e+00   2.7598924795e-01
  -2.4056705273e-02  -2.4318116005e-02   1.8533899091e+00   1.0662150815e+00   4.2695228556e-01
  -2.3556139704e-02  -2.3795294541e-02   1.7845375893e+00   6.8728089518e-01   5.4957767031e-01
  -2.3091550998e-02  -2.3316984867e-02   1.6867724742e+00   3.0930999868e-01   6.3952438890e-01
  -2.2665019328e-02  -2.2866117128e-02   1.5711515600e+00  -5.5433582709e-02   6.9476542148e-01
  -2.2288567809e-02  -2.2463921527e-02   1.4507097400e+00  -3.8592101620e-01   7.1782393827e-01
  -2.1954475327e-02  -2.2113214090e-02   1.3303201920e+00  -6.8321164522e-01   7.1661249861e-01
  -2.1648744084e-02  -2.1795736564e-02   1.2098781143e+00  -9.5579597126e-01   6.9721919611e-01
  -2.1363466656e-02  -2.1501751604e-02   1.0896772556e+00  -1.2074884169e+00   6.6357006429e-01
  -2.1093543088e-02  -2.1225181707e-02   9.6926324093e-01  -1.4418320973e+00   6.1817306843e-01
  -2.0835356455e-02  -2.0961904470e-02   8.4903623683e-01  -1.6595618974e+00   5.6303490559e-01
  -2.0586126667e-02  -2.0708808440e-02   7.2859321115e-01  -1.8622530722e+00   4.9931182291e-01
  -2.0343580795e-02  -2.0463444894e-02   6.0829196644e-01  -2.0496258005e+00   4.2812480627e-01
  -2.0105731827e-02  -2.0223716696e-02   4.8825885556e-01  -2.2215082126e+00   3.5021572367e-01
  -1.9870756644e-02  -1.9987746959e-02   3.6739432976e-01  -2.3788429673e+00   2.6514285942e-01
  -1.9636862598e-02  -1.9753766330e-02   2.4741306875e-01  -2.5184928163e+00   1.7418338200e-01
  -1.9402173820e-02  -1.9519958867e-02   1.2698384682e-01  -2.6407147850e+00   7.6166049344e-02
  -1.9164605518e-02  -1.9284388773e-02   6.4696594224e-03  -2.7428853198e+00  -2.9214439724e-02
  -1.8921683728e-02  -1.9044822262e-02  -1.1376966460e-01  -2.8217920440e+00  -1.4255946621e-01
  -1.8670259866e-02  -1.8798545195e-02  -2.3411025164e-01  -2.8734316912e+00  -2.6571258333e-01
  -1.8405985551e-02  -1.8541974536e-02  -3.5459032222e-01  -2.8912230781e+00  -4.0115792634e-01
  -1.8122312921e-02  -1.8269996566e-02  -4.7506127687e-01  -2.8648006418e+00  -5.5269171900e-01
  -1.7808154209e-02  -1.7974629277e-02  -5.9552336754e-01  -2.7763381867e+00  -7.2728459200e-01
  -1.7442302237e-02  -1.7641679140e-02  -7.1626219061e-01  -2.5889470084e+00  -9.3986555646e-01
  -1.7041756708e-02  -1.7242925333e-02  -8.2098228397e-01  -2.2792067677e+00  -1.1815443228e+00
  -1.6677548658e-02  -1.6840588083e-02  -8.8986427452e-01  -1.9030109648e+00  -1.4087647892e+00
  -1.6374731554e-02  -1.6514509233e-02  -9.2712798939e-01  -1.5222401182e+00  -1.6025439183e+00
  -1.6109455393e-02  -1.6234953875e-02  -9.4508271301e-01  -1.1424124461e+00  -1.7747750556e+00
  -1.5867980248e-02  -1.5983956911e-02  -9.5013190375e-01  -7.6317915046e-01  -1.9327854623e+00
  -1.5642643123e-02  -1.5752003585e-02  -9.4581266588e-01  -3.8261584279e-01  -2.0812306463e+00
  -1.5428497683e-02  -1.5533282661e-02  -9.3443257795e-01  -3.8317799457e-03  -2.2213124112e+00
  -1.5222001274e-02  -1.5323712706e-02  -9.1751518516e-01   3.7567315111e-01  -2.3555790390e+00
  -1.5020413442e-02  -1.5120289842e-02  -8.9613400837e-01   7.5641836961e-01  -2.4852397120e+00
  -1.4821379016e-02  -1.4920537042e-02  -8.7147377564e-01   1.1339222787e+00  -2.6095689548e+00
  -1.4622696447e-02  -1.4722220990e-02  -8.4379446968e-01   1.5152759330e+00  -2.7313993900e+00
  -1.4422107476e-02  -1.4523171904e-02  -8.1417456422e-01   1.8940803598e+00  -2.8489672639e+00
  -1.4217043932e-02  -1.4321043047e-02  -7.8300326286e-01   2.2732156942e+00  -2.9633269933e+00
  -1.4004249201e-02  -1.4113044816e-02  -7.5079754649e-01   2.6535230315e+00  -3.0746007415e+00
  -1.3779151921e-02  -1.3895453585e-02  -7.1843822066e-01   3.0326336929e+00  -3.1816797568e+00
  -1.3534380970e-02  -1.3662850256e-02  -6.8659704189e-01   3.4132959391e+00  -3.2843526696e+00
  -1.3255611911e-02  -1.3405911684e-02  -6.5681510101e-01   3.7951181241e+00  -3.3801820325e+00
  -1.2903278996e-02  -1.3105312139e-02  -6.3254430812e-01   4.1800716474e+00  -3.4628743504e+00
  -1.2244720059e-02  -1.2701245853e-02  -6.4060292181e-01   4.5303240317e+00  -3.4713577580e+00
  -1.1529735159e-02  -1.1788194265e-02  -7.2269331598e-01   4.3909360646e+00  -3.2698503716e+00
  -1.1112779041e-02  -1.1271276054e-02  -8.0998962406e-01   4.0078092659e+00  -3.0240251154e+00
  -1.0829869610e-02  -1.0954282028e-02  -8.8323156733e-01   3.6246134599e+00  -2.8017535126e+00
  -1.0598515871e-02  -1.0705457192e-02  -9.4968199205e-01   3.2436773514e+00  -2.5881343987e+00
  -1.0395529139e-02  -1.0491574549e-02  -1.0119037736e+00   2.8621809806e+00  -2.3773997928e+00
  -1.0210837487e-02  -1.0299483728e-02  -1.0702484678e+00   2.4837306938e+00  -2.1696959786e+00
  -1.0038894292e-02  -1.0122191246e-02  -1.1257059214e+00   2.1053208017e+00  -1.9623540428e+00
  -9.8763175273e-03  -9.9555973391e-03  -1.1790913993e+00   1.7228923736e+00  -1.7525001693e+00
  -9.7207415505e-03  -9.7970377155e-03  -1.2292484118e+00   1.3460302971e+00  -1.5449327234e+00
  -9.5704157005e-03  -9.6444453855e-03  -1.2773952499e+00   9.6655281174e-01  -1.3347942672e+00
  -9.4240377558e-03  -9.4963860155e-03  -1.3234394922e+00   5.8504923554e-01  -1.1220704021e+00
  -9.2805163142e-03  -9.3516894960e-03  -1.3668149996e+00   2.0624123785e-01  -9.0911197416e-01
  -9.1389155930e-03  -9.2093431325e-03  -1.4078485735e+00  -1.7280500380e-01  -6.9401562407e-01
  -8.9984114867e-03  -9.0684880536e-03  -1.4464938238e+00  -5.5244019197e-01  -4.7628975544e-01
  -8.8582274757e-03  -8.9283349197e-03  -1.4826393473e+00  -9.3283999318e-01  -2.5550835519e-01
  -8.7175978544e-03  -8.7881200316e-03  -1.5159514465e+00  -1.3120264478e+00  -3.2481782321e-02
  -8.5757344652e-03  -8.6470756771e-03  -1.5463447071e+00  -1.6910739370e+00   1.9379602590e-01
  -8.4317858752e-03  -8.5043932532e-03  -1.5735566072e+00  -2.0698529384e+00   4.2370937332e-01
  -8.2847669630e-03  -8.3591784972e-03  -1.5974282002e+00  -2.4515514054e+00   6.5983360141e-01
  -8.1335097313e-03  -8.2103554288e-03  -1.6171695200e+00  -2.8308871030e+00   8.9965111904e-01
  -7.9765990540e-03  -8.0566640338e-03  -1.6322612510e+00  -3.2071034932e+00   1.1434809533e+00
  -7.8123827172e-03  -7.8965340742e-03  -1.6421655670e+00  -3.5899387303e+00   1.3990653595e+00
  -7.6412607386e-03  -7.7282313602e-03  -1.6453504632e+00  -3.9605975646e+00   1.6554888249e+00
  -7.4641442893e-03  -7.5542901170e-03  -1.6408866596e+00  -4.3175619910e+00   1.9131900180e+00
  -7.2796728646e-03  -7.3739984616e-03  -1.6275909756e+00  -4.6556067310e+00   2.1703868883e+00
  -7.0853922345e-03  -7.1853472677e-03  -1.6034854024e+00  -4.9749309574e+00   2.4303070798e+00
  -6.8778881140e-03  -6.9854372014e-03  -1.5667156881e+00  -5.2635751931e+00   2.6874865491e+00
  -6.6519646344e-03  -6.7703390266e-03  -1.5132733127e+00  -5.5182325078e+00   2.9457696027e+00
  -6.3986874106e-03  -6.5335902423e-03  -1.4371463964e+00  -5.7243184587e+00   3.2041149274e+00
  -6.1175080490e-03  -6.2637845790e-03  -1.3330041071e+00  -5.8528743180e+00   3.4503536102e+00
  -5.8432893770e-03  -5.9712315190e-03  -1.2130343709e+00  -5.8764846944e+00   3.6468870728e+00
  -5.6002354693e-03  -5.7153472350e-03  -1.0926536386e+00  -5.8128985556e+00   3.7826682183e+00
  -5.3787685852e-03  -5.4851237036e-03  -9.7206877358e-01  -5.6876792940e+00   3.8749159481e+00
  -5.1723175737e-03  -5.2724134668e-03  -8.5151618595e-01  -5.5157895805e+00   3.9333859055e+00
  -4.9767026617e-03  -5.0722216806e-03  -7.3132696250e-01  -5.3073797849e+00   3.9643288010e+00
  -4.7890431201e-03  -4.8811836428e-03  -6.1107127058e-01  -5.0682075200e+00   3.9720216668e+00
  -4.6072216533e-03  -4.6969025973e-03  -4.9046463559e-01  -4.8020949614e+00   3.9591146937e+00
  -4.4295609895e-03  -4.5175407094e-03  -3.6984197515e-01  -4.5130330042e+00   3.9274267265e+00
  -4.2546488845e-03  -4.3415812697e-03  -2.4934279325e-01  -4.2039876082e+00   3.8782970089e+00
  -4.0812380885e-03  -4.1677164993e-03  -1.2897360978e-01  -3.8770501595e+00   3.8125688905e+00
  -3.9081649687e-03  -3.9947596777e-03  -8.6664424033e-03  -3.5336260064e+00   3.7305986075e+00
  -3.7342766894e-03  -3.8215702598e-03   1.1166496898e-01  -3.1746472361e+00   3.6322778946e+00
  -3.5589605285e-03  -3.6469831191e-03   2.3164954810e-01  -2.8021399738e+00   3.5175075130e+00
  -3.3837704017e-03  -3.4709379380e-03   3.4930601966e-01  -2.4233083171e+00   3.3878606568e+00
  -3.2096743873e-03  -3.2966028654e-03   4.6321669560e-01  -2.0439894581e+00   3.2448296370e+00
  -3.0352144067e-03  -3.1227459091e-03   5.7365202798e-01  -1.6644389714e+00   3.0878560670e+00
  -2.8586634630e-03  -2.9476829044e-03   6.8088940641e-01  -1.2844543586e+00   2.9156799651e+00
  -2.6781264291e-03  -2.7696440215e-03   7.8496181374e-01  -9.0429820984e-01   2.7266168048e+00
  -2.4913551326e-03  -2.5866088367e-03   8.8557876527e-01  -5.2508869982e-01   2.5187033629e+00
  -2.2954872957e-03  -2.3961014284e-03   9.8288058690e-01  -1.4584279146e-01   2.2876400067e+00
  -2.0937091750e-03  -2.1948731629e-03   1.0734068297e+00   2.2036180606e-01   2.0373099251e+00
  -1.8955331049e-03  -1.9925451871e-03   1.1527761645e+00   5.5533719587e-01   1.7776381062e+00
  -1.7047543017e-03  -1.7985210227e-03   1.2181275248e+00   8.4494820555e-01   1.5208729322e+00
  -1.5198063926e-03  -1.6109875807e-03   1.2717739102e+00   1.0969286160e+00   1.2631109291e+00
  -1.3394807147e-03  -1.4286252045e-03   1.3143587064e+00   1.3125082321e+00   1.0049030428e+00
  -1.1627571983e-03  -1.2503362249e-03   1.3464823066e+00   1.4929711164e+00   7.4669963204e-01
  -9.8874741677e-04  -1.0751781717e-03   1.3687118621e+00   1.6396848060e+00   4.8872914560e-01
  -8.1665201489e-04  -9.0231666186e-04   1.3815499343e+00   1.7539490870e+00   2.3104514118e-01
  -6.4572526856e-04  -7.3098736792e-04   1.3854127131e+00   1.8368811529e+00  -2.6428992352e-02
  -4.7524326922e-04  -5.6046316921e-04   1.3806165249e+00   1.8893330851e+00  -2.8385566075e-01
  -3.0446780213e-04  -3.9002336922e-04   1.3672251337e+00   1.9117820935e+00  -5.4316262772e-01
  -1.3261741087e-04  -2.1891223504e-04   1.3455370798e+00   1.9041390360e+00  -8.0098345005e-01
   4.1161916208e-05  -4.6322586705e-05   1.3156277060e+00   1.8668054962e+00  -1.0586111040e+00
   2.1784738492e-04   1.2864641912e-04   1.2774399006e+00   1.7994683408e+00  -1.3163977106e+00
   3.9860381979e-04   3.0704835072e-04   1.2308840517e+00   1.7015352548e+00  -1.5740767153e+00
   5.8488310056e-04   4.9015928885e-04   1.1756187223e+00   1.5716732198e+00  -1.8320067729e+00
   7.7859904483e-04   6.7960691226e-04   1.1109568784e+00   1.4073749427e+00  -2.0908855554e+00
   9.8235657839e-04   8.7759117739e-04   1.0367026075e+00   1.2071173610e+00  -2.3485283975e+00
   1.1999508989e-03   1.0871219794e-03   9.5141973972e-01   9.6575496036e-01  -2.6060762304e+00
   1.4375578854e-03   1.3127798184e-03   8.5245492576e-01   6.7371267726e-01  -2.8649217178e+00
   1.6989681808e-03   1.5623359524e-03   7.3939081181e-01   3.2719807960e-01  -3.1175486286e+00
   1.9696425849e-03   1.8356004091e-03   6.2094830112e-01  -4.8344792149e-02  -3.3393809901e+00
   2.2364526743e-03   2.1036847607e-03   5.0456531598e-01  -4.2881627466e-01  -3.5164012477e+00
   2.5041043181e-03   2.3692205879e-03   3.9177650743e-01  -8.0784348929e-01  -3.6478894383e+00
   2.7798077669e-03   2.6389880482e-03   2.8158865802e-01  -1.1877210068e+00  -3.7336927519e+00
   3.0728525249e-03   2.9206274856e-03   1.7385566620e-01  -1.5682592861e+00  -3.7675309800e+00
   3.3986846548e-03   3.2250775643e-03   6.8510369953e-02  -1.9487896194e+00  -3.7350249158e+00
   3.7871650230e-03   3.5722917453e-03  -3.4439774138e-02  -2.3268822441e+00  -3.6014260751e+00
   4.1830880284e-03   4.0020383008e-03  -1.1286101661e-01  -2.6134063998e+00  -3.3689097835e+00
   4.5090255617e-03   4.3641377560e-03  -1.5616397670e-01  -2.7614613234e+00  -3.1088691450e+00
   4.7804403890e-03   4.6539133673e-03  -1.7770095533e-01  -2.8185833922e+00  -2.8501661443e+00
   5.0222905492e-03   4.9069674107e-03  -1.8633785242e-01  -2.8168054388e+00  -2.5909442179e+00
   5.2455818055e-03   5.1376136877e-03  -1.8601186473e-01  -2.7705818086e+00  -2.3334031531e+00
   5.4564710357e-03   5.3535499233e-03  -1.7899061234e-01  -2.6875487486e+00  -2.0754929385e+00
   5.6588550023e-03   5.5593921481e-03  -1.6664862166e-01  -2.5723380687e+00  -1.8178005325e+00
   5.8554915497e-03   5.7583178566e-03  -1.4979215055e-01  -2.4267117107e+00  -1.5587545731e+00
   6.0485039802e-03   5.9526652429e-03  -1.2930048786e-01  -2.2542433858e+00  -1.3015538911e+00
   6.2396428835e-03   6.1443427175e-03  -1.0548970434e-01  -2.0544597395e+00  -1.0438487862e+00
   6.4304377990e-03   6.3349430496e-03  -7.8584388024e-02  -1.8265834996e+00  -7.8478636814e-01
   6.6223243661e-03   6.5259325484e-03  -4.9257523969e-02  -1.5739523572e+00  -5.2822766378e-01
   6.8167480525e-03   6.7187161838e-03  -1.7088503417e-02  -1.2906545140e+00  -2.6898747334e-01
   7.0152255174e-03   6.9147799212e-03   1.7144016640e-02  -9.8135355562e-01  -1.2446816189e-02
   7.2194690506e-03   7.1156711136e-03   5.4054474799e-02  -6.3826421634e-01   2.4642014803e-01
   7.4278198903e-03   7.3232669875e-03   9.2544276768e-02  -2.6949082253e-01   5.0011051264e-01
   7.6330988469e-03   7.5323727931e-03   1.3094243886e-01   1.0983089718e-01   7.3899996276e-01
   7.8318712898e-03   7.7338249008e-03   1.6807182308e-01   4.8765337103e-01   9.5791846763e-01
   8.0262514037e-03   7.9299176788e-03   2.0454647800e-01   8.6949575301e-01   1.1622828236e+00
   8.2180809738e-03   8.1225851286e-03   2.3969704080e-01   1.2475065740e+00   1.3497591761e+00
   8.4090330783e-03   8.3135768189e-03   2.7405805857e-01   1.6264907691e+00   1.5244013835e+00
   8.6007249660e-03   8.5044893378e-03   3.0779181529e-01   2.0076409878e+00   1.6877333473e+00
   8.7948460302e-03   8.6969605941e-03   3.4040216978e-01   2.3846049196e+00   1.8380894577e+00
   8.9933397089e-03   8.8927314663e-03   3.7274491590e-01   2.7667578955e+00   1.9799309166e+00
   9.1985779992e-03   9.0939479516e-03   4.0409710163e-01   3.1452371728e+00   2.1105005335e+00
   9.4136797929e-03   9.3032080469e-03   4.3483868034e-01   3.5243796752e+00   2.2319342693e+00
   9.6432395538e-03   9.5241515388e-03   4.6498273921e-01   3.9048186851e+00   2.3446722102e+00
   9.8946616915e-03   9.7623275687e-03   4.9422381036e-01   4.2841089457e+00   2.4481530646e+00
   1.0182204210e-02   1.0026995814e-02   5.2254069091e-01   4.6660918136e+00   2.5432335916e+00
   1.0543203773e-02   1.0337412606e-02   5.4887613256e-01   5.0501425855e+00   2.6287451122e+00
   1.1030013678e-02   1.0748994940e-02   5.6605566684e-01   5.3827873680e+00   2.6916828344e+00
   1.1592051153e-02   1.1311032416e-02   5.5664828591e-01   5.4876555877e+00   2.7010901834e+00
   1.2161289584e-02   1.1873069891e-02   5.1045390955e-01   5.2729295413e+00   2.6494991692e+00
   1.2625662592e-02   1.2449509277e-02   4.4509317951e-01   4.8777235798e+00   2.5685958269e+00
   1.2944315626e-02   1.2801815907e-02   3.8510515310e-01   4.4955635735e+00   2.4931175087e+00
   1.3211769039e-02   1.3086815344e-02   3.2607149303e-01   4.1150700606e+00   2.4180671502e+00
   1.3450858000e-02   1.3336722733e-02   2.6711501488e-01   3.7341036723e+00   2.3420588141e+00
   1.3671987830e-02   1.3564993267e-02   2.0846766733e-01   3.3552628705e+00   2.2650357948e+00
   1.3881088217e-02   1.3778982393e-02   1.4976538353e-01   2.9763930369e+00   2.1861392722e+00
   1.4081964633e-02   1.3983194041e-02   9.0748051984e-02   2.5955596949e+00   2.1045659262e+00
   1.4277378847e-02   1.4180735224e-02   3.2217572292e-02   2.2173759549e+00   2.0209498701e+00
   1.4469499153e-02   1.4374022471e-02  -2.6556887261e-02   1.8362901264e+00   1.9336924635e+00
   1.4660150114e-02   1.4564975834e-02  -8.4442613907e-02   1.4585649305e+00   1.8438398976e+00
   1.4851011665e-02   1.4755324394e-02  -1.4216047910e-01   1.0780897464e+00   1.7495043883e+00
   1.5043736590e-02   1.4946698936e-02  -1.9885798203e-01   6.9862768548e-01   1.6510712224e+00
   1.5240081408e-02   1.5140774244e-02  -2.5426696541e-01   3.1961413310e-01   1.5477993062e+00
   1.5442046604e-02   1.5339388573e-02  -3.0794632688e-01  -5.9095716225e-02   1.4389056559e+00
   1.5652113534e-02   1.5544704635e-02  -3.5954677840e-01  -4.3969628313e-01   1.3226969576e+00
   1.5873560482e-02   1.5759522433e-02  -4.0782731589e-01  -8.1992441908e-01   1.1984379308e+00
   1.6110989241e-02   1.5987598531e-02  -4.5133736193e-01  -1.1987670640e+00   1.0645797711e+00
   1.6371595872e-02   1.6234379950e-02  -4.8818287122e-01  -1.5783363727e+00   9.1740367513e-01
   1.6668255086e-02   1.6508811794e-02  -5.1447778492e-01  -1.9591699843e+00   7.5132968346e-01
   1.7029407011e-02   1.6827698379e-02  -5.2165547752e-01  -2.3416536261e+00   5.5483674547e-01
   1.7491685888e-02   1.7231115643e-02  -4.8925895379e-01  -2.6957176996e+00   3.1846884675e-01
   1.8010307423e-02   1.7752256132e-02  -3.9946400204e-01  -2.9195173921e+00   7.9212466769e-02
   1.8464866353e-02   1.8268358714e-02  -2.7894881540e-01  -2.9736537069e+00  -1.0262851898e-01
   1.8831075079e-02   1.8661373993e-02  -1.5800785005e-01  -2.9289128581e+00  -2.2807183564e-01
   1.9157851126e-02   1.9000776165e-02  -3.7407241621e-02  -2.8325934245e+00  -3.2414823109e-01
   1.9467014230e-02   1.9314926087e-02   8.3425894078e-02  -2.7004009453e+00  -4.0212199428e-01
   1.9772087193e-02   1.9619102373e-02   2.0372859223e-01  -2.5395406820e+00  -4.6728609227e-01
   2.0085357063e-02   1.9925072012e-02   3.2441925528e-01  -2.3496983041e+00  -5.2393656457e-01
   2.0423264718e-02   2.0245642113e-02   4.4522943219e-01  -2.1263573682e+00  -5.7505329693e-01
   2.0820229305e-02   2.0600887323e-02   5.6688261664e-01  -1.8509632567e+00  -6.2496702976e-01
   2.1314414659e-02   2.1039571287e-02   6.7540890074e-01  -1.5074977549e+00  -6.7705278925e-01
   2.1890212347e-02   2.1589258030e-02   7.2785708430e-01  -1.1285971858e+00  -7.3093221577e-01
   2.2506791933e-02   2.2191166665e-02   6.8368290981e-01  -7.7115386779e-01  -7.8558137537e-01
   2.3026688789e-02   2.2822417201e-02   5.6851828335e-01  -5.1693480621e-01  -8.2922548631e-01
   2.3390494617e-02   2.3230960378e-02   4.4679377944e-01  -3.6834449009e-01  -8.5630782498e-01
   2.3688827035e-02   2.3550028857e-02   3.2594027406e-01  -2.6469316562e-01  -8.7453992602e-01
   2.3954733666e-02   2.3827625213e-02   2.0536015149e-01  -1.8592756529e-01  -8.8644938310e-01
   2.4202000625e-02   2.4081842119e-02   8.4676864785e-02  -1.2390816515e-01  -8.9281643096e-01
   2.4438426958e-02   2.4322159130e-02  -3.5764753464e-02  -7.4756346263e-02  -8.9377152078e-01
   2.4669367244e-02   2.4554694785e-02  -1.5601565068e-01  -3.6104352375e-02  -8.8916449674e-01
   2.4899144753e-02   2.4784039703e-02  -2.7660850059e-01  -6.5678218689e-03  -8.7848913394e-01
   2.5131881720e-02   2.5014249803e-02  -3.9688634313e-01   1.4237453220e-02  -8.6103935199e-01
   2.5372231534e-02   2.5249513637e-02  -5.1758600457e-01   2.6332342757e-02  -8.3550022333e-01
   2.5626353483e-02   2.5494949431e-02  -6.3801940136e-01   2.8797068335e-02  -8.0013294182e-01
   2.5903992420e-02   2.5757757535e-02  -7.5882470741e-01   1.9584186436e-02  -7.5155874997e-01
   2.6224442676e-02   2.6050227305e-02  -8.7977565084e-01  -6.1215706300e-03  -6.8349233376e-01
   2.6648394853e-02   2.6398658048e-02  -1.0029741243e+00  -6.4280515465e-02  -5.7592767341e-01
   2.7315103007e-02   2.6898131659e-02  -1.0954262987e+00  -2.0551161917e-01  -3.8212142372e-01
   2.8065125303e-02   2.7732074355e-02  -1.0533875660e+00  -4.1538444093e-01  -1.6500951426e-01
   2.8591036584e-02   2.8398176251e-02  -9.2959413312e-01  -5.8113960088e-01  -3.9830997188e-02
   2.8937106939e-02   2.8783896917e-02  -8.0814813501e-01  -6.9056716016e-01   1.8185371584e-02
   2.9223915181e-02   2.9090316961e-02  -6.8717407288e-01  -7.7731078553e-01   4.7631163617e-02
   2.9479444213e-02   2.9357513402e-02  -5.6679997422e-01  -8.4867746809e-01   5.7675757591e-02
   2.9715749707e-02   2.9601375023e-02  -4.4618098663e-01  -9.0819263223e-01   5.2429335761e-02
   2.9939518758e-02   2.9830124390e-02  -3.2591487799e-01  -9.5698171205e-01   3.4067811063e-02
   3.0155096580e-02   3.0048913125e-02  -2.0534720646e-01  -9.9596690498e-01   3.7718504110e-03
   3.0365628200e-02   3.0261280035e-02  -8.4865800416e-02  -1.0251552761e+00  -3.7645449285e-02
   3.0573649927e-02   3.0469976365e-02   3.5476007663e-02  -1.0443837359e+00  -8.9701767177e-02
   3.0781397645e-02   3.0677323489e-02   1.5578768466e-01  -1.0531938858e+00  -1.5224651461e-01
   3.0991045773e-02   3.0885471801e-02   2.7619457423e-01  -1.0507389457e+00  -2.2541206047e-01
   3.1204928275e-02   3.1096619745e-02   3.9670028644e-01  -1.0357183413e+00  -3.0951809740e-01
   3.1425785729e-02   3.1313236805e-02   5.1704414038e-01  -1.0063504058e+00  -4.0492054612e-01
   3.1657160792e-02   3.1538334653e-02   6.3754959104e-01  -9.5986566884e-01  -5.1279393199e-01
   3.1904102193e-02   3.1775986931e-02   7.5803310763e-01  -8.9220692088e-01  -6.3447068283e-01
   3.2174681932e-02   3.2032217456e-02   8.7862263311e-01  -7.9651806151e-01  -7.7258310424e-01
   3.2484068081e-02   3.2317146409e-02   9.9933942961e-01  -6.6010733674e-01  -9.3182625509e-01
   3.2871167325e-02   3.2650989753e-02   1.1214196767e+00  -4.4979810904e-01  -1.1254359350e+00
   3.3358631980e-02   3.3091344897e-02   1.2241965953e+00  -1.3218249913e-01  -1.3431869266e+00
   3.3866732162e-02   3.3625919062e-02   1.2691526189e+00   2.4691841000e-01  -1.5220839808e+00
   3.4339025379e-02   3.4107545262e-02   1.2517042948e+00   6.2653420360e-01  -1.6277089649e+00
   3.4806254722e-02   3.4570505496e-02   1.1811064753e+00   1.0060361669e+00  -1.6646314574e+00
   3.5247530739e-02   3.5042003949e-02   1.0716563102e+00   1.3476934460e+00  -1.6352703644e+00
   3.5623146625e-02   3.5453057528e-02   9.5045684041e-01   1.6109021030e+00  -1.5611855340e+00
   3.5945873004e-02   3.5793235722e-02   8.2990196168e-01   1.8065827987e+00  -1.4635154459e+00
   3.6241518922e-02   3.6098510287e-02   7.0930972061e-01   1.9553024014e+00  -1.3490443875e+00
   3.6522482222e-02   3.6384527557e-02   5.8866688595e-01   2.0649584875e+00  -1.2209697821e+00
   3.6796620120e-02   3.6660436888e-02   4.6837663190e-01   2.1387322339e+00  -1.0813839778e+00
   3.7070031566e-02   3.6932803353e-02   3.4814108888e-01   2.1777625099e+00  -9.3070631071e-01
   3.7348470249e-02   3.7207259779e-02   2.2760197486e-01   2.1806222774e+00  -7.6844738320e-01
   3.7638520533e-02   3.7489680718e-02   1.0690216577e-01   2.1433261273e+00  -5.9404503308e-01
   3.7949102396e-02   3.7787360348e-02  -1.3434789243e-02   2.0592330719e+00  -4.0674371590e-01
   3.8294805979e-02   3.8110844445e-02  -1.3403932342e-01   1.9151419030e+00  -2.0250171216e-01
   3.8705911227e-02   3.8478767512e-02  -2.5519303003e-01   1.6829900978e+00   2.5994271555e-02
   3.9186063092e-02   3.8933054941e-02  -3.6243514638e-01   1.3502104438e+00   2.6100767131e-01
   3.9678989483e-02   3.9439071243e-02  -4.3338308443e-01   9.6972099354e-01   4.5609992688e-01
   4.0171005774e-02   3.9918907723e-02  -4.6613279705e-01   5.8882621657e-01   5.9445104093e-01
   4.0732194146e-02   4.0423103825e-02  -4.6540530765e-01   2.0508945692e-01   6.7887186768e-01
   4.1653249016e-02   4.1041284467e-02  -4.1538146962e-01  -1.6415767005e-01   6.5582263711e-01
   4.2769717117e-02   4.2265213566e-02  -3.6690944902e-01  -1.0739535606e-01   4.6776740001e-01
   4.3588687144e-02   4.3274220669e-02  -3.9298548866e-01   2.7245048361e-01   3.0176639893e-01
   4.4185876985e-02   4.3903153619e-02  -4.6012594341e-01   6.5570419126e-01   2.2183185153e-01
   4.4764832662e-02   4.4468600351e-02  -5.5839146079e-01   1.0314459080e+00   2.0961857459e-01
   4.5346177770e-02   4.5061064973e-02  -6.7637941423e-01   1.3467370957e+00   2.7943735149e-01
   4.5936536258e-02   4.5631290566e-02  -7.9666003208e-01   1.5466975250e+00   4.4349199504e-01
   4.6506306404e-02   4.6241781950e-02  -8.9226868149e-01   1.5965771844e+00   6.8311888224e-01
   4.6998575501e-02   4.6770830858e-02  -9.4265776474e-01   1.5179859013e+00   9.4236678083e-01
   4.7441234934e-02   4.7226320144e-02  -9.5219048290e-01   1.3581074508e+00   1.2006658803e+00
   4.7873617827e-02   4.7656149724e-02  -9.2295478286e-01   1.1351124768e+00   1.4590864494e+00
   4.8326259386e-02   4.8091085931e-02  -8.4840670595e-01   8.5146406959e-01   1.7161418937e+00
   4.8758578346e-02   4.8561432840e-02  -7.3677874227e-01   5.5543934571e-01   1.9300781489e+00
   4.9117444774e-02   4.8955723851e-02  -6.1564881753e-01   3.0547818654e-01   2.0710837637e+00
   4.9422407699e-02   4.9279165698e-02  -4.9497133454e-01   9.9125384368e-02   2.1569321428e+00
   4.9697978669e-02   4.9565649701e-02  -3.7467253552e-01  -7.7075318170e-02   2.2032844184e+00
   4.9955997079e-02   4.9830307637e-02  -2.5396477967e-01  -2.3096346317e-01   2.2172105294e+00
   5.0203659244e-02   5.0081686522e-02  -1.3344589162e-01  -3.6585176036e-01   2.2017820200e+00
   5.0446159779e-02   5.0325631966e-02  -1.2935721767e-02  -4.8487666918e-01   2.1582948502e+00
   5.0687812691e-02   5.0566687591e-02   1.0736131481e-01  -5.9006344740e-01   2.0866662030e+00
   5.0932783047e-02   5.0808937791e-02   2.2775444148e-01  -6.8351036631e-01   1.9850968371e+00
   5.1185744566e-02   5.1056628302e-02   3.4817003956e-01  -7.6682287601e-01   1.8502177349e+00
   5.1452792947e-02   5.1314860831e-02   4.6875747641e-01  -8.4192883530e-01   1.6758475105e+00
   5.1739669476e-02   5.1590725063e-02   5.8788461385e-01  -9.1039015885e-01   1.4550222807e+00
   5.2026947074e-02   5.1888613889e-02   6.9467898406e-01  -9.7015401083e-01   1.2018828432e+00
   5.2292586040e-02   5.2165280258e-02   7.7985990394e-01  -1.0206061426e+00   9.4402885521e-01
   5.2539958706e-02   5.2419891822e-02   8.4677120606e-01  -1.0667234552e+00   6.8557599671e-01
   5.2775372372e-02   5.2660025589e-02   8.9828332336e-01  -1.1120144654e+00   4.2849982767e-01
   5.3003140557e-02   5.2890719155e-02   9.3715992595e-01  -1.1599049488e+00   1.6909044295e-01
   5.3226560136e-02   5.3115561958e-02   9.6413098257e-01  -1.2117858287e+00  -8.8270475083e-02
   5.3448450367e-02   5.3337558314e-02   9.8054236722e-01  -1.2699847159e+00  -3.4585912083e-01
   5.3671444108e-02   5.3559342419e-02   9.8695816770e-01  -1.3364754321e+00  -6.0393832563e-01
   5.3898317291e-02   5.3783545797e-02   9.8362809983e-01  -1.4133587176e+00  -8.6256400912e-01
   5.4132284193e-02   5.4013088785e-02   9.7066064412e-01  -1.5024030789e+00  -1.1199792955e+00
   5.4377508976e-02   5.4251479601e-02   9.4768754572e-01  -1.6072651821e+00  -1.3782908789e+00
   5.4639999943e-02   5.4503538351e-02   9.1406064237e-01  -1.7314558424e+00  -1.6359698202e+00
   5.4929765906e-02   5.4776461535e-02   8.6778723194e-01  -1.8826737648e+00  -1.8952587379e+00
   5.5266761484e-02   5.5083070277e-02   8.0565820248e-01  -2.0716837963e+00  -2.1539248875e+00
   5.5703716597e-02   5.5450452691e-02   7.1708288306e-01  -2.3304668670e+00  -2.4137569216e+00
   5.6256233657e-02   5.5956980502e-02   6.0392130511e-01  -2.6526567955e+00  -2.6082093136e+00
   5.6907981705e-02   5.6555486811e-02   4.8316126237e-01  -2.9755786488e+00  -2.6363790318e+00
   5.7565915647e-02   5.7260476599e-02   3.8472060335e-01  -3.1780536067e+00  -2.4602535608e+00
   5.8082351781e-02   5.7871354695e-02   3.2467276967e-01  -3.2113926993e+00  -2.1960633019e+00
   5.8472613857e-02   5.8293348866e-02   2.8713776732e-01  -3.1454208004e+00  -1.9368558078e+00
   5.8815946577e-02   5.8651878847e-02   2.5678726552e-01  -3.0183242603e+00  -1.6780867961e+00
   5.9136802577e-02   5.8980014307e-02   2.2839909668e-01  -2.8411675371e+00  -1.4203807100e+00
   5.9448238680e-02   5.9293590847e-02   1.9840408183e-01  -2.6153720601e+00  -1.1617790907e+00
   5.9759813816e-02   5.9602886513e-02   1.6405144798e-01  -2.3407956098e+00  -9.0395885039e-01
   6.0080168616e-02   5.9916741119e-02   1.2201179721e-01  -2.0118288510e+00  -6.4653293396e-01
   6.0399949219e-02   6.0243596113e-02   7.1393982244e-02  -1.6424732648e+00  -4.0417199293e-01
   6.0702287114e-02   6.0556302326e-02   1.4304865574e-02  -1.2631570305e+00  -1.9506989129e-01
   6.0987974469e-02   6.0848271902e-02  -4.8922989376e-02  -8.8340645295e-01  -1.9458773883e-02
   6.1263976282e-02   6.1127677037e-02  -1.1877534599e-01  -5.0434172956e-01   1.2604627989e-01
   6.1535465322e-02   6.1400275527e-02  -1.9605574839e-01  -1.2504245122e-01   2.4393083084e-01
   6.1806837288e-02   6.1670655116e-02  -2.8160636911e-01   2.5491056369e-01   3.3499460276e-01
   6.2082363417e-02   6.1943019460e-02  -3.7586617592e-01   6.3376942911e-01   3.9864689456e-01
   6.2366770645e-02   6.2221707374e-02  -4.8032392538e-01   1.0132762368e+00   4.3392496451e-01
   6.2662711915e-02   6.2511833915e-02  -5.9470420913e-01   1.3880722630e+00   4.3827022957e-01
   6.2961946653e-02   6.2813589914e-02  -7.1501646951e-01   1.7431920579e+00   4.1059820852e-01
   6.3258353996e-02   6.3110303392e-02  -8.3523589960e-01   2.0629061449e+00   3.5389103006e-01
   6.3557752799e-02   6.3406404601e-02  -9.5558593318e-01   2.3515895768e+00   2.7027005075e-01
   6.3868532969e-02   6.3709100996e-02  -1.0761364190e+00   2.6118772094e+00   1.5984921141e-01
   6.4203444025e-02   6.4027964942e-02  -1.1967483427e+00   2.8450052394e+00   2.0400666355e-02
   6.4588695224e-02   6.4378923108e-02  -1.3180814298e+00   3.0525324896e+00  -1.5682608571e-01
   6.5070400416e-02   6.4798467339e-02  -1.4332463495e+00   3.2236143490e+00  -3.8401281002e-01
   6.5677692203e-02   6.5342333494e-02  -1.5054304001e+00   3.3170242921e+00  -6.4353524490e-01
   6.6372440691e-02   6.6013050913e-02  -1.4695686770e+00   3.2916780325e+00  -8.4943636049e-01
   6.6925110684e-02   6.6731830469e-02  -1.3470121165e+00   3.2011540072e+00  -9.1467700373e-01
   6.7266022522e-02   6.7118390900e-02  -1.2250992000e+00   3.1212119102e+00  -8.9723574240e-01
   6.7538944087e-02   6.7413654144e-02  -1.1044041616e+00   3.0481354622e+00  -8.5046187370e-01
   6.7775832930e-02   6.7664234030e-02  -9.8380934740e-01   2.9792002226e+00  -7.8610795410e-01
   6.7989731190e-02   6.7887431830e-02  -8.6328047084e-01   2.9131404279e+00  -7.0936000542e-01
   6.8187634803e-02   6.8092030550e-02  -7.4295473474e-01   2.8491110811e+00  -6.2325900819e-01
   6.8373838422e-02   6.8283239055e-02  -6.2253240570e-01   2.7862262973e+00  -5.2943758410e-01
   6.8551217644e-02   6.8464437789e-02  -5.0179322294e-01   2.7237575441e+00  -4.2895048102e-01
   6.8721859164e-02   6.8637997500e-02  -3.8141607615e-01   2.6615023632e+00  -3.2328921741e-01
   6.8887368051e-02   6.8805720827e-02  -2.6174757377e-01   2.5991354445e+00  -2.1354560998e-01
   6.9048988169e-02   6.8969015275e-02  -1.4016245205e-01   2.5347774231e+00  -9.7770535734e-02
   6.9207772981e-02   6.9128961063e-02  -2.1060492707e-02   2.4702811041e+00   1.9374527288e-02
   6.9364645968e-02   6.9286584899e-02   1.0066637790e-01   2.4023634553e+00   1.4255216894e-01
   6.9520429122e-02   6.9442707037e-02   2.2029455834e-01   2.3331154418e+00   2.6670811562e-01
   6.9675916692e-02   6.9598151206e-02   3.4048972990e-01   2.2604834235e+00   3.9427720373e-01
   6.9831887439e-02   6.9753682177e-02   4.6167473440e-01   2.1834977050e+00   5.2554886540e-01
   6.9989140581e-02   6.9910092700e-02   5.8097261714e-01   2.1033248679e+00   6.5717665228e-01
   7.0148558080e-02   7.0068188463e-02   7.0257861192e-01   2.0162644276e+00   7.9362543201e-01
   7.0311117985e-02   7.0228927698e-02   8.2191572939e-01   1.9246068765e+00   9.2960045990e-01
   7.0477981752e-02   7.0393308271e-02   9.4291301840e-01   1.8241709572e+00   1.0694066639e+00
   7.0650605796e-02   7.0562655233e-02   1.0632989317e+00   1.7151561196e+00   1.2103098618e+00
   7.0830832108e-02   7.0738556360e-02   1.1833141768e+00   1.5954845114e+00   1.3524186332e+00
   7.1030071825e-02   7.0923107857e-02   1.3094214248e+00   1.4547341348e+00   1.5033545105e+00