# time = 0.7
# Grid points = 474
# Pressure (Pa) = 101325
#             1_pos             2_posf             3_uvel             4_vvel             5_wvel
  -3.5176507883e-01  -3.5234404486e-01   1.2034922322e+00   5.7170193859e-01   9.1800609524e-01
  -3.5058806440e-01  -3.5118611280e-01   1.3081420718e+00   4.8821715433e-01   1.0022859936e+00
  -3.4928736633e-01  -3.4999001599e-01   1.4091259834e+00   3.9013241461e-01   1.0840237778e+00
  -3.4767840240e-01  -3.4858471667e-01   1.5101431433e+00   2.6154199582e-01   1.1657713559e+00
  -3.4579526708e-01  -3.4677208814e-01   1.5931571803e+00   1.0304739025e-01   1.2320217566e+00
  -3.4386405522e-01  -3.4481844603e-01   1.6368092568e+00  -6.5407528350e-02   1.2645631333e+00
  -3.4195018983e-01  -3.4290966440e-01   1.6374893932e+00  -2.3382503418e-01   1.2601047015e+00
  -3.3999315367e-01  -3.4099071525e-01   1.5952650874e+00  -4.0231727169e-01   1.2185970355e+00
  -3.3804762014e-01  -3.3899559209e-01   1.5129848646e+00  -5.6055470899e-01   1.1431207013e+00
  -3.3635753827e-01  -3.3709964818e-01   1.4122051051e+00  -6.8573317357e-01   1.0533841153e+00
  -3.3497792222e-01  -3.3561542837e-01   1.3109868730e+00  -7.7701567617e-01   9.6512423022e-01
  -3.3376468326e-01  -3.3434041608e-01   1.2103054600e+00  -8.4697809670e-01   8.7887379328e-01
  -3.3265379321e-01  -3.3318895045e-01   1.1097511684e+00  -9.0174758870e-01   7.9418167664e-01
  -3.3161157389e-01  -3.3211863596e-01   1.0089462489e+00  -9.4445236404e-01   7.1073559670e-01
  -3.3061711049e-01  -3.3110451182e-01   9.0875529233e-01  -9.7654376798e-01   6.2928716522e-01
  -3.2965613700e-01  -3.3012970916e-01   8.0763086192e-01  -9.9956096144e-01   5.4866458682e-01
  -3.2871809489e-01  -3.2918256485e-01   7.0745434886e-01  -1.0137756901e+00   4.7046913333e-01
  -3.2779452100e-01  -3.2825362492e-01   6.0706154214e-01  -1.0199172795e+00   3.9389192987e-01
  -3.2687839534e-01  -3.2733541708e-01   5.0607836855e-01  -1.0181346794e+00   3.1882708754e-01
  -3.2596337552e-01  -3.2642137360e-01   4.0548517196e-01  -1.0085201386e+00   2.4619108391e-01
  -3.2504345347e-01  -3.2550537745e-01   3.0509176057e-01  -9.9112278808e-01   1.7603450210e-01
  -3.2411266489e-01  -3.2458152948e-01   2.0485629829e-01  -9.6585275688e-01   1.0856171143e-01
  -3.2316461720e-01  -3.2364380031e-01   1.0377182566e-01  -9.3208951314e-01   4.3436037793e-02
  -3.2219232093e-01  -3.2268543409e-01   3.7538558997e-03  -8.9013387643e-01  -1.7758065109e-02
  -3.2118754699e-01  -3.2169920777e-01  -9.7287814410e-02  -8.3857392083e-01  -7.5844005755e-02
  -3.2014027266e-01  -3.2067588621e-01  -1.9757871708e-01  -7.7755696470e-01  -1.2921934603e-01
  -3.1903773903e-01  -3.1960465911e-01  -2.9828344851e-01  -7.0547763425e-01  -1.7780700839e-01
  -3.1786270087e-01  -3.1847081894e-01  -3.9872806626e-01  -6.2149159110e-01  -2.2032029351e-01
  -3.1659049013e-01  -3.1725458280e-01  -4.9943330613e-01  -5.2333386483e-01  -2.5567460665e-01
  -3.1518309281e-01  -3.1592639746e-01  -5.9997209290e-01  -4.0871238735e-01  -2.8183136044e-01
  -3.1357522214e-01  -3.1443978815e-01  -7.0071348816e-01  -2.7289869515e-01  -2.9594935471e-01
  -3.1172059113e-01  -3.1271065613e-01  -7.9790287259e-01  -1.1475675507e-01  -2.9333580799e-01
  -3.0968620648e-01  -3.1073052613e-01  -8.8109819545e-01   5.3450833271e-02  -2.7115765547e-01
  -3.0748140572e-01  -3.0864188683e-01  -9.4453024033e-01   2.2233829770e-01  -2.3019867283e-01
  -3.0490807976e-01  -3.0632092462e-01  -9.8499293218e-01   3.9161291454e-01  -1.7066713304e-01
  -3.0129594206e-01  -3.0349523491e-01  -9.8507238337e-01   5.6378621654e-01  -9.0080144582e-02
  -2.9714580724e-01  -2.9909664921e-01  -9.1641898313e-01   6.6674341309e-01  -3.3829654996e-02
  -2.9388757999e-01  -2.9519496528e-01  -8.1392688570e-01   6.7974548104e-01  -3.3894846282e-02
  -2.9151507988e-01  -2.9258019471e-01  -7.1304191497e-01   6.5718065081e-01  -6.1972855757e-02
  -2.8952086408e-01  -2.9044996505e-01  -6.1250313294e-01   6.2235541053e-01  -1.0161404079e-01
  -2.8775075065e-01  -2.8859176311e-01  -5.1184660221e-01   5.8205783651e-01  -1.4659834908e-01
  -2.8612933897e-01  -2.8690973819e-01  -4.1143994393e-01   5.3934854959e-01  -1.9327796462e-01
  -2.8461146782e-01  -2.8534893975e-01  -3.1089658012e-01   4.9537539659e-01  -2.3966396939e-01
  -2.8316659209e-01  -2.8387399589e-01  -2.1042194238e-01   4.5074966485e-01  -2.8420061469e-01
  -2.8177173072e-01  -2.8245918830e-01  -1.0988349440e-01   4.0549345406e-01  -3.2589099079e-01
  -2.8040799187e-01  -2.8108427315e-01  -9.4997299763e-03   3.5949708031e-01  -3.6383484131e-01
  -2.7905831075e-01  -2.7973171060e-01   9.1119426912e-02   3.1214077503e-01  -3.9748373542e-01
  -2.7770562910e-01  -2.7838491091e-01   1.9171297272e-01   2.6287148537e-01  -4.2608138390e-01
  -2.7633096648e-01  -2.7702634729e-01   2.9216484204e-01   2.1080306415e-01  -4.4892777667e-01
  -2.7491065310e-01  -2.7563558568e-01   3.9272434335e-01   1.5444276374e-01  -4.6525740590e-01
  -2.7341114627e-01  -2.7418572052e-01   4.9336403405e-01   9.1707068431e-02  -4.7390156457e-01
  -2.7177740030e-01  -2.7263657202e-01   5.9403649646e-01   1.9106529059e-02  -4.7303047882e-01
  -2.6989685638e-01  -2.7091822858e-01   6.9515536419e-01  -7.0832332961e-02  -4.5903624334e-01
  -2.6750076456e-01  -2.6887548419e-01   7.9490729380e-01  -1.9603151524e-01  -4.2290323922e-01
  -2.6473251061e-01  -2.6612604493e-01   8.6358156457e-01  -3.5491207999e-01  -3.6159639102e-01
  -2.6203253488e-01  -2.6333897628e-01   8.7580579353e-01  -5.2286221733e-01  -2.8866394168e-01
  -2.5945471169e-01  -2.6072609347e-01   8.3405534253e-01  -6.9110760787e-01  -2.1470981402e-01
  -2.5704851444e-01  -2.5818332990e-01   7.4997215046e-01  -8.4916324524e-01  -1.4845940791e-01
  -2.5502818771e-01  -2.5591369897e-01   6.4878219385e-01  -9.7816605281e-01  -9.8462525168e-02
  -2.5337584222e-01  -2.5414267645e-01   5.4796373426e-01  -1.0776840365e+00  -6.3240717710e-02
  -2.5190894803e-01  -2.5260900798e-01   4.4719630317e-01  -1.1595289144e+00  -3.6880080195e-02
  -2.5054871859e-01  -2.5120888807e-01   3.4636868532e-01  -1.2283033214e+00  -1.6850038996e-02
  -2.4925119513e-01  -2.4988854910e-01   2.4601693639e-01  -1.2859090835e+00  -1.8117706777e-03
  -2.4798685007e-01  -2.4861384116e-01   1.4543864865e-01  -1.3338422303e+00   9.2627626675e-03
  -2.4673246011e-01  -2.4735985898e-01   4.4815276348e-02  -1.3723035237e+00   1.6975049584e-02
  -2.4546648391e-01  -2.4610506125e-01  -5.5956920548e-02  -1.4010706072e+00   2.1829324624e-02
  -2.4416584276e-01  -2.4482790657e-01  -1.5634379199e-01  -1.4192206767e+00   2.4257431550e-02
  -2.4280165894e-01  -2.4350377896e-01  -2.5702347770e-01  -1.4252764832e+00   2.4732404407e-02
  -2.4133171783e-01  -2.4209953892e-01  -3.5774930094e-01  -1.4161943765e+00   2.3802402715e-02
  -2.3968266884e-01  -2.4056389673e-01  -4.5855194876e-01  -1.3862569646e+00   2.2353259075e-02
  -2.3768696962e-01  -2.3880144095e-01  -5.5992204520e-01  -1.3218379796e+00   2.2323336834e-02
  -2.3517639840e-01  -2.3657249829e-01  -6.5106021952e-01  -1.1985668725e+00   2.9006036314e-02
  -2.3264569374e-01  -2.3378029851e-01  -7.0052798289e-01  -1.0320691261e+00   4.7066224936e-02
  -2.3052527648e-01  -2.3151108897e-01  -7.0740726495e-01  -8.6326656443e-01   7.3574301760e-02
  -2.2863568020e-01  -2.2953946399e-01  -6.8831897797e-01  -6.9450358154e-01   1.0656208603e-01
  -2.2687430556e-01  -2.2773189641e-01  -6.5110154386e-01  -5.2625108666e-01   1.4466306988e-01
  -2.2518155738e-01  -2.2601671471e-01  -5.9951694451e-01  -3.5745352205e-01   1.8707618627e-01
  -2.2351411174e-01  -2.2434640006e-01  -5.3615880845e-01  -1.8937891455e-01   2.3246647612e-01
  -2.2183273851e-01  -2.2268182342e-01  -4.6143978770e-01  -2.0438388364e-02   2.8013265089e-01
  -2.2009347323e-01  -2.2098365361e-01  -3.7599628185e-01   1.4787869578e-01   3.2821022415e-01
  -2.1827614477e-01  -2.1920329286e-01  -2.8029523800e-01   3.1304878478e-01   3.7389093146e-01
  -2.1643881477e-01  -2.1734899669e-01  -1.7994855607e-01   4.6375294792e-01   4.1131272168e-01
  -2.1461478259e-01  -2.1552863285e-01  -7.9595203441e-02   5.9224087095e-01   4.3563914247e-01
  -2.1276145994e-01  -2.1370093233e-01   2.1056021972e-02   6.9743632453e-01   4.4344426772e-01
  -2.1083213595e-01  -2.1182198755e-01   1.2137304349e-01   7.7524450033e-01   4.2986727202e-01
  -2.0876705669e-01  -2.0984228434e-01   2.2189371836e-01   8.1996207153e-01   3.8782920676e-01
  -2.0646968048e-01  -2.0769182903e-01   3.2247179345e-01   8.2045654501e-01   3.0597493678e-01
  -2.0404536910e-01  -2.0524753193e-01   4.1339523334e-01   7.6625940894e-01   1.8144477035e-01
  -2.0183316656e-01  -2.0284320627e-01   4.8042144541e-01   6.7163692051e-01   3.8476961285e-02
  -1.9990047377e-01  -2.0082312685e-01   5.2491738577e-01   5.5762617386e-01  -1.0448716996e-01
  -1.9808763594e-01  -1.9897782069e-01   5.5333703201e-01   4.3021990701e-01  -2.4699221765e-01
  -1.9629688885e-01  -1.9719745118e-01   5.6780253025e-01   2.9057672628e-01  -3.8957792406e-01
  -1.9443315990e-01  -1.9539632653e-01   5.6731835415e-01   1.3745627374e-01  -5.3250473995e-01
  -1.9242884803e-01  -1.9346999328e-01   5.4791459164e-01  -2.7157771583e-02  -6.7061016198e-01
  -1.9023927623e-01  -1.9138770278e-01   5.0306279204e-01  -1.9617725049e-01  -7.9192773213e-01
  -1.8785325437e-01  -1.8909084967e-01   4.2507203149e-01  -3.5492856449e-01  -8.7658255709e-01
  -1.8562980883e-01  -1.8661565907e-01   3.2561956631e-01  -4.6956510457e-01  -9.0270717299e-01
  -1.8380741984e-01  -1.8464395860e-01   2.2465416839e-01  -5.3364385774e-01  -8.8065904740e-01
  -1.8222366779e-01  -1.8297088107e-01   1.2417993745e-01  -5.6520806319e-01  -8.2892460030e-01
  -1.8078799335e-01  -1.8147645450e-01   2.3386131058e-02  -5.7409898527e-01  -7.5603272839e-01
  -1.7945078368e-01  -1.8009953219e-01  -7.6965803182e-02  -5.6563830293e-01  -6.6756434742e-01
  -1.7818018703e-01  -1.7880203517e-01  -1.7770408268e-01  -5.4316227182e-01  -5.6597696056e-01
  -1.7695344315e-01  -1.7755833888e-01  -2.7809052686e-01  -5.0906882397e-01  -4.5411972222e-01
  -1.7575233499e-01  -1.7634854742e-01  -3.7895748251e-01  -4.6459104256e-01  -3.3251606640e-01
  -1.7456076902e-01  -1.7515612257e-01  -4.7939758609e-01  -4.1114135835e-01  -2.0326054522e-01
  -1.7336363315e-01  -1.7396541547e-01  -5.7979526225e-01  -3.4920363208e-01  -6.6580800261e-02
  -1.7216399831e-01  -1.7276185082e-01  -6.7848107683e-01  -2.8024686061e-01   7.4733221637e-02
  -1.7097015310e-01  -1.7156614579e-01  -7.7348844140e-01  -2.0605755396e-01   2.1735538164e-01
  -1.6976884990e-01  -1.7037416041e-01  -8.6426751784e-01  -1.2730289709e-01   3.6008245503e-01
  -1.6853621894e-01  -1.6916353939e-01  -9.5050185851e-01  -4.4055828976e-02   5.0238309770e-01
  -1.6724226984e-01  -1.6790889848e-01  -1.0324343906e+00   4.5021847890e-02   6.4531120042e-01
  -1.6584256441e-01  -1.6657564119e-01  -1.1084424426e+00   1.4071574587e-01   7.8775520934e-01
  -1.6425575692e-01  -1.6510948762e-01  -1.1769228205e+00   2.4703677408e-01   9.3096907655e-01
  -1.6227347137e-01  -1.6340202621e-01  -1.2315835221e+00   3.7278888270e-01   1.0752123281e+00
  -1.5958048382e-01  -1.6114491652e-01  -1.2451156053e+00   5.2676479234e-01   1.2007725250e+00
  -1.5669080881e-01  -1.5801605111e-01  -1.1811703429e+00   6.6820017734e-01   1.2441627408e+00
  -1.5451256817e-01  -1.5536556651e-01  -1.0779218104e+00   7.5777912595e-01   1.2142409258e+00
  -1.5297078979e-01  -1.5365956983e-01  -9.7662650768e-01   8.1254231024e-01   1.1623874570e+00
  -1.5168151950e-01  -1.5228200974e-01  -8.7582709556e-01   8.5339617038e-01   1.1024631980e+00
  -1.5053645830e-01  -1.5108102925e-01  -7.7513316503e-01   8.8627062232e-01   1.0384628052e+00
  -1.4948573322e-01  -1.4999188734e-01  -6.7449840897e-01   9.1381777601e-01   9.7233232143e-01
  -1.4850101924e-01  -1.4897957910e-01  -5.7397419050e-01   9.3749554924e-01   9.0524489987e-01
  -1.4756417027e-01  -1.4802245938e-01  -4.7357293572e-01   9.5820274225e-01   8.3794705358e-01
  -1.4666262629e-01  -1.4710588116e-01  -3.7269088773e-01   9.7662901065e-01   7.7056079482e-01
  -1.4578701072e-01  -1.4621937142e-01  -2.7203243111e-01   9.9302531405e-01   7.0396355501e-01
  -1.4492986311e-01  -1.4535465001e-01  -1.7130613125e-01   1.0077105143e+00   6.3829241365e-01
  -1.4408502011e-01  -1.4450507621e-01  -7.0865906739e-02   1.0208141875e+00   5.7405778166e-01
  -1.4324712369e-01  -1.4366496401e-01   2.9431605368e-02   1.0324731148e+00   5.1141264486e-01
  -1.4241131079e-01  -1.4282928338e-01   1.2970045331e-01   1.0427547520e+00   4.5052289288e-01
  -1.4157287428e-01  -1.4199333821e-01   2.3103668391e-01   1.0517422838e+00   3.9100993337e-01
  -1.4072707381e-01  -1.4115241036e-01   3.3137783461e-01   1.0592029059e+00   3.3434564085e-01
  -1.3986895131e-01  -1.4030173727e-01   4.3181687603e-01   1.0651463237e+00   2.8014647030e-01
  -1.3899301803e-01  -1.3943616535e-01   5.3234954517e-01   1.0694116475e+00   2.2873021021e-01
  -1.3809295490e-01  -1.3854987071e-01   6.3281537586e-01   1.0717668273e+00   1.8053254454e-01
  -1.3716115089e-01  -1.3763603909e-01   7.3335133608e-01   1.0718986528e+00   1.3590798831e-01
  -1.3618794571e-01  -1.3668626268e-01   8.3414513222e-01   1.0693502592e+00   9.5311588194e-02
  -1.3516067201e-01  -1.3568962873e-01   9.3464666158e-01   1.0635041424e+00   5.9626574098e-02
  -1.3406166923e-01  -1.3463171529e-01   1.0352971222e+00   1.0534219545e+00   2.9561880609e-02
  -1.3286447488e-01  -1.3349162316e-01   1.1359510405e+00   1.0376853441e+00   6.4229572471e-03
  -1.3152578323e-01  -1.3223732660e-01   1.2366490367e+00   1.0139131657e+00  -7.8779570467e-03
  -1.2996372585e-01  -1.3081423987e-01   1.3374940433e+00   9.7757790416e-01  -9.9997367916e-03
  -1.2797356923e-01  -1.2911321183e-01   1.4392187669e+00   9.1724361930e-01   7.6801285261e-03
  -1.2512624318e-01  -1.2683392662e-01   1.5319664707e+00   8.0351146076e-01   6.4146615095e-02
  -1.2193348840e-01  -1.2341855973e-01   1.5697206883e+00   6.4187604851e-01   1.5246107383e-01
  -1.1915364124e-01  -1.2044841707e-01   1.5480904960e+00   4.7366585862e-01   2.3583413895e-01
  -1.1667432375e-01  -1.1785886541e-01   1.4905876426e+00   3.0531836117e-01   3.0355599924e-01
  -1.1437320082e-01  -1.1548978209e-01   1.4089338681e+00   1.3739905663e-01   3.5322940876e-01
  -1.1226057563e-01  -1.1325661956e-01   1.3123646275e+00  -2.4643665831e-02   3.8373509734e-01
  -1.1039599905e-01  -1.1126453170e-01   1.2117674346e+00  -1.7146749296e-01   3.9646686511e-01
  -1.0874122816e-01  -1.0952746640e-01   1.1112129268e+00  -3.0354308956e-01   3.9579478630e-01
  -1.0722693140e-01  -1.0795498991e-01   1.0106138129e+00  -4.2464250093e-01   3.8508119996e-01
  -1.0581394304e-01  -1.0649887288e-01   9.1021559001e-01  -5.3646034731e-01   3.6649439194e-01
  -1.0447700286e-01  -1.0512901321e-01   8.0963883093e-01  -6.4057071126e-01   3.4141945711e-01
  -1.0319819609e-01  -1.0382499251e-01   7.0921783752e-01  -7.3730007751e-01   3.1096467068e-01
  -1.0196375287e-01  -1.0257139967e-01   6.0861601192e-01  -8.2734827445e-01   2.7576859989e-01
  -1.0076241531e-01  -1.0135610608e-01   5.0813223752e-01  -9.1059098668e-01   2.3645035668e-01
  -9.9584341657e-02  -1.0016872454e-01   4.0787206660e-01  -9.8695185688e-01   1.9341966721e-01
  -9.8420501957e-02  -9.8999958778e-02   3.0691707420e-01  -1.0568496677e+00   1.4643255658e-01
  -9.7262017163e-02  -9.7841045135e-02   2.0669947576e-01  -1.1188906528e+00   9.6194426506e-02
  -9.6099596035e-02  -9.6682989190e-02   1.0610730665e-01  -1.1731889888e+00   4.2058393288e-02
  -9.4922912529e-02  -9.5516202880e-02   5.4437246402e-03  -1.2185791175e+00  -1.6144141620e-02
  -9.3719713030e-02  -9.4329622179e-02  -9.4990772176e-02  -1.2536338857e+00  -7.8745295583e-02
  -9.2474402486e-02  -9.3109803881e-02  -1.9551045023e-01  -1.2765747679e+00  -1.4676322996e-01
  -9.1165443237e-02  -9.1839001091e-02  -2.9614738109e-01  -1.2844779561e+00  -2.2156987624e-01
  -8.9760403505e-02  -9.0491885383e-02  -3.9677767157e-01  -1.2727383661e+00  -3.0526179808e-01
  -8.8204365215e-02  -8.9028921627e-02  -4.9740193455e-01  -1.2334363948e+00  -4.0168871696e-01
  -8.6392288534e-02  -8.7379808803e-02  -5.9825956559e-01  -1.1501835800e+00  -5.1909559679e-01
  -8.4408373543e-02  -8.5404768266e-02  -6.8573947370e-01  -1.0125751537e+00  -6.5257210304e-01
  -8.2604439263e-02  -8.3411978820e-02  -7.4328525525e-01  -8.4544295575e-01  -7.7806266763e-01
  -8.1104576328e-02  -8.1796899706e-02  -7.7442035100e-01  -6.7627847014e-01  -8.8508350487e-01
  -7.9790654900e-02  -8.0412252950e-02  -7.8942660532e-01  -5.0753316435e-01  -9.8020336785e-01
  -7.8594620677e-02  -7.9169056850e-02  -7.9365284475e-01  -3.3905202682e-01  -1.0674691064e+00
  -7.7478518590e-02  -7.8020184505e-02  -7.9005366005e-01  -1.6998008509e-01  -1.1494519450e+00
  -7.6417849285e-02  -7.6936852676e-02  -7.8055650145e-01  -1.6986623562e-03  -1.2268156722e+00
  -7.5395065873e-02  -7.5898845893e-02  -7.6643404224e-01   1.6690297368e-01  -1.3009676854e+00
  -7.4396594806e-02  -7.4891285853e-02  -7.4858300376e-01   3.3605559355e-01  -1.3725758153e+00
  -7.3410770841e-02  -7.3901903760e-02  -7.2799288394e-01   5.0376817905e-01  -1.4412394269e+00
  -7.2426689635e-02  -7.2919637923e-02  -7.0488100212e-01   6.7319105965e-01  -1.5085229183e+00
  -7.1433165956e-02  -7.1933741348e-02  -6.8014805513e-01   8.4148138870e-01  -1.5734522326e+00
  -7.0417479572e-02  -7.0932590565e-02  -6.5411920012e-01   1.0099187220e+00  -1.6366097063e+00
  -6.9363500369e-02  -6.9902368579e-02  -6.2722627517e-01   1.1788767379e+00  -1.6980628138e+00
  -6.8248586243e-02  -6.8824632160e-02  -6.0020494147e-01   1.3473031199e+00  -1.7571992298e+00
  -6.7036227788e-02  -6.7672540326e-02  -5.7361633929e-01   1.5164188436e+00  -1.8139022193e+00
  -6.5655475603e-02  -6.6399915249e-02  -5.4874765456e-01   1.6860499391e+00  -1.8668256403e+00
  -6.3910359247e-02  -6.4911035956e-02  -5.2848209753e-01   1.8570722996e+00  -1.9124937325e+00
  -6.0648495478e-02  -6.2909682538e-02  -5.3521861010e-01   2.0126786466e+00  -1.9171779194e+00
  -5.7107152089e-02  -5.8387308419e-02  -6.0378088467e-01   1.9507545278e+00  -1.8058900037e+00
  -5.5041954915e-02  -5.5826995759e-02  -6.7668707308e-01   1.7805450079e+00  -1.6701268704e+00
  -5.3640695330e-02  -5.4256914071e-02  -7.3785441918e-01   1.6103045864e+00  -1.5473718638e+00
  -5.2494792757e-02  -5.3024476588e-02  -7.9334916007e-01   1.4410679696e+00  -1.4293953877e+00
  -5.1489392892e-02  -5.1965108926e-02  -8.4531185413e-01   1.2715823862e+00  -1.3130119179e+00
  -5.0574609152e-02  -5.1013676858e-02  -8.9403620444e-01   1.1034500278e+00  -1.1983022380e+00
  -4.9722968935e-02  -5.0135541446e-02  -9.4034891134e-01   9.3533558017e-01  -1.0837923709e+00
  -4.8917720946e-02  -4.9310396425e-02  -9.8493083087e-01   7.6543580541e-01  -9.6789517488e-01
  -4.8147148089e-02  -4.8525045468e-02  -1.0268162091e+00   5.9800894255e-01  -8.5326066879e-01
  -4.7402579280e-02  -4.7769250710e-02  -1.0670224407e+00   4.2942011932e-01  -7.3720620502e-01
  -4.6677564573e-02  -4.7035907849e-02  -1.1054723365e+00   2.5993115047e-01  -6.1972382790e-01
  -4.5966698220e-02  -4.6319221297e-02  -1.1416931292e+00   9.1639712905e-02  -5.0211185155e-01
  -4.5265345256e-02  -4.5614175142e-02  -1.1759577075e+00  -7.6757589637e-02  -3.8331909246e-01
  -4.4569423862e-02  -4.4916515370e-02  -1.2082273079e+00  -2.4541656235e-01  -2.6307404915e-01
  -4.3875087910e-02  -4.4222332353e-02  -1.2384088663e+00  -4.1441524834e-01  -1.4114143923e-01
  -4.3178544836e-02  -4.3527843466e-02  -1.2662236977e+00  -5.8287490804e-01  -1.7968800453e-02
  -4.2475890869e-02  -4.2829246205e-02  -1.2916004213e+00  -7.5127285340e-01   1.0699949945e-01
  -4.1762908836e-02  -4.2122535533e-02  -1.3143197522e+00  -9.1955154351e-01   2.3397571099e-01
  -4.1034719396e-02  -4.1403282138e-02  -1.3342488271e+00  -1.0891272805e+00   3.6438215133e-01
  -4.0285537423e-02  -4.0666156654e-02  -1.3507279320e+00  -1.2576533488e+00   4.9682842094e-01
  -3.9508353751e-02  -3.9904918192e-02  -1.3633232984e+00  -1.4247936472e+00   6.3149072526e-01
  -3.8694984910e-02  -3.9111789310e-02  -1.3715853925e+00  -1.5948745164e+00   7.7264498035e-01
  -3.7847412202e-02  -3.8278180510e-02  -1.3742350587e+00  -1.7595458637e+00   9.1426278939e-01
  -3.6970148685e-02  -3.7416643893e-02  -1.3704961027e+00  -1.9181332960e+00   1.0565864435e+00
  -3.6056455737e-02  -3.6523653478e-02  -1.3593803514e+00  -2.0683154039e+00   1.1986317784e+00
  -3.5094177477e-02  -3.5589257997e-02  -1.3392355475e+00  -2.2101806864e+00   1.3421814094e+00
  -3.4066402840e-02  -3.4599096957e-02  -1.3085131595e+00  -2.3384159582e+00   1.4842176926e+00
  -3.2947396520e-02  -3.3533708723e-02  -1.2638649262e+00  -2.4515520874e+00   1.6268638631e+00
  -3.1692906218e-02  -3.2361084318e-02  -1.2002694864e+00  -2.5431097324e+00   1.7695449679e+00
  -3.0300215723e-02  -3.1024728119e-02  -1.1132747790e+00  -2.6002235311e+00   1.9055404722e+00
  -2.8942001749e-02  -2.9575703327e-02  -1.0130622817e+00  -2.6107136552e+00   2.0140850934e+00
  -2.7738147864e-02  -2.8308300171e-02  -9.1250899281e-01  -2.5824652757e+00   2.0890773560e+00
  -2.6641215206e-02  -2.7167995556e-02  -8.1178697849e-01  -2.5268353562e+00   2.1400269299e+00
  -2.5618656652e-02  -2.6114434856e-02  -7.1109329077e-01  -2.4504713127e+00   2.1723216670e+00
  -2.4649769650e-02  -2.5122878448e-02  -6.1070420443e-01  -2.3578826152e+00   2.1894137076e+00
  -2.3720285856e-02  -2.4176660852e-02  -5.1026051860e-01  -2.2516271837e+00   2.1936651850e+00
  -2.2819718235e-02  -2.3263910859e-02  -4.0952450807e-01  -2.1334030868e+00   2.1865397543e+00
  -2.1939759207e-02  -2.2375525612e-02  -3.0877582721e-01  -2.0049833457e+00   2.1690419192e+00
  -2.1073413879e-02  -2.1503992802e-02  -2.0813093021e-01  -1.8676856383e+00   2.1419113129e+00
  -2.0214504584e-02  -2.0642834957e-02  -1.0759521523e-01  -1.7224390996e+00   2.1056136985e+00
  -1.9357267810e-02  -1.9786174211e-02  -7.1118702568e-03  -1.5698680822e+00   2.0603458165e+00
  -1.8495993524e-02  -1.8928361409e-02   9.3391167508e-02  -1.4103866848e+00   2.0060478717e+00
  -1.7627646895e-02  -1.8063625640e-02   1.9360397365e-01  -1.2448950479e+00   1.9426650426e+00
  -1.6759924516e-02  -1.7191668150e-02   2.9187176824e-01  -1.0765937004e+00   1.8710661251e+00
  -1.5897621312e-02  -1.6328180883e-02   3.8701050214e-01  -9.0807590401e-01   1.7920752583e+00
  -1.5033515372e-02  -1.5467061741e-02   4.7924607078e-01  -7.3945520777e-01   1.7053840566e+00
  -1.4159052823e-02  -1.4599969002e-02   5.6881014355e-01  -5.7064165530e-01   1.6102966547e+00
  -1.3264847040e-02  -1.3718136643e-02   6.5573024029e-01  -4.0175191321e-01   1.5058827115e+00
  -1.2339762752e-02  -1.2811557437e-02   7.3976370221e-01  -2.3328275498e-01   1.3910579571e+00
  -1.1369623005e-02  -1.1867968067e-02   8.2102763959e-01  -6.4797463562e-02   1.2634477694e+00
  -1.0370209431e-02  -1.0871277943e-02   8.9663188280e-01   9.7893993828e-02   1.1251966777e+00
  -9.3886369303e-03  -9.8691409190e-03   9.6291726683e-01   2.4671138280e-01   9.8178598074e-01
  -8.4437033319e-03  -8.9081329415e-03   1.0174944575e+00   3.7537495858e-01   8.3998019514e-01
  -7.5276503411e-03  -7.9792737223e-03   1.0622952624e+00   4.8732056013e-01   6.9762355085e-01
  -6.6344914116e-03  -7.0760269600e-03   1.0978570810e+00   5.8309454592e-01   5.5502034271e-01
  -5.7591741047e-03  -6.1929558631e-03   1.1246813993e+00   6.6326737950e-01   4.1241931195e-01
  -4.8972980148e-03  -5.3253923464e-03   1.1432419313e+00   7.2844660930e-01   2.6994664176e-01
  -4.0449039092e-03  -4.4692036833e-03   1.1539584380e+00   7.7920968428e-01   1.2763192415e-01
  -3.1982981925e-03  -3.6206041351e-03   1.1571785361e+00   8.1605293369e-01  -1.4567141423e-02
  -2.3538953219e-03  -2.7759922498e-03   1.1531664305e+00   8.3935490664e-01  -1.5674024124e-01
  -1.5080388961e-03  -1.9317983940e-03   1.1419753362e+00   8.4932760554e-01  -2.9995204993e-01
  -6.5685833609e-04  -1.0842793982e-03   1.1238546866e+00   8.4593143497e-01  -4.4234332268e-01
   2.0387630563e-04  -2.2943727393e-04   1.0988673820e+00   8.2934480089e-01  -5.8462814982e-01
   1.0790051611e-03   6.3718988519e-04   1.0669657158e+00   7.9942858738e-01  -7.2700100496e-01
   1.9742976439e-03   1.5208204370e-03   1.0280748512e+00   7.5591964918e-01  -8.6931467728e-01
   2.8969449615e-03   2.4277748508e-03   9.8190960541e-01   6.9822577040e-01  -1.0117672571e+00
   3.8564263146e-03   3.3661150723e-03   9.2789613613e-01   6.2523304421e-01  -1.1547440790e+00
   4.8656439851e-03   4.3467375570e-03   8.6587086823e-01   5.3626483066e-01  -1.2970385911e+00
   5.9433957099e-03   5.3845504132e-03   7.9463425187e-01   4.2903515038e-01  -1.4392809554e+00
   7.1202708183e-03   6.5022410066e-03   7.1197011310e-01   2.9929012607e-01  -1.5822403980e+00
   8.4150444873e-03   7.7383006299e-03   6.1753005204e-01   1.4534492748e-01  -1.7217658280e+00
   9.7557035877e-03   9.0917883447e-03   5.1859857586e-01  -2.1496468339e-02  -1.8442840420e+00
   1.1077222612e-02   1.0419618831e-02   4.2138835207e-01  -1.9052736924e-01  -1.9420531315e+00
   1.2402909882e-02   1.1734826393e-02   3.2718116316e-01  -3.5891651846e-01  -2.0146754234e+00
   1.3768478003e-02   1.3070993370e-02   2.3514743231e-01  -5.2768331044e-01  -2.0620665471e+00
   1.5219938191e-02   1.4465962636e-02   1.4516524752e-01  -6.9674351551e-01  -2.0807580317e+00
   1.6833795295e-02   1.5973913747e-02   5.7178789234e-02  -8.6579999905e-01  -2.0628084383e+00
   1.8757951156e-02   1.7693676844e-02  -2.8805050861e-02  -1.0337731781e+00  -1.9890266490e+00
   2.0718970639e-02   1.9822225467e-02  -9.4299772317e-02  -1.1610652863e+00  -1.8606133920e+00
   2.2333349809e-02   2.1615715810e-02  -1.3046241437e-01  -1.2268401292e+00  -1.7169977576e+00
   2.3677676250e-02   2.3050983809e-02  -1.4844575449e-01  -1.2522165842e+00  -1.5741202076e+00
   2.4875567935e-02   2.4304368691e-02  -1.5565478383e-01  -1.2514257351e+00  -1.4309556450e+00
   2.5981536768e-02   2.5446767179e-02  -1.5537799165e-01  -1.2308891605e+00  -1.2887190970e+00
   2.7026077963e-02   2.6516306356e-02  -1.4950931973e-01  -1.1939993748e+00  -1.1462784346e+00
   2.8028492311e-02   2.7535849569e-02  -1.3919682472e-01  -1.1428141333e+00  -1.0039578654e+00
   2.9002439507e-02   2.8521135054e-02  -1.2511389934e-01  -1.0781161974e+00  -8.6088956736e-01
   2.9958436333e-02   2.9483743960e-02  -1.0799500684e-01  -1.0014932564e+00  -7.1884023748e-01
   3.0905153519e-02   3.0433128706e-02  -8.8104114161e-02  -9.1273500219e-01  -5.7651217225e-01
   3.1850166922e-02   3.1377178331e-02  -6.5628809237e-02  -8.1149611124e-01  -4.3343433320e-01
   3.2800587310e-02   3.2323155512e-02  -4.1131250907e-02  -6.9925942114e-01  -2.9173913488e-01
   3.3763574133e-02   3.3278019109e-02  -1.4260096161e-02  -5.7339849092e-01  -1.4856283547e-01
   3.4746639452e-02   3.4249129157e-02   1.4334219536e-02  -4.3598521574e-01  -6.8773268562e-03
   3.5758264294e-02   3.5244149747e-02   4.5164910420e-02  -2.8356083396e-01   1.3609313050e-01
   3.6790232759e-02   3.6272378842e-02   7.7314312050e-02  -1.1972585847e-01   2.7620473837e-01
   3.7806986088e-02   3.7308086677e-02   1.0938671590e-01   4.8795363441e-02   4.0814204014e-01
   3.8791512442e-02   3.8305885498e-02   1.4039895656e-01   2.1665046578e-01   5.2904963783e-01
   3.9754283449e-02   3.9277139386e-02   1.7086396367e-01   3.8629144830e-01   6.4191918274e-01
   4.0704421529e-02   4.0231427512e-02   2.0022270110e-01   5.5423014676e-01   7.4546168085e-01
   4.1650213495e-02   4.1177415547e-02   2.2892167566e-01   7.2260125203e-01   8.4191604773e-01
   4.2599669630e-02   4.2123011443e-02   2.5709645285e-01   8.9193462446e-01   9.3212392012e-01
   4.3561157555e-02   4.3076327816e-02   2.8433267632e-01   1.0594081297e+00   1.0151653743e+00
   4.4544303182e-02   4.4045987294e-02   3.1134512453e-01   1.2291869414e+00   1.0935043174e+00
   4.5560855089e-02   4.5042619070e-02   3.3753000574e-01   1.3973336170e+00   1.1656179483e+00
   4.6626261247e-02   4.6079091107e-02   3.6320466621e-01   1.5657749200e+00   1.2326859502e+00
   4.7763278186e-02   4.7173431387e-02   3.8838003690e-01   1.7347921994e+00   1.2949513790e+00
   4.9008580187e-02   4.8353124985e-02   4.1280099162e-01   1.9032991051e+00   1.3521042276e+00
   5.0432787606e-02   4.9664035388e-02   4.3644978077e-01   2.0730022359e+00   1.4046176851e+00
   5.2220830147e-02   5.1201539824e-02   4.5844329278e-01   2.2436240641e+00   1.4518462867e+00
   5.4632015389e-02   5.3240120469e-02   4.7278936995e-01   2.3914078376e+00   1.4866073612e+00
   5.7415805228e-02   5.6023910309e-02   4.6493022951e-01   2.4379976799e+00   1.4918031190e+00
   6.0235261632e-02   5.8807700148e-02   4.2634715928e-01   2.3426019264e+00   1.4633086056e+00
   6.2535316197e-02   6.1662823116e-02   3.7175690192e-01   2.1670246689e+00   1.4186243549e+00
   6.4113615005e-02   6.3407809278e-02   3.2165426810e-01   1.9972432797e+00   1.3769364041e+00
   6.5438320432e-02   6.4819420732e-02   2.7234878049e-01   1.8282022519e+00   1.3354848312e+00
   6.6622535811e-02   6.6057220133e-02   2.2310774900e-01   1.6589511362e+00   1.2935041800e+00
   6.7717799029e-02   6.7187851490e-02   1.7412487613e-01   1.4906443456e+00   1.2509631457e+00
   6.8753480025e-02   6.8247746567e-02   1.2509607889e-01   1.3223246516e+00   1.2073874004e+00
   6.9748427424e-02   6.9259213483e-02   7.5804103925e-02   1.1531326266e+00   1.1623332704e+00
   7.0716320367e-02   7.0237641365e-02   2.6918706001e-02   9.8511772506e-01   1.1161509969e+00
   7.1667898468e-02   7.1194999368e-02  -2.2170513741e-02   8.1581350636e-01   1.0679576417e+00
   7.2612198863e-02   7.2140797568e-02  -7.0517495227e-02   6.4800229355e-01   1.0183310420e+00
   7.3557542314e-02   7.3083600158e-02  -1.1872431532e-01   4.7896932936e-01   9.6622856763e-01
   7.4512115115e-02   7.4031484469e-02  -1.6607894562e-01   3.1038643883e-01   9.1186303438e-01
   7.5484617366e-02   7.4992745760e-02  -2.1235740661e-01   1.4200277552e-01   8.5482514879e-01
   7.6484957528e-02   7.5976488972e-02  -2.5719126839e-01  -2.6246000940e-02   7.9468248645e-01
   7.7525425844e-02   7.6993426083e-02  -3.0028877978e-01  -1.9533481336e-01   7.3049985164e-01
   7.8622259759e-02   7.8057425606e-02  -3.4061340430e-01  -3.6425823206e-01   6.6187118737e-01
   7.9798252098e-02   7.9187093912e-02  -3.7695355119e-01  -5.3256620809e-01   5.8794113773e-01
   8.1089045194e-02   8.0409410284e-02  -4.0772720805e-01  -7.0119714103e-01   5.0665588277e-01
   8.2558407901e-02   8.1768680105e-02  -4.2968853604e-01  -8.7038995157e-01   4.1493375002e-01
   8.4347205094e-02   8.3348135698e-02  -4.3568223926e-01  -1.0403161457e+00   3.0641196190e-01
   8.6636887359e-02   8.5346274489e-02  -4.0862165261e-01  -1.1976170052e+00   1.7586853372e-01
   8.9205636640e-02   8.7927500229e-02  -3.3361934097e-01  -1.2970461241e+00   4.3731235915e-02
   9.1457081761e-02   9.0483773051e-02  -2.3295840387e-01  -1.3210992349e+00  -5.6695235230e-02
   9.3270925453e-02   9.2430390470e-02  -1.3194214241e-01  -1.3012241046e+00  -1.2597370061e-01
   9.4889457811e-02   9.4111460436e-02  -3.1210341700e-02  -1.2584341063e+00  -1.7903304664e-01
   9.6420752689e-02   9.5667455186e-02   6.9715520724e-02  -1.1997067684e+00  -2.2209442996e-01
   9.7931788965e-02   9.7174050193e-02   1.7019815590e-01  -1.1282431738e+00  -2.5808112095e-01
   9.9483424786e-02   9.8689527736e-02   2.7100459500e-01  -1.0439037003e+00  -2.8936574682e-01
   1.0115709236e-01   1.0027732184e-01   3.7191048016e-01  -9.4468183872e-01  -3.1759404616e-01
   1.0312327083e-01   1.0203686288e-01   4.7351977038e-01  -8.2233437031e-01  -3.4515775094e-01
   1.0557098691e-01   1.0420967878e-01   5.6416339211e-01  -6.6974474503e-01  -3.7392101651e-01
   1.0842293153e-01   1.0693229504e-01   6.0796559930e-01  -5.0141176164e-01  -4.0367570183e-01
   1.1147687021e-01   1.0991356803e-01   5.7106148426e-01  -3.4261043225e-01  -4.3385716850e-01
   1.1405193620e-01   1.1304017240e-01   4.7486227823e-01  -2.2966756685e-01  -4.5796222759e-01
   1.1585387826e-01   1.1506370000e-01   3.7318563139e-01  -1.6365214737e-01  -4.7292092268e-01
   1.1733152840e-01   1.1664405652e-01   2.7223735031e-01  -1.1760171021e-01  -4.8299189498e-01
   1.1864857257e-01   1.1801900028e-01   1.7151791336e-01  -8.2607211375e-02  -4.8957103994e-01
   1.1987329383e-01   1.1927814485e-01   7.0712663380e-02  -5.5052510759e-02  -4.9308924845e-01
   1.2104432112e-01   1.2046844280e-01  -2.9890427887e-02  -3.3214462671e-02  -4.9361854773e-01
   1.2218817585e-01   1.2162019944e-01  -1.3033394756e-01  -1.6041145286e-02  -4.9107600144e-01
   1.2332627130e-01   1.2275615226e-01  -2.3106283696e-01  -2.9175216793e-03  -4.8518203252e-01
   1.2447902505e-01   1.2389639035e-01  -3.3152834263e-01   6.3270944249e-03  -4.7554667031e-01
   1.2566948547e-01   1.2506165975e-01  -4.3234589388e-01   1.1701987905e-02  -4.6144371053e-01
   1.2692815972e-01   1.2627731119e-01  -5.3294070051e-01   1.2798527354e-02  -4.4191282634e-01
   1.2830331438e-01   1.2757900825e-01  -6.3384571767e-01   8.7071157738e-03  -4.1508799415e-01
   1.2989051489e-01   1.2902762050e-01  -7.3487174792e-01  -2.7115029180e-03  -3.7749793460e-01
   1.3199036377e-01   1.3075340927e-01  -8.3777382073e-01  -2.8547910006e-02  -3.1809368860e-01
   1.3529259087e-01   1.3322731826e-01  -9.1499120015e-01  -9.1290780373e-02  -2.1105918185e-01
   1.3900747562e-01   1.3735786348e-01  -8.7986967660e-01  -1.8453054889e-01  -9.1151299783e-02
   1.4161233125e-01   1.4065708777e-01  -7.7646267090e-01  -2.5817147642e-01  -2.2015462148e-02
   1.4332642894e-01   1.4256757473e-01  -6.7501860775e-01  -3.0678799108e-01   1.0027802891e-02
   1.4474699946e-01   1.4408528314e-01  -5.7396965122e-01  -3.4532682583e-01   2.6292002895e-02
   1.4601264304e-01   1.4540871578e-01  -4.7342244805e-01  -3.7703421853e-01   3.1841231928e-02
   1.4718307181e-01   1.4661657030e-01  -3.7267117624e-01  -4.0347640237e-01   2.8945488737e-02
   1.4829140718e-01   1.4774957333e-01  -2.7221507842e-01  -4.2515335856e-01   1.8806486295e-02
   1.4935917112e-01   1.4883324103e-01  -1.7150747576e-01  -4.4247479468e-01   2.0762982696e-03
   1.5040194106e-01   1.4988510122e-01  -7.0872296674e-02  -4.5544384225e-01  -2.0796019538e-02
   1.5143227942e-01   1.5091878091e-01   2.9645918632e-02  -4.6398804342e-01  -4.9544088283e-02
   1.5246126060e-01   1.5194577793e-01   1.3013860184e-01  -4.6790374672e-01  -8.4084736531e-02
   1.5349965458e-01   1.5297674327e-01   2.3071043474e-01  -4.6681475591e-01  -1.2449106478e-01
   1.5455902155e-01   1.5402256589e-01   3.3136440718e-01  -4.6014326722e-01  -1.7093963032e-01
   1.5565293568e-01   1.5509547721e-01   4.3188274454e-01  -4.4709773943e-01  -2.2362700135e-01
   1.5679894387e-01   1.5621039415e-01   5.3253555758e-01  -4.2644779033e-01  -2.8320183714e-01
   1.5802205264e-01   1.5738749359e-01   6.3316946043e-01  -3.9639092977e-01  -3.5040000814e-01
   1.5936224286e-01   1.5865661169e-01   7.3389116735e-01  -3.5388121499e-01  -4.2667527460e-01
   1.6089464248e-01   1.6006787403e-01   8.3471815702e-01  -2.9328010881e-01  -5.1462060845e-01
   1.6281195759e-01   1.6172141094e-01   9.3668222998e-01  -1.9984831770e-01  -6.2154582400e-01
   1.6522638583e-01   1.6390250424e-01   1.0225205750e+00  -5.8743478507e-02  -7.4180389962e-01
   1.6774302251e-01   1.6655026742e-01   1.0600622204e+00   1.0967818457e-01  -8.4060422136e-01
   1.7008230612e-01   1.6893577760e-01   1.0454802941e+00   2.7832957371e-01  -8.9893841583e-01
   1.7239650821e-01   1.7122883465e-01   9.8650509668e-01   4.4693124608e-01  -9.1933004785e-01
   1.7458216263e-01   1.7356418178e-01   8.9507924266e-01   5.9872037589e-01  -9.0311494089e-01
   1.7644260029e-01   1.7560014348e-01   7.9384149537e-01   7.1565750064e-01  -8.6219999591e-01
   1.7804107451e-01   1.7728505710e-01   6.9314362908e-01   8.0259411529e-01  -8.0825946158e-01
   1.7950541833e-01   1.7879709192e-01   5.9241558353e-01   8.6866742774e-01  -7.4504014639e-01
   1.8089703867e-01   1.8021374473e-01   4.9164612644e-01   9.1738607594e-01  -6.7430791590e-01
   1.8225485256e-01   1.8158033260e-01   3.9117193185e-01   9.5016334651e-01  -5.9721832755e-01
   1.8360906832e-01   1.8292937253e-01   2.9074417040e-01   9.6750520597e-01  -5.1400297578e-01
   1.8498818414e-01   1.8428876411e-01   1.9006360747e-01   9.6877767136e-01  -4.2439158393e-01
   1.8642481261e-01   1.8568760417e-01   8.9249654244e-02   9.5221014903e-01  -3.2807368902e-01
   1.8796313465e-01   1.8716202104e-01  -1.1260266813e-02   9.1485225037e-01  -2.2463202866e-01
   1.8967541570e-01   1.8876424826e-01  -1.1199246784e-01   8.5083910843e-01  -1.1183447305e-01
   1.9171163332e-01   1.9058658314e-01  -2.1318159791e-01   7.4770344150e-01   1.4357907014e-02
   1.9408984108e-01   1.9283668351e-01  -3.0274905825e-01   5.9986179728e-01   1.4414964657e-01
   1.9653132148e-01   1.9534299866e-01  -3.6200085668e-01   4.3082360872e-01   2.5189392134e-01
   1.9896829412e-01   1.9771964430e-01  -3.8934761685e-01   2.6160470757e-01   3.2830147404e-01
   2.0174787832e-01   2.0021694394e-01  -3.8873261788e-01   9.1122628105e-02   3.7492461441e-01
   2.0630989296e-01   2.0327881270e-01  -3.4694379156e-01  -7.2923093892e-02   3.6219438609e-01
   2.1183979566e-01   2.0934097322e-01  -3.0646075107e-01  -4.7706551028e-02   2.5833506582e-01
   2.1589618076e-01   2.1433861811e-01  -3.2825044468e-01   1.2104694252e-01   1.6665588735e-01
   2.1885408141e-01   2.1745374341e-01  -3.8433869864e-01   2.9131521555e-01   1.2250936002e-01
   2.2172166765e-01   2.2025441941e-01  -4.6642358948e-01   4.5824673517e-01   1.1576381793e-01
   2.2460108882e-01   2.2318891589e-01  -5.6497967663e-01   5.9832246221e-01   1.5432291403e-01
   2.2752515355e-01   2.2601326174e-01  -6.6544718596e-01   6.8716064632e-01   2.4492674317e-01
   2.3034724356e-01   2.2903704536e-01  -7.4530299147e-01   7.0932255422e-01   3.7726796773e-01
   2.3278546836e-01   2.3165744176e-01  -7.8738556069e-01   6.7440833503e-01   5.2044590685e-01
   2.3497797488e-01   2.3391349496e-01  -7.9534049146e-01   6.0338026116e-01   6.6310022928e-01
   2.3711958137e-01   2.3604245480e-01  -7.7091204760e-01   5.0431101483e-01   8.0582205824e-01
   2.3936152969e-01   2.3819670794e-01  -7.0863426429e-01   3.7829478853e-01   9.4779048469e-01
   2.4150281951e-01   2.4052635143e-01  -6.1538511734e-01   2.4677956804e-01   1.0659453457e+00
   2.4328029657e-01   2.4247928760e-01  -5.1420132704e-01   1.3572860842e-01   1.1438219354e+00
   2.4479078783e-01   2.4408130555e-01  -4.1339720289e-01   4.4051313243e-02   1.1912360874e+00
   2.4615569977e-01   2.4550027011e-01  -3.1291062357e-01  -3.4230464688e-02   1.2168371838e+00
   2.4743367333e-01   2.4681112944e-01  -2.1208343175e-01  -1.0259957688e-01   1.2245298405e+00
   2.4866035206e-01   2.4805621721e-01  -1.1141486726e-01  -1.6252774038e-01   1.2160104075e+00
   2.4986146507e-01   2.4926448690e-01  -1.0754382713e-02  -2.1540838477e-01   1.1919946177e+00
   2.5105837978e-01   2.5045844323e-01   8.9727306397e-02  -2.6214126716e-01   1.1524367222e+00
   2.5227172589e-01   2.5165831633e-01   1.9028848250e-01  -3.0365859408e-01   1.0963430225e+00
   2.5352465250e-01   2.5288513546e-01   2.9086760930e-01  -3.4067362750e-01   1.0218528498e+00
   2.5484735179e-01   2.5416416955e-01   3.9158935421e-01  -3.7404287759e-01   9.2555230568e-01
   2.5626826054e-01   2.5553053403e-01   4.9109030940e-01  -4.0446025838e-01   8.0359530100e-01
   2.5769115580e-01   2.5700598705e-01   5.8028918562e-01  -4.3101358345e-01   6.6379143130e-01
   2.5900687421e-01   2.5837632454e-01   6.5143456980e-01  -4.5342976035e-01   5.2138345604e-01
   2.6023211904e-01   2.5963742388e-01   7.0731965094e-01  -4.7391989780e-01   3.7864444653e-01
   2.6139813057e-01   2.6082681421e-01   7.5034213261e-01  -4.9404274843e-01   2.3666551247e-01
   2.6252627377e-01   2.6196944693e-01   7.8281042604e-01  -5.1532032305e-01   9.3397758072e-02
   2.6363287819e-01   2.6308310062e-01   8.0533436735e-01  -5.3837055987e-01  -4.8738866635e-02
   2.6473190770e-01   2.6418265577e-01   8.1903812523e-01  -5.6422756769e-01  -1.9100145834e-01
   2.6583640293e-01   2.6528115963e-01   8.2439289410e-01  -5.9376826182e-01  -3.3353517270e-01
   2.6696011316e-01   2.6639164623e-01   8.2160728608e-01  -6.2792593924e-01  -4.7637089655e-01
   2.6811895882e-01   2.6752858009e-01   8.1077197403e-01  -6.6748628799e-01  -6.1853833590e-01
   2.6933356512e-01   2.6870933754e-01   7.9157937380e-01  -7.1407385419e-01  -7.6120100773e-01
   2.7063369139e-01   2.6995779270e-01   7.6348817152e-01  -7.6924837146e-01  -9.0351452279e-01
   2.7206891160e-01   2.7130959007e-01   7.2483397312e-01  -8.3643011981e-01  -1.0467175081e+00
   2.7373806162e-01   2.7282823312e-01   6.7293647819e-01  -9.2040154186e-01  -1.1895769398e+00
   2.7590231446e-01   2.7464789013e-01   5.9894995655e-01  -1.0353706547e+00  -1.3330809517e+00
   2.7863894938e-01   2.7715673880e-01   5.0442929850e-01  -1.1785089630e+00  -1.4404773136e+00
   2.8186707859e-01   2.8012115995e-01   4.0356515885e-01  -1.3219718030e+00  -1.4560381733e+00
   2.8512584674e-01   2.8361299723e-01   3.2134626934e-01  -1.4119234076e+00  -1.3587688283e+00
   2.8768377165e-01   2.8663869625e-01   2.7119538303e-01  -1.4267333507e+00  -1.2128612940e+00
   2.8961675237e-01   2.8872884706e-01   2.3984743005e-01  -1.3974227800e+00  -1.0697049561e+00
   2.9131729047e-01   2.9050465768e-01   2.1449963136e-01  -1.3409565118e+00  -9.2679045549e-01
   2.9290650064e-01   2.9212992325e-01   1.9079017042e-01  -1.2622500822e+00  -7.8446278801e-01
   2.9444905375e-01   2.9368307802e-01   1.6573784748e-01  -1.1619349398e+00  -6.4164038764e-01
   2.9599229551e-01   2.9521502949e-01   1.3704496390e-01  -1.0399478738e+00  -4.9924943473e-01
   2.9757902322e-01   2.9676956153e-01   1.0193046895e-01  -8.9379678995e-01  -3.5707619961e-01
   2.9916290692e-01   2.9838848491e-01   5.9649916854e-02  -7.2970215031e-01  -2.2322314425e-01
   3.0066039631e-01   2.9993732892e-01   1.1963207002e-02  -5.6118233711e-01  -1.0773855991e-01
   3.0207541505e-01   3.0138346370e-01  -4.0851741932e-02  -3.9246959697e-01  -1.0750684562e-02
   3.0344246097e-01   3.0276736639e-01  -9.9200593301e-02  -2.2406158202e-01   6.9609914923e-02
   3.0478715499e-01   3.0411755555e-01  -1.6375449414e-01  -5.5549365297e-02   1.3471596948e-01
   3.0613126914e-01   3.0545675442e-01  -2.3521688351e-01   1.1325329520e-01   1.8500914309e-01
   3.0749595899e-01   3.0680578385e-01  -3.1395440814e-01   2.8156987108e-01   2.2016318638e-01
   3.0890463721e-01   3.0818613412e-01  -4.0121064003e-01   4.5017433410e-01   2.3964637185e-01
   3.1037044391e-01   3.0962314029e-01  -4.9675550905e-01   6.1668595768e-01   2.4204561528e-01
   3.1185256328e-01   3.1111774754e-01  -5.9725558806e-01   7.7445600552e-01   2.2676198653e-01
   3.1332067846e-01   3.1258737901e-01  -6.9767819129e-01   9.1649629742e-01   1.9544251904e-01
   3.1480361043e-01   3.1405397790e-01  -7.9820996994e-01   1.0447505435e+00   1.4925882029e-01
   3.1634291469e-01   3.1555324296e-01  -8.9890930361e-01   1.1603893295e+00   8.8273826213e-02
   3.1800174001e-01   3.1713258643e-01  -9.9966013967e-01   1.2639618506e+00   1.1257134925e-02
   3.1990990169e-01   3.1887089360e-01  -1.1010137318e+00   1.3561606220e+00  -8.6624040379e-02
   3.2229580313e-01   3.2094890978e-01  -1.1972156527e+00   1.4321675978e+00  -2.1209744480e-01
   3.2530373904e-01   3.2364269648e-01  -1.2575160662e+00   1.4736667340e+00  -3.5542897714e-01
   3.2874485083e-01   3.2696478160e-01  -1.2275652932e+00   1.4624050719e+00  -4.6914482314e-01
   3.3148224322e-01   3.3052492005e-01  -1.1251963585e+00   1.4221863907e+00  -5.0517462395e-01
   3.3317079061e-01   3.3243956640e-01  -1.0233635382e+00   1.3866692135e+00  -4.9554032180e-01
   3.3452257997e-01   3.3390201482e-01  -9.2254749666e-01   1.3542023427e+00  -4.6970602095e-01
   3.3569589809e-01   3.3514314512e-01  -8.2181487760e-01   1.3235753418e+00  -4.3416248746e-01
   3.3675534311e-01   3.3624865106e-01  -7.2113712777e-01   1.2942258538e+00  -3.9177389356e-01
   3.3773556612e-01   3.3726203516e-01  -6.2062889859e-01   1.2657784641e+00  -3.4421973610e-01
   3.3865783868e-01   3.3820909708e-01  -5.2003984887e-01   1.2378395928e+00  -2.9240168767e-01
   3.3953640372e-01   3.3910658029e-01  -4.1918600991e-01   1.2100855692e+00  -2.3690226989e-01
   3.4038159670e-01   3.3996622716e-01  -3.1863447103e-01   1.1824264506e+00  -1.7854523977e-01
   3.4120136759e-01   3.4079696624e-01  -2.1867476414e-01   1.1547177123e+00  -1.1793359947e-01
   3.4200187727e-01   3.4160576893e-01  -1.1711399481e-01   1.1261243860e+00  -5.3990838422e-02
   3.4278834360e-01   3.4239798561e-01  -1.7627329167e-02   1.0974696522e+00   1.0708507108e-02
   3.4356534059e-01   3.4317870158e-01   8.4052041303e-02   1.0672949167e+00   7.8739594144e-02
   3.4433693960e-01   3.4395197959e-01   1.8397845929e-01   1.0365291693e+00   1.4731094633e-01
   3.4510707457e-01   3.4472189960e-01   2.8437859147e-01   1.0042600180e+00   2.1776732713e-01
   3.4587960274e-01   3.4549224954e-01   3.8560564880e-01   9.7005665326e-01   2.9026858952e-01
   3.4665848266e-01   3.4626695594e-01   4.8525648708e-01   9.3443737393e-01   3.6296649277e-01
   3.4744808270e-01   3.4705000938e-01   5.8683544106e-01   8.9575813465e-01   4.3832697814e-01
   3.4825324717e-01   3.4784615602e-01   6.8651930766e-01   8.5503656673e-01   5.1342576351e-01
   3.4907972882e-01   3.4866033833e-01   7.8759008680e-01   8.1041503493e-01   5.9064045161e-01
   3.4993474131e-01   3.4949911932e-01   8.8815034495e-01   7.6198216644e-01   6.6846095449e-01
   3.5082740808e-01   3.5037036331e-01   9.8840117271e-01   7.0881483343e-01   7.4694723587e-01
   3.5181424886e-01   3.5128445285e-01   1.0937410099e+00   6.4628281411e-01   8.3030863366e-01