# time = 0.9
# Grid points = 474
# Pressure (Pa) = 101325
#             1_pos             2_posf             3_uvel             4_vvel             5_wvel
  -3.1829020568e-01  -3.1881407581e-01   1.1719040212e+00   5.9918166550e-01   9.3443163890e-01
  -3.1722519898e-01  -3.1776633556e-01   1.2738069906e+00   5.1168417801e-01   1.0202195987e+00
  -3.1604827871e-01  -3.1668406241e-01   1.3721402412e+00   4.0888497763e-01   1.1034199661e+00
  -3.1459242794e-01  -3.1541249500e-01   1.4705058417e+00   2.7411382427e-01   1.1866303188e+00
  -3.1288849664e-01  -3.1377236088e-01   1.5513408320e+00   1.0800111432e-01   1.2540662190e+00
  -3.1114106388e-01  -3.1200463240e-01   1.5938470080e+00  -6.8550672439e-02   1.2871899454e+00
  -3.0940932686e-01  -3.1027749535e-01   1.5945091517e+00  -2.4506326476e-01   1.2826518264e+00
  -3.0763852732e-01  -3.0854115836e-01   1.5533929893e+00  -4.2165419731e-01   1.2404015520e+00
  -3.0587813578e-01  -3.0673589627e-01   1.4732722877e+00  -5.8749744222e-01   1.1635748032e+00
  -3.0434888647e-01  -3.0502037528e-01   1.3751376444e+00  -7.1869272288e-01   1.0722326272e+00
  -3.0310055824e-01  -3.0367739766e-01   1.2765760655e+00  -8.1436281277e-01   9.8239355723e-01
  -3.0200277424e-01  -3.0252371883e-01   1.1785372331e+00  -8.8768805854e-01   8.9459987953e-01
  -3.0099759935e-01  -3.0148182964e-01   1.0806221981e+00  -9.4509011918e-01   8.0839239746e-01
  -3.0005456031e-01  -3.0051336905e-01   9.8246312334e-01  -9.8984756611e-01   7.2345324134e-01
  -2.9915473261e-01  -2.9959575157e-01   8.8490190527e-01  -1.0234815041e+00   6.4054747229e-01
  -2.9828520785e-01  -2.9871371365e-01   7.8643172207e-01  -1.0476050753e+00   5.5848232884e-01
  -2.9743643224e-01  -2.9785670205e-01   6.8888458284e-01  -1.0625030864e+00   4.7888773451e-01
  -2.9660074803e-01  -2.9701616244e-01   5.9112683361e-01  -1.0689399190e+00   4.0094034165e-01
  -2.9577180325e-01  -2.9618533362e-01   4.9279421950e-01  -1.0670716824e+00   3.2453236680e-01
  -2.9494385908e-01  -2.9535827288e-01   3.9484135268e-01  -1.0569950591e+00   2.5059668611e-01
  -2.9411147918e-01  -2.9452944529e-01   2.9708303334e-01  -1.0387615417e+00   1.7918478786e-01
  -2.9326926686e-01  -2.9369351308e-01   1.9947852352e-01  -1.0122769398e+00   1.1050469815e-01
  -2.9241143783e-01  -2.9284502063e-01   1.0104729439e-01  -9.7689089584e-01   4.4213718538e-02
  -2.9153166778e-01  -2.9197785502e-01   3.6545814288e-03  -9.3291868777e-01  -1.8075346521e-02
  -2.9062251072e-01  -2.9108548055e-01  -9.4734955072e-02  -8.7888052588e-01  -7.7200639289e-02
  -2.8967489772e-01  -2.9015954090e-01  -1.9239342248e-01  -8.1493080886e-01  -1.3153104917e-01
  -2.8867728404e-01  -2.8919025455e-01  -2.9045484825e-01  -7.3938700067e-01  -1.8098812009e-01
  -2.8761406554e-01  -2.8816431353e-01  -3.8826297868e-01  -6.5136417938e-01  -2.2426213014e-01
  -2.8646292167e-01  -2.8706381756e-01  -4.8632487988e-01  -5.4848850841e-01  -2.6024907885e-01
  -2.8518945590e-01  -2.8586202577e-01  -5.8422468468e-01  -4.2835775075e-01  -2.8687390330e-01
  -2.8373459436e-01  -2.8451688604e-01  -6.8232176429e-01  -2.8601616823e-01  -3.0124456765e-01
  -2.8205645483e-01  -2.8295230269e-01  -7.7696004818e-01  -1.2027312287e-01  -2.9858432287e-01
  -2.8021566747e-01  -2.8116060697e-01  -8.5797157304e-01   5.6019383688e-02  -2.7600940696e-01
  -2.7822068125e-01  -2.7927072797e-01  -9.1973855712e-01   2.3302445170e-01  -2.3431761586e-01
  -2.7589223963e-01  -2.7717063452e-01  -9.5913907667e-01   4.1043529034e-01  -1.7372094961e-01
  -2.7262384228e-01  -2.7461384474e-01  -9.5921631155e-01   5.9088416402e-01  -9.1692094131e-02
  -2.6886864501e-01  -2.7063383981e-01  -8.9236480719e-01   6.9879008859e-01  -3.4435170142e-02
  -2.6592047907e-01  -2.6710345020e-01  -7.9256284920e-01   7.1241719476e-01  -3.4501552080e-02
  -2.6377375219e-01  -2.6473750795e-01  -6.9432586011e-01   6.8876787159e-01  -6.3081971632e-02
  -2.6196931112e-01  -2.6280999644e-01  -5.9642598149e-01   6.5226884013e-01  -1.0343246221e-01
  -2.6036764625e-01  -2.6112862579e-01  -4.9841144845e-01   6.1003444678e-01  -1.4922167866e-01
  -2.5890053230e-01  -2.5960666671e-01  -4.0064023109e-01   5.6527242079e-01  -1.9673653550e-01
  -2.5752710569e-01  -2.5819439788e-01  -3.0273589748e-01   5.1918578018e-01  -2.4395252728e-01
  -2.5621972806e-01  -2.5685981349e-01  -2.0489848693e-01   4.7241519322e-01  -2.8928606833e-01
  -2.5495760530e-01  -2.5557964264e-01  -1.0699894201e-01   4.2498382140e-01  -3.3172241104e-01
  -2.5372364336e-01  -2.5433556796e-01  -9.2500218732e-03   3.7677670815e-01  -3.7034519051e-01
  -2.5250240138e-01  -2.5311171876e-01   8.8728110406e-02   3.2714429537e-01  -4.0459616247e-01
  -2.5127844441e-01  -2.5189308400e-01   1.8668130135e-01   2.7550694680e-01  -4.3370550494e-01
  -2.5003459824e-01  -2.5066380481e-01   2.8449653110e-01   2.2093592157e-01  -4.5696068197e-01
  -2.4874944554e-01  -2.4940539166e-01   3.8241656306e-01   1.6186672206e-01  -4.7358248760e-01
  -2.4739263565e-01  -2.4809349942e-01   4.8041467295e-01   9.6115686457e-02  -4.8238130184e-01
  -2.4591436116e-01  -2.4669177189e-01   5.7844468445e-01   2.0025642125e-02  -4.8149460850e-01
  -2.4421277466e-01  -2.4513695044e-01   6.7690936745e-01  -7.4236108346e-02  -4.6724994154e-01
  -2.4204470113e-01  -2.4328859888e-01   7.7404295742e-01  -2.0545300048e-01  -4.3047035423e-01
  -2.3953988137e-01  -2.4080080337e-01   8.4091456344e-01  -3.7197023040e-01  -3.6806645979e-01
  -2.3709684230e-01  -2.3827895937e-01   8.5281778446e-01  -5.4799302082e-01  -2.9382893093e-01
  -2.3476433142e-01  -2.3591472523e-01   8.1216301974e-01  -7.2432530175e-01  -2.1855143340e-01
  -2.3258711411e-01  -2.3361393761e-01   7.3028664795e-01  -8.8997808429e-01  -1.5111549967e-01
  -2.3075904689e-01  -2.3156029061e-01   6.3175254682e-01  -1.0251816010e+00  -1.0022392887e-01
  -2.2926394286e-01  -2.2995780317e-01   5.3358021923e-01  -1.1294830798e+00  -6.4371821975e-02
  -2.2793664211e-01  -2.2857008256e-01   4.3545759716e-01  -1.2152619796e+00  -3.7539448815e-02
  -2.2670585562e-01  -2.2730320167e-01   3.3727638015e-01  -1.2873421652e+00  -1.7150953319e-02
  -2.2553180784e-01  -2.2610850957e-01   2.3955855200e-01  -1.3477168752e+00  -1.8435553365e-03
  -2.2438778112e-01  -2.2495510612e-01   1.4162013991e-01  -1.3979540478e+00   9.4291788114e-03
  -2.2325276215e-01  -2.2382045612e-01   4.3637835151e-02  -1.4382640949e+00   1.7279500286e-02
  -2.2210725951e-01  -2.2268506819e-01  -5.4489379299e-02  -1.4684139727e+00   2.2220665899e-02
  -2.2093039074e-01  -2.2152945084e-01  -1.5224137273e-01  -1.4874365217e+00   2.4692245898e-02
  -2.1969602617e-01  -2.2033133064e-01  -2.5027848432e-01  -1.4937834889e+00   2.5175737747e-02
  -2.1836596845e-01  -2.1906072171e-01  -3.4836050947e-01  -1.4842649291e+00   2.4229107644e-02
  -2.1687384722e-01  -2.1767121519e-01  -4.4651732514e-01  -1.4528886412e+00   2.2754035553e-02
  -2.1506806389e-01  -2.1607647926e-01  -5.4522666662e-01  -1.3853734036e+00   2.2723561233e-02
  -2.1279640511e-01  -2.1405964853e-01  -6.3397259892e-01  -1.2561772760e+00   2.9525786138e-02
  -2.1050652884e-01  -2.1153316169e-01  -6.8214182553e-01  -1.0816767655e+00   4.7909049884e-02
  -2.0858789596e-01  -2.0947989599e-01  -6.8884040698e-01  -9.0476062618e-01   7.4891352991e-02
  -2.0687811855e-01  -2.0769589594e-01  -6.7025300152e-01  -7.2788594963e-01   1.0846930174e-01
  -2.0528436086e-01  -2.0606034115e-01  -6.3401229310e-01  -5.5154628550e-01   1.4725193866e-01
  -2.0375269897e-01  -2.0450838057e-01  -5.8378152035e-01  -3.7463534275e-01   1.9042386316e-01
  -2.0224393176e-01  -2.0299701738e-01  -5.2208623666e-01  -1.9848209817e-01   2.3662623062e-01
  -2.0072256235e-01  -2.0149084614e-01  -4.4932826155e-01  -2.1421305677e-02   2.8514520343e-01
  -1.9914881005e-01  -1.9995427856e-01  -3.6612729173e-01   1.5498608743e-01   3.3408293447e-01
  -1.9750442325e-01  -1.9834334153e-01  -2.7293801976e-01   3.2809523303e-01   3.8058091192e-01
  -1.9584193832e-01  -1.9666550497e-01  -1.7522505634e-01   4.8604314750e-01   4.1867220082e-01
  -1.9419148575e-01  -1.9501837166e-01  -7.7505613749e-02   6.2070699171e-01   4.4343381416e-01
  -1.9251453007e-01  -1.9336459984e-01   2.0503866500e-02   7.3095880874e-01   4.5137852563e-01
  -1.9076880553e-01  -1.9166446030e-01   1.1818789548e-01   8.1250697284e-01   4.3755853648e-01
  -1.8890024454e-01  -1.8987315076e-01   2.1607020952e-01   8.5937402750e-01   3.9476823609e-01
  -1.8682149259e-01  -1.8792733833e-01   3.1400838682e-01   8.5989239541e-01   3.1144931571e-01
  -1.8462788494e-01  -1.8571564685e-01   4.0254529929e-01   8.0309038274e-01   1.8469092177e-01
  -1.8262620130e-01  -1.8354012303e-01   4.6781219305e-01   7.0391993832e-01   3.9165002430e-02
  -1.8087742855e-01  -1.8171227958e-01   5.1114015969e-01   5.8442930841e-01  -1.0635715929e-01
  -1.7923710505e-01  -1.8004257752e-01   5.3881378168e-01   4.5089928080e-01  -2.5141201323e-01
  -1.7761677008e-01  -1.7843163257e-01   5.5289950541e-01   3.0454415298e-01  -3.9654896035e-01
  -1.7593039839e-01  -1.7680190759e-01   5.5242793349e-01   1.4406394777e-01  -5.4203311088e-01
  -1.7411682201e-01  -1.7505888918e-01   5.3353335450e-01  -2.8462315115e-02  -6.8260958823e-01
  -1.7213561551e-01  -1.7317475483e-01   4.8985867645e-01  -2.0560579155e-01  -8.0609781905e-01
  -1.6997665365e-01  -1.7109647619e-01   4.1391485113e-01  -3.7198760455e-01  -8.9226729139e-01
  -1.6796479694e-01  -1.6885683112e-01   3.1707266199e-01  -4.9213428899e-01  -9.1885928270e-01
  -1.6631583118e-01  -1.6707276276e-01   2.1875728488e-01  -5.5929312244e-01  -8.9641659531e-01
  -1.6488279307e-01  -1.6555889960e-01   1.2092020513e-01  -5.9237459191e-01  -8.4375642089e-01
  -1.6358374111e-01  -1.6420668653e-01   2.2771953392e-02  -6.0169298429e-01  -7.6956025994e-01
  -1.6237378377e-01  -1.6296079570e-01  -7.4946012284e-02  -5.9282576467e-01  -6.7950888583e-01
  -1.6122410037e-01  -1.6178677184e-01  -1.7304017313e-01  -5.6926954727e-01  -5.7610377242e-01
  -1.6011409661e-01  -1.6066142891e-01  -2.7079172542e-01  -5.3353752004e-01  -4.6224505338e-01
  -1.5902728901e-01  -1.5956676432e-01  -3.6901116994e-01  -4.8692203550e-01  -3.3846552784e-01
  -1.5794911553e-01  -1.5848781370e-01  -4.6681495993e-01  -4.3090341188e-01  -2.0689722554e-01
  -1.5686590220e-01  -1.5741041736e-01  -5.6457743024e-01  -3.6598876718e-01  -6.7771860946e-02
  -1.5578042771e-01  -1.5632138703e-01  -6.6067296578e-01  -2.9371770361e-01   7.6070698555e-02
  -1.5470019190e-01  -1.5523946838e-01  -7.5318659684e-01  -2.1596259749e-01   2.2124479954e-01
  -1.5361320781e-01  -1.5416091541e-01  -8.4158291751e-01  -1.3342270135e-01   3.6652568803e-01
  -1.5249787719e-01  -1.5306550021e-01  -9.2555378601e-01  -4.6174459450e-02   5.1137251248e-01
  -1.5132706363e-01  -1.5193025417e-01  -1.0053357524e+00   4.7184646211e-02   6.5685802043e-01
  -1.5006055778e-01  -1.5072387309e-01  -1.0793487352e+00   1.4747799088e-01   8.0185076814e-01
  -1.4862475498e-01  -1.4939724247e-01  -1.1460316170e+00   2.5890927114e-01   9.4762714249e-01
  -1.4683110885e-01  -1.4785226750e-01  -1.1992575367e+00   3.9070560949e-01   1.0944513076e+00
  -1.4439439294e-01  -1.4580995019e-01  -1.2124343301e+00   5.5208238723e-01   1.2222580970e+00
  -1.4177970688e-01  -1.4297883570e-01  -1.1501673526e+00   7.0031598049e-01   1.2664246167e+00
  -1.3980875324e-01  -1.4058057805e-01  -1.0496287446e+00   7.9420069776e-01   1.2359673407e+00
  -1.3841369446e-01  -1.3903692842e-01  -9.5099212445e-01   8.5159621978e-01   1.1831860027e+00
  -1.3724711447e-01  -1.3779046051e-01  -8.5283838945e-01   8.9441386139e-01   1.1221894696e+00
  -1.3621102024e-01  -1.3670376842e-01  -7.5478737345e-01   9.2886856176e-01   1.0570438720e+00
  -1.3526028488e-01  -1.3571827207e-01  -6.5679398286e-01   9.5773990514e-01   9.8973007213e-01
  -1.3436927883e-01  -1.3480229770e-01  -5.5890823162e-01   9.8255588434e-01   9.2144221387e-01
  -1.3352158282e-01  -1.3393625996e-01  -4.6114221904e-01   1.0042585006e+00   8.5294016729e-01
  -1.3270583210e-01  -1.3310690568e-01  -3.6290803475e-01   1.0235705587e+00   7.8434812738e-01
  -1.3191354236e-01  -1.3230475851e-01  -2.6489157496e-01   1.0407550796e+00   7.1655922558e-01
  -1.3113796313e-01  -1.3152232622e-01  -1.6680905425e-01   1.0561462518e+00   6.4971299396e-01
  -1.3037351757e-01  -1.3075360005e-01  -6.9005101726e-02   1.0698798789e+00   5.8432897631e-01
  -1.2961535754e-01  -1.2999343509e-01   2.8659882730e-02   1.0820993165e+00   5.2056289576e-01
  -1.2885908276e-01  -1.2923727999e-01   1.2629695392e-01   1.0928752629e+00   4.5858361017e-01
  -1.2810043403e-01  -1.2848088552e-01   2.2497339043e-01   1.1022949020e+00   3.9800575274e-01
  -1.2733512212e-01  -1.2771998254e-01   3.2268086352e-01   1.1101142373e+00   3.4032753498e-01
  -1.2655866077e-01  -1.2695026169e-01   4.2048365626e-01   1.1163434417e+00   2.8515854884e-01
  -1.2576608356e-01  -1.2616705984e-01   5.1837761734e-01   1.1208138921e+00   2.3282226915e-01
  -1.2495167276e-01  -1.2536510729e-01   6.1620649214e-01   1.1232823845e+00   1.8376217577e-01
  -1.2410854162e-01  -1.2453823824e-01   7.1410365327e-01   1.1234206540e+00   1.3833912727e-01
  -1.2322794916e-01  -1.2367884501e-01   8.1225187986e-01   1.1207498761e+00   9.7016312780e-02
  -1.2229843348e-01  -1.2277705332e-01   9.1011550729e-01   1.1146228652e+00   6.0692766395e-02
  -1.2130401464e-01  -1.2181981365e-01   1.0081241524e+00   1.1040561709e+00   3.0090108220e-02
  -1.2022074840e-01  -1.2078821563e-01   1.1061361585e+00   1.0875632674e+00   6.5371471876e-03
  -1.1900945011e-01  -1.1965328117e-01   1.2041910772e+00   1.0626485567e+00  -8.0196604847e-03
  -1.1759604214e-01  -1.1836561904e-01   1.3023891351e+00   1.0245669045e+00  -1.0179403598e-02
  -1.1579527396e-01  -1.1682646523e-01   1.4014437961e+00   9.6133269166e-01   7.8168251884e-03
  -1.1321890680e-01  -1.1476408269e-01   1.4917570091e+00   8.4213397616e-01   6.5293720752e-02
  -1.1032998282e-01  -1.1167373092e-01   1.5285201258e+00   6.7272944524e-01   1.5518848442e-01
  -1.0781467309e-01  -1.0898623471e-01   1.5074575138e+00   4.9643406882e-01   2.4005345073e-01
  -1.0557129385e-01  -1.0664311147e-01   1.4514638072e+00   3.1999476323e-01   3.0898716854e-01
  -1.0348915172e-01  -1.0449947623e-01   1.3719530816e+00   1.4400422111e-01   3.5954949528e-01
  -1.0157756940e-01  -1.0247882721e-01   1.2779183904e+00  -2.5827279885e-02   3.9060112906e-01
  -9.9890430742e-02  -1.0067631158e-01   1.1799614859e+00  -1.7970837418e-01   4.0356080276e-01
  -9.8393132119e-02  -9.9104549899e-02   1.0820461608e+00  -3.1813234825e-01   4.0287678470e-01
  -9.7022939748e-02  -9.7681714338e-02   9.8408741137e-01  -4.4505255486e-01   3.9197157886e-01
  -9.5744415015e-02  -9.6364165157e-02   8.8632428929e-01  -5.6224506814e-01   3.7305226946e-01
  -9.4534701514e-02  -9.5124664874e-02   7.8838732471e-01  -6.7135963093e-01   3.4752873603e-01
  -9.3377589299e-02  -9.3944738154e-02   6.9060204449e-01  -7.7273842093e-01   3.1652908444e-01
  -9.2260618883e-02  -9.2810440443e-02   5.9264068489e-01  -8.6711490483e-01   2.8070330837e-01
  -9.1173603701e-02  -9.1710797324e-02   4.9479428439e-01  -9.5435879203e-01   2.4068159750e-01
  -9.0107638582e-02  -9.0636410078e-02   3.9716562479e-01  -1.0343900552e+00   1.9688100926e-01
  -8.9054552872e-02  -8.9578867086e-02   2.9886038707e-01  -1.1076476065e+00   1.4905320363e-01
  -8.8006312483e-02  -8.8530238658e-02   2.0127319581e-01  -1.1726706868e+00   9.7916203237e-02
  -8.6954510351e-02  -8.7482386307e-02   1.0332127257e-01  -1.2295789611e+00   4.2811549814e-02
  -8.5889803085e-02  -8.6426634394e-02   5.2998190223e-03  -1.2771508477e+00  -1.6432372609e-02
  -8.4801103157e-02  -8.5352971777e-02  -9.2498552771e-02  -1.3138905959e+00  -8.0153624831e-02
  -8.3674299580e-02  -8.4249234537e-02  -1.9037985890e-01  -1.3379341941e+00  -1.4938858724e-01
  -8.2489904273e-02  -8.3099364622e-02  -2.8837532644e-01  -1.3462172988e+00  -2.2553374106e-01
  -8.1218571749e-02  -8.1880443923e-02  -3.8636430984e-01  -1.3339134787e+00  -3.1072316659e-01
  -7.9810610080e-02  -8.0556699575e-02  -4.8434739857e-01  -1.2927224681e+00  -4.0887547322e-01
  -7.8170975296e-02  -7.9064520586e-02  -5.8255768949e-01  -1.2054680793e+00  -5.2838316204e-01
  -7.6375854777e-02  -7.7277430006e-02  -6.6774133935e-01  -1.0612454240e+00  -6.6424804480e-01
  -7.4743587541e-02  -7.5474279549e-02  -7.2377653199e-01  -8.8607989810e-01  -7.9198411259e-01
  -7.3386455436e-02  -7.4012895534e-02  -7.5409425196e-01  -7.0878438898e-01  -9.0091997641e-01
  -7.2197570163e-02  -7.2760015338e-02  -7.6870647293e-01  -5.3192820055e-01  -9.9774192223e-01
  -7.1115353645e-02  -7.1635124988e-02  -7.7282162789e-01  -3.5534887286e-01  -1.0865692100e+00
  -7.0105462714e-02  -7.0595582302e-02  -7.6931675610e-01  -1.7815033983e-01  -1.1700190717e+00
  -6.9145729438e-02  -6.9615343127e-02  -7.6006871832e-01  -1.7803200426e-03  -1.2487671718e+00
  -6.8220276737e-02  -6.8676115750e-02  -7.4631678229e-01   1.7492530648e-01  -1.3242460913e+00
  -6.7316822755e-02  -6.7764437725e-02  -7.2893413246e-01   3.5220840199e-01  -1.3971356101e+00
  -6.6424812344e-02  -6.6869207786e-02  -7.0888429674e-01   5.2798224778e-01  -1.4670279235e+00
  -6.5534378847e-02  -6.5980416902e-02  -6.8637888751e-01   7.0554859641e-01  -1.5355154234e+00
  -6.4635401446e-02  -6.5088340791e-02  -6.6229496320e-01   8.8192795684e-01  -1.6016066222e+00
  -6.3716370400e-02  -6.4182462101e-02  -6.3694914526e-01   1.0584613876e+00  -1.6658942767e+00
  -6.2762690580e-02  -6.3250278700e-02  -6.1076193681e-01   1.2355405276e+00  -1.7284470690e+00
  -6.1753874561e-02  -6.2275102461e-02  -5.8444969086e-01   1.4120624793e+00  -1.7886417165e+00
  -6.0656887266e-02  -6.1232646661e-02  -5.5855881820e-01   1.5893069047e+00  -1.8463593960e+00
  -5.9407531024e-02  -6.0081127872e-02  -5.3434271984e-01   1.7670914701e+00  -1.9002298786e+00
  -5.7828484447e-02  -5.8733934176e-02  -5.1460892917e-01   1.9463341650e+00  -1.9467152114e+00
  -5.4877028056e-02  -5.6923034717e-02  -5.2116849417e-01   2.1094198220e+00  -1.9514832939e+00
  -5.1672688047e-02  -5.2831021396e-02  -5.8793125900e-01   2.0445191671e+00  -1.8382040394e+00
  -4.9804020369e-02  -5.0514354699e-02  -6.5892401653e-01   1.8661282912e+00  -1.7000115703e+00
  -4.8536108264e-02  -4.9093686039e-02  -7.1848604354e-01   1.6877050450e+00  -1.5750599866e+00
  -4.7499252739e-02  -4.7978530489e-02  -7.7252435478e-01   1.5103338593e+00  -1.4549724381e+00
  -4.6589529321e-02  -4.7019974988e-02  -8.2312332614e-01   1.3327017441e+00  -1.3365064002e+00
  -4.5761798763e-02  -4.6159083653e-02  -8.7056895041e-01   1.1564879010e+00  -1.2197441029e+00
  -4.4991202829e-02  -4.5364513874e-02  -9.1566623058e-01   9.8029283178e-01  -1.1031851940e+00
  -4.4262584317e-02  -4.4617891783e-02  -9.5907815376e-01   8.0222662327e-01  -9.8521413198e-01
  -4.3565341163e-02  -4.3907276851e-02  -9.9986431053e-01   6.2675219160e-01  -8.6852835512e-01
  -4.2891627444e-02  -4.3223405474e-02  -1.0390153951e+00   4.5005994988e-01  -7.5039721270e-01
  -4.2235607008e-02  -4.2559849413e-02  -1.0764562442e+00   2.7242429722e-01  -6.3081260683e-01
  -4.1592388533e-02  -4.1911364603e-02  -1.1117264972e+00   9.6043737716e-02  -5.1109608381e-01
  -4.0957778128e-02  -4.1273412462e-02  -1.1450918817e+00  -8.0447774211e-02  -3.9017765036e-01
  -4.0328082410e-02  -4.0642143794e-02  -1.1765146518e+00  -2.5721353273e-01  -2.6778094690e-01
  -3.9699821260e-02  -4.0014021026e-02  -1.2059041861e+00  -4.3433533219e-01  -1.4366648109e-01
  -3.9069563024e-02  -3.9385621495e-02  -1.2329891135e+00  -6.1089219541e-01  -1.8289799038e-02
  -3.8433775423e-02  -3.8753504553e-02  -1.2576999274e+00  -7.8738437684e-01   1.0891467378e-01
  -3.7788642600e-02  -3.8114046293e-02  -1.2798230985e+00  -9.6375156977e-01   2.3816298564e-01
  -3.7129749548e-02  -3.7463238908e-02  -1.2992292521e+00  -1.1414781524e+00   3.7090290421e-01
  -3.6451861666e-02  -3.6796260189e-02  -1.3152759881e+00  -1.3181046116e+00   5.0571914995e-01
  -3.5748636799e-02  -3.6107463144e-02  -1.3275409227e+00  -1.4932786908e+00   6.4279108092e-01
  -3.5012670237e-02  -3.5389810454e-02  -1.3355863256e+00  -1.6715346810e+00   7.8647112511e-01
  -3.4245754736e-02  -3.4635530020e-02  -1.3381666079e+00  -1.8441211329e+00   9.3062301391e-01
  -3.3451973881e-02  -3.3855979452e-02  -1.3345259476e+00  -2.0103312377e+00   1.0754933733e+00
  -3.2625230313e-02  -3.3047968310e-02  -1.3237021065e+00  -2.1677320048e+00   1.2200804278e+00
  -3.1754524937e-02  -3.2202492316e-02  -1.3040861952e+00  -2.3164161864e+00   1.3661986892e+00
  -3.0824555988e-02  -3.1306557557e-02  -1.2741703221e+00  -2.4508152130e+00   1.5107765152e+00
  -2.9812037198e-02  -3.0342554418e-02  -1.2306941083e+00  -2.5693893362e+00   1.6559751311e+00
  -2.8676927433e-02  -2.9281519979e-02  -1.1687679845e+00  -2.6653477764e+00   1.8012092917e+00
  -2.7416768961e-02  -2.8072334886e-02  -1.0840567328e+00  -2.7252067829e+00   1.9396382033e+00
  -2.6187806136e-02  -2.6761203035e-02  -9.8647457992e-01  -2.7362010941e+00   2.0501250213e+00
  -2.5098514094e-02  -2.5614409236e-02  -8.8856054186e-01  -2.7065948943e+00   2.1264591021e+00
  -2.4105968380e-02  -2.4582618952e-02  -7.9048217984e-01  -2.6482910313e+00   2.1783202796e+00
  -2.3180719138e-02  -2.3629317808e-02  -6.9243138027e-01  -2.5682564363e+00   2.2111928151e+00
  -2.2304033925e-02  -2.2732120468e-02  -5.9467717084e-01  -2.4712173318e+00   2.2285906210e+00
  -2.1463002209e-02  -2.1875947382e-02  -4.9686978129e-01  -2.3598545867e+00   2.2329180980e+00
  -2.0648134928e-02  -2.1050057035e-02  -3.9877772779e-01  -2.2359478888e+00   2.2256650916e+00
  -1.9851915073e-02  -2.0246212822e-02  -3.0067332616e-01  -2.1013554815e+00   2.2078540801e+00
  -1.9068013404e-02  -1.9457617325e-02  -2.0266997520e-01  -1.9574583780e+00   2.1802379319e+00
  -1.8290840135e-02  -1.8678409483e-02  -1.0477293227e-01  -1.8052303732e+00   2.1432907445e+00
  -1.7515180226e-02  -1.7903270786e-02  -6.9268770619e-03  -1.6453258295e+00   2.0972127790e+00
  -1.6735867025e-02  -1.7127089665e-02   9.0938361421e-02  -1.4781787493e+00   2.0419431706e+00
  -1.5950154503e-02  -1.6344644385e-02   1.8852099273e-01  -1.3047325395e+00   1.9774261173e+00
  -1.5165006826e-02  -1.5555664621e-02   2.8420966773e-01  -1.1283415658e+00   1.9045459625e+00
  -1.4384762621e-02  -1.4774349031e-02   3.7685141319e-01  -9.5172373831e-01   1.8241415934e+00
  -1.3602887233e-02  -1.3995176210e-02   4.6666619532e-01  -7.7499806338e-01   1.7358991063e+00
  -1.2811640798e-02  -1.3210598255e-02   5.5387960299e-01  -5.9807026030e-01   1.6391101847e+00
  -1.2002529946e-02  -1.2412683340e-02   6.3851843379e-01  -4.2106260284e-01   1.5328278407e+00
  -1.1165479068e-02  -1.1592376553e-02   7.2034639783e-01  -2.4449574180e-01   1.4159484037e+00
  -1.0287660324e-02  -1.0738581583e-02   7.9947753236e-01  -6.7911967736e-02   1.2860547618e+00
  -9.3833535261e-03  -9.8367390649e-03   8.7309752188e-01   1.0259948900e-01   1.1453298203e+00
  -8.4951899989e-03  -8.9299679874e-03   9.3764323721e-01   2.5857000671e-01   9.9935296071e-01
  -7.6401787215e-03  -8.0604120103e-03   9.9078805152e-01   3.9341799534e-01   8.5500974198e-01
  -6.8112996986e-03  -7.2199454327e-03   1.0344130707e+00   5.1074444228e-01   7.1010581837e-01
  -6.0031360788e-03  -6.4026539644e-03   1.0690415893e+00   6.1112196734e-01   5.6495092915e-01
  -5.2111162270e-03  -5.6036181932e-03   1.0951619312e+00   6.9514845404e-01   4.1979826595e-01
  -4.4312584911e-03  -4.8186142607e-03   1.1132353769e+00   7.6346065332e-01   2.7477626938e-01
  -3.6599804094e-03  -4.0439027214e-03   1.1236706705e+00   8.1666376991e-01   1.2991506055e-01
  -2.8939398786e-03  -3.2760580974e-03   1.1268063049e+00   8.5527798973e-01  -1.4828418279e-02
  -2.1298925654e-03  -2.5118216598e-03   1.1228995507e+00   8.7970005737e-01  -1.5954545840e-01
  -1.3645300211e-03  -1.7479634710e-03   1.1120022264e+00   8.9015216586e-01  -3.0531978500e-01
  -5.9435000084e-04  -9.8109657114e-04   1.0943572183e+00   8.8659281583e-01  -4.5025888545e-01
   1.8447490998e-04  -2.0760343055e-04   1.0700257758e+00   8.6920898886e-01  -5.9508962757e-01
   9.7632424400e-04   5.7655325052e-04   1.0389614446e+00   8.3785488241e-01  -7.4000996460e-01
   1.7864183825e-03   1.3760952375e-03   1.0010913517e+00   7.9225470283e-01  -8.8487005153e-01
   2.6212641992e-03   2.1967415276e-03   9.5613779925e-01   7.3178776889e-01  -1.0298715227e+00
   3.4894388294e-03   3.0457868708e-03   9.0354200595e-01   6.5528663288e-01  -1.1754066071e+00
   4.4026167406e-03   3.9330907879e-03   8.4314468933e-01   5.6204213095e-01  -1.3202471632e+00
   5.3778068285e-03   4.8721426932e-03   7.7377778274e-01   4.4965840609e-01  -1.4650346273e+00
   6.4426874629e-03   5.8834709638e-03   6.9328327762e-01   3.1367711435e-01  -1.6105519867e+00
   7.6142471266e-03   7.0019039620e-03   6.0132191653e-01   1.5233244063e-01  -1.7525738733e+00
   8.8273256454e-03   8.2265902911e-03   5.0498701447e-01  -2.2528306539e-02  -1.8772842234e+00
   1.0023085507e-02   9.4280609996e-03   4.1032818033e-01  -1.9968381022e-01  -1.9768026075e+00
   1.1222616953e-02   1.0618110014e-02   3.1859355543e-01  -3.7616672672e-01  -2.0507242386e+00
   1.2458234087e-02   1.1827123893e-02   2.2897533632e-01  -5.5304544903e-01  -2.0989632360e+00
   1.3771569576e-02   1.3089344281e-02   1.4135481036e-01  -7.3023170086e-01  -2.1179890667e+00
   1.5231847871e-02   1.4453794871e-02   5.5677621977e-02  -9.0741406982e-01  -2.0997181943e+00
   1.6972896091e-02   1.6009900871e-02  -2.8049520421e-02  -1.0834610922e+00  -2.0246161114e+00
   1.8747299897e-02   1.7935891312e-02  -9.1825305325e-02  -1.2168716950e+00  -1.8939050551e+00
   2.0208050578e-02   1.9558708483e-02  -1.2703885232e-01  -1.2858081513e+00  -1.7477196398e+00
   2.1424447443e-02   2.0857392673e-02  -1.4455022258e-01  -1.3124044309e+00  -1.6022855398e+00
   2.2508344663e-02   2.1991502213e-02  -1.5157005767e-01  -1.3115756503e+00  -1.4565593073e+00
   2.3509066645e-02   2.3025187112e-02  -1.5130053778e-01  -1.2900520473e+00  -1.3117777061e+00
   2.4454206603e-02   2.3992946179e-02  -1.4558589668e-01  -1.2513892016e+00  -1.1667883477e+00
   2.5361228615e-02   2.4915467028e-02  -1.3554405924e-01  -1.1977437765e+00  -1.0219212397e+00
   2.6242492480e-02   2.5806990201e-02  -1.2183074414e-01  -1.1299361583e+00  -8.7629303129e-01
   2.7107514180e-02   2.6677994759e-02  -1.0516113796e-01  -1.0496303495e+00  -7.3170203044e-01
   2.7964139314e-02   2.7537033601e-02  -8.5792279211e-02  -9.5660593409e-01  -5.8682731361e-01
   2.8819222801e-02   2.8391245027e-02  -6.3906831938e-02  -8.5050099079e-01  -4.4118941411e-01
   2.9679198732e-02   2.9247200576e-02  -4.0052200651e-02  -7.3286963004e-01  -2.9695890131e-01
   3.0550545242e-02   3.0111196888e-02  -1.3886262464e-02  -6.0095917060e-01  -1.5122079337e-01
   3.1440059527e-02   3.0989893597e-02   1.3957618163e-02  -4.5694109352e-01  -7.0001575608e-03
   3.2355415538e-02   3.1890225458e-02   4.3979187362e-02  -2.9719039072e-01   1.3852841054e-01
   3.3289179219e-02   3.2820605617e-02   7.5284864675e-02  -1.2548063450e-01   2.8114696904e-01
   3.4209175675e-02   3.3757752821e-02   1.0651557055e-01   5.1140619632e-02   4.1544495466e-01
   3.5100011960e-02   3.4660598530e-02   1.3671394109e-01   2.2706374165e-01   5.3851588027e-01
   3.5971163192e-02   3.5539425390e-02   1.6637944442e-01   4.0485858703e-01   6.5340492593e-01
   3.6830883679e-02   3.6402900994e-02   1.9496771494e-01   5.8086933100e-01   7.5880003534e-01
   3.7686671639e-02   3.7258866365e-02   2.2291354122e-01   7.5733326884e-01   8.5698018421e-01
   3.8545775077e-02   3.8114476914e-02   2.5034893084e-01   9.3480572864e-01   9.4880206853e-01
   3.9415765329e-02   3.8977073240e-02   2.7687040099e-01   1.1103289285e+00   1.0333293058e+00
   4.0305352279e-02   3.9854457418e-02   3.0317397215e-01   1.2882682432e+00   1.1130698879e+00
   4.1225166482e-02   4.0756247141e-02   3.2867169749e-01   1.4644969747e+00   1.1864737682e+00
   4.2189185839e-02   4.1694085823e-02   3.5367259516e-01   1.6410344973e+00   1.2547417371e+00
   4.3218001311e-02   4.2684285856e-02   3.7818730943e-01   1.8181756830e+00   1.3181211993e+00
   4.4344797158e-02   4.3751716766e-02   4.0196740962e-01   1.9947819656e+00   1.3762966014e+00
   4.5633473322e-02   4.4937877550e-02   4.2499561339e-01   2.1726419724e+00   1.4297495986e+00
   4.7251361117e-02   4.6329069094e-02   4.4641198840e-01   2.3514648357e+00   1.4778231767e+00
   4.9433091747e-02   4.8173653141e-02   4.6038163675e-01   2.5063519196e+00   1.5132061572e+00
   5.1951968957e-02   5.0692530352e-02   4.5272881654e-01   2.5551811215e+00   1.5184948605e+00
   5.4503118610e-02   5.3211407563e-02   4.1515837601e-01   2.4552000960e+00   1.4894905463e+00
   5.6584294044e-02   5.5794829657e-02   3.6200083062e-01   2.2711835890e+00   1.4440068537e+00
   5.8012397862e-02   5.7373758431e-02   3.1321312473e-01   2.0932415344e+00   1.4015730706e+00
   5.9211040901e-02   5.8651037294e-02   2.6520164261e-01   1.9160754277e+00   1.3593798944e+00
   6.0282563287e-02   5.9771044507e-02   2.1725292473e-01   1.7386891353e+00   1.3166481731e+00
   6.1273598428e-02   6.0794082066e-02   1.6955559035e-01   1.5622925582e+00   1.2733460411e+00
   6.2210721347e-02   6.1753114791e-02   1.2181353718e-01   1.3858824580e+00   1.2289906839e+00
   6.3110986983e-02   6.2668327903e-02   7.3815213525e-02   1.2085580981e+00   1.1831304894e+00
   6.3986772734e-02   6.3553646062e-02   2.6212796512e-02   1.0324674419e+00   1.1361219648e+00
   6.4847796206e-02   6.4419899405e-02  -2.1588093267e-02   8.5502549753e-01   1.0870663744e+00
   6.5702234537e-02   6.5275693007e-02  -6.8666225106e-02   6.7914832267e-01   1.0365518934e+00
   6.6557616664e-02   6.6128776068e-02  -1.1560787502e-01   5.0199067364e-01   9.8351723708e-01
   6.7421349853e-02   6.6986457261e-02  -1.6171970214e-01   3.2530473322e-01   9.2817902815e-01
   6.8301306279e-02   6.7856242445e-02  -2.0678360596e-01   1.4882759831e-01   8.7012064972e-01
   6.9206451488e-02   6.8746370113e-02  -2.5044082689e-01  -2.7508163496e-02   8.0890193989e-01
   7.0147906153e-02   6.9666532862e-02  -2.9240727211e-01  -2.0472433453e-01   7.4357096978e-01
   7.1140362520e-02   7.0629279444e-02  -3.3167361060e-01  -3.8176715742e-01   6.7371441607e-01
   7.2204444392e-02   7.1651445597e-02  -3.6706005220e-01  -5.5816494990e-01   5.9846161733e-01
   7.3372402285e-02   7.2757443187e-02  -3.9702610861e-01  -7.3490121388e-01   5.1572200451e-01
   7.4701936643e-02   7.3987361382e-02  -4.1841113549e-01  -9.1222634959e-01   4.2235876377e-01
   7.6320507275e-02   7.5416511903e-02  -4.2424764385e-01  -1.0903200972e+00   3.1189526611e-01
   7.8392297465e-02   7.7224502648e-02  -3.9789743688e-01  -1.2551816266e+00   1.7901607900e-01
   8.0716597931e-02   7.9560092281e-02  -3.2486380128e-01  -1.3593897341e+00   4.4514464372e-02
   8.2753789721e-02   8.1873103582e-02  -2.2684495432e-01  -1.3845988352e+00  -5.7708960020e-02
   8.4395023365e-02   8.3634475861e-02  -1.2848007775e-01  -1.3637682736e+00  -1.2822706493e-01
   8.5859532004e-02   8.5155570868e-02  -3.0392179108e-02  -1.3189214359e+00  -1.8223585086e-01
   8.7245104909e-02   8.6563493140e-02   6.7884699320e-02  -1.2573712257e+00  -2.2606778715e-01
   8.8612347070e-02   8.7926716677e-02   1.6572999356e-01  -1.1824725871e+00  -2.6269844899e-01
   9.0016325221e-02   8.9297977464e-02   2.6389060272e-01  -1.0940791848e+00  -2.9454291762e-01
   9.1530722267e-02   9.0734672978e-02   3.6214805975e-01  -9.9008806494e-01  -3.2327638016e-01
   9.3309794120e-02   9.2326771557e-02   4.6109047861e-01  -8.6185979174e-01  -3.5133336870e-01
   9.5524579216e-02   9.4292816683e-02   5.4935507483e-01  -7.0193576264e-01  -3.8061139601e-01
   9.8105125424e-02   9.6756341749e-02   5.9200773496e-01  -5.2551170014e-01  -4.1089858306e-01
   1.0086844341e-01   9.9453909100e-02   5.5607239548e-01  -3.5907750379e-01  -4.4162016927e-01
   1.0319845947e-01   1.0228297773e-01   4.6239826697e-01  -2.4070603915e-01  -4.6615658754e-01
   1.0482892408e-01   1.0411394122e-01   3.6339042515e-01  -1.7151762594e-01  -4.8138295870e-01
   1.0616595721e-01   1.0554390693e-01   2.6509181376e-01  -1.2325382596e-01  -4.9163413981e-01
   1.0735766805e-01   1.0678800749e-01   1.6701603003e-01  -8.6577376319e-02  -4.9833100793e-01
   1.0846584168e-01   1.0792732862e-01   6.8856678869e-02  -5.7698324983e-02  -5.0191216578e-01
   1.0952543099e-01   1.0900435474e-01  -2.9105825048e-02  -3.4810701939e-02  -5.0245093036e-01
   1.1056043355e-01   1.1004650725e-01  -1.2691295016e-01  -1.6812024183e-02  -4.9986288185e-01
   1.1159022490e-01   1.1107435986e-01  -2.2499795877e-01  -3.0576931861e-03  -4.9386344093e-01
   1.1263327962e-01   1.1210608995e-01  -3.2282650069e-01   6.6311817206e-03  -4.8405565932e-01
   1.1371045276e-01   1.1316046930e-01  -4.2099785194e-01   1.2264330803e-02  -4.6970033851e-01
   1.1484934832e-01   1.1426043621e-01  -5.1895230957e-01   1.3413481514e-02  -4.4981996826e-01
   1.1609363971e-01   1.1543826042e-01  -6.1720884112e-01   9.1253151004e-03  -4.2251513532e-01
   1.1752979812e-01   1.1674901899e-01  -7.1558321751e-01  -2.8422508225e-03  -3.8425244701e-01
   1.1942981996e-01   1.1831057725e-01  -8.1578441110e-01  -2.9920617892e-02  -3.2378523920e-01
   1.2241779860e-01   1.2054906267e-01  -8.9097510680e-01  -9.5679383214e-02  -2.1483549883e-01
   1.2577916533e-01   1.2428653454e-01  -8.5677553073e-01  -1.9340081115e-01  -9.2782040519e-02
   1.2813613617e-01   1.2727179612e-01  -7.5608276321e-01  -2.7058128407e-01  -2.2409121778e-02
   1.2968711589e-01   1.2900047621e-01  -6.5730138867e-01  -3.2153451273e-01   1.0207507509e-02
   1.3097250126e-01   1.3037375558e-01  -5.5890473905e-01  -3.6192566374e-01   2.6762728896e-02
   1.3211770293e-01   1.3157124695e-01  -4.6099666546e-01  -3.9515701011e-01   3.2411250916e-02
   1.3317675068e-01   1.3266415891e-01  -3.6288987365e-01  -4.2287006754e-01   2.9463690510e-02
   1.3417961399e-01   1.3368934245e-01  -2.6507050301e-01  -4.4558885024e-01   1.9143263464e-02
   1.3514576676e-01   1.3466988553e-01  -1.6700622408e-01  -4.6374275848e-01   2.1137112410e-03
   1.3608930402e-01   1.3562164799e-01  -6.9012463082e-02  -4.7733507482e-01  -2.1167875267e-02
   1.3702159272e-01   1.3655696005e-01   2.8867408866e-02  -4.8628985885e-01  -5.0430350881e-02
   1.3795265339e-01   1.3748622539e-01   1.2672242375e-01  -4.9039367044e-01  -8.5589056086e-02
   1.3889223112e-01   1.3841908140e-01   2.2465451608e-01  -4.8925223112e-01  -1.2671839960e-01
   1.3985078599e-01   1.3936538084e-01   3.2266659774e-01  -4.8225996454e-01  -1.7399809818e-01
   1.4084060043e-01   1.4033619114e-01   4.2054661081e-01  -4.6858728365e-01  -2.2762823765e-01
   1.4187755152e-01   1.4134500971e-01   5.1855757752e-01  -4.4694466661e-01  -2.8826908452e-01
   1.4298426610e-01   1.4241009333e-01   6.1655013959e-01  -4.1544298522e-01  -3.5666967726e-01
   1.4419692036e-01   1.4355843887e-01   7.1462821314e-01  -3.7088989080e-01  -4.3430979009e-01
   1.4558349288e-01   1.4483540184e-01   8.1280882327e-01  -3.0737582509e-01  -5.2382879445e-01
   1.4731835133e-01   1.4633158391e-01   9.1209670209e-01  -2.0945303678e-01  -6.3266730836e-01
   1.4950301635e-01   1.4830511875e-01   9.9568215365e-01  -6.1565772984e-02  -7.5507727191e-01
   1.5178016338e-01   1.5070091394e-01   1.0322385874e+00   1.1495126264e-01  -8.5564554031e-01
   1.5389683473e-01   1.5285941282e-01   1.0180395506e+00   2.9170900131e-01  -9.1502360508e-01
   1.5599081137e-01   1.5493425664e-01   9.6061244361e-01   4.6841457644e-01  -9.3578018679e-01
   1.5796847327e-01   1.5704736610e-01   8.7158640479e-01   6.2749945754e-01  -9.1927500426e-01
   1.5965186688e-01   1.5888958044e-01   7.7300597576e-01   7.5005712967e-01  -8.7762800511e-01
   1.6109822617e-01   1.6041415333e-01   6.7495122979e-01   8.4117229264e-01  -8.2272233175e-01
   1.6242321924e-01   1.6178229901e-01   5.7686707754e-01   9.1042134125e-01  -7.5837183968e-01
   1.6368240940e-01   1.6306413948e-01   4.7874258481e-01   9.6148155919e-01  -6.8637399324e-01
   1.6491101022e-01   1.6430067931e-01   3.8090559022e-01   9.9583416445e-01  -6.0790502729e-01
   1.6613635531e-01   1.6552134112e-01   2.8311379597e-01   1.0140094430e+00  -5.2320068043e-01
   1.6738423091e-01   1.6675136949e-01   1.8507582101e-01   1.0153429388e+00  -4.3198583952e-01
   1.6868414610e-01   1.6801709232e-01   8.6907940743e-02   9.9797895345e-01  -3.3394448549e-01
   1.7007607744e-01   1.6935119987e-01  -1.0963906117e-02   9.5882528623e-01  -2.2865188834e-01
   1.7162541341e-01   1.7080095501e-01  -1.0905222271e-01   8.9173517023e-01  -1.1383597520e-01
   1.7346785930e-01   1.7244987180e-01  -2.0758551035e-01   7.8364207396e-01   1.4614459027e-02
   1.7561975067e-01   1.7448584681e-01  -2.9480220500e-01   6.2869418840e-01   1.4672867823e-01
   1.7782889349e-01   1.7675365454e-01  -3.5249895889e-01   4.5153097073e-01   2.5640093942e-01
   1.8003395752e-01   1.7890413244e-01  -3.7912809336e-01   2.7417839761e-01   3.3417575965e-01
   1.8254902931e-01   1.8116378260e-01  -3.7852938791e-01   9.5501969804e-02   3.8163322565e-01
   1.8667691086e-01   1.8393427603e-01  -3.3783754511e-01  -7.6428667451e-02   3.6867529216e-01
   1.9168057375e-01   1.8941954569e-01  -2.9841703982e-01  -4.9999987746e-02   2.6295757836e-01
   1.9535094276e-01   1.9394160180e-01  -3.1963465307e-01   1.2686477451e-01   1.6963788299e-01
   1.9802736195e-01   1.9676028373e-01  -3.7425058579e-01   3.0531707134e-01   1.2470135400e-01
   2.0062206128e-01   1.9929444017e-01  -4.5418082067e-01   4.8027219027e-01   1.1783503894e-01
   2.0322746929e-01   2.0194968239e-01  -5.5014995629e-01   6.2708063912e-01   1.5708402298e-01
   2.0587327248e-01   2.0450525619e-01  -6.4798039627e-01   7.2018875257e-01   2.4930901301e-01
   2.0842680511e-01   2.0724128876e-01  -7.2574019919e-01   7.4341574961e-01   3.8401824469e-01
   2.1063300214e-01   2.0961232147e-01  -7.6671826468e-01   7.0682324692e-01   5.2975811779e-01
   2.1261686409e-01   2.1165368282e-01  -7.7446448354e-01   6.3238108414e-01   6.7496501822e-01
   2.1455466977e-01   2.1358004535e-01  -7.5067733054e-01   5.2854996007e-01   8.2024064234e-01
   2.1658326850e-01   2.1552929420e-01  -6.9003430710e-01   3.9647666523e-01   9.6474939092e-01
   2.1852078766e-01   2.1763724280e-01  -5.9923283812e-01   2.5864010219e-01   1.0850184713e+00
   2.2012911541e-01   2.1940433252e-01  -5.0070496534e-01   1.4225145489e-01   1.1642885619e+00
   2.2149586442e-01   2.2085389830e-01  -4.0254677194e-01   4.6167694618e-02   1.2125511350e+00
   2.2273088782e-01   2.2213783053e-01  -3.0469777361e-01  -3.5876673578e-02   1.2386103405e+00
   2.2388724611e-01   2.2332394511e-01  -2.0651709157e-01  -1.0753190807e-01   1.2464406621e+00
   2.2499719092e-01   2.2445054711e-01  -1.0849086341e-01  -1.7034046619e-01   1.2377688038e+00
   2.2608400292e-01   2.2554383474e-01  -1.0472494517e-02  -2.2576275380e-01   1.2133233059e+00
   2.2716701614e-01   2.2662417110e-01   8.7371779697e-02  -2.7474177549e-01   1.1730576014e+00
   2.2826489710e-01   2.2770986117e-01   1.8529346181e-01  -3.1825454414e-01   1.1159602119e+00
   2.2939859198e-01   2.2881993303e-01   2.8323263042e-01  -3.5704860416e-01   1.0401371756e+00
   2.3059541979e-01   2.2997725093e-01   3.8131068059e-01  -3.9202163249e-01   9.4211350910e-01
   2.3188111119e-01   2.3121358865e-01   4.7819999049e-01  -4.2390089570e-01   8.1797430502e-01
   2.3316860006e-01   2.3254863374e-01   5.6505763046e-01  -4.5173037429e-01   6.7566889847e-01
   2.3435911131e-01   2.3378856638e-01   6.3433563944e-01  -4.7522386393e-01   5.3071279153e-01
   2.3546775869e-01   2.3492965625e-01   6.8875389021e-01  -4.9669875050e-01   3.8541972865e-01
   2.3652280954e-01   2.3600586113e-01   7.3064715140e-01  -5.1778870756e-01   2.4090034337e-01
   2.3754359573e-01   2.3703975796e-01   7.6226324353e-01  -5.4008889928e-01   9.5069079049e-02
   2.3854489281e-01   2.3804743349e-01   7.8419599518e-01  -5.6424696622e-01  -4.9610813460e-02
   2.3953933584e-01   2.3904235214e-01   7.9754006788e-01  -5.9134672064e-01  -1.9441892395e-01
   2.4053872445e-01   2.4003631954e-01   8.0275428771e-01  -6.2230722683e-01  -3.3950300500e-01
   2.4155549951e-01   2.4104112936e-01   8.0004179050e-01  -6.5810664108e-01  -4.8489449564e-01
   2.4260406642e-01   2.4206986966e-01   7.8949086834e-01  -6.9956841642e-01  -6.2960573984e-01
   2.4370308765e-01   2.4313826318e-01   7.7080200921e-01  -7.4839518342e-01  -7.7482107272e-01
   2.4487949055e-01   2.4426791212e-01   7.4344810585e-01  -8.0622164613e-01  -9.1968099527e-01
   2.4617813150e-01   2.4549106897e-01   7.0580844755e-01  -8.7663248314e-01  -1.0654462954e+00
   2.4768844090e-01   2.4686519402e-01   6.5527308054e-01  -9.6464001097e-01  -1.2108618836e+00
   2.4964673785e-01   2.4851168777e-01   5.8322844024e-01  -1.0851351705e+00  -1.3569335657e+00
   2.5212294752e-01   2.5078178792e-01   4.9118860117e-01  -1.2351535312e+00  -1.4662514987e+00
   2.5504387962e-01   2.5346410711e-01   3.9297176428e-01  -1.3855120759e+00  -1.4820906992e+00
   2.5799253498e-01   2.5662365214e-01   3.1291081391e-01  -1.4797873788e+00  -1.3830808353e+00
   2.6030704115e-01   2.5936141782e-01   2.6407622005e-01  -1.4953092893e+00  -1.2345625351e+00
   2.6205607443e-01   2.6125266449e-01   2.3355106913e-01  -1.4645899897e+00  -1.0888446853e+00
   2.6359478493e-01   2.6285948438e-01   2.0886860697e-01  -1.4054097324e+00  -9.4337301527e-01
   2.6503276176e-01   2.6433008549e-01   1.8578149928e-01  -1.3229203252e+00  -7.9849869064e-01
   2.6642852154e-01   2.6573543804e-01   1.6138679429e-01  -1.2177835706e+00  -6.5312079191e-01
   2.6782490442e-01   2.6712160505e-01   1.3344710218e-01  -1.0899332212e+00  -5.0818207138e-01
   2.6926063503e-01   2.6852820380e-01   9.9254369637e-02  -9.3675740107e-01  -3.6346497589e-01
   2.7069379227e-01   2.6999306626e-01   5.8083686778e-02  -7.6477555890e-01  -2.2721694285e-01
   2.7204877670e-01   2.7139451828e-01   1.1648750597e-02  -5.8815583940e-01  -1.0966605259e-01
   2.7332913860e-01   2.7270303513e-01  -3.9779818412e-02  -4.1133391442e-01  -1.0942835464e-02
   2.7456609291e-01   2.7395524207e-01  -9.6597036738e-02  -2.3483135733e-01   7.0855592061e-02
   2.7578282237e-01   2.7517694375e-01  -1.5945643545e-01  -5.8219587139e-02   1.3712652334e-01
   2.7699902715e-01   2.7638870100e-01  -2.2904299008e-01   1.1869658916e-01   1.8831952517e-01
   2.7823384959e-01   2.7760935330e-01  -3.0571372443e-01   2.9510331873e-01   2.2410251099e-01
   2.7950847435e-01   2.7885834587e-01  -3.9067956926e-01   4.7181177401e-01   2.4393423881e-01
   2.8083479111e-01   2.8015860282e-01  -4.8371649491e-01   6.4632679826e-01   2.4637634105e-01
   2.8217586816e-01   2.8151097939e-01  -5.8157857351e-01   8.1168008277e-01   2.3081917375e-01
   2.8350427371e-01   2.8284075694e-01  -6.7936522035e-01   9.6054755958e-01   1.9893924381e-01
   2.8484608605e-01   2.8416779049e-01  -7.7725818606e-01   1.0949663636e+00   1.5192912152e-01
   2.8623890615e-01   2.8552438162e-01  -8.7531431699e-01   1.2161633455e+00   8.9852868329e-02
   2.8773987337e-01   2.8695343068e-01  -9.7342060587e-01   1.3247140985e+00   1.1458066240e-02
   2.8946644945e-01   2.8852631605e-01  -1.0721138361e+00   1.4213444261e+00  -8.8174545741e-02
   2.9162530235e-01   2.9040658285e-01  -1.1657906217e+00   1.5010047084e+00  -2.1589309190e-01
   2.9434699531e-01   2.9284402185e-01  -1.2245082470e+00   1.5444985504e+00  -3.6178929263e-01
   2.9746064201e-01   2.9584996877e-01  -1.1953435937e+00   1.5326956745e+00  -4.7753987579e-01
   2.9993753708e-01   2.9907131526e-01  -1.0956616042e+00   1.4905439628e+00  -5.1421436049e-01
   3.0146539794e-01   3.0080375891e-01  -9.9650166152e-01   1.4533197112e+00  -5.0440766862e-01
   3.0268854754e-01   3.0212703697e-01  -8.9833181005e-01   1.4192923716e+00  -4.7811111001e-01
   3.0375020968e-01   3.0325005810e-01  -8.0024319153e-01   1.3871933311e+00  -4.4193159067e-01
   3.0470883517e-01   3.0425036125e-01  -7.0220800216e-01   1.3564332043e+00  -3.9878453168e-01
   3.0559577763e-01   3.0516730909e-01  -6.0433788411e-01   1.3266185329e+00  -3.5037948123e-01
   3.0643028435e-01   3.0602424616e-01  -5.0638906714e-01   1.2973368199e+00  -2.9763424553e-01
   3.0722524288e-01   3.0683632255e-01  -4.0818241144e-01   1.2682488379e+00  -2.4114176921e-01
   3.0799000511e-01   3.0761416321e-01  -3.1027012164e-01   1.2392603206e+00  -1.8174054878e-01
   3.0873176448e-01   3.0836584701e-01  -2.1293413022e-01   1.2102197969e+00  -1.2004437590e-01
   3.0945609559e-01   3.0909768195e-01  -1.1403910138e-01   1.1802521667e+00  -5.4957477748e-02
   3.1016771975e-01   3.0981450924e-01  -1.7163736607e-02   1.1502201753e+00   1.0899542978e-02
   3.1087077570e-01   3.1052093026e-01   8.1846778360e-02   1.1185951223e+00   8.0147921085e-02
   3.1156894736e-01   3.1122062114e-01   1.7915035069e-01   1.0863506484e+00   1.4994623202e-01
   3.1226579430e-01   3.1191727358e-01   2.7691520186e-01   1.0525305080e+00   2.2166330141e-01
   3.1296480669e-01   3.1261431503e-01   3.7548527157e-01   1.0166831846e+00   2.9546184271e-01
   3.1366956639e-01   3.1331529836e-01   4.7252049264e-01   9.7935188843e-01   3.6946054442e-01
   3.1438402605e-01   3.1402383441e-01   5.7143321838e-01   9.3881355369e-01   4.4616947158e-01
   3.1511256899e-01   3.1474421769e-01   6.6850059616e-01   8.9613472309e-01   5.2261201749e-01
   3.1586040052e-01   3.1548092030e-01   7.6691848000e-01   8.4936847455e-01   6.0120832816e-01
   3.1663404781e-01   3.1623988073e-01   8.6483923939e-01   7.9860769436e-01   6.8042129567e-01
   3.1744176610e-01   3.1702821489e-01   9.6245868604e-01   7.4288488413e-01   7.6031195710e-01
   3.1833469656e-01   3.1785531732e-01   1.0650335602e+00   6.7734726998e-01   8.4516497034e-01