# time = 2.2
# Grid points = 474
# Pressure (Pa) = 101325
#             1_pos             2_posf             3_uvel             4_vvel             5_wvel
  -1.6616205766e-01  -1.6643554185e-01   1.1182931814e+00   8.2827157190e-01   1.1385163793e+00
  -1.6560607541e-01  -1.6588857347e-01   1.2155329138e+00   7.0732218728e-01   1.2430415512e+00
  -1.6499166915e-01  -1.6532357735e-01   1.3093660872e+00   5.6522083016e-01   1.3444140494e+00
  -1.6423164841e-01  -1.6465976095e-01   1.4032297970e+00   3.7892382578e-01   1.4457988525e+00
  -1.6334211827e-01  -1.6380353586e-01   1.4803646505e+00   1.4930248322e-01   1.5279640511e+00
  -1.6242987837e-01  -1.6288070067e-01   1.5209242442e+00  -9.4749289384e-02   1.5683230229e+00
  -1.6152583238e-01  -1.6197905607e-01   1.5215543035e+00  -3.3874712996e-01   1.5627944487e+00
  -1.6060139396e-01  -1.6107260868e-01   1.4823175475e+00  -5.8285350880e-01   1.5113170299e+00
  -1.5968238899e-01  -1.6013017923e-01   1.4058609409e+00  -8.1210331733e-01   1.4177112692e+00
  -1.5888405084e-01  -1.5923459874e-01   1.3122149317e+00  -9.9345847337e-01   1.3064196435e+00
  -1.5823236636e-01  -1.5853350294e-01   1.2181618718e+00  -1.1257062611e+00   1.1969592821e+00
  -1.5765927286e-01  -1.5793122978e-01   1.1246078581e+00  -1.2270662036e+00   1.0899909654e+00
  -1.5713452555e-01  -1.5738731594e-01   1.0311721285e+00  -1.3064151259e+00   9.8495523089e-01
  -1.5664221601e-01  -1.5688173517e-01   9.3750364136e-01  -1.3682850835e+00   8.8146479756e-01
  -1.5617246476e-01  -1.5640269684e-01   8.4440575772e-01  -1.4147787332e+00   7.8045182973e-01
  -1.5571853303e-01  -1.5594223267e-01   7.5044057909e-01  -1.4481259726e+00   6.8046306442e-01
  -1.5527543331e-01  -1.5549483338e-01   6.5735629156e-01  -1.4687204860e+00   5.8348441676e-01
  -1.5483916789e-01  -1.5505603323e-01   5.6407109941e-01  -1.4776189053e+00   4.8851271767e-01
  -1.5440642077e-01  -1.5462230256e-01   4.7023740969e-01  -1.4750370274e+00   3.9541664583e-01
  -1.5397419602e-01  -1.5419053899e-01   3.7676615626e-01  -1.4611084937e+00   3.0533282749e-01
  -1.5353965560e-01  -1.5375785305e-01   2.8348060997e-01  -1.4359044860e+00   2.1832399900e-01
  -1.5309998222e-01  -1.5332145816e-01   1.9034189523e-01  -1.3992948033e+00   1.3464362354e-01
  -1.5265215619e-01  -1.5287850627e-01   9.6414346704e-02  -1.3503804483e+00   5.3874157053e-02
  -1.5219287596e-01  -1.5242580612e-01   3.4778568265e-03  -1.2895972262e+00  -2.2019343724e-02
  -1.5171825435e-01  -1.5195994580e-01  -9.0409785686e-02  -1.2148996023e+00  -9.4058074983e-02
  -1.5122355699e-01  -1.5147656291e-01  -1.8359974719e-01  -1.1265009958e+00  -1.6025467478e-01
  -1.5070275698e-01  -1.5097055107e-01  -2.7717416357e-01  -1.0220756057e+00  -2.2051354708e-01
  -1.5014770825e-01  -1.5043496289e-01  -3.7050680502e-01  -9.0040018104e-01  -2.7323891056e-01
  -1.4954675845e-01  -1.4986045362e-01  -4.6408152914e-01  -7.5819331643e-01  -3.1708563432e-01
  -1.4888195103e-01  -1.4923306329e-01  -5.5750148851e-01  -5.9213434315e-01  -3.4952543447e-01
  -1.4812244671e-01  -1.4853083877e-01  -6.5110959351e-01  -3.9537283361e-01  -3.6703461457e-01
  -1.4724638105e-01  -1.4771405464e-01  -7.4141705341e-01  -1.6626292326e-01  -3.6379312809e-01
  -1.4628540579e-01  -1.4677870746e-01  -8.1872119088e-01   7.7429824636e-02  -3.3628738352e-01
  -1.4524393165e-01  -1.4579210411e-01  -8.7766129768e-01   3.2210767054e-01  -2.8548944282e-01
  -1.4402837854e-01  -1.4469575920e-01  -9.1525825997e-01   5.6734656107e-01  -2.1165763981e-01
  -1.4232212550e-01  -1.4336099789e-01  -9.1533092690e-01   8.1678529743e-01  -1.1171281906e-01
  -1.4036174063e-01  -1.4128325312e-01  -8.5153693525e-01   9.6594682190e-01  -4.1950946259e-02
  -1.3882266305e-01  -1.3944022813e-01  -7.5630016246e-01   9.8478489450e-01  -4.2032847870e-02
  -1.3770197335e-01  -1.3820509797e-01  -6.6255686496e-01   9.5209491333e-01  -7.6856648313e-02
  -1.3675997251e-01  -1.3719884873e-01  -5.6913526957e-01   9.0164249920e-01  -1.2602128052e-01
  -1.3592383013e-01  -1.3632109629e-01  -4.7560426811e-01   8.4326197224e-01  -1.8181254170e-01
  -1.3515792949e-01  -1.3552656398e-01  -3.8230546066e-01   7.8138743910e-01  -2.3970634444e-01
  -1.3444093793e-01  -1.3478929500e-01  -2.8887964313e-01   7.1768185736e-01  -2.9723599952e-01
  -1.3375842696e-01  -1.3409258085e-01  -1.9551771395e-01   6.5303083037e-01  -3.5247203521e-01
  -1.3309954110e-01  -1.3342427307e-01  -1.0209652952e-01   5.8746637178e-01  -4.0417806400e-01
  -1.3245535648e-01  -1.3277480914e-01  -8.8191272592e-03   5.2082956816e-01  -4.5123756594e-01
  -1.3181781226e-01  -1.3213590383e-01   8.4676942003e-02   4.5222252009e-01  -4.9297036582e-01
  -1.3117885069e-01  -1.3149972070e-01   1.7814913674e-01   3.8084397575e-01  -5.2843849214e-01
  -1.3052950605e-01  -1.3085798069e-01   2.7148958999e-01   3.0541010877e-01  -5.5677377164e-01
  -1.2985859752e-01  -1.3020103142e-01   3.6492993584e-01   2.2375827312e-01  -5.7702679968e-01
  -1.2915028064e-01  -1.2951616361e-01   4.5844463739e-01   1.3286993194e-01  -5.8774810961e-01
  -1.2837855369e-01  -1.2878439768e-01   5.5198957316e-01   2.7689673604e-02  -5.8666835799e-01
  -1.2749024764e-01  -1.2797270971e-01   6.4594896906e-01  -1.0260985146e-01  -5.6931290824e-01
  -1.2635841401e-01  -1.2700778558e-01   7.3863754250e-01  -2.8399352271e-01  -5.2450028552e-01
  -1.2505078343e-01  -1.2570904244e-01   8.0244779890e-01  -5.1417415844e-01  -4.4846604748e-01
  -1.2377540521e-01  -1.2439252443e-01   8.1380391552e-01  -7.5749516120e-01  -3.5801290087e-01
  -1.2255772775e-01  -1.2315828598e-01   7.7500623825e-01  -1.0012444987e+00  -2.6629212797e-01
  -1.2142112065e-01  -1.2195716952e-01   6.9687278245e-01  -1.2302316618e+00  -1.8412532326e-01
  -1.2046678588e-01  -1.2088507178e-01   6.0284407526e-01  -1.4171281186e+00  -1.2211647453e-01
  -1.1968627314e-01  -1.2004849998e-01   5.0916107077e-01  -1.5613078309e+00  -7.8432148461e-02
  -1.1899336138e-01  -1.1932404629e-01   4.1552578468e-01  -1.6798832698e+00  -4.5737728116e-02
  -1.1835083449e-01  -1.1866267648e-01   3.2183479364e-01  -1.7795225988e+00  -2.0894716712e-02
  -1.1773792781e-01  -1.1803899251e-01   2.2858616898e-01  -1.8629811236e+00  -2.2426719099e-03
  -1.1714069349e-01  -1.1743686311e-01   1.3512719827e-01  -1.9324262563e+00   1.1493415503e-02
  -1.1654816163e-01  -1.1684452387e-01   4.1626481723e-02  -1.9881488556e+00   2.1059523849e-02
  -1.1595015682e-01  -1.1625179939e-01  -5.2012379655e-02  -2.0298267821e+00   2.7081015493e-02
  -1.1533577744e-01  -1.1564851424e-01  -1.4529304240e-01  -2.0561231035e+00   3.0093462436e-02
  -1.1469138263e-01  -1.1502304065e-01  -2.3884562804e-01  -2.0648976385e+00   3.0683530485e-02
  -1.1399703162e-01  -1.1435972462e-01  -3.3244089234e-01  -2.0517408445e+00   2.9531040674e-02
  -1.1321807603e-01  -1.1363433861e-01  -4.2610729235e-01  -2.0083695529e+00   2.7734592211e-02
  -1.1227537447e-01  -1.1280181345e-01  -5.2030058126e-01  -1.9150424793e+00   2.7698118856e-02
  -1.1108946460e-01  -1.1174893549e-01  -6.0498565284e-01  -1.7364522674e+00   3.5986379265e-02
  -1.0989404436e-01  -1.1042999371e-01  -6.5094980133e-01  -1.4952363025e+00   5.8384622122e-02
  -1.0889243017e-01  -1.0935809502e-01  -6.5734039632e-01  -1.2506807838e+00   9.1259697266e-02
  -1.0799984809e-01  -1.0842676533e-01  -6.3960175203e-01  -1.0061823614e+00   1.3217079613e-01
  -1.0716783362e-01  -1.0757293086e-01  -6.0501739465e-01  -7.6242335006e-01   1.7942322387e-01
  -1.0636823600e-01  -1.0676273639e-01  -5.5708297210e-01  -5.1787452781e-01   2.3202351050e-01
  -1.0558059045e-01  -1.0597373562e-01  -4.9820850900e-01  -2.7437299207e-01   2.8831604255e-01
  -1.0478636598e-01  -1.0518744529e-01  -4.2877741931e-01  -2.9616831484e-02   3.4743106259e-01
  -1.0396479523e-01  -1.0438528667e-01  -3.4938104908e-01   2.1423621869e-01   4.0705620830e-01
  -1.0310635005e-01  -1.0354430380e-01  -2.6045328953e-01   4.5353012512e-01   4.6370862740e-01
  -1.0223845681e-01  -1.0266839631e-01  -1.6720884099e-01   6.7186635463e-01   5.1011819072e-01
  -1.0137684502e-01  -1.0180851732e-01  -7.3958314804e-02   8.5801647607e-01   5.4028671085e-01
  -1.0050139739e-01  -1.0094517272e-01   1.9568900738e-02   1.0104213035e+00   5.4996528342e-01
  -9.9590049264e-02  -1.0005762205e-01   1.1278547794e-01   1.1231484282e+00   5.3312543565e-01
  -9.8614574893e-02  -9.9122476474e-02   2.0619120754e-01   1.1879350954e+00   4.8098772786e-01
  -9.7529371213e-02  -9.8106673312e-02   2.9965018044e-01   1.1886529628e+00   3.7946933664e-01
  -9.6384207604e-02  -9.6952069114e-02   3.8413778981e-01   1.1101354980e+00   2.2502375836e-01
  -9.5339237116e-02  -9.5816346093e-02   4.4641959315e-01   9.7305092039e-01   4.7711858659e-02
  -9.4426297687e-02  -9.4862128140e-02   4.8776582876e-01   8.0787701680e-01  -1.2959516302e-01
  -9.3569973728e-02  -9.3990467233e-02   5.1417365871e-01   6.2329594007e-01  -3.0633259569e-01
  -9.2724084701e-02  -9.3149480223e-02   5.2761502049e-01   4.2098626718e-01  -4.8316986570e-01
  -9.1843721481e-02  -9.2298689179e-02   5.2716484987e-01   1.9915099814e-01  -6.6042997367e-01
  -9.0896951591e-02  -9.1388753783e-02   5.0913423540e-01  -3.9336045282e-02  -8.3171024428e-01
  -8.9862671107e-02  -9.0405149400e-02   4.6745683465e-01  -2.8420589639e-01  -9.8216959343e-01
  -8.8735594188e-02  -8.9320192814e-02   3.9498612874e-01  -5.1420010047e-01  -1.0871587539e+00
  -8.7685312885e-02  -8.8150995562e-02   3.0257289748e-01  -6.8028276462e-01  -1.1195575148e+00
  -8.6824477276e-02  -8.7219630208e-02   2.0875391347e-01  -7.7311919305e-01  -1.0922116549e+00
  -8.6076365780e-02  -8.6429324343e-02   1.1539139076e-01  -8.1884973540e-01  -1.0280483548e+00
  -8.5398201194e-02  -8.5723407217e-02   2.1731955550e-02  -8.3173206448e-01  -9.3764527653e-01
  -8.4766548073e-02  -8.5072995170e-02  -7.1516850730e-02  -8.1947602120e-01  -8.2792397144e-01
  -8.4166360712e-02  -8.4460100976e-02  -1.6512462836e-01  -7.8691506189e-01  -7.0193226247e-01
  -8.3586887937e-02  -8.3872620449e-02  -2.5840545072e-01  -7.3752321101e-01  -5.6320372676e-01
  -8.3019524618e-02  -8.3301155424e-02  -3.5213275113e-01  -6.7308692610e-01  -4.1238752401e-01
  -8.2456668707e-02  -8.2737893811e-02  -4.4546339307e-01  -5.9565247112e-01  -2.5208136414e-01
  -8.1891181761e-02  -8.2175443602e-02  -5.3875459076e-01  -5.0592085088e-01  -8.2567566914e-02
  -8.1324514387e-02  -8.1606919919e-02  -6.3045507774e-01  -4.0602026881e-01   9.2693707268e-02
  -8.0760581844e-02  -8.1042108856e-02  -7.1873746697e-01  -2.9853892531e-01   2.6957729998e-01
  -8.0193126391e-02  -8.0479054831e-02  -8.0309083870e-01  -1.8444340451e-01   4.4659094428e-01
  -7.9610872751e-02  -7.9907197952e-02  -8.8322114194e-01  -6.3839371974e-02   6.2307565313e-01
  -7.8999654476e-02  -7.9314547551e-02  -9.5935410256e-01   6.5211901881e-02   8.0033847987e-01
  -7.8338480446e-02  -7.8684761402e-02  -1.0299818977e+00   2.0384860998e-01   9.7700083191e-01
  -7.7588925662e-02  -7.7992199490e-02  -1.0936147909e+00   3.5788163931e-01   1.1546178514e+00
  -7.6652560270e-02  -7.7185651833e-02  -1.1444060939e+00   5.4006593581e-01   1.3335113019e+00
  -7.5380483025e-02  -7.6119468707e-02  -1.1569797673e+00   7.6314050238e-01   1.4892330857e+00
  -7.4015497205e-02  -7.4641497342e-02  -1.0975600323e+00   9.6804800502e-01   1.5430452159e+00
  -7.2986569181e-02  -7.3389497067e-02  -1.0016191546e+00   1.0978283616e+00   1.5059340826e+00
  -7.2258284641e-02  -7.2583641294e-02  -9.0749341064e-01   1.1771688484e+00   1.4416230409e+00
  -7.1649276480e-02  -7.1932927988e-02  -8.1382852989e-01   1.2363579891e+00   1.3673025086e+00
  -7.1108387867e-02  -7.1365624972e-02  -7.2026171374e-01   1.2839868392e+00   1.2879267101e+00
  -7.0612060486e-02  -7.0851150762e-02  -6.2674992284e-01   1.3238976811e+00   1.2059091553e+00
  -7.0146914538e-02  -7.0372970210e-02  -5.3334087970e-01   1.3582026925e+00   1.1227048068e+00
  -6.9704378417e-02  -6.9920858865e-02  -4.4004612819e-01   1.3882040225e+00   1.0392395017e+00
  -6.9278519197e-02  -6.9487897970e-02  -3.4630464497e-01   1.4149008279e+00   9.5566455282e-01
  -6.8864907687e-02  -6.9069140424e-02  -2.5277095721e-01   1.4386566787e+00   8.7306817486e-01
  -6.8460019827e-02  -6.8660674951e-02  -1.5917425888e-01   1.4599335344e+00   7.9162037234e-01
  -6.8060944250e-02  -6.8259364703e-02  -6.5843418364e-02   1.4789191140e+00   7.1195417058e-01
  -6.7665150008e-02  -6.7862523797e-02   2.7354778483e-02   1.4958115826e+00   6.3425930378e-01
  -6.7270339950e-02  -6.7467776220e-02   1.2052630537e-01   1.5107086685e+00   5.5874151039e-01
  -6.6874290586e-02  -6.7072903680e-02   2.1468962435e-01   1.5237309003e+00   4.8493124110e-01
  -6.6474762734e-02  -6.6675677492e-02   3.0792825734e-01   1.5345409693e+00   4.1465396730e-01
  -6.6069414366e-02  -6.6273847976e-02   4.0125780715e-01   1.5431529499e+00   3.4743399769e-01
  -6.5655652784e-02  -6.5864980756e-02   4.9467430725e-01   1.5493337488e+00   2.8366546126e-01
  -6.5230493066e-02  -6.5446324812e-02   5.8802864359e-01   1.5527471752e+00   2.2388870536e-01
  -6.4790340015e-02  -6.5014661319e-02   6.8144808064e-01   1.5529394601e+00   1.6854340744e-01
  -6.4330630439e-02  -6.4566018711e-02   7.7510702672e-01   1.5492487118e+00   1.1819392677e-01
  -6.3845380704e-02  -6.4095242166e-02   8.6849430453e-01   1.5407803001e+00   7.3935672511e-02
  -6.3326248548e-02  -6.3595519243e-02   9.6201986081e-01   1.5261747775e+00   3.6647881236e-02
  -6.2760733981e-02  -6.3056977853e-02   1.0555484896e+00   1.5033772743e+00   7.9496082538e-03
  -6.2128380822e-02  -6.2464490109e-02   1.1491178871e+00   1.4689380537e+00  -9.7875346232e-03
  -6.1390517161e-02  -6.1792271535e-02   1.2428236104e+00   1.4162977817e+00  -1.2419789232e-02
  -6.0450433738e-02  -6.0988762787e-02   1.3373462814e+00   1.3288884044e+00   9.5064981767e-03
  -5.9105452147e-02  -5.9912104690e-02   1.4235263797e+00   1.1641176104e+00   7.9537150310e-02
  -5.7597301581e-02  -5.8298799604e-02   1.4586051112e+00   9.2994537268e-01   1.8906711798e-01
  -5.6284194760e-02  -5.6895803557e-02   1.4385032670e+00   6.8624719962e-01   2.9246926650e-01
  -5.5113048101e-02  -5.5672585962e-02   1.3850683749e+00   4.4234979654e-01   3.7646079901e-01
  -5.4026074598e-02  -5.4553510241e-02   1.3091924182e+00   1.9907257963e-01   4.3806848430e-01
  -5.3028141118e-02  -5.3498638955e-02   1.2194571442e+00  -3.5690895650e-02   4.7590406262e-01
  -5.2147377507e-02  -5.2557643282e-02   1.1259794278e+00  -2.4840567696e-01   4.9169600191e-01
  -5.1365719085e-02  -5.1737111733e-02   1.0325416913e+00  -4.3975362712e-01   4.9086412558e-01
  -5.0650415944e-02  -5.0994326437e-02   9.3906274261e-01  -6.1519958220e-01   4.7757849922e-01
  -4.9982967507e-02  -5.0306505451e-02   8.4577065692e-01  -7.7719866197e-01   4.5452828397e-01
  -4.9351441683e-02  -4.9659429563e-02   7.5231283358e-01  -9.2803135775e-01   4.2343131609e-01
  -4.8747376138e-02  -4.9043453802e-02   6.5899989335e-01  -1.0681706722e+00   3.8566210079e-01
  -4.8164266449e-02  -4.8451298473e-02   5.6551905129e-01  -1.1986305010e+00   3.4201260977e-01
  -4.7596794764e-02  -4.7877234426e-02   4.7214802750e-01  -1.3192307401e+00   2.9325067541e-01
  -4.7040312176e-02  -4.7316355102e-02   3.7898489865e-01  -1.4298607663e+00   2.3988444752e-01
  -4.6490553228e-02  -4.6764269250e-02   2.8517625333e-01  -1.5311273069e+00   1.8161135416e-01
  -4.5943323760e-02  -4.6216837207e-02   1.9205292843e-01  -1.6210111066e+00   1.1930622872e-01
  -4.5394234899e-02  -4.5669810312e-02   9.8581681525e-02  -1.6996775892e+00   5.2166803391e-02
  -4.4838408968e-02  -4.5118659485e-02   5.0442251478e-03  -1.7654381275e+00  -2.0016030333e-02
  -4.4270057768e-02  -4.4558158450e-02  -8.8280194733e-02  -1.8162251026e+00  -9.7654181839e-02
  -4.3681814719e-02  -4.3981957085e-02  -1.8168356568e-01  -1.8494618424e+00  -1.8201040296e-01
  -4.3063506151e-02  -4.3381672353e-02  -2.7519563988e-01  -1.8609124209e+00  -2.7478620749e-01
  -4.2399812376e-02  -4.2745339949e-02  -3.6870121814e-01  -1.8439051284e+00  -3.7858182386e-01
  -4.1664791933e-02  -4.2054284803e-02  -4.6220073583e-01  -1.7869662786e+00  -4.9817180052e-01
  -4.0808827518e-02  -4.1275299063e-02  -5.5591636094e-01  -1.6663527548e+00  -6.4378180178e-01
  -3.9871692433e-02  -4.0342355973e-02  -6.3720047028e-01  -1.4669903433e+00  -8.0932210977e-01
  -3.9019574216e-02  -3.9401028893e-02  -6.9066924684e-01  -1.2248545610e+00  -9.6495852167e-01
  -3.8311089132e-02  -3.8638119539e-02  -7.1959713974e-01  -9.7977427789e-01  -1.0976886445e+00
  -3.7690436596e-02  -3.7984058724e-02  -7.3353809389e-01  -7.3530117741e-01  -1.2156590758e+00
  -3.7125470033e-02  -3.7396814468e-02  -7.3746224405e-01  -4.9121072031e-01  -1.3238887551e+00
  -3.6598260738e-02  -3.6854125599e-02  -7.3411498616e-01  -2.4626426843e-01  -1.4255665465e+00
  -3.6097236034e-02  -3.6342395877e-02  -7.2528733420e-01  -2.4630556112e-03  -1.5215156690e+00
  -3.5614107360e-02  -3.5852076192e-02  -7.1216184006e-01   2.4180210497e-01  -1.6134816009e+00
  -3.5142463024e-02  -3.5376138529e-02  -6.9557173579e-01   4.8686554007e-01  -1.7022925925e+00
  -3.4676792756e-02  -3.4908787520e-02  -6.7643649979e-01   7.2984271392e-01  -1.7874517481e+00
  -3.4211945709e-02  -3.4444797993e-02  -6.5495801354e-01   9.7529772823e-01  -1.8708992821e+00
  -3.3742638354e-02  -3.3979093426e-02  -6.3197325678e-01   1.2191119436e+00  -1.9514271247e+00
  -3.3262862078e-02  -3.3506183282e-02  -6.0778434733e-01   1.4631391388e+00  -2.0297575056e+00
  -3.2764997556e-02  -3.3019540874e-02  -5.8279254809e-01   1.7079206828e+00  -2.1059741060e+00
  -3.2238349413e-02  -3.2510454237e-02  -5.5768146126e-01   1.9519320022e+00  -2.1793174942e+00
  -3.1665671829e-02  -3.1966244589e-02  -5.3297249053e-01   2.1969420006e+00  -2.2496428941e+00
  -3.1013450679e-02  -3.1365099069e-02  -5.0986171761e-01   2.4426986157e+00  -2.3152807781e+00
  -3.0189116082e-02  -3.0661802289e-02  -4.9102827541e-01   2.6904707648e+00  -2.3719204104e+00
  -2.8648320738e-02  -2.9716429875e-02  -4.9728602908e-01   2.9159081919e+00  -2.3777305839e+00
  -2.6975508569e-02  -2.7580211602e-02  -5.6099665544e-01   2.8261932204e+00  -2.2397079403e+00
  -2.5999978499e-02  -2.6370805537e-02  -6.2874522042e-01   2.5795976682e+00  -2.0713300016e+00
  -2.5338070340e-02  -2.5629151462e-02  -6.8558580416e-01   2.3329575383e+00  -1.9190851334e+00
  -2.4796784292e-02  -2.5046989217e-02  -7.3715528700e-01   2.0877717734e+00  -1.7727667612e+00
  -2.4321867023e-02  -2.4546579366e-02  -7.8544274464e-01   1.8422253594e+00  -1.6284241020e+00
  -2.3889753781e-02  -2.4097154680e-02  -8.3072106907e-01   1.5986394975e+00  -1.4861573512e+00
  -2.3487467428e-02  -2.3682352883e-02  -8.7375846945e-01   1.3550796108e+00  -1.3441384356e+00
  -2.3107095211e-02  -2.3292581973e-02  -9.1518764174e-01   1.1089332110e+00  -1.2003989323e+00
  -2.2743102367e-02  -2.2921608449e-02  -9.5411112000e-01   8.6636952164e-01  -1.0582254828e+00
  -2.2391392965e-02  -2.2564596285e-02  -9.9147434829e-01   6.2212243216e-01  -9.1429098143e-01
  -2.2048920268e-02  -2.2218189646e-02  -1.0272055987e+00   3.7657125212e-01  -7.6858556333e-01
  -2.1713130779e-02  -2.1879650890e-02  -1.0608655328e+00   1.3275504004e-01  -6.2271944108e-01
  -2.1381835097e-02  -2.1546610668e-02  -1.0927077481e+00  -1.1121453093e-01  -4.7538890490e-01
  -2.1053105107e-02  -2.1217059526e-02  -1.1226962297e+00  -3.5556318734e-01  -3.2625723238e-01
  -2.0725124027e-02  -2.0889150688e-02  -1.1507445052e+00  -6.0040399571e-01  -1.7503262175e-01
  -2.0396100376e-02  -2.0561097366e-02  -1.1765936026e+00  -8.4446386119e-01  -2.2270126162e-02
  -2.0064190144e-02  -2.0231103386e-02  -1.2001772059e+00  -1.0884343000e+00   1.3271936325e-01
  -1.9727401279e-02  -1.9897276902e-02  -1.2212915549e+00  -1.3322319475e+00   2.9019908173e-01
  -1.9383428944e-02  -1.9557525656e-02  -1.2398132238e+00  -1.5779087025e+00   4.5193302368e-01
  -1.9029540438e-02  -1.9209332232e-02  -1.2551291577e+00  -1.8220647049e+00   6.1619676719e-01
  -1.8662424866e-02  -1.8849748644e-02  -1.2668362927e+00  -2.0642130181e+00   7.8320884015e-01
  -1.8278216630e-02  -1.8475101088e-02  -1.2745170142e+00  -2.3106215226e+00   9.5827234371e-01
  -1.7877851632e-02  -1.8081332173e-02  -1.2769825566e+00  -2.5491928280e+00   1.1339106749e+00
  -1.7463461689e-02  -1.7674371091e-02  -1.2735116673e+00  -2.7789498884e+00   1.3104243175e+00
  -1.7031863701e-02  -1.7252552287e-02  -1.2631860888e+00  -2.9965295046e+00   1.4865926682e+00
  -1.6577315636e-02  -1.6811175115e-02  -1.2444705483e+00  -3.2020598826e+00   1.6646265495e+00
  -1.6091829274e-02  -1.6343456158e-02  -1.2159260412e+00  -3.3878434187e+00   1.8407833721e+00
  -1.5563248116e-02  -1.5840202390e-02  -1.1744413370e+00  -3.5517516565e+00   2.0176963782e+00
  -1.4970668857e-02  -1.5286293842e-02  -1.1153504577e+00  -3.6843974779e+00   2.1946524166e+00
  -1.4312808448e-02  -1.4655043871e-02  -1.0345162832e+00  -3.7671418776e+00   2.3633164265e+00
  -1.3671233596e-02  -1.3970573026e-02  -9.4139917340e-01  -3.7823391151e+00   2.4979348921e+00
  -1.3102573286e-02  -1.3371894166e-02  -8.4796458319e-01  -3.7414130790e+00   2.5909407970e+00
  -1.2584418988e-02  -1.2833252406e-02  -7.5437263319e-01  -3.6608174234e+00   2.6541282990e+00
  -1.2101396528e-02  -1.2335585570e-02  -6.6080656163e-01  -3.5501827405e+00   2.6941795638e+00
  -1.1643726715e-02  -1.1867207487e-02  -5.6752317550e-01  -3.4160422262e+00   2.7153760364e+00
  -1.1204669660e-02  -1.1420245944e-02  -4.7418875724e-01  -3.2621017209e+00   2.7206472950e+00
  -1.0779271637e-02  -1.0989093376e-02  -3.8058244597e-01  -3.0908213368e+00   2.7118086028e+00
  -1.0363608425e-02  -1.0569449899e-02  -2.8696413069e-01  -2.9047697781e+00   2.6901057785e+00
  -9.9543758687e-03  -1.0157766950e-02  -1.9344204511e-01  -2.7058560591e+00   2.6564561394e+00
  -9.5486558457e-03  -9.7509847873e-03  -1.0002122116e-01  -2.4954262834e+00   2.6114373395e+00
  -9.1437258659e-03  -9.3463269042e-03  -6.6488779962e-03  -2.2743849931e+00   2.5552933833e+00
  -8.7368887006e-03  -8.9411248277e-03   8.6741941580e-02  -2.0433321201e+00   2.4879501131e+00
  -8.3267107967e-03  -8.5326525736e-03   1.7986324291e-01  -1.8035717623e+00   2.4093395458e+00
  -7.9168277680e-03  -8.1207690199e-03   2.7117734207e-01  -1.5597407648e+00   2.3205392131e+00
  -7.5095045758e-03  -7.7128865161e-03   3.5958397024e-01  -1.3155961791e+00   2.2225712550e+00
  -7.1013298317e-03  -7.3061226356e-03   4.4529303352e-01  -1.0713025071e+00   2.1150532033e+00
  -6.6882629719e-03  -6.8965370277e-03   5.2851980978e-01  -8.2672941693e-01   1.9971220283e+00
  -6.2658700689e-03  -6.4799889160e-03   6.0928987931e-01  -5.8204592649e-01   1.8676239013e+00
  -5.8288911929e-03  -6.0517512219e-03   6.8737776702e-01  -3.3797174226e-01   1.7252140924e+00
  -5.3706296249e-03  -5.6060311639e-03   7.6289232342e-01  -9.3874149270e-02   1.5669475408e+00
  -4.8985400802e-03  -5.1352280859e-03   8.3314788459e-01   1.4182951690e-01   1.3954839958e+00
  -4.4348780617e-03  -4.6618520744e-03   8.9474416656e-01   3.5743280535e-01   1.2176215589e+00
  -3.9885230353e-03  -4.2079040490e-03   9.4546083153e-01   5.4383776373e-01   1.0417497845e+00
  -3.5558102419e-03  -3.7691420216e-03   9.8709299658e-01   7.0602215671e-01   8.6519500396e-01
  -3.1339118373e-03  -3.3424784622e-03   1.0201400216e+00   8.4477753508e-01   6.8833460221e-01
  -2.7204412185e-03  -2.9253452123e-03   1.0450678961e+00   9.6093037218e-01   5.1147706572e-01
  -2.3133197810e-03  -2.5155372246e-03   1.0623168054e+00   1.0553608691e+00   3.3477888192e-01
  -1.9106773158e-03  -2.1111023374e-03   1.0722768017e+00   1.1289056195e+00   1.5827674440e-01
  -1.5107690918e-03  -1.7102522941e-03   1.0752709001e+00   1.1822836934e+00  -1.8081814772e-02
  -1.1119014187e-03  -1.3112858895e-03   1.0715446076e+00   1.2160435238e+00  -1.9440803096e-01
  -7.1234713477e-04  -9.1251694798e-04   1.0611473860e+00   1.2304922589e+00  -3.7202233813e-01
  -3.1027790786e-04  -5.1217732156e-04   1.0443109907e+00   1.2255725273e+00  -5.4861886308e-01
   9.6304347675e-05  -1.0837849416e-04   1.0210938792e+00   1.2015428023e+00  -7.2508323754e-01
   5.0968594833e-04   3.0098718951e-04   9.9145172248e-01   1.1582015376e+00  -9.0165665066e-01
   9.3259217213e-04   7.1838470715e-04   9.5531497663e-01   1.0951674951e+00  -1.0781565263e+00
   1.3684199050e-03   1.1467996371e-03   9.1241864239e-01   1.0115826897e+00  -1.2548285346e+00
   1.8216468041e-03   1.5900401728e-03   8.6222949117e-01   9.0583332466e-01  -1.4321505645e+00
   2.2983674761e-03   2.0532534355e-03   8.0459550659e-01   7.7693909788e-01  -1.6086262192e+00
   2.8074613431e-03   2.5434815168e-03   7.3840203554e-01   6.2158814632e-01  -1.7850370160e+00
   3.3633777810e-03   3.0714411694e-03   6.6158974666e-01   4.3361756951e-01  -1.9623369221e+00
   3.9749855556e-03   3.6553143926e-03   5.7383483935e-01   2.1058641468e-01  -2.1353776533e+00
   4.6082680733e-03   4.2946567186e-03   4.8190613366e-01  -3.1128470793e-02  -2.2873255597e+00
   5.2325094590e-03   4.9218794279e-03   3.9157654154e-01  -2.7601554845e-01  -2.4085790752e+00
   5.8587197847e-03   5.5431394901e-03   3.0403713630e-01  -5.1997297282e-01  -2.4986450240e+00
   6.5037684908e-03   6.1743000793e-03   2.1851705448e-01  -7.6447761909e-01  -2.5574187547e+00
   7.1893897364e-03   6.8332369023e-03   1.3490297823e-01  -1.0094074770e+00  -2.5805985945e+00
   7.9517218533e-03   7.5455425705e-03   5.3142958071e-02  -1.2543321084e+00  -2.5583354010e+00
   8.8606287238e-03   8.3579011360e-03  -2.6756794704e-02  -1.4976875459e+00  -2.4668279433e+00
   9.7869487370e-03   9.3633563117e-03  -8.7617972504e-02  -1.6821056145e+00  -2.3075657731e+00
   1.0549527461e-02   1.0210541162e-02  -1.2122294692e-01  -1.7773992103e+00  -2.1294498887e+00
   1.1184542307e-02   1.0888513759e-02  -1.3793506105e-01  -1.8141647218e+00  -1.9522497767e+00
   1.1750386273e-02   1.1480570855e-02  -1.4463528025e-01  -1.8130197706e+00  -1.7746939448e+00
   1.2272808958e-02   1.2020201691e-02  -1.4437936203e-01  -1.7832677622e+00  -1.5982892308e+00
   1.2766215281e-02   1.2525416225e-02  -1.3892722682e-01  -1.7298236884e+00  -1.4216315083e+00
   1.3239722292e-02   1.3007014338e-02  -1.2934568034e-01  -1.6556687696e+00  -1.2451228450e+00
   1.3699782371e-02   1.3472430245e-02  -1.1626046388e-01  -1.5619370568e+00  -1.0676869386e+00
   1.4151363296e-02   1.3927134496e-02  -1.0035404737e-01  -1.4509287423e+00  -8.9151486951e-01
   1.4598560830e-02   1.4375592096e-02  -8.1871722741e-02  -1.3223391478e+00  -7.1499719648e-01
   1.5044953553e-02   1.4821529563e-02  -6.0987799472e-02  -1.1756679840e+00  -5.3754972749e-01
   1.5493900356e-02   1.5268377543e-02  -3.8224635436e-02  -1.0130635337e+00  -3.6181711579e-01
   1.5948783121e-02   1.5719423168e-02  -1.3255759190e-02  -8.3072070421e-01  -1.8424770425e-01
   1.6413150297e-02   1.6178143074e-02   1.3314445970e-02  -6.3164118263e-01  -8.5272800452e-03
   1.6891008037e-02   1.6648157520e-02   4.1962874466e-02  -4.1081403483e-01   1.6878666575e-01
   1.7378475423e-02   1.7133858553e-02   7.1836825911e-02  -1.7345555690e-01   3.4255493303e-01
   1.7858755688e-02   1.7623092293e-02   1.0163937272e-01   7.0692245019e-02   5.0618522662e-01
   1.8323813008e-02   1.8094419082e-02   1.3045691604e-01   3.1387503913e-01   6.5613625782e-01
   1.8778593829e-02   1.8553206933e-02   1.5876607172e-01   5.5964519413e-01   7.9611831919e-01
   1.9227407279e-02   1.9003980726e-02   1.8604735097e-01   8.0294917035e-01   9.2453279614e-01
   1.9674167769e-02   1.9450833833e-02   2.1271565322e-01   1.0468796327e+00   1.0441564245e+00
   2.0122659091e-02   1.9897501706e-02   2.3889694443e-01   1.2922042230e+00   1.1560330162e+00
   2.0576833828e-02   2.0347816475e-02   2.6420617751e-01   1.5348343238e+00   1.2590216807e+00
   2.1041238938e-02   2.0805851180e-02   2.8930755386e-01   1.7808043002e+00   1.3561781800e+00
   2.1521424058e-02   2.1276626696e-02   3.1363999458e-01   2.0244097132e+00   1.4456139298e+00
   2.2024686292e-02   2.1766221420e-02   3.3749839080e-01   2.2684419930e+00   1.5287919855e+00
   2.2561775064e-02   2.2283151165e-02   3.6089290039e-01   2.5133087480e+00   1.6060137886e+00
   2.3150014077e-02   2.2840398964e-02   3.8358644823e-01   2.7574361080e+00   1.6768948697e+00
   2.3822762026e-02   2.3459629191e-02   4.0556255624e-01   3.0032965358e+00   1.7420220796e+00
   2.4667373518e-02   2.4185894862e-02   4.2600063247e-01   3.2504879521e+00   1.8005949086e+00
   2.5806336779e-02   2.5148852174e-02   4.3933250559e-01   3.4645923106e+00   1.8437054345e+00
   2.7121305989e-02   2.6463821384e-02   4.3203020995e-01   3.5320900666e+00   1.8501491582e+00
   2.8453122891e-02   2.7778790594e-02   3.9617764336e-01   3.3938834976e+00   1.8148105160e+00
   2.9539591737e-02   2.9127455188e-02   3.4545027984e-01   3.1395124537e+00   1.7593935838e+00
   3.0285127304e-02   2.9951728286e-02   2.9889289428e-01   2.8935383100e+00   1.7076926541e+00
   3.0910873840e-02   3.0618526322e-02   2.5307623063e-01   2.6486367856e+00   1.6562848737e+00
   3.1470257576e-02   3.1203221358e-02   2.0731946340e-01   2.4034308959e+00   1.6042209196e+00
   3.1987623286e-02   3.1737293794e-02   1.6180259665e-01   2.1595931198e+00   1.5514619590e+00
   3.2476844348e-02   3.2237952778e-02   1.1624306748e-01   1.9157366543e+00   1.4974197280e+00
   3.2946824221e-02   3.2715735919e-02   7.0438996641e-02   1.6706163884e+00   1.4415439795e+00
   3.3404024474e-02   3.3177912524e-02   2.5012746898e-02   1.4272015112e+00   1.3842690734e+00
   3.3853518142e-02   3.3630136424e-02  -2.0602889630e-02   1.1819187209e+00   1.3244999890e+00
   3.4299574064e-02   3.4076899859e-02  -6.5528798545e-02   9.3879896469e-01   1.2629533492e+00
   3.4746122691e-02   3.4522248269e-02  -1.1032445605e-01   6.9390918848e-01   1.1983360815e+00
   3.5197030954e-02   3.4969997113e-02  -1.5432822132e-01   4.4967148512e-01   1.1309121089e+00
   3.5656408490e-02   3.5424064795e-02  -1.9733196904e-01   2.0572244084e-01   1.0601738163e+00
   3.6128935724e-02   3.5888752185e-02  -2.3899334683e-01  -3.8031152476e-02   9.8558489820e-01
   3.6620418156e-02   3.6369119262e-02  -2.7904125821e-01  -2.8300172381e-01   9.0598550717e-01
   3.7138525811e-02   3.6871717049e-02  -3.1651252757e-01  -5.2773262581e-01   8.2087202744e-01
   3.7694025258e-02   3.7405334573e-02  -3.5028131901e-01  -7.7157182473e-01   7.2918361425e-01
   3.8303752743e-02   3.7982715944e-02  -3.7887760077e-01  -1.0158788164e+00   6.2837306570e-01
   3.8997830540e-02   3.8624789543e-02  -3.9928527880e-01  -1.2609996911e+00   5.1461839549e-01
   3.9842798503e-02   3.9370871537e-02  -4.0485551893e-01  -1.5071828124e+00   3.8002828244e-01
   4.0924367822e-02   4.0314725470e-02  -3.7971101881e-01  -1.7350742898e+00   2.1812607571e-01
   4.2137759065e-02   4.1534010174e-02  -3.1001792107e-01  -1.8791225291e+00   5.4246357330e-02
   4.3201266435e-02   4.2741507955e-02  -2.1648204165e-01  -1.9139683175e+00  -7.0305550084e-02
   4.4058065527e-02   4.3661024915e-02  -1.2261580876e-01  -1.8851724365e+00  -1.5622726312e-01
   4.4822606077e-02   4.4455106139e-02  -2.9013803846e-02  -1.8231783167e+00  -2.2203379217e-01
   4.5545938561e-02   4.5190106016e-02   6.4768605263e-02  -1.7380947402e+00  -2.7544071773e-01
   4.6259701557e-02   4.5901771106e-02   1.5813923735e-01  -1.6345593251e+00  -3.2007351976e-01
   4.6992642421e-02   4.6617632008e-02   2.5181085198e-01  -1.5123697708e+00  -3.5887478961e-01
   4.7783227004e-02   4.7367652834e-02   3.4557501489e-01  -1.3686191054e+00  -3.9388561592e-01
   4.8711983951e-02   4.8198801173e-02   4.3999305280e-01  -1.1913647998e+00  -4.2807232471e-01
   4.9868203157e-02   4.9225166728e-02   5.2422205646e-01  -9.7029674005e-01  -4.6374680664e-01
   5.1215366406e-02   5.0511239585e-02   5.6492577330e-01  -7.2642070394e-01  -5.0065050149e-01
   5.2657944893e-02   5.1919493228e-02   5.3063631024e-01  -4.9635468116e-01  -5.3808267660e-01
   5.3874319936e-02   5.3396396557e-02   4.4124868840e-01  -3.3272759123e-01  -5.6797795378e-01
   5.4725497096e-02   5.4352243315e-02   3.4677072833e-01  -2.3708758202e-01  -5.8652941738e-01
   5.5423489598e-02   5.5098750877e-02   2.5296928591e-01  -1.7037221473e-01  -5.9901892536e-01
   5.6045617210e-02   5.5748228318e-02   1.5938032044e-01  -1.1967435094e-01  -6.0717773879e-01
   5.6624134572e-02   5.6343006102e-02   6.5711496633e-02  -7.9755044245e-02  -6.1154027355e-01
   5.7177288698e-02   5.6905263041e-02  -2.7769578482e-02  -4.8117853083e-02  -6.1219587110e-01
   5.7717607412e-02   5.7449314355e-02  -1.2110246579e-01  -2.3238787797e-02  -6.0904167704e-01
   5.8255205638e-02   5.7985900470e-02  -2.1470060470e-01  -4.2268088271e-03  -6.0173095283e-01
   5.8799727950e-02   5.8524510805e-02  -3.0805409053e-01   9.1653724912e-03  -5.8978005463e-01
   5.9362061635e-02   5.9074945094e-02  -4.0173479362e-01   1.6951197527e-02  -5.7228832243e-01
   5.9956617253e-02   5.9649178177e-02  -4.9520862859e-01   1.8538655475e-02  -5.4806474165e-01
   6.0606194318e-02   6.0264056330e-02  -5.8897085299e-01   1.2609936250e-02  -5.1479501988e-01
   6.1355934751e-02   6.0948332305e-02  -6.8284572503e-01  -3.9342612662e-03  -4.6817399255e-01
   6.2347833128e-02   6.1763537197e-02  -7.7846423594e-01  -4.1366618355e-02  -3.9449844951e-01
   6.3907694760e-02   6.2932129058e-02  -8.5021723115e-01  -1.3226784173e-01  -2.6175088796e-01
   6.5662482065e-02   6.4883260463e-02  -8.1758435844e-01  -2.6735085755e-01  -1.1303840799e-01
   6.6892928737e-02   6.6441703667e-02  -7.2149920148e-01  -3.7403871505e-01  -2.7295264948e-02
   6.7702611153e-02   6.7344153808e-02  -6.2723733874e-01  -4.4447183949e-01   1.2444761241e-02
   6.8373641155e-02   6.8061068499e-02  -5.3334232577e-01  -5.0030466903e-01   3.2615203307e-02
   6.8971488849e-02   6.8686213812e-02  -4.3991335194e-01  -5.4624027567e-01   3.9496677429e-02
   6.9524360254e-02   6.9256763886e-02  -3.4629460352e-01  -5.8454777174e-01   3.5904486205e-02
   7.0047900810e-02   6.9791956622e-02  -2.5295000014e-01  -6.1595152542e-01   2.3329027271e-02
   7.0552276783e-02   7.0303844997e-02  -1.5937157448e-01  -6.4104510534e-01   2.5790132915e-03
   7.1044846425e-02   7.0800708569e-02  -6.5860328722e-02  -6.5983305411e-01  -2.5788623958e-02
   7.1531543804e-02   7.1288984281e-02   2.7542347973e-02  -6.7221039895e-01  -6.1443515658e-02
   7.2017600098e-02   7.1774103327e-02   1.2092141628e-01  -6.7788209560e-01  -1.0428251275e-01
   7.2508102681e-02   7.2261096869e-02   2.1437415270e-01  -6.7630312153e-01  -1.5439627899e-01
   7.3008512203e-02   7.2755108493e-02   3.0790334411e-01  -6.6663637231e-01  -2.1200378755e-01
   7.3525240650e-02   7.3261915914e-02   4.0130664367e-01  -6.4773508975e-01  -2.7734882859e-01
   7.4066576588e-02   7.3788565386e-02   4.9483506221e-01  -6.1781672949e-01  -3.5123589223e-01
   7.4644332261e-02   7.4344587790e-02   5.8834610119e-01  -5.7426989956e-01  -4.3457762873e-01
   7.5277393295e-02   7.4944076731e-02   6.8193897180e-01  -5.1268172748e-01  -5.2917703962e-01
   7.6001247623e-02   7.5610709859e-02   7.7563000932e-01  -4.2488326837e-01  -6.3825001392e-01
   7.6906923152e-02   7.6391785388e-02   8.7037822371e-01  -2.8952065918e-01  -7.7086242688e-01
   7.8047418296e-02   7.7422060915e-02   9.5014296252e-01  -8.5090974129e-02  -9.2001063261e-01
   7.9236193288e-02   7.8672775677e-02   9.8503004590e-01   1.5891382284e-01  -1.0425461499e+00
   8.0341192625e-02   7.9799610898e-02   9.7148298690e-01   4.0325067721e-01  -1.1148942082e+00
   8.1434344289e-02   8.0882774352e-02   9.1668487720e-01   6.4751483658e-01  -1.1401846594e+00
   8.2466774331e-02   8.1985914225e-02   8.3173272387e-01   8.6742099183e-01  -1.1200742478e+00
   8.3345582857e-02   8.2947634438e-02   7.3766259385e-01   1.0368344517e+00  -1.0693302912e+00
   8.4100648614e-02   8.3743531277e-02   6.4409363484e-01   1.1627840760e+00  -1.0024315680e+00
   8.4792355654e-02   8.4457765952e-02   5.5049628880e-01   1.2585075709e+00  -9.2402499271e-01
   8.5449710556e-02   8.5126945357e-02   4.5686017868e-01   1.3290881473e+00  -8.3630064780e-01
   8.6091096426e-02   8.5772475755e-02   3.6349817411e-01   1.3765733388e+00  -7.4069169105e-01
   8.6730782654e-02   8.6409717097e-02   2.7017906891e-01   1.4016961720e+00  -6.3748535109e-01
   8.7382230841e-02   8.7051848212e-02   1.7662480114e-01   1.4035381483e+00  -5.2634641884e-01
   8.8060846076e-02   8.7712613471e-02   8.2946304698e-02   1.3795340880e+00  -4.0688984338e-01
   8.8787497955e-02   8.8409078681e-02  -1.0450002473e-02   1.3254095655e+00  -2.7859811579e-01
   8.9596322253e-02   8.9165917230e-02  -1.0405326728e-01   1.2326677332e+00  -1.3870286520e-01
   9.0558163353e-02   9.0026727276e-02  -1.9808171740e-01   1.0832463708e+00   1.7805142230e-02
   9.1681549154e-02   9.1089599430e-02  -2.8131176625e-01   8.6905653074e-01   1.7877727359e-01
   9.2834822831e-02   9.2273498878e-02  -3.3637223050e-01   6.2415825421e-01   3.1240548494e-01
   9.3985967197e-02   9.3396146785e-02  -3.6178590065e-01   3.7899866713e-01   4.0716891530e-01
   9.5298949805e-02   9.4575787609e-02  -3.6121693799e-01   1.3200947795e-01   4.6499281600e-01
   9.7453892934e-02   9.6022112002e-02  -3.2238815809e-01  -1.0565418179e-01   4.4920496531e-01
   1.0006603401e-01   9.8885673866e-02  -2.8476953016e-01  -6.9120304104e-02   3.2039588539e-01
   1.0198213466e-01   1.0124639416e-01  -3.0501375649e-01   1.7536456863e-01   2.0669272998e-01
   1.0337934799e-01   1.0271787516e-01  -3.5712901764e-01   4.2204339718e-01   1.5194091081e-01
   1.0473389982e-01   1.0404082082e-01  -4.3340103697e-01   6.6388757677e-01   1.4357486378e-01
   1.0609404207e-01   1.0542697881e-01  -5.2497904633e-01   8.6682354068e-01   1.9139690004e-01
   1.0747527244e-01   1.0676110532e-01  -6.1833432518e-01   9.9552791357e-01   3.0376621720e-01
   1.0880833337e-01   1.0818943957e-01  -6.9253824438e-01   1.0276338477e+00   4.6789929802e-01
   1.0996006922e-01   1.0942722718e-01  -7.3164370370e-01   9.7705007096e-01   6.4547223968e-01
   1.1099573596e-01   1.1049291125e-01  -7.3903785930e-01   8.7414606903e-01   8.2239564125e-01
   1.1200735924e-01   1.1149856068e-01  -7.1634140903e-01   7.3061726283e-01   9.9940260119e-01
   1.1306638064e-01   1.1251615781e-01  -6.5847530542e-01   5.4804894580e-01   1.1754749524e+00
   1.1407785433e-01   1.1361660347e-01  -5.7183012983e-01   3.5751431450e-01   1.3220129398e+00
   1.1491747504e-01   1.1453910519e-01  -4.7781133818e-01   1.9662793642e-01   1.4185967670e+00
   1.1563098059e-01   1.1529584489e-01  -3.8414478271e-01   6.3809651821e-02   1.4774003275e+00
   1.1627571934e-01   1.1596611629e-01  -2.9077290237e-01  -4.9601530219e-02   1.5091508011e+00
   1.1687939130e-01   1.1658532239e-01  -1.9708421384e-01  -1.4865146589e-01   1.5186907881e+00
   1.1745883331e-01   1.1717346021e-01  -1.0354265086e-01  -2.3547234553e-01   1.5081241507e+00
   1.1802619892e-01   1.1774420640e-01  -1.0008347412e-02  -3.1208292717e-01   1.4783385622e+00
   1.1859158139e-01   1.1830819144e-01   8.3360055999e-02  -3.7978675158e-01   1.4292772898e+00
   1.1916472551e-01   1.1887497135e-01   1.7680255751e-01  -4.3993436180e-01   1.3597079299e+00
   1.1975656614e-01   1.1945447968e-01   2.7026198854e-01  -4.9355910009e-01   1.2673228453e+00
   1.2038136504e-01   1.2005865260e-01   3.6385421764e-01  -5.4190183209e-01   1.1478880492e+00
   1.2105255481e-01   1.2070407748e-01   4.5631238646e-01  -5.8596787318e-01   9.9663355557e-01
   1.2172468294e-01   1.2140103214e-01   5.3919800294e-01  -6.2443581365e-01   8.2324507515e-01
   1.2234618431e-01   1.2204833373e-01   6.0530822150e-01  -6.5691016624e-01   6.4662707861e-01
   1.2292494899e-01   1.2264403488e-01   6.5723844931e-01  -6.8659429598e-01   4.6959866252e-01
   1.2347573383e-01   1.2320586309e-01   6.9721662508e-01  -7.1574645354e-01   2.9351302973e-01
   1.2400863095e-01   1.2374560457e-01   7.2738775025e-01  -7.4657164420e-01   1.1582908143e-01
   1.2453135386e-01   1.2427165732e-01   7.4831845714e-01  -7.7996512281e-01  -6.0451910992e-02
   1.2505049864e-01   1.2479105040e-01   7.6105333514e-01  -8.1742505456e-01  -2.3688903126e-01
   1.2557222525e-01   1.2530994688e-01   7.6603021379e-01  -8.6022188040e-01  -4.1366230451e-01
   1.2610302837e-01   1.2583450361e-01   7.6344292682e-01  -9.0970772863e-01  -5.9081003438e-01
   1.2665042830e-01   1.2637155314e-01   7.5337570868e-01  -9.6702088279e-01  -7.6712883823e-01
   1.2722416769e-01   1.2692930346e-01   7.3554274267e-01  -1.0345149305e+00  -9.4406172341e-01
   1.2783830386e-01   1.2751903192e-01   7.0944100751e-01  -1.1144495737e+00  -1.1205614469e+00
   1.2851625388e-01   1.2815757579e-01   6.7352390570e-01  -1.2117800157e+00  -1.2981641469e+00
   1.2930470452e-01   1.2887493197e-01   6.2530080757e-01  -1.3334349405e+00  -1.4753405501e+00
   1.3032702518e-01   1.2973447708e-01   5.5655202133e-01  -1.4999985562e+00  -1.6533160028e+00
   1.3161971998e-01   1.3091957327e-01   4.6872200589e-01  -1.7073732000e+00  -1.7865096287e+00
   1.3314458025e-01   1.3231986668e-01   3.7499658207e-01  -1.9152185500e+00  -1.8058068288e+00
   1.3468391332e-01   1.3396929381e-01   2.9859592167e-01  -2.0455389170e+00  -1.6851700414e+00
   1.3589219150e-01   1.3539853283e-01   2.5199351320e-01  -2.0669963644e+00  -1.5042118244e+00
   1.3680526693e-01   1.3638585016e-01   2.2286351441e-01  -2.0245332147e+00  -1.3266661097e+00
   1.3760854425e-01   1.3722468370e-01   1.9930923675e-01  -1.9427276977e+00  -1.1494205254e+00
   1.3835923398e-01   1.3799240480e-01   1.7727758532e-01  -1.8287013291e+00  -9.7290287553e-01
   1.3908788448e-01   1.3872606316e-01   1.5399838233e-01  -1.6833689685e+00  -7.9577174672e-01
   1.3981686027e-01   1.3944970580e-01   1.2733659526e-01  -1.5066390582e+00  -6.1917578606e-01
   1.4056637737e-01   1.4018401474e-01   9.4708072658e-02  -1.2949011628e+00  -4.4284990771e-01
   1.4131455105e-01   1.4094873999e-01   5.5421082085e-02  -1.0571672544e+00  -2.7684291967e-01
   1.4202191495e-01   1.4168036210e-01   1.1110887311e-02  -8.1302226098e-01  -1.3361687528e-01
   1.4269032247e-01   1.4236346780e-01  -3.7964315345e-02  -5.6859772184e-01  -1.3330798699e-02
   1.4333606924e-01   1.4301717714e-01  -9.2181497910e-02  -3.2461463321e-01   8.6333827678e-02
   1.4397125772e-01   1.4365496134e-01  -1.5216430639e-01  -8.0480568983e-02   1.6707949856e-01
   1.4460617229e-01   1.4428755410e-01  -2.1856638550e-01   1.6407428248e-01   2.2945398090e-01
   1.4525080613e-01   1.4492479048e-01  -2.9172843245e-01   4.0792490957e-01   2.7305266075e-01
   1.4591621860e-01   1.4557682178e-01  -3.7280597126e-01   6.5219260712e-01   2.9721608614e-01
   1.4660861666e-01   1.4625561543e-01  -4.6158523144e-01   8.9342826461e-01   3.0019172981e-01
   1.4730872028e-01   1.4696161790e-01  -5.5496883285e-01   1.1219994452e+00   2.8123678836e-01
   1.4800220879e-01   1.4765582266e-01  -6.4828045626e-01   1.3277819432e+00   2.4239393610e-01
   1.4870269625e-01   1.4834859492e-01  -7.4169352943e-01   1.5135917355e+00   1.8511621753e-01
   1.4942981210e-01   1.4905679758e-01  -8.3526228618e-01   1.6811247283e+00   1.0948168160e-01
   1.5021338570e-01   1.4980282661e-01  -9.2887886967e-01   1.8311765852e+00   1.3964353483e-02
   1.5111473745e-01   1.5062394478e-01  -1.0230554503e+00   1.9647506188e+00  -1.0742949117e-01
   1.5224175749e-01   1.5160553012e-01  -1.1124449446e+00   2.0748666946e+00  -2.6304377653e-01
   1.5366260580e-01   1.5287798486e-01  -1.1684746353e+00   2.1349893953e+00  -4.4080626067e-01
   1.5528807192e-01   1.5444722675e-01  -1.1406430122e+00   2.1186747597e+00  -5.8183932507e-01
   1.5658112453e-01   1.5612891708e-01  -1.0455209236e+00   2.0604085028e+00  -6.2652503047e-01
   1.5737873783e-01   1.5703333197e-01  -9.5089743072e-01   2.0089533957e+00  -6.1457715341e-01
   1.5801727791e-01   1.5772414369e-01  -8.5721887561e-01   1.9619173813e+00  -5.8253769595e-01
   1.5857151415e-01   1.5831041214e-01  -7.6361791962e-01   1.9175468609e+00  -5.3845664829e-01
   1.5907196054e-01   1.5883261617e-01  -6.7006800682e-01   1.8750271246e+00  -4.8588621572e-01
   1.5953498511e-01   1.5931130492e-01  -5.7667565884e-01   1.8338142915e+00  -4.2690934329e-01
   1.5997063582e-01   1.5975866529e-01  -4.8320825128e-01   1.7933381624e+00  -3.6264430508e-01
   1.6038564056e-01   1.6018260634e-01  -3.8949483625e-01   1.7531298191e+00  -2.9381355699e-01
   1.6078488145e-01   1.6058867477e-01  -2.9606235074e-01   1.7130589532e+00  -2.2143873425e-01
   1.6117211380e-01   1.6098108813e-01  -2.0317982576e-01   1.6729161819e+00  -1.4626768959e-01
   1.6155024780e-01   1.6136313947e-01  -1.0880962453e-01   1.6314918483e+00  -6.6965328157e-02
   1.6192174818e-01   1.6173735613e-01  -1.6366708738e-02   1.5899785235e+00   1.3275385817e-02
   1.6228877557e-01   1.6210614024e-01   7.8113635505e-02   1.5462630753e+00   9.7648184084e-02
   1.6265325314e-01   1.6247141091e-01   1.7096510713e-01   1.5016913668e+00   1.8269105068e-01
   1.6301703914e-01   1.6283509537e-01   2.6425672061e-01   1.4549415705e+00   2.7007177353e-01
   1.6338195561e-01   1.6319898292e-01   3.5831667615e-01   1.4053895463e+00   3.5998860460e-01
   1.6374987243e-01   1.6356492830e-01   4.5091197540e-01   1.3537861727e+00   4.5014933636e-01
   1.6412285308e-01   1.6393481656e-01   5.4529883348e-01   1.2977496344e+00   5.4361225710e-01
   1.6450318585e-01   1.6431088960e-01   6.3792473738e-01   1.2387542172e+00   6.3675064067e-01
   1.6489358814e-01   1.6469548209e-01   7.3183930504e-01   1.1741086617e+00   7.3251321923e-01
   1.6529746744e-01   1.6509169418e-01   8.2527944056e-01   1.1039413555e+00   8.2902716702e-01
   1.6571913336e-01   1.6550324070e-01   9.1843198776e-01   1.0269149026e+00   9.2636685517e-01
   1.6618528394e-01   1.6593502603e-01   1.0163131282e+00   9.3632122258e-01   1.0297527673e+00