# time = 2
# Grid points = 474
# Pressure (Pa) = 101325
#             1_pos             2_posf             3_uvel             4_vvel             5_wvel
  -1.8363747382e-01  -1.8393972059e-01   1.1090500710e+00   7.8700195605e-01   1.0962955805e+00
  -1.8302301840e-01  -1.8333522704e-01   1.2054863856e+00   6.7207874466e-01   1.1969444356e+00
  -1.8234399447e-01  -1.8271080976e-01   1.2985443265e+00   5.3705745643e-01   1.2945575219e+00
  -1.8150404165e-01  -1.8197717918e-01   1.3916326187e+00   3.6004255834e-01   1.3921824368e+00
  -1.8052095880e-01  -1.8103090411e-01   1.4681303674e+00   1.4186196346e-01   1.4713004791e+00
  -1.7951277781e-01  -1.8001101350e-01   1.5083551359e+00  -9.0030032067e-02   1.5101626551e+00
  -1.7851365246e-01  -1.7901454211e-01   1.5089803469e+00  -3.2187074276e-01   1.5048390069e+00
  -1.7749199000e-01  -1.7801276281e-01   1.4700682009e+00  -5.5381454400e-01   1.4552705089e+00
  -1.7647633244e-01  -1.7697121719e-01   1.3942437671e+00  -7.7164196240e-01   1.3651359878e+00
  -1.7559403234e-01  -1.7598144768e-01   1.3013719151e+00  -9.4396104964e-01   1.2579714929e+00
  -1.7487380960e-01  -1.7520661699e-01   1.2080963060e+00  -1.0696195299e+00   1.1525703686e+00
  -1.7424044333e-01  -1.7454100221e-01   1.1153155761e+00  -1.1659291438e+00   1.0495688832e+00
  -1.7366050787e-01  -1.7393988445e-01   1.0226521229e+00  -1.2413244308e+00   9.4842831758e-01
  -1.7311642167e-01  -1.7338113129e-01   9.2975781283e-01  -1.3001116371e+00   8.4877575100e-01
  -1.7259726625e-01  -1.7285171206e-01   8.3742937107e-01  -1.3442886562e+00   7.5150877780e-01
  -1.7209559411e-01  -1.7234282045e-01   7.4424078576e-01  -1.3759742797e+00   6.5522802734e-01
  -1.7160589318e-01  -1.7184836777e-01   6.5192579655e-01  -1.3955425789e+00   5.6184576771e-01
  -1.7112374534e-01  -1.7136341860e-01   5.5941154976e-01  -1.4039975376e+00   4.7039603108e-01
  -1.7064548580e-01  -1.7088407207e-01   4.6635332581e-01  -1.4015442007e+00   3.8075236554e-01
  -1.7016780357e-01  -1.7040689953e-01   3.7365453100e-01  -1.3883095515e+00   2.9400924580e-01
  -1.6968756215e-01  -1.6992870761e-01   2.8113989734e-01  -1.3643612248e+00   2.1022708115e-01
  -1.6920164790e-01  -1.6944641668e-01   1.8877087089e-01  -1.3295755070e+00   1.2964993471e-01
  -1.6870672361e-01  -1.6895687913e-01   9.5619518623e-02  -1.2830981916e+00   5.1875746128e-02
  -1.6819914045e-01  -1.6845656809e-01   3.4510244675e-03  -1.2253433719e+00  -2.1203301269e-02
  -1.6767460245e-01  -1.6794171281e-01  -8.9660773109e-02  -1.1543674288e+00  -9.0570534234e-02
  -1.6712787731e-01  -1.6740749210e-01  -1.8208066587e-01  -1.0703731498e+00  -1.5431229162e-01
  -1.6655230429e-01  -1.6684826252e-01  -2.7488184778e-01  -9.7115061451e-01  -2.1233652385e-01
  -1.6593888058e-01  -1.6625634605e-01  -3.6744326425e-01  -8.5553752036e-01  -2.6310662953e-01
  -1.6527472834e-01  -1.6562141511e-01  -4.6024477541e-01  -7.2041595595e-01  -3.0532736329e-01
  -1.6454000251e-01  -1.6492804156e-01  -5.5289281422e-01  -5.6263070351e-01  -3.3656420382e-01
  -1.6370062042e-01  -1.6415196345e-01  -6.4572745968e-01  -3.7567265421e-01  -3.5342413342e-01
  -1.6273241813e-01  -1.6324927738e-01  -7.3528875120e-01  -1.5797795098e-01  -3.5030294215e-01
  -1.6167037621e-01  -1.6221555888e-01  -8.1195418268e-01   7.3572994631e-02  -3.2381733319e-01
  -1.6051936929e-01  -1.6112519355e-01  -8.7040734051e-01   3.0605993860e-01  -2.7490331345e-01
  -1.5917597534e-01  -1.5991354503e-01  -9.0769373703e-01   5.3907995124e-01  -2.0380963024e-01
  -1.5729027411e-01  -1.5843840565e-01  -9.0776597921e-01   7.7609050818e-01  -1.0757128828e-01
  -1.5512371375e-01  -1.5614214256e-01  -8.4449941392e-01   9.1782003037e-01  -4.0396433468e-02
  -1.5342276998e-01  -1.5410528494e-01  -7.5004992750e-01   9.3571935581e-01  -4.0475095435e-02
  -1.5218421631e-01  -1.5274025501e-01  -6.5708156317e-01   9.0465798686e-01  -7.4007231390e-02
  -1.5114314438e-01  -1.5162817761e-01  -5.6443224384e-01   8.5671918790e-01  -1.2134835830e-01
  -1.5021906414e-01  -1.5065811114e-01  -4.7167442426e-01   8.0124728925e-01  -1.7507035987e-01
  -1.4937261302e-01  -1.4978001713e-01  -3.7914687826e-01   7.4245547183e-01  -2.3081692941e-01
  -1.4858021479e-01  -1.4896520890e-01  -2.8649336856e-01   6.8192383735e-01  -2.8621285678e-01
  -1.4782592352e-01  -1.4819522069e-01  -1.9390321298e-01   6.2049386532e-01  -3.3940022734e-01
  -1.4709774203e-01  -1.4745662636e-01  -1.0125428340e-01   5.5819597471e-01  -3.8918850646e-01
  -1.4638580793e-01  -1.4673885771e-01  -8.7479363513e-03   4.9487917071e-01  -4.3450258235e-01
  -1.4568121260e-01  -1.4603275814e-01   8.3975283971e-02   4.2969029129e-01  -4.7468750471e-01
  -1.4497505085e-01  -1.4532966705e-01   1.7667484409e-01   3.6186800760e-01  -5.0884008884e-01
  -1.4425741404e-01  -1.4462043466e-01   2.6924377243e-01   2.9019246014e-01  -5.3612435970e-01
  -1.4351594544e-01  -1.4389439343e-01   3.6191179354e-01   2.1260875631e-01  -5.5562612313e-01
  -1.4273313423e-01  -1.4313749745e-01   4.5465358915e-01   1.2624875779e-01  -5.6594966937e-01
  -1.4188024404e-01  -1.4232877101e-01   5.4742541481e-01   2.6308938702e-02  -5.6490981905e-01
  -1.4089851403e-01  -1.4143171708e-01   6.4060834589e-01  -9.7498579009e-02  -5.4819788778e-01
  -1.3964764442e-01  -1.4036531099e-01   7.3253109314e-01  -2.6984497337e-01  -5.0504709624e-01
  -1.3820248913e-01  -1.3892997784e-01   7.9581437850e-01  -4.8855697729e-01  -4.3183266675e-01
  -1.3679297821e-01  -1.3747500042e-01   8.0707717608e-01  -7.1975454641e-01  -3.4473418638e-01
  -1.3544723650e-01  -1.3611095599e-01   7.6860077027e-01  -9.5135903179e-01  -2.5641519358e-01
  -1.3419109138e-01  -1.3478351701e-01   6.9111370610e-01  -1.1689368092e+00  -1.7729592026e-01
  -1.3313638835e-01  -1.3359866576e-01   5.9786268073e-01  -1.3465210244e+00  -1.1758703069e-01
  -1.3227378836e-01  -1.3267411093e-01   5.0495439807e-01  -1.4835168553e+00  -7.5523053642e-02
  -1.3150800245e-01  -1.3187346579e-01   4.1209337805e-01  -1.5961841446e+00  -4.4041394874e-02
  -1.3079790041e-01  -1.3114253910e-01   3.1917706876e-01  -1.6908588146e+00  -2.0119956301e-02
  -1.3012053377e-01  -1.3045326172e-01   2.2669943190e-01  -1.7701588886e+00  -2.1598756038e-03
  -1.2946048777e-01  -1.2978780582e-01   1.3401315645e-01  -1.8361437861e+00   1.1066568651e-02
  -1.2880563879e-01  -1.2913316972e-01   4.1285450889e-02  -1.8890898740e+00   2.0277689365e-02
  -1.2814474126e-01  -1.2847810786e-01  -5.1579286134e-02  -1.9286910629e+00   2.6075656429e-02
  -1.2746574704e-01  -1.2781137466e-01  -1.4408881503e-01  -1.9536770333e+00   2.8976181030e-02
  -1.2675358064e-01  -1.2712011943e-01  -2.3686805060e-01  -1.9620142368e+00   2.9544171352e-02
  -1.2598620409e-01  -1.2638704185e-01  -3.2968964894e-01  -1.9495128352e+00   2.8434238788e-02
  -1.2512532503e-01  -1.2558536633e-01  -4.2258184224e-01  -1.9083023661e+00   2.6704243162e-02
  -1.2408347868e-01  -1.2466528373e-01  -5.1599664140e-01  -1.8196251483e+00   2.6668973030e-02
  -1.2277284558e-01  -1.2350167363e-01  -5.9998193392e-01  -1.6499330180e+00   3.4649760287e-02
  -1.2145170190e-01  -1.2204401753e-01  -6.4556644941e-01  -1.4207355002e+00   5.6217348901e-02
  -1.2034474702e-01  -1.2085938627e-01  -6.5190452276e-01  -1.1883648765e+00   8.7873304050e-02
  -1.1935829127e-01  -1.1983010778e-01  -6.3431280037e-01  -9.5604853725e-01   1.2726730497e-01
  -1.1843877307e-01  -1.1888647475e-01  -6.0001460289e-01  -7.2443479088e-01   1.7276749178e-01
  -1.1755508104e-01  -1.1799107139e-01  -5.5247668647e-01  -4.9207060359e-01   2.2341723228e-01
  -1.1668459808e-01  -1.1711909068e-01  -4.9408915424e-01  -2.6070153696e-01   2.7762230798e-01
  -1.1580684429e-01  -1.1625010548e-01  -4.2523225604e-01  -2.8140371635e-02   3.3454521784e-01
  -1.1489886819e-01  -1.1536358310e-01  -3.4649245107e-01   2.0356266562e-01   3.9195935454e-01
  -1.1395013955e-01  -1.1443415329e-01  -2.5830004540e-01   4.3093370155e-01   4.4651102960e-01
  -1.1299096918e-01  -1.1346612580e-01  -1.6582662284e-01   6.3839126054e-01   4.9119971861e-01
  -1.1203874088e-01  -1.1251581255e-01  -7.3347156978e-02   8.1526636917e-01   5.2024967135e-01
  -1.1107122162e-01  -1.1156166921e-01   1.9406720649e-02   9.6007752524e-01   5.2956955978e-01
  -1.1006402618e-01  -1.1058077403e-01   1.1185253414e-01   1.0671878990e+00   5.1335448145e-01
  -1.0898596027e-01  -1.0954727833e-01   2.0448593750e-01   1.1287464207e+00   4.6315059156e-01
  -1.0778662472e-01  -1.0842464221e-01   2.9717214095e-01   1.1294283327e+00   3.6539734005e-01
  -1.0652102321e-01  -1.0714860723e-01   3.8096115380e-01   1.0548227834e+00   2.1667972506e-01
  -1.0536615221e-01  -1.0589343918e-01   4.4272796344e-01   9.2456823705e-01   4.5943746043e-02
  -1.0435719810e-01  -1.0483886525e-01   4.8373230815e-01   7.6762394034e-01  -1.2478759112e-01
  -1.0341081377e-01  -1.0387553096e-01   5.0992176353e-01   5.9223945116e-01  -2.9497050242e-01
  -1.0247596182e-01  -1.0294609658e-01   5.2325196244e-01   4.0000970849e-01  -4.6524958283e-01
  -1.0150300999e-01  -1.0200582706e-01   5.2280548965e-01   1.8922724868e-01  -6.3593585674e-01
  -1.0045666744e-01  -1.0100019292e-01   5.0492393606e-01  -3.7377285471e-02  -8.0086410706e-01
  -9.9313610728e-02  -9.9913141961e-02   4.6359112016e-01  -2.7004656012e-01  -9.4574365944e-01
  -9.8067998095e-02  -9.8714079495e-02   3.9171961633e-01  -4.8858129594e-01  -1.0468394036e+00
  -9.6907257743e-02  -9.7421916694e-02   3.0007048899e-01  -6.4638880577e-01  -1.0780368749e+00
  -9.5955887262e-02  -9.6392598792e-02   2.0702723951e-01  -7.3459952671e-01  -1.0517054065e+00
  -9.5129096194e-02  -9.5519175733e-02   1.1443668138e-01  -7.7805138503e-01  -9.8992190124e-01
  -9.4379608415e-02  -9.4739016655e-02   2.1551668571e-02  -7.9029167205e-01  -9.0287174193e-01
  -9.3681523756e-02  -9.4020200176e-02  -7.0926108603e-02  -7.7864609193e-01  -7.9721978662e-01
  -9.3018214140e-02  -9.3342847336e-02  -1.6375988752e-01  -7.4770727541e-01  -6.7590082933e-01
  -9.2377797680e-02  -9.2693580943e-02  -2.5626941355e-01  -7.0077615718e-01  -5.4231739978e-01
  -9.1750764240e-02  -9.2062014417e-02  -3.4922172518e-01  -6.3955018406e-01  -3.9709458507e-01
  -9.1128712256e-02  -9.1439514063e-02  -4.4178065769e-01  -5.6597366786e-01  -2.4273375470e-01
  -9.0503752529e-02  -9.0817910449e-02  -5.3430047198e-01  -4.8071268558e-01  -7.9506759249e-02
  -8.9877488228e-02  -9.0189594608e-02  -6.2524272865e-01  -3.8578940737e-01   8.9254567891e-02
  -8.9254246380e-02  -8.9565381847e-02  -7.1279515088e-01  -2.8366308178e-01   2.5957805802e-01
  -8.8627111117e-02  -8.8943110914e-02  -7.9645104391e-01  -1.7525213459e-01   4.3002678757e-01
  -8.7983621327e-02  -8.8311111321e-02  -8.7591878867e-01  -6.0656967348e-02   5.9996620951e-01
  -8.7308120665e-02  -8.7656131334e-02  -9.5142224537e-01   6.1964553743e-02   7.7065490370e-01
  -8.6577410355e-02  -8.6960109997e-02  -1.0214660599e+00   1.9369390850e-01   9.4076540815e-01
  -8.5749024206e-02  -8.6194710714e-02  -1.0845728160e+00   3.4005245632e-01   1.1117951960e+00
  -8.4714180407e-02  -8.5303337699e-02  -1.1349441748e+00   5.1315962228e-01   1.2840541157e+00
  -8.3308317629e-02  -8.4125023115e-02  -1.1474139325e+00   7.2511964199e-01   1.4340008179e+00
  -8.1799774998e-02  -8.2491612144e-02  -1.0884855821e+00   9.1981761192e-01   1.4858174644e+00
  -8.0662633669e-02  -8.1107937851e-02  -9.9333805531e-01   1.0431315311e+00   1.4500829024e+00
  -7.9857754775e-02  -8.0217329486e-02  -8.9999063633e-01   1.1185187253e+00   1.3881571514e+00
  -7.9184696666e-02  -7.9498180064e-02  -8.0710026070e-01   1.1747586055e+00   1.3165931157e+00
  -7.8586922302e-02  -7.8871213269e-02  -7.1430713173e-01   1.2200141817e+00   1.2401612897e+00
  -7.8038395715e-02  -7.8302631334e-02  -6.2156856680e-01   1.2579362964e+00   1.1611856771e+00
  -7.7524329940e-02  -7.7774160095e-02  -5.2893189418e-01   1.2905318895e+00   1.0810672819e+00
  -7.7035251889e-02  -7.7274499784e-02  -4.3640856241e-01   1.3190382310e+00   1.0006976059e+00
  -7.6564604664e-02  -7.6796003995e-02  -3.4344218693e-01   1.3444046943e+00   9.2022235172e-01
  -7.6107493252e-02  -7.6333205333e-02  -2.5068188276e-01   1.3669767363e+00   8.4068937512e-01
  -7.5660022964e-02  -7.5881781171e-02  -1.5785908276e-01   1.3871932987e+00   7.6226237646e-01
  -7.5218976242e-02  -7.5438264756e-02  -6.5299935813e-02   1.4052327487e+00   6.8555090387e-01
  -7.4781555957e-02  -7.4999687728e-02   2.7127671143e-02   1.4212833775e+00   6.1073765535e-01
  -7.4345223362e-02  -7.4563424185e-02   1.1952883607e-01   1.4354380439e+00   5.3802073953e-01
  -7.3907521123e-02  -7.4127022539e-02   2.1291360095e-01   1.4478112698e+00   4.6694802309e-01
  -7.3465974559e-02  -7.3688019707e-02   3.0538133414e-01   1.4580825563e+00   3.9927727326e-01
  -7.3017995331e-02  -7.3243929412e-02   3.9793924217e-01   1.4662652749e+00   3.3455044248e-01
  -7.2560718064e-02  -7.2792061251e-02   4.9058339246e-01   1.4721379463e+00   2.7314704281e-01
  -7.2090843908e-02  -7.2329374877e-02   5.8316590519e-01   1.4753811307e+00   2.1558738161e-01
  -7.1604399557e-02  -7.1852312938e-02   6.7581299441e-01   1.4755636680e+00   1.6229483036e-01
  -7.1096341902e-02  -7.1356486175e-02   7.6869762888e-01   1.4720566454e+00   1.1381281832e-01
  -7.0560058008e-02  -7.0836197629e-02   8.6131286043e-01   1.4640100083e+00   7.1196128472e-02
  -6.9986328246e-02  -7.0283918387e-02   9.5406525093e-01   1.4501320435e+00   3.5291389900e-02
  -6.9361337993e-02  -6.9688738104e-02   1.0468207185e+00   1.4284702652e+00   7.6576118174e-03
  -6.8662479672e-02  -6.9033937881e-02   1.1396166578e+00   1.3957468203e+00  -9.4215499343e-03
  -6.7847014212e-02  -6.8291021462e-02   1.2325478544e+00   1.3457291935e+00  -1.1956016936e-02
  -6.6808061352e-02  -6.7403006961e-02   1.3262893484e+00   1.2626748335e+00   9.1572567023e-03
  -6.5321626813e-02  -6.6213115744e-02   1.4117574477e+00   1.1061136051e+00   7.6590826573e-02
  -6.3654862666e-02  -6.4430137882e-02   1.4465467864e+00   8.8360893858e-01   1.8205869022e-01
  -6.2203655196e-02  -6.2879587451e-02   1.4266116916e+00   6.5205304521e-01   2.8162587677e-01
  -6.0909337968e-02  -6.1527722940e-02   1.3736190514e+00   4.2030789031e-01   3.6250224886e-01
  -5.9708046463e-02  -6.0290952997e-02   1.2983708049e+00   1.8915204494e-01   4.2182486415e-01
  -5.8605159404e-02  -5.9125139929e-02   1.2093777455e+00  -3.3914243582e-02   4.5825696944e-01
  -5.7631765075e-02  -5.8085178878e-02   1.1166731014e+00  -2.3603041324e-01   4.7346295674e-01
  -5.6767898919e-02  -5.7178351272e-02   1.0240080404e+00  -4.1784435650e-01   4.7266165526e-01
  -5.5977366690e-02  -5.6357446565e-02   9.3130205835e-01  -5.8454862330e-01   4.5986847529e-01
  -5.5239722088e-02  -5.5597286815e-02   8.3878135429e-01  -7.3847600678e-01   4.3767284611e-01
  -5.4541778113e-02  -5.4882157361e-02   7.4609624926e-01  -8.8179337204e-01   4.0772889390e-01
  -5.3874182440e-02  -5.4201398864e-02   6.5355479983e-01  -1.0149501543e+00   3.7136014888e-01
  -5.3229746570e-02  -5.3546966015e-02   5.6084680982e-01  -1.1389097314e+00   3.2932921028e-01
  -5.2602593367e-02  -5.2912527126e-02   4.6824770486e-01  -1.2535009729e+00   2.8237543503e-01
  -5.1987584994e-02  -5.2292659608e-02   3.7585475180e-01  -1.3586187673e+00   2.3098812773e-01
  -5.1380007393e-02  -5.1682510380e-02   2.8282159407e-01  -1.4548396109e+00   1.7487593573e-01
  -5.0775225299e-02  -5.1077504407e-02   1.9046806616e-01  -1.5402448586e+00   1.1488125166e-01
  -5.0168388258e-02  -5.0472946191e-02   9.7769465385e-02  -1.6149916911e+00   5.0231558717e-02
  -4.9554105604e-02  -4.9863830326e-02   5.0051725442e-03  -1.6774756169e+00  -1.9274495184e-02
  -4.8925980386e-02  -4.9244380882e-02  -8.7547878709e-02  -1.7257320365e+00  -9.4033541704e-02
  -4.8275871276e-02  -4.8607579891e-02  -1.8017926876e-01  -1.7573126600e+00  -1.7526150121e-01
  -4.7592534628e-02  -4.7944162662e-02  -2.7291851377e-01  -1.7681926159e+00  -2.6459678267e-01
  -4.6859039570e-02  -4.7240906595e-02  -3.6565138227e-01  -1.7520326124e+00  -3.6454317822e-01
  -4.6046716352e-02  -4.6477172545e-02  -4.5837833317e-01  -1.6979306390e+00  -4.7969816042e-01
  -4.5100729374e-02  -4.5616260160e-02  -5.5131975491e-01  -1.5833265781e+00  -6.1990815046e-01
  -4.4065034931e-02  -4.4585198589e-02  -6.3193258410e-01  -1.3938973017e+00  -7.7930924353e-01
  -4.3123298659e-02  -4.3544871274e-02  -6.8496005583e-01  -1.1638258652e+00  -9.2917366425e-01
  -4.2340301548e-02  -4.2701726044e-02  -7.1364946453e-01  -9.3095666380e-01  -1.0569812559e+00
  -4.1654374416e-02  -4.1978877053e-02  -7.2747579031e-01  -6.9866440843e-01  -1.1705765093e+00
  -4.1029989801e-02  -4.1329871779e-02  -7.3136809380e-01  -4.6673574216e-01  -1.2747922397e+00
  -4.0447333420e-02  -4.0730107823e-02  -7.2804908498e-01  -2.3399373893e-01  -1.3726990528e+00
  -3.9893615488e-02  -4.0164559017e-02  -7.1929497137e-01  -2.3399192430e-03  -1.4650896420e+00
  -3.9359675728e-02  -3.9622671960e-02  -7.0627853551e-01   2.2975472739e-01  -1.5536447537e+00
  -3.8838428124e-02  -3.9096679496e-02  -6.8982612388e-01   4.6260787086e-01  -1.6391619230e+00
  -3.8323782886e-02  -3.8580176752e-02  -6.7084960879e-01   6.9347869833e-01  -1.7211626855e+00
  -3.7810047449e-02  -3.8067389021e-02  -6.4954921379e-01   9.2670390567e-01  -1.8015152983e+00
  -3.7291382608e-02  -3.7552705877e-02  -6.2675499115e-01   1.1583700655e+00  -1.8790564981e+00
  -3.6761147821e-02  -3.7030059339e-02  -6.0276656558e-01   1.3902385927e+00  -1.9544817296e+00
  -3.6210922429e-02  -3.6492236302e-02  -5.7798188401e-01   1.6228238831e+00  -2.0278715712e+00
  -3.5628886218e-02  -3.5929608556e-02  -5.5307889389e-01   1.8546773263e+00  -2.0984947576e+00
  -3.4995979607e-02  -3.5328163880e-02  -5.2857469124e-01   2.0874796916e+00  -2.1662118823e+00
  -3.4275163760e-02  -3.4663795333e-02  -5.0565546677e-01   2.3209914781e+00  -2.2294153370e+00
  -3.3364133136e-02  -3.3886532186e-02  -4.8697819999e-01   2.5564183857e+00  -2.2839542604e+00
  -3.1661290931e-02  -3.2841734086e-02  -4.9318457980e-01   2.7706234544e+00  -2.2895488666e+00
  -2.9812547571e-02  -3.0480847776e-02  -5.5636813636e-01   2.6853786687e+00  -2.1566451528e+00
  -2.8734420108e-02  -2.9144247365e-02  -6.2355595222e-01   2.4510698592e+00  -1.9945119909e+00
  -2.8002898459e-02  -2.8324592851e-02  -6.7992598849e-01   2.2167186692e+00  -1.8479135602e+00
  -2.7404684861e-02  -2.7681204068e-02  -7.3106851071e-01   1.9837493700e+00  -1.7070218218e+00
  -2.6879820107e-02  -2.7128165654e-02  -7.7895614149e-01   1.7504373853e+00  -1.5680325180e+00
  -2.6402261119e-02  -2.6631474561e-02  -8.2385952072e-01   1.5189882629e+00  -1.4310421276e+00
  -2.5957665941e-02  -2.6173047678e-02  -8.6654050064e-01   1.2875638182e+00  -1.2942903765e+00
  -2.5537289629e-02  -2.5742284204e-02  -9.0762653916e-01   1.0536817310e+00  -1.1558818460e+00
  -2.5135015323e-02  -2.5332295054e-02  -9.4622760515e-01   8.2320384205e-01  -1.0189812833e+00
  -2.4746316321e-02  -2.4937735592e-02  -9.8328131254e-01   5.9112642642e-01  -8.8038497734e-01
  -2.4367825455e-02  -2.4554897049e-02  -1.0187165269e+00   3.5780989455e-01  -7.4008342882e-01
  -2.3996720677e-02  -2.4180753861e-02  -1.0520975495e+00   1.2614188321e-01  -5.9962713108e-01
  -2.3630582325e-02  -2.3812687494e-02  -1.0836758758e+00  -1.0567184805e-01  -4.5776072559e-01
  -2.3267279500e-02  -2.3448477156e-02  -1.1134157879e+00  -3.3784577892e-01  -3.1415997778e-01
  -2.2904804348e-02  -2.3086081844e-02  -1.1412315271e+00  -5.7048734240e-01  -1.6854390763e-01
  -2.2541176978e-02  -2.2723526853e-02  -1.1668662654e+00  -8.0238687593e-01  -2.1446982280e-02
  -2.2174359442e-02  -2.2358827103e-02  -1.1902542324e+00  -1.0342014409e+00   1.2779435041e-01
  -2.1802150183e-02  -2.1989891781e-02  -1.2111933521e+00  -1.2658518265e+00   2.7943356370e-01
  -2.1422001961e-02  -2.1614408584e-02  -1.2295612120e+00  -1.4992876955e+00   4.3516923115e-01
  -2.1030894676e-02  -2.1229595339e-02  -1.2447498338e+00  -1.7312785867e+00   5.9334088619e-01
  -2.0625169222e-02  -2.0832194014e-02  -1.2563594855e+00  -1.9613618256e+00   7.5415895335e-01
  -2.0200553454e-02  -2.0418144431e-02  -1.2639759846e+00  -2.1954929953e+00   9.2272985898e-01
  -1.9758081701e-02  -1.9982962478e-02  -1.2664204256e+00  -2.4221774602e+00   1.0918542881e+00
  -1.9300109987e-02  -1.9533200925e-02  -1.2629775189e+00  -2.6404868562e+00   1.2618215826e+00
  -1.8823120443e-02  -1.9067019050e-02  -1.2527366054e+00  -2.8472255569e+00   1.4314564103e+00
  -1.8320767141e-02  -1.8579221836e-02  -1.2341750985e+00  -3.0425153817e+00   1.6028876052e+00
  -1.7784221732e-02  -1.8062312446e-02  -1.2058659082e+00  -3.2190422619e+00   1.7725113837e+00
  -1.7200049209e-02  -1.7506131018e-02  -1.1647235204e+00  -3.3747837946e+00   1.9428633377e+00
  -1.6545147845e-02  -1.6893967399e-02  -1.1061205431e+00  -3.5008205799e+00   2.1132567782e+00
  -1.5818099653e-02  -1.6196328290e-02  -1.0259541004e+00  -3.5794423067e+00   2.2756657781e+00
  -1.5109049784e-02  -1.5439871017e-02  -9.3360642921e-01  -3.5938824262e+00   2.4052919151e+00
  -1.4480582947e-02  -1.4778228552e-02  -8.4094407204e-01  -3.5549956199e+00   2.4948487765e+00
  -1.3907933886e-02  -1.4182937343e-02  -7.4812577692e-01  -3.4784157371e+00   2.5556931097e+00
  -1.3374111511e-02  -1.3632930429e-02  -6.5533323911e-01  -3.3732935246e+00   2.5942592585e+00
  -1.2868308144e-02  -1.3115292594e-02  -5.6282112409e-01  -3.2458366611e+00   2.6146698810e+00
  -1.2383075054e-02  -1.2621323694e-02  -4.7025846133e-01  -3.0995663437e+00   2.6197459071e+00
  -1.1912937532e-02  -1.2144826415e-02  -3.7742620821e-01  -2.9368201095e+00   2.6112352777e+00
  -1.1453558637e-02  -1.1681048649e-02  -2.8458209897e-01  -2.7600386766e+00   2.5903376070e+00
  -1.1001286718e-02  -1.1226068626e-02  -1.9183346785e-01  -2.5710359429e+00   2.5579361910e+00
  -1.0552896747e-02  -1.0776504810e-02  -9.9185301952e-02  -2.3710909421e+00   2.5145872603e+00
  -1.0105379910e-02  -1.0329288685e-02  -6.5852548739e-03  -2.1610631478e+00   2.4605257698e+00
  -9.6557553064e-03  -9.8814711344e-03   8.6033077855e-02  -1.9415226006e+00   2.3956803118e+00
  -9.2024386158e-03  -9.4300394784e-03   1.7838408408e-01  -1.7137084215e+00   2.3199854233e+00
  -8.7494478126e-03  -8.9748377532e-03   2.6894280011e-01  -1.4820264233e+00   2.2344786690e+00
  -8.2992860664e-03  -8.5240578720e-03   3.5661806009e-01  -1.2500464610e+00   2.1401442775e+00
  -7.8481832096e-03  -8.0745142607e-03   4.4161803444e-01  -1.0179248408e+00   2.0366139654e+00
  -7.3916737289e-03  -7.6218521585e-03   5.2415621954e-01  -7.8553772540e-01   1.9230567101e+00
  -6.9248573766e-03  -7.1614952994e-03   6.0425798210e-01  -5.5304571183e-01   1.7983614741e+00
  -6.4419210310e-03  -6.6882194539e-03   6.8169970926e-01  -3.2113264768e-01   1.6612333981e+00
  -5.9354636732e-03  -6.1956226082e-03   7.5658934477e-01  -8.9197344361e-02   1.5088366433e+00
  -5.4137240376e-03  -5.6753047382e-03   8.2626344348e-01   1.3476225954e-01   1.3437323092e+00
  -4.9012982590e-03  -5.1521433370e-03   8.8734986091e-01   3.3962299245e-01   1.1724663683e+00
  -4.4079996647e-03  -4.6504531810e-03   9.3764664419e-01   5.1674021245e-01   1.0031172281e+00
  -3.9297780695e-03  -4.1655461484e-03   9.7893405836e-01   6.7084366435e-01   8.3311038258e-01
  -3.4635082224e-03  -3.6940099907e-03   1.0117073350e+00   8.0268545952e-01   6.6280922218e-01
  -3.0065525190e-03  -3.2330064540e-03   1.0364286111e+00   9.1305089191e-01   4.9251079406e-01
  -2.5566137462e-03  -2.7800985840e-03   1.0535344320e+00   1.0027763062e+00   3.2236578339e-01
  -2.1116250032e-03  -2.3331289083e-03   1.0634116247e+00   1.0726566124e+00   1.5240952410e-01
  -1.6696580642e-03  -1.8901210981e-03   1.0663805326e+00   1.1233750526e+00  -1.7408504918e-02
  -1.2288411117e-03  -1.4491950303e-03   1.0626846326e+00   1.1554527336e+00  -1.8719541296e-01
  -7.8726533692e-04  -1.0084871932e-03   1.0523729741e+00   1.1691814996e+00  -3.5822266365e-01
  -3.4291012029e-04  -5.6604348068e-04   1.0356754019e+00   1.1645068383e+00  -5.2826989982e-01
   1.0643276434e-04  -1.1977675989e-04   1.0126498878e+00   1.1416743441e+00  -6.9818990808e-01
   5.6329008745e-04   3.3264228856e-04   9.8325246900e-01   1.1004925127e+00  -8.6821493294e-01
   1.0306737471e-03   7.9393788634e-04   9.4741417759e-01   1.0405991015e+00  -1.0381691697e+00
   1.5123378827e-03   1.2674096078e-03   9.0487220561e-01   9.6117887416e-01  -1.2082891783e+00
   2.0132310709e-03   1.7572661576e-03   8.5509773380e-01   8.6069844183e-01  -1.3790351264e+00
   2.5400888936e-03   2.2691959843e-03   7.9794000692e-01   7.3822634660e-01  -1.5489661140e+00
   3.1027246300e-03   2.8109818030e-03   7.3229358938e-01   5.9061573954e-01  -1.7188346783e+00
   3.7171073101e-03   3.3944674570e-03   6.5611618037e-01   4.1201078789e-01  -1.8895594144e+00
   4.3930384359e-03   4.0397471632e-03   5.6908667009e-01   2.0009216158e-01  -2.0561829710e+00
   5.0929238573e-03   4.7463297086e-03   4.7791793475e-01  -2.9579267152e-02  -2.2024959763e+00
   5.7828172826e-03   5.4395180060e-03   3.8833516150e-01  -2.6226482293e-01  -2.3192529325e+00
   6.4748867232e-03   6.1261165593e-03   3.0151957263e-01  -4.9406703534e-01  -2.4059789498e+00
   7.1877757939e-03   6.8236568871e-03   2.1670667935e-01  -7.2638919339e-01  -2.4625732601e+00
   7.9455044554e-03   7.5518947007e-03   1.3378410909e-01  -9.5911536383e-01  -2.4848937243e+00
   8.7880117408e-03   8.3391142101e-03   5.2700361209e-02  -1.1918365505e+00  -2.4634564688e+00
   9.7925091815e-03   9.2369092716e-03  -2.6538358277e-02  -1.4230666995e+00  -2.3753429635e+00
   1.0816251121e-02   1.0348109091e-02  -8.6895833438e-02  -1.5982960181e+00  -2.2219874573e+00
   1.1659030949e-02   1.1284393150e-02  -1.2022251087e-01  -1.6888415021e+00  -2.0504773571e+00
   1.2360830890e-02   1.2033668747e-02  -1.3679606068e-01  -1.7237750755e+00  -1.8798490057e+00
   1.2986185185e-02   1.2687993032e-02  -1.4344053401e-01  -1.7226870809e+00  -1.7088780894e+00
   1.3563551543e-02   1.3284377338e-02  -1.4318641743e-01  -1.6944173799e+00  -1.5390155732e+00
   1.4108849863e-02   1.3842725748e-02  -1.3777907297e-01  -1.6436360726e+00  -1.3689094103e+00
   1.4632156040e-02   1.4374973977e-02  -1.2827648408e-01  -1.5731758395e+00  -1.1989467608e+00
   1.5140601060e-02   1.4889338103e-02  -1.1529921555e-01  -1.4841142264e+00  -1.0280912403e+00
   1.5639675166e-02   1.5391864017e-02  -9.9524096755e-02  -1.3786368190e+00  -8.5845267246e-01
   1.6133904875e-02   1.5887486315e-02  -8.1194389169e-02  -1.2564541183e+00  -6.8848130470e-01
   1.6627245131e-02   1.6380323435e-02  -6.0482960928e-02  -1.1170907614e+00  -5.1761461069e-01
   1.7123408081e-02   1.6874166826e-02  -3.7907854051e-02  -9.6258799363e-01  -3.4839916511e-01
   1.7626131284e-02   1.7372649335e-02  -1.3145294370e-02  -7.8933030928e-01  -1.7741502654e-01
   1.8139336383e-02   1.7879613234e-02   1.3205327910e-02  -6.0016983771e-01  -8.2112922510e-03
   1.8667450859e-02   1.8399059531e-02   4.1616964432e-02  -3.9034531257e-01   1.6252687973e-01
   1.9206185638e-02   1.8935842187e-02   7.1243960977e-02  -1.6481313029e-01   3.2985087953e-01
   1.9736977419e-02   1.9476529089e-02   1.0080011217e-01   6.7170095096e-02   4.8741288926e-01
   2.0250945245e-02   1.9997425749e-02   1.2937937586e-01   2.9823638927e-01   6.3180294845e-01
   2.0753555783e-02   2.0504464740e-02   1.5745443017e-01   5.3176112598e-01   7.6659375091e-01
   2.1249571355e-02   2.1002646826e-02   1.8451008499e-01   7.6294255700e-01   8.9024596554e-01
   2.1743318056e-02   2.1496495884e-02   2.1095781104e-01   9.9471925660e-01   1.0054333513e+00
   2.2238977622e-02   2.1990140228e-02   2.3692253395e-01   1.2278206193e+00   1.1131610096e+00
   2.2740918333e-02   2.2487815015e-02   2.6202239344e-01   1.4583617421e+00   1.2123303588e+00
   2.3254165355e-02   2.2994021650e-02   2.8691609746e-01   1.6920763297e+00   1.3058838377e+00
   2.3784851985e-02   2.3514309060e-02   3.1104721000e-01   1.9235441653e+00   1.3920028991e+00
   2.4341042770e-02   2.4055394910e-02   3.3470818324e-01   2.1554175972e+00   1.4720963408e+00
   2.4934617661e-02   2.4626690631e-02   3.5790909110e-01   2.3880839248e+00   1.5464544250e+00
   2.5584722311e-02   2.5242544692e-02   3.8041481981e-01   2.6200476956e+00   1.6147069401e+00
   2.6328223780e-02   2.5926899931e-02   4.0220902491e-01   2.8536581832e+00   1.6774189734e+00
   2.7261663837e-02   2.6729547629e-02   4.2247789672e-01   3.0885333424e+00   1.7338197017e+00
   2.8520412910e-02   2.7793780045e-02   4.3569932643e-01   3.2919700023e+00   1.7753315381e+00
   2.9973678639e-02   2.9247045774e-02   4.2845730434e-01   3.3561047129e+00   1.7815363031e+00
   3.1445563947e-02   3.0700311503e-02   3.9290124479e-01   3.2247842913e+00   1.7475081078e+00
   3.2646297719e-02   3.2190816391e-02   3.4259348394e-01   2.9830872751e+00   1.6941461708e+00
   3.3470241946e-02   3.3101779047e-02   2.9642122547e-01   2.7493687810e+00   1.6443624355e+00
   3.4161798820e-02   3.3838704845e-02   2.5098356483e-01   2.5166694622e+00   1.5948609796e+00
   3.4780013457e-02   3.4484892795e-02   2.0560530462e-01   2.2836809425e+00   1.5447276851e+00
   3.5351790994e-02   3.5075134120e-02   1.6046495830e-01   2.0519923700e+00   1.4939251605e+00
   3.5892463885e-02   3.5628447869e-02   1.1528229963e-01   1.8202860387e+00   1.4418869573e+00
   3.6411871973e-02   3.6156479901e-02   6.9857118947e-02   1.5873788750e+00   1.3880832341e+00
   3.6917156396e-02   3.6667264045e-02   2.4806630726e-02   1.3560921284e+00   1.3329322443e+00
   3.7413923725e-02   3.7167048747e-02  -2.0431680984e-02   1.1230305360e+00   1.2753795752e+00
   3.7906891758e-02   3.7660798703e-02  -6.4985973499e-02   8.9202420329e-01   1.2161152761e+00
   3.8400404314e-02   3.8152984813e-02  -1.0941109486e-01   6.5933603979e-01   1.1538942271e+00
   3.8898735013e-02   3.8647823815e-02  -1.5305087673e-01   4.2726745729e-01   1.0889705656e+00
   3.9406425706e-02   3.9149646212e-02  -1.9569891470e-01   1.9547314850e-01   1.0208555023e+00
   3.9928649063e-02   3.9663205201e-02  -2.3701568733e-01  -3.6135451413e-02   9.4903262211e-01
   4.0471821154e-02   4.0194092925e-02  -2.7673233932e-01  -2.6890039842e-01   8.7238509202e-01
   4.1044418667e-02   4.0749549382e-02  -3.1389366025e-01  -5.0143762396e-01   7.9042797614e-01
   4.1658340501e-02   4.1339287951e-02  -3.4738312384e-01  -7.3312758391e-01   7.0213977520e-01
   4.2332193585e-02   4.1977393050e-02  -3.7574285324e-01  -9.6526204091e-01   6.0506775616e-01
   4.3099268181e-02   4.2686994120e-02  -3.9598169362e-01  -1.1981698477e+00   4.9553168231e-01
   4.4033102201e-02   4.3511542242e-02  -4.0150578791e-01  -1.4320870069e+00   3.6593290640e-01
   4.5228421157e-02   4.4554662159e-02  -3.7656912320e-01  -1.6486239579e+00   2.1003501415e-01
   4.6569425871e-02   4.5902180155e-02  -3.0745224536e-01  -1.7854952085e+00   5.2233077449e-02
   4.7744783288e-02   4.7236671587e-02  -2.1468976391e-01  -1.8186050123e+00  -6.7699476495e-02
   4.8691692727e-02   4.8252894989e-02  -1.2159967796e-01  -1.7912440605e+00  -1.5043446059e-01
   4.9536640709e-02   4.9130490465e-02  -2.8771645346e-02  -1.7323389546e+00  -2.1380024555e-01
   5.0336046734e-02   4.9942790953e-02   6.4235290309e-02  -1.6514948134e+00  -2.6522627258e-01
   5.1124876840e-02   5.0729302514e-02   1.5683384261e-01  -1.5531181873e+00  -3.0820356904e-01
   5.1934901767e-02   5.1520451165e-02   2.4973087295e-01  -1.4370168578e+00  -3.4556559469e-01
   5.2808632856e-02   5.2349352370e-02   3.4271966145e-01  -1.3004286927e+00  -3.7927774069e-01
   5.3835068024e-02   5.3267913343e-02   4.3635687052e-01  -1.1320061989e+00  -4.1219631624e-01
   5.5112887865e-02   5.4402222705e-02   5.1988920149e-01  -9.2195294582e-01  -4.4654748976e-01
   5.6601733511e-02   5.5823553025e-02   5.6025600235e-01  -6.9022805268e-01  -4.8208236737e-01
   5.8196029301e-02   5.7379913997e-02   5.2624956078e-01  -4.7162497857e-01  -5.1812628459e-01
   5.9540331625e-02   5.9012144605e-02   4.3760053580e-01  -3.1615044646e-01  -5.4691296219e-01
   6.0481027868e-02   6.0068518644e-02   3.4390337746e-01  -2.2527554237e-01  -5.6477656820e-01
   6.1252428882e-02   6.0893537092e-02   2.5087720078e-01  -1.6188411520e-01  -5.7680304625e-01
   6.1939986226e-02   6.1611320671e-02   1.5806177783e-01  -1.1371212168e-01  -5.8465944630e-01
   6.2579346790e-02   6.2268651781e-02   6.5167180808e-02  -7.5781644403e-02  -5.8886036295e-01
   6.3190676643e-02   6.2890041798e-02  -2.7541199371e-02  -4.5720626879e-02  -5.8949182261e-01
   6.3787821173e-02   6.3491311488e-02  -1.2010259867e-01  -2.2081011751e-02  -5.8645478478e-01
   6.4381959097e-02   6.4084330858e-02  -2.1292703954e-01  -4.0161545043e-03  -5.7941537062e-01
   6.4983749321e-02   6.4679587336e-02  -3.0550883172e-01   8.7089118716e-03  -5.6790787176e-01
   6.5605224156e-02   6.5287911305e-02  -3.9841511646e-01   1.6106960308e-02  -5.5106503156e-01
   6.6262309735e-02   6.5922537008e-02  -4.9111621999e-01   1.7615476521e-02  -5.2774000502e-01
   6.6980203415e-02   6.6602082461e-02  -5.8410329918e-01   1.1982311790e-02  -4.9570433007e-01
   6.7808794739e-02   6.7358324369e-02  -6.7720205151e-01  -3.7374113967e-03  -4.5081250613e-01
   6.8905011978e-02   6.8259265108e-02  -7.7202994238e-01  -3.9304531799e-02  -3.7986953342e-01
   7.0628925690e-02   6.9550758847e-02  -8.4318939594e-01  -1.2567645477e-01  -2.5204528493e-01
   7.2568265587e-02   7.1707092534e-02  -8.1082576875e-01  -2.5402897448e-01  -1.0884800663e-01
   7.3928119465e-02   7.3429438640e-02  -7.1553454552e-01  -3.5540124261e-01  -2.6284618835e-02
   7.4822956924e-02   7.4426800290e-02  -6.2205169339e-01  -4.2232517897e-01   1.1981753690e-02
   7.5564559768e-02   7.5219113558e-02  -5.2893272056e-01  -4.7537628486e-01   3.1404312909e-02
   7.6225283652e-02   7.5910005977e-02  -4.3627597656e-01  -5.1902329989e-01   3.8030747375e-02
   7.6836301051e-02   7.6540561327e-02  -3.4343105962e-01  -5.5542227812e-01   3.4571950624e-02
   7.7414902847e-02   7.7132040774e-02  -2.5085805035e-01  -5.8526149489e-01   2.2463045573e-02
   7.7972324505e-02   7.7697764920e-02  -1.5805317789e-01  -6.0910494483e-01   2.4827534305e-03
   7.8516698148e-02   7.8246884089e-02  -6.5314955093e-02  -6.2695694350e-01  -2.4832649225e-02
   7.9054581937e-02   7.8786512207e-02   2.7315571519e-02  -6.3871774816e-01  -5.9165045796e-02
   7.9591757218e-02   7.9322651668e-02   1.1992266007e-01  -6.4410701513e-01  -1.0041511233e-01
   8.0133846408e-02   7.9860862768e-02   2.1260278194e-01  -6.4260687769e-01  -1.4867014977e-01
   8.0686884459e-02   8.0406830048e-02   3.0535869923e-01  -6.3342194003e-01  -2.0414100998e-01
   8.1257957711e-02   8.0966938870e-02   3.9798973554e-01  -6.1546258073e-01  -2.6706244170e-01
   8.1856226446e-02   8.1548976551e-02   4.9074482242e-01  -5.8703507100e-01  -3.3820909812e-01
   8.2494745214e-02   8.2163476342e-02   5.8348263341e-01  -5.4565813105e-01  -4.1845978173e-01
   8.3194385858e-02   8.2826014085e-02   6.7630154923e-01  -4.8713875966e-01  -5.0955062506e-01
   8.3994368611e-02   8.3562757631e-02   7.6921775116e-01  -4.0371502912e-01  -6.1457824774e-01
   8.4995294866e-02   8.4425979591e-02   8.6318227072e-01  -2.7509703301e-01  -7.4227229296e-01
   8.6255736932e-02   8.5564610141e-02   9.4228703418e-01  -8.0853196058e-02  -8.8588887761e-01
   8.7569536481e-02   8.6946863723e-02   9.7688510920e-01   1.5099401264e-01  -1.0038798154e+00
   8.8790749613e-02   8.8192209239e-02   9.6344951559e-01   3.8315683033e-01  -1.0735446636e+00
   8.9998869040e-02   8.9389289987e-02   9.0910396151e-01   6.1525065895e-01  -1.0978971847e+00
   9.1139880698e-02   9.0608448093e-02   8.2485375624e-01   8.2420018142e-01  -1.0785326690e+00
   9.2111114324e-02   9.1671313303e-02   7.3156108555e-01   9.8517282247e-01  -1.0296707367e+00
   9.2945591040e-02   9.2550915344e-02   6.3876554202e-01   1.1048472096e+00  -9.6525317818e-01
   9.3710045544e-02   9.3340266736e-02   5.4594191552e-01   1.1958014822e+00  -8.8975456581e-01
   9.4436535064e-02   9.4079824353e-02   4.5307990258e-01   1.2628655804e+00  -8.0528375758e-01
   9.5145376075e-02   9.4793245776e-02   3.6048978053e-01   1.3079850187e+00  -7.1322075907e-01
   9.5852338691e-02   9.5497506374e-02   2.6794225272e-01   1.3318563013e+00  -6.1384214677e-01
   9.6572300282e-02   9.6207171008e-02   1.7516155783e-01   1.3336066938e+00  -5.0682514428e-01
   9.7322286104e-02   9.6937429556e-02   8.2257717417e-02   1.3107988263e+00  -3.9179898175e-01
   9.8125360629e-02   9.7707142652e-02  -1.0366202586e-02   1.2593712449e+00  -2.6826534390e-01
   9.9019249721e-02   9.8543578606e-02  -1.0319528709e-01   1.1712504573e+00  -1.3355853354e-01
   1.0008224853e-01   9.9494920835e-02  -1.9644592215e-01   1.0292741916e+00   1.7144900255e-02
   1.0132378185e-01   1.0066957623e-01  -2.7898731137e-01   8.2575650767e-01   1.7214689251e-01
   1.0259834638e-01   1.0197798747e-01  -3.3359198373e-01   5.9306037247e-01   3.0081909511e-01
   1.0387055765e-01   1.0321870529e-01  -3.5879501055e-01   3.6011588386e-01   3.9206793081e-01
   1.0532162785e-01   1.0452241002e-01  -3.5823025772e-01   1.2543289647e-01   4.4774724217e-01
   1.0770320832e-01   1.0612084568e-01  -3.1972211955e-01  -1.0038929509e-01   4.3254487733e-01
   1.1059007068e-01   1.0928557097e-01  -2.8241477699e-01  -6.5675824326e-02   3.0851295247e-01
   1.1270768939e-01   1.1189457038e-01  -3.0249226143e-01   1.6662762825e-01   1.9902670434e-01
   1.1425184893e-01   1.1352080839e-01  -3.5417720787e-01   4.0101579836e-01   1.4630543715e-01
   1.1574886021e-01   1.1498288947e-01  -4.2981912325e-01   6.3081026237e-01   1.3824961055e-01
   1.1725204987e-01   1.1651483096e-01  -5.2064033089e-01   8.2363515176e-01   1.8429800613e-01
   1.1877854552e-01   1.1798926878e-01  -6.1322387222e-01   9.4592705301e-01   2.9249982070e-01
   1.2025180569e-01   1.1956782225e-01  -6.8681411286e-01   9.7643350357e-01   4.5054566383e-01
   1.2152467065e-01   1.2093578912e-01  -7.2559587554e-01   9.2837019087e-01   6.2153296610e-01
   1.2266925942e-01   1.2211355217e-01  -7.3292839200e-01   8.3059344704e-01   7.9189485824e-01
   1.2378727604e-01   1.2322496667e-01  -7.1041897917e-01   6.9421597428e-01   9.6233725275e-01
   1.2495767569e-01   1.2434958542e-01  -6.5303057911e-01   5.2074407100e-01   1.1318797537e+00
   1.2607552700e-01   1.2556576596e-01  -5.6710105205e-01   3.3970271607e-01   1.2729832683e+00
   1.2700345139e-01   1.2658528804e-01  -4.7385900839e-01   1.8683236357e-01   1.3659852699e+00
   1.2779199697e-01   1.2742161475e-01  -3.8096640882e-01   6.0631602057e-02   1.4226081499e+00
   1.2850454349e-01   1.2816237920e-01  -2.8836613310e-01  -4.7129022843e-02   1.4531812522e+00
   1.2917170419e-01   1.2884670778e-01  -1.9545173508e-01  -1.4124395751e-01   1.4623675814e+00
   1.2981208664e-01   1.2949670060e-01  -1.0268330596e-01  -2.2373915475e-01   1.4521929734e+00
   1.3043912261e-01   1.3012747268e-01  -9.9221310061e-03  -2.9653278828e-01   1.4235121801e+00
   1.3106396689e-01   1.3075077254e-01   8.2674462498e-02  -3.6086345005e-01   1.3762705719e+00
   1.3169738910e-01   1.3137716123e-01   1.7534448834e-01  -4.1801439356e-01   1.3092814504e+00
   1.3235147414e-01   1.3201761697e-01   2.6803124739e-01  -4.6896747596e-01   1.2203227597e+00
   1.3304198372e-01   1.3268533132e-01   3.6084964366e-01  -5.1490173919e-01   1.1053175359e+00
   1.3378376313e-01   1.3339863613e-01   4.5254328287e-01  -5.5677240922e-01   9.5967269160e-01
   1.3452657959e-01   1.3416889014e-01   5.3474344593e-01  -5.9332389810e-01   7.9271471290e-01
   1.3521344483e-01   1.3488426904e-01   6.0030686618e-01  -6.2418040412e-01   6.2264695771e-01
   1.3585307872e-01   1.3554262062e-01   6.5180750693e-01  -6.5238568811e-01   4.5218397637e-01
   1.3646179012e-01   1.3616353682e-01   6.9145489622e-01  -6.8008548672e-01   2.8262878985e-01
   1.3705073251e-01   1.3676004341e-01   7.2137630241e-01  -7.0937494578e-01   1.1153454283e-01
   1.3762843068e-01   1.3734142162e-01   7.4213368133e-01  -7.4110471378e-01  -5.8208798804e-02
   1.3820217439e-01   1.3791543974e-01   7.5476298656e-01  -7.7669831251e-01  -2.2810249657e-01
   1.3877877146e-01   1.3848890904e-01   7.5969842998e-01  -8.1736288423e-01  -3.9831989882e-01
   1.3936539964e-01   1.3906863388e-01   7.5713224498e-01  -8.6438318809e-01  -5.6889788886e-01
   1.3997037012e-01   1.3966216540e-01   7.4714797392e-01  -9.1884079252e-01  -7.3867771347e-01
   1.4060445021e-01   1.4027857484e-01   7.2946216337e-01  -9.8297201839e-01  -9.0904886577e-01
   1.4128317564e-01   1.4093032558e-01   7.0357595576e-01  -1.0589239774e+00  -1.0790029432e+00
   1.4203242629e-01   1.4163602569e-01   6.6795554266e-01  -1.1514049793e+00  -1.2500191195e+00
   1.4290379901e-01   1.4242882688e-01   6.2013089640e-01  -1.2669984836e+00  -1.4206248449e+00
   1.4403363806e-01   1.4337877114e-01   5.5195030061e-01  -1.4252630833e+00  -1.5920000480e+00
   1.4546228676e-01   1.4468850499e-01   4.6484636037e-01  -1.6223052624e+00  -1.7202542772e+00
   1.4714751799e-01   1.4623606854e-01   3.7189597766e-01  -1.8197946345e+00  -1.7388360986e+00
   1.4884874414e-01   1.4805896744e-01   2.9612731331e-01  -1.9436216502e+00  -1.6226735068e+00
   1.5018409803e-01   1.4963852083e-01   2.4991053623e-01  -1.9640098330e+00  -1.4484264788e+00
   1.5119320245e-01   1.5072967524e-01   2.2102163215e-01  -1.9236622750e+00  -1.2774653314e+00
   1.5208096119e-01   1.5165672967e-01   1.9766229807e-01  -1.8459325822e+00  -1.1067931546e+00
   1.5291060164e-01   1.5250519270e-01   1.7581295321e-01  -1.7375874367e+00  -9.3682189813e-01
   1.5371588498e-01   1.5331601059e-01   1.5272632307e-01  -1.5994961105e+00  -7.6625990282e-01
   1.5452152782e-01   1.5411575938e-01   1.2628502153e-01  -1.4315716049e+00  -5.9621322091e-01
   1.5534987232e-01   1.5492729627e-01   9.3926253593e-02  -1.2303833697e+00  -4.2642660126e-01
   1.5617673212e-01   1.5577244838e-01   5.4963998160e-02  -1.0044943611e+00  -2.6657618348e-01
   1.5695849013e-01   1.5658101586e-01   1.1020005809e-02  -7.7251370087e-01  -1.2866185402e-01
   1.5769719469e-01   1.5733596441e-01  -3.7649652475e-02  -5.4026742634e-01  -1.2836741633e-02
   1.5841085524e-01   1.5805842497e-01  -9.1418826730e-02  -3.0844060865e-01   8.3131684757e-02
   1.5911284707e-01   1.5876328551e-01  -1.5090600514e-01  -7.6470337471e-02   1.6088277951e-01
   1.5981453619e-01   1.5946240863e-01  -2.1675942848e-01   1.5589975679e-01   2.2094399366e-01
   1.6052696676e-01   1.6016666375e-01  -2.8931697677e-01   3.8760071627e-01   2.6292571775e-01
   1.6126236128e-01   1.6088726978e-01  -3.6972462513e-01   6.1969796904e-01   2.8619295463e-01
   1.6202757948e-01   1.6163745278e-01  -4.5777036849e-01   8.4891425454e-01   2.8905817081e-01
   1.6280131363e-01   1.6241770618e-01  -5.5038241750e-01   1.0660970647e+00   2.7080611273e-01
   1.6356773696e-01   1.6318492108e-01  -6.4292308935e-01   1.2616266239e+00   2.3340370426e-01
   1.6434189534e-01   1.6395055284e-01  -7.3556437948e-01   1.4381786043e+00   1.7825010263e-01
   1.6514548262e-01   1.6473323783e-01  -8.2836007583e-01   1.5973644144e+00   1.0542046293e-01
   1.6601146538e-01   1.6555772742e-01  -9.2120321746e-01   1.7399400729e+00   1.3445403774e-02
   1.6700761312e-01   1.6646520334e-01  -1.0146017547e+00   1.8668589010e+00  -1.0344651426e-01
   1.6825316289e-01   1.6755002291e-01  -1.1032528112e+00   1.9714885355e+00  -2.5328976170e-01
   1.6982344313e-01   1.6895630288e-01  -1.1588197960e+00   2.0286156421e+00  -4.2445976620e-01
   1.7161986101e-01   1.7069058339e-01  -1.1312185002e+00   2.0131137733e+00  -5.6026237600e-01
   1.7304890515e-01   1.7254913863e-01  -1.0368827235e+00   1.9577504539e+00  -6.0329068334e-01
   1.7393040418e-01   1.7354867167e-01  -9.4304131602e-01   1.9088589466e+00  -5.9178574053e-01
   1.7463610010e-01   1.7431213669e-01  -8.5013700096e-01   1.8641663623e+00  -5.6093434116e-01
   1.7524862588e-01   1.7496006352e-01  -7.5730962311e-01   1.8220064700e+00  -5.1848792949e-01
   1.7580170467e-01   1.7553718823e-01  -6.6453285205e-01   1.7816051509e+00  -4.6786697272e-01
   1.7631342595e-01   1.7606622112e-01  -5.7191233226e-01   1.7424456219e+00  -4.1107716745e-01
   1.7679489445e-01   1.7656063079e-01  -4.7921736371e-01   1.7039860932e+00  -3.4919531483e-01
   1.7725354562e-01   1.7702915811e-01  -3.8627841240e-01   1.6657810095e+00  -2.8291707734e-01
   1.7769477505e-01   1.7747793313e-01  -2.9361806133e-01   1.6277065555e+00  -2.1322620260e-01
   1.7812273297e-01   1.7791161696e-01  -2.0150311885e-01   1.5895637809e+00  -1.4084280883e-01
   1.7854063567e-01   1.7833384899e-01  -1.0791278736e-01   1.5502032971e+00  -6.4481311409e-02
   1.7895120710e-01   1.7874742236e-01  -1.6233807712e-02   1.5107582593e+00   1.2783734496e-02
   1.7935683509e-01   1.7915499183e-01   7.7465770117e-02   1.4692208173e+00   9.4027623809e-02
   1.7975964510e-01   1.7955867835e-01   1.6954994277e-01   1.4268697807e+00   1.7591672734e-01
   1.8016169081e-01   1.7996061184e-01   2.6207062701e-01   1.3824491793e+00   2.6005698443e-01
   1.8056498588e-01   1.8036276978e-01   3.5535331136e-01   1.3353659704e+00   3.4663929496e-01
   1.8097159685e-01   1.8076720198e-01   4.4718345037e-01   1.2863336224e+00   4.3345645690e-01
   1.8138380422e-01   1.8117599172e-01   5.4079035207e-01   1.2330889899e+00   5.2345334322e-01
   1.8180413693e-01   1.8159161671e-01   6.3265086003e-01   1.1770329064e+00   6.1313772336e-01
   1.8223559818e-01   1.8201665715e-01   7.2578939318e-01   1.1156082005e+00   7.0534897669e-01
   1.8268195384e-01   1.8245453922e-01   8.1845742595e-01   1.0489368650e+00   7.9828373022e-01
   1.8314796676e-01   1.8290936847e-01   9.1084025978e-01   9.7574813881e-01   8.9201359671e-01
   1.8366314282e-01   1.8338656505e-01   1.0079126318e+00   8.8966816490e-01   9.9156545818e-01