# time = 3.5
# Grid points = 474
# Pressure (Pa) = 101325
#             1_pos             2_posf             3_uvel             4_vvel             5_wvel
  -8.6744200460e-02  -8.6886971725e-02   1.3275785334e+00   1.1595400761e+00   1.5110174937e+00
  -8.6453952275e-02  -8.6601429195e-02   1.4430139235e+00   9.9021903899e-01   1.6497420852e+00
  -8.6133204081e-02  -8.6306475354e-02   1.5544049915e+00   7.9128648222e-01   1.7842825762e+00
  -8.5736438461e-02  -8.5959932808e-02   1.6658317652e+00   5.3048267836e-01   1.9188395456e+00
  -8.5272063008e-02  -8.5512944114e-02   1.7573985819e+00   2.0902726950e-01   2.0278886791e+00
  -8.4795832025e-02  -8.5031181902e-02   1.8055454204e+00  -1.3263017543e-01   2.0814532450e+00
  -8.4323878631e-02  -8.4560482147e-02   1.8062904845e+00  -4.7421244776e-01   2.0741165242e+00
  -8.3841279456e-02  -8.4087275114e-02   1.7597082304e+00  -8.1594699518e-01   2.0057971600e+00
  -8.3361516793e-02  -8.3595283799e-02   1.6689411355e+00  -1.1368835467e+00   1.8815656305e+00
  -8.2944747737e-02  -8.3127749787e-02   1.5577684423e+00  -1.3907706145e+00   1.7338615475e+00
  -8.2604538607e-02  -8.2761745687e-02   1.4461130905e+00  -1.5759103320e+00   1.5885877621e+00
  -8.2305357564e-02  -8.2447331527e-02   1.3350505218e+00  -1.7178089264e+00   1.4466213078e+00
  -8.2031415448e-02  -8.2163383600e-02   1.2241286126e+00  -1.8288934219e+00   1.3072197018e+00
  -8.1774407329e-02  -8.1899447297e-02   1.1129305726e+00  -1.9155084261e+00   1.1698689658e+00
  -8.1529175673e-02  -8.1649367361e-02   1.0024100742e+00  -1.9805975258e+00   1.0358062621e+00
  -8.1292202530e-02  -8.1408983985e-02   8.9086010583e-01  -2.0272824557e+00   9.0310285129e-01
  -8.1060884192e-02  -8.1175421076e-02   7.8035599711e-01  -2.0561143358e+00   7.7439441232e-01
  -8.0833133676e-02  -8.0946347309e-02   6.6961349250e-01  -2.0685723968e+00   6.4834956082e-01
  -8.0607219869e-02  -8.0719920043e-02   5.5821994464e-01  -2.0649587454e+00   5.2479401373e-01
  -8.0381578760e-02  -8.0494519695e-02   4.4725675239e-01  -2.0454604641e+00   4.0523628677e-01
  -8.0154728774e-02  -8.0268637826e-02   3.3651410875e-01  -2.0101772053e+00   2.8975964694e-01
  -7.9925199138e-02  -8.0040819722e-02   2.2594585949e-01  -1.9589266972e+00   1.7870049089e-01
  -7.9691413455e-02  -7.9809578554e-02   1.1444124249e-01  -1.8904504072e+00   7.1504667074e-02
  -7.9451648147e-02  -7.9573248355e-02   4.1132275849e-03  -1.8053584216e+00  -2.9219829424e-02
  -7.9203873944e-02  -7.9330047939e-02  -1.0734384950e-01  -1.7007871348e+00  -1.2482830413e-01
  -7.8945619273e-02  -7.9077699948e-02  -2.1797260377e-01  -1.5770353078e+00  -2.1268315694e-01
  -7.8673737826e-02  -7.8813538599e-02  -3.2905767210e-01  -1.4308469723e+00  -2.9265750190e-01
  -7.8383976984e-02  -7.8533937054e-02  -4.3985563500e-01  -1.2605096481e+00  -3.6263343216e-01
  -7.8070253679e-02  -7.8234016915e-02  -5.5094088989e-01  -1.0614295758e+00  -4.2082569196e-01
  -7.7723193772e-02  -7.7906490443e-02  -6.6184232037e-01  -8.2895802236e-01  -4.6387875963e-01
  -7.7326697748e-02  -7.7539897100e-02  -7.7296699165e-01  -5.5350481718e-01  -4.8711600055e-01
  -7.6869351371e-02  -7.7113498395e-02  -8.8017324720e-01  -2.3276582619e-01  -4.8281311162e-01
  -7.6367678292e-02  -7.6625204348e-02  -9.7194277797e-01   1.0838833617e-01  -4.4630695990e-01
  -7.5823981120e-02  -7.6110152237e-02  -1.0419117388e+00   4.5092172051e-01  -3.7888771317e-01
  -7.5189406751e-02  -7.5537810003e-02  -1.0865434580e+00   7.9424071439e-01  -2.8089828205e-01
  -7.4298664559e-02  -7.4841003499e-02  -1.0866283973e+00   1.1434396056e+00  -1.4825230034e-01
  -7.3275253914e-02  -7.3756325620e-02  -1.0108943702e+00   1.3522573041e+00  -5.5665904679e-02
  -7.2471784966e-02  -7.2794182208e-02  -8.9783324738e-01   1.3786306221e+00  -5.5776305257e-02
  -7.1886733641e-02  -7.2149387724e-02  -7.8654513976e-01   1.3328678624e+00  -1.0199597287e-01
  -7.1394966079e-02  -7.1624079558e-02  -6.7563891065e-01   1.2622388090e+00  -1.6724873446e-01
  -7.0958461482e-02  -7.1165852600e-02  -5.6460278125e-01   1.1805108980e+00  -2.4129633661e-01
  -7.0558626285e-02  -7.0751070363e-02  -4.5384230861e-01   1.0938915928e+00  -3.1813441727e-01
  -7.0184323868e-02  -7.0366182207e-02  -3.4293108419e-01   1.0047089299e+00  -3.9448919704e-01
  -6.9828021900e-02  -7.0002465529e-02  -2.3209575705e-01   9.1420269223e-01  -4.6779987977e-01
  -6.9484053320e-02  -6.9653578271e-02  -1.2119015781e-01   8.2241769417e-01  -5.3642553357e-01
  -6.9147759461e-02  -6.9314528370e-02  -1.0455345040e-02   7.2913146037e-01  -5.9888430861e-01
  -6.8814932194e-02  -6.8980990552e-02   1.0053894190e-01   6.3308698776e-01  -6.5427347925e-01
  -6.8481365005e-02  -6.8648873837e-02   2.1150474210e-01   5.3316256594e-01  -7.0134816239e-01
  -6.8142377378e-02  -6.8313856174e-02   3.2231396962e-01   4.2756091101e-01  -7.3895611192e-01
  -6.7792132409e-02  -6.7970898582e-02   4.3324156688e-01   3.1325444830e-01  -7.6583727429e-01
  -6.7422358578e-02  -6.7613366237e-02   5.4425715497e-01   1.8601740263e-01  -7.8006790610e-01
  -6.7019481781e-02  -6.7231350919e-02   6.5530825265e-01   3.8772493759e-02  -7.7863611596e-01
  -6.6555745361e-02  -6.6807612643e-02   7.6685078394e-01  -1.4363792663e-01  -7.5560313442e-01
  -6.5964876393e-02  -6.6303878078e-02   8.7688353946e-01  -3.9756318538e-01  -6.9612878675e-01
  -6.5282233373e-02  -6.5625874707e-02   9.5263208368e-01  -7.1980171141e-01  -5.9521643614e-01
  -6.4616427555e-02  -6.4938592038e-02   9.6610897591e-01  -1.0604366419e+00  -4.7516635707e-01
  -6.3980744183e-02  -6.4294263071e-02   9.2004547244e-01  -1.4016718247e+00  -3.5343301988e-01
  -6.3387383245e-02  -6.3667225294e-02   8.2728462020e-01  -1.7222412944e+00  -2.4437908691e-01
  -6.2889176808e-02  -6.3107541197e-02   7.1565450044e-01  -1.9838864320e+00  -1.6207867043e-01
  -6.2481713427e-02  -6.2670812420e-02   6.0443563186e-01  -2.1857306317e+00  -1.0409871823e-01
  -6.2119981773e-02  -6.2292614433e-02   4.9327392101e-01  -2.3517303519e+00  -6.0704660747e-02
  -6.1784553323e-02  -6.1947349113e-02   3.8204645095e-01  -2.4912206319e+00  -2.7731059434e-02
  -6.1464587978e-02  -6.1621757532e-02   2.7134444687e-01  -2.6080587335e+00  -2.9741737547e-03
  -6.1152804324e-02  -6.1307418424e-02   1.6039298834e-01  -2.7052789152e+00   1.5258207614e-02
  -6.0843475570e-02  -6.0998190224e-02   4.9392213401e-02  -2.7832883624e+00   2.7956145539e-02
  -6.0531289681e-02  -6.0688760915e-02  -6.1772325538e-02  -2.8416361024e+00   3.5949621838e-02
  -6.0210555524e-02  -6.0373818447e-02  -1.7251138434e-01  -2.8784505062e+00   3.9949434923e-02
  -5.9874151935e-02  -6.0047292601e-02  -2.8357299928e-01  -2.8907354584e+00   4.0734211618e-02
  -5.9511668919e-02  -5.9701011270e-02  -3.9468497925e-01  -2.8723178640e+00   3.9206192036e-02
  -5.9105018446e-02  -5.9322326568e-02  -5.0588102420e-01  -2.8116017892e+00   3.6823410361e-02
  -5.8612885077e-02  -5.8887710324e-02  -6.1770198266e-01  -2.6809506373e+00   3.6776310452e-02
  -5.7993785836e-02  -5.8338059829e-02  -7.1823429911e-01  -2.4309361339e+00   4.7777352524e-02
  -5.7369721750e-02  -5.7649511842e-02  -7.7279832074e-01  -2.0932489235e+00   7.7504294840e-02
  -5.6846833292e-02  -5.7089931658e-02  -7.8038251040e-01  -1.7508860960e+00   1.2113540240e-01
  -5.6380864587e-02  -5.6603734926e-02  -7.5932167476e-01  -1.4086029354e+00   1.7543150984e-01
  -5.5946514947e-02  -5.6157994247e-02  -7.1826247303e-01  -1.0673547237e+00   2.3814354484e-01
  -5.5529088387e-02  -5.5735035647e-02  -6.6135474771e-01  -7.2500068086e-01   3.0795302857e-01
  -5.5117901353e-02  -5.5323141127e-02  -5.9145956721e-01  -3.8411265646e-01   3.8266267760e-01
  -5.4703279820e-02  -5.4912661579e-02  -5.0903206001e-01  -4.1468114735e-02   4.6111814834e-01
  -5.4274382283e-02  -5.4493898061e-02  -4.1477423212e-01   2.9991224530e-01   5.4025048978e-01
  -5.3826234602e-02  -5.4054866505e-02  -3.0920116413e-01   6.3491020330e-01   6.1543727835e-01
  -5.3373154601e-02  -5.3597602699e-02  -1.9850359291e-01   9.4056876061e-01   6.7702973961e-01
  -5.2923353803e-02  -5.3148706503e-02  -8.7798919292e-02   1.2011687571e+00   7.1706718798e-01
  -5.2466330065e-02  -5.2698001104e-02   2.3234170181e-02   1.4145274436e+00   7.2991047608e-01
  -5.1990564625e-02  -5.2234659026e-02   1.3389845841e-01   1.5723398178e+00   7.0755864183e-01
  -5.1481322350e-02  -5.1746470225e-02   2.4478732671e-01   1.6630385554e+00   6.3835962764e-01
  -5.0914796352e-02  -5.1216174474e-02   3.5573947747e-01   1.6640449928e+00   5.0362275969e-01
  -5.0316968526e-02  -5.0613418229e-02   4.5604117111e-01   1.5541267997e+00   2.9864132258e-01
  -4.9771446096e-02  -5.0020518822e-02   5.2998079070e-01   1.3622179803e+00   6.3312270274e-02
  -4.9294849922e-02  -4.9522373370e-02   5.7906628248e-01   1.1309855416e+00  -1.7200985393e-01
  -4.8847809616e-02  -4.9067326475e-02   6.1041730960e-01   8.7258404581e-01  -4.0657569753e-01
  -4.8406216822e-02  -4.8628292758e-02   6.2637490151e-01   5.8936342577e-01  -6.4127376301e-01
  -4.7946626921e-02  -4.8184140887e-02   6.2584084635e-01   2.7880797950e-01  -8.7653271504e-01
  -4.7452369699e-02  -4.7709112956e-02   6.0443575472e-01  -5.5059181272e-02  -1.1038548660e+00
  -4.6912427940e-02  -4.7195626442e-02   5.5495779964e-01  -3.9786224358e-01  -1.3035430518e+00
  -4.6324042194e-02  -4.6629229438e-02   4.6892278021e-01  -7.1984081806e-01  -1.4428827012e+00
  -4.5775747276e-02  -4.6018854950e-02   3.5921239288e-01  -9.5234756401e-01  -1.4858802078e+00
  -4.5326351681e-02  -4.5532639601e-02   2.4783301533e-01  -1.0823142023e+00  -1.4495848453e+00
  -4.4935803235e-02  -4.5120063762e-02   1.3699546487e-01  -1.1463355511e+00  -1.3644255235e+00
  -4.4581770276e-02  -4.4751542707e-02   2.5805378709e-02  -1.1643714684e+00  -1.2444408603e+00
  -4.4252018432e-02  -4.4411997845e-02  -8.4897255098e-02  -1.1472152360e+00  -1.0988171281e+00
  -4.3938693155e-02  -4.4092039019e-02  -1.9602607827e-01  -1.1016334013e+00  -9.3159936963e-01
  -4.3636181840e-02  -4.3785347291e-02  -3.0676676999e-01  -1.0324893694e+00  -7.4747735044e-01
  -4.3339992215e-02  -4.3487016388e-02  -4.1803752682e-01  -9.4228408058e-01  -5.4731261629e-01
  -4.3046155664e-02  -4.3192968042e-02  -5.2883739406e-01  -8.3388216242e-01  -3.3455285674e-01
  -4.2750945592e-02  -4.2899343286e-02  -6.3959044438e-01  -7.0826498286e-01  -1.0957275820e-01
  -4.2455119283e-02  -4.2602547898e-02  -7.4845504840e-01  -5.6841186845e-01   1.2303533319e-01
  -4.2160720680e-02  -4.2307690668e-02  -8.5326177265e-01  -4.1794610824e-01   3.5779648239e-01
  -4.1864482958e-02  -4.2013750692e-02  -9.5340406156e-01  -2.5822085071e-01   5.9273014642e-01
  -4.1560519904e-02  -4.1715215223e-02  -1.0485328206e+00  -8.9384015574e-02   8.2696171268e-01
  -4.1241435985e-02  -4.1405824585e-02  -1.1389160204e+00   9.1278494895e-02   1.0622259004e+00
  -4.0896272875e-02  -4.1077047385e-02  -1.2227636021e+00   2.8536010510e-01   1.2966930110e+00
  -4.0504970965e-02  -4.0715498364e-02  -1.2983069721e+00   5.0099572006e-01   1.5324269849e+00
  -4.0016145367e-02  -4.0294443566e-02  -1.3586050484e+00   7.5604156625e-01   1.7698547239e+00
  -3.9352062813e-02  -3.9737847168e-02  -1.3735319328e+00   1.0683318691e+00   1.9765282213e+00
  -3.8639477731e-02  -3.8966278459e-02  -1.3029898625e+00   1.3551905838e+00   2.0479459995e+00
  -3.8102330201e-02  -3.8312677003e-02  -1.1890908396e+00   1.5368765572e+00   1.9986900013e+00
  -3.7722132333e-02  -3.7891983400e-02  -1.0773468091e+00   1.6479498159e+00   1.9133344713e+00
  -3.7404202194e-02  -3.7552281266e-02  -9.6614996846e-01   1.7308124303e+00   1.8146944159e+00
  -3.7121833578e-02  -3.7256123122e-02  -8.5506959990e-01   1.7974913489e+00   1.7093450490e+00
  -3.6862727965e-02  -3.6987544034e-02  -7.4405460387e-01   1.8533655283e+00   1.6004895687e+00
  -3.6619900487e-02  -3.6737911897e-02  -6.3316163383e-01   1.9013918851e+00   1.4900589958e+00
  -3.6388876375e-02  -3.6501889078e-02  -5.2240439432e-01   1.9433933464e+00   1.3792820974e+00
  -3.6166558367e-02  -3.6275863671e-02  -4.1111685351e-01   1.9807686776e+00   1.2683596831e+00
  -3.5950634225e-02  -3.6057253063e-02  -3.0007605174e-01   2.0140268438e+00   1.1587360420e+00
  -3.5739264228e-02  -3.5844015388e-02  -1.8896049731e-01   2.0438145626e+00   1.0506367981e+00
  -3.5530928508e-02  -3.5634513067e-02  -7.8160617037e-02   2.0703946238e+00   9.4490210772e-01
  -3.5324305796e-02  -3.5427343949e-02   3.2481734171e-02   2.0940444473e+00   8.4178378340e-01
  -3.5118196872e-02  -3.5221267643e-02   1.4309236122e-01   2.1149008474e+00   7.4155487911e-01
  -3.4911440974e-02  -3.5015126101e-02   2.5488034696e-01   2.1331325708e+00   6.4359219085e-01
  -3.4702869146e-02  -3.4807755847e-02   3.6557049716e-01   2.1482673765e+00   5.5031851923e-01
  -3.4491258743e-02  -3.4597982445e-02   4.7636849909e-01   2.1603249817e+00   4.6110250902e-01
  -3.4275256256e-02  -3.4384535040e-02   5.8726963410e-01   2.1689790682e+00   3.7646724925e-01
  -3.4053303421e-02  -3.4165977473e-02   6.9809686695e-01   2.1737589857e+00   2.9712989287e-01
  -3.3823523380e-02  -3.3940629369e-02   8.0900126711e-01   2.1740294847e+00   2.2367397935e-01
  -3.3583533937e-02  -3.3706417390e-02   9.2018986636e-01   2.1688639573e+00   1.5684852579e-01
  -3.3330211362e-02  -3.3460650483e-02   1.0310557873e+00   2.1570099648e+00   9.8107371557e-02
  -3.3059200612e-02  -3.3199772241e-02   1.1420856686e+00   2.1365643649e+00   4.8617437350e-02
  -3.2763976121e-02  -3.2918628983e-02   1.2531189458e+00   2.1046504561e+00   1.0527543370e-02
  -3.2433858825e-02  -3.2609323259e-02   1.3642002861e+00   2.0564388075e+00  -1.3014695136e-02
  -3.2048660217e-02  -3.2258394391e-02   1.4754429771e+00   1.9827467330e+00  -1.6509660011e-02
  -3.1557893636e-02  -3.1838926043e-02   1.5876546530e+00   1.8603799309e+00   1.2589586342e-02
  -3.0855751677e-02  -3.1276861230e-02   1.6899605976e+00   1.6297115384e+00   1.0553337131e-01
  -3.0068428043e-02  -3.0434642124e-02   1.7315997089e+00   1.3018845513e+00   2.5090177808e-01
  -2.9382926173e-02  -2.9702213962e-02   1.7077308683e+00   9.6072118229e-01   3.8813832101e-01
  -2.8771534006e-02  -2.9063638383e-02   1.6442908437e+00   6.1927856564e-01   4.9961365877e-01
  -2.8204084079e-02  -2.8479429629e-02   1.5542101784e+00   2.7870397608e-01   5.8138152740e-01
  -2.7683117120e-02  -2.7928738529e-02   1.4476768656e+00  -4.9951975423e-02   6.3159925388e-01
  -2.7223318197e-02  -2.7437495712e-02   1.3367013488e+00  -3.4774105350e-01   6.5256064246e-01
  -2.6815256719e-02  -2.7009140682e-02   1.2257738492e+00  -6.1561779748e-01   6.5145882269e-01
  -2.6441835735e-02  -2.6621372755e-02   1.1147978389e+00  -8.6123266398e-01   6.3382832729e-01
  -2.6093397097e-02  -2.6262298714e-02   1.0040440010e+00  -1.0880226792e+00   6.0323821654e-01
  -2.5763711708e-02  -2.5924495480e-02   8.9309368551e-01  -1.2991804038e+00   5.6196841728e-01
  -2.5448361841e-02  -2.5602927935e-02   7.8231561771e-01  -1.4953680138e+00   5.1184316972e-01
  -2.5143951891e-02  -2.5293795746e-02   6.7133844677e-01  -1.6780049087e+00   4.5391358784e-01
  -2.4847705694e-02  -2.4994108035e-02   5.6049185846e-01  -1.8468389526e+00   3.8919873381e-01
  -2.4557196309e-02  -2.4701303353e-02   4.4989227756e-01  -2.0017152805e+00   3.1837302222e-01
  -2.4270196972e-02  -2.4413089265e-02   3.3852656956e-01  -2.1434832834e+00   2.4103489615e-01
  -2.3984518139e-02  -2.4127304679e-02   2.2797465479e-01  -2.2693161119e+00   1.5834540529e-01
  -2.3697868618e-02  -2.3841731599e-02   1.1700992554e-01  -2.3794453596e+00   6.9239797704e-02
  -2.3407702038e-02  -2.3554005637e-02   5.9668429543e-03  -2.4715070455e+00  -2.6559466003e-02
  -2.3110996695e-02  -2.3261398439e-02  -1.0482305174e-01  -2.5426066230e+00  -1.2959908389e-01
  -2.2803906895e-02  -2.2960594950e-02  -2.1570633934e-01  -2.5891369054e+00  -2.4155498441e-01
  -2.2481121519e-02  -2.2647218840e-02  -3.2671825827e-01  -2.6051678459e+00  -3.6468543115e-01
  -2.2134642986e-02  -2.2315024197e-02  -4.3772192124e-01  -2.5813594421e+00  -5.0244147286e-01
  -2.1750928668e-02  -2.1954261776e-02  -5.4871761981e-01  -2.5016492077e+00  -6.6115993095e-01
  -2.1304076061e-02  -2.1547595561e-02  -6.5996862987e-01  -2.3327981762e+00  -8.5441238770e-01
  -2.0814848647e-02  -2.1060556561e-02  -7.5646017257e-01  -2.0537032227e+00  -1.0741168345e+00
  -2.0370003930e-02  -2.0569140733e-02  -8.1993022675e-01  -1.7147278207e+00  -1.2806774469e+00
  -2.0000142284e-02  -2.0170867127e-02  -8.5426679308e-01  -1.3716300747e+00  -1.4568372533e+00
  -1.9676133249e-02  -1.9829417441e-02  -8.7081179392e-01  -1.0293822163e+00  -1.6134082454e+00
  -1.9381194841e-02  -1.9522849057e-02  -8.7546546301e-01  -6.8766994709e-01  -1.7570514776e+00
  -1.9105967455e-02  -1.9239540625e-02  -8.7148694194e-01  -3.4475927078e-01  -1.8919991690e+00
  -1.8844409625e-02  -1.8972394285e-02  -8.6100245367e-01  -3.4518132217e-03  -2.0193438587e+00
  -1.8592194341e-02  -1.8716424964e-02  -8.4541582110e-01   3.3850518189e-01  -2.1414021313e+00
  -1.8345974407e-02  -1.8467963717e-02  -8.2571620187e-01   6.8157974462e-01  -2.2592732279e+00
  -1.8102873210e-02  -1.8223985097e-02  -8.0299520443e-01   1.0217336856e+00  -2.3722976427e+00
  -1.7860201772e-02  -1.7981761323e-02  -7.7749240323e-01   1.3653564768e+00  -2.4830504410e+00
  -1.7615201850e-02  -1.7738642221e-02  -7.5020149562e-01   1.7066822566e+00  -2.5899282439e+00
  -1.7364736671e-02  -1.7491761478e-02  -7.2148110702e-01   2.0483062026e+00  -2.6938895960e+00
  -1.7104828599e-02  -1.7237711864e-02  -6.9180759085e-01   2.3909861942e+00  -2.7950455540e+00
  -1.6829894161e-02  -1.6971945335e-02  -6.6199252156e-01   2.7325879095e+00  -2.8923881828e+00
  -1.6530930247e-02  -1.6687842987e-02  -6.3265486729e-01   3.0755877005e+00  -2.9857253323e+00
  -1.6190440950e-02  -1.6374017506e-02  -6.0521459575e-01   3.4196326750e+00  -3.0728411836e+00
  -1.5760100555e-02  -1.6006864393e-02  -5.8285231503e-01   3.7664991942e+00  -3.1480144840e+00
  -1.4955734853e-02  -1.5513336716e-02  -5.9027835957e-01   4.0820979741e+00  -3.1557263957e+00
  -1.4082450324e-02  -1.4398132989e-02  -6.6591632557e-01   3.9565011822e+00  -2.9725412800e+00
  -1.3573178971e-02  -1.3766767660e-02  -7.4635042189e-01   3.6112808653e+00  -2.7490680075e+00
  -1.3227632612e-02  -1.3379590283e-02  -8.1383476274e-01   3.2659983276e+00  -2.5470067416e+00
  -1.2945056517e-02  -1.3075674941e-02  -8.7506136370e-01   2.9227518967e+00  -2.3528112194e+00
  -1.2697127962e-02  -1.2814438092e-02  -9.3239165920e-01   2.5790006251e+00  -2.1612379199e+00
  -1.2471545069e-02  -1.2579817833e-02  -9.8614958414e-01   2.2379940515e+00  -1.9724198252e+00
  -1.2261533178e-02  -1.2363272306e-02  -1.0372471784e+00   1.8970238697e+00  -1.7839306962e+00
  -1.2062961468e-02  -1.2159794049e-02  -1.0864356174e+00   1.5524327387e+00  -1.5931580214e+00
  -1.1872940541e-02  -1.1966128888e-02  -1.1326493355e+00   1.2128572224e+00  -1.4044638690e+00
  -1.1689332133e-02  -1.1779752195e-02  -1.1770108453e+00   8.7092506003e-01  -1.2134324689e+00
  -1.1510545708e-02  -1.1598912072e-02  -1.2194349903e+00   5.2716726316e-01  -1.0200507309e+00
  -1.1335248223e-02  -1.1422179344e-02  -1.2594001415e+00   1.8583834153e-01  -8.2645574775e-01
  -1.1162296712e-02  -1.1248317103e-02  -1.2972074047e+00  -1.5570525627e-01  -6.3091722445e-01
  -1.0990684609e-02  -1.1076276321e-02  -1.3328140335e+00  -4.9777953451e-01  -4.3298826273e-01
  -1.0819463471e-02  -1.0905092897e-02  -1.3661173780e+00  -8.4054277945e-01  -2.3228158424e-01
  -1.0647698064e-02  -1.0733834046e-02  -1.3968099728e+00  -1.1822127299e+00  -2.9533864514e-02
  -1.0474425729e-02  -1.0561562082e-02  -1.4248131109e+00  -1.5237574685e+00   1.7616948325e-01
  -1.0298606524e-02  -1.0387289376e-02  -1.4498849010e+00  -1.8650602881e+00   3.8517782119e-01
  -1.0119037219e-02  -1.0209923672e-02  -1.4718788734e+00  -2.2089937281e+00   5.9983232832e-01
  -9.9342912193e-03  -1.0028150766e-02  -1.4900671646e+00  -2.5507981756e+00   8.1784432910e-01
  -9.7426400853e-03  -9.8404316725e-03  -1.5039712724e+00  -2.8897919446e+00   1.0395038453e+00
  -9.5420657986e-03  -9.6448484981e-03  -1.5130955937e+00  -3.2347497035e+00   1.2718491691e+00
  -9.3330569420e-03  -9.4392830991e-03  -1.5160285981e+00  -3.5687357941e+00   1.5049572886e+00
  -9.1167264223e-03  -9.2268307849e-03  -1.5119140396e+00  -3.8903824031e+00   1.7392269902e+00
  -8.8914125154e-03  -9.0066220597e-03  -1.4996617407e+00  -4.1949812390e+00   1.9730382616e+00
  -8.6541176179e-03  -8.7762029711e-03  -1.4774491335e+00  -4.4827117712e+00   2.2093252815e+00
  -8.4006715128e-03  -8.5320322648e-03  -1.4435677348e+00  -4.7427977878e+00   2.4431208332e+00
  -8.1247279517e-03  -8.2693107608e-03  -1.3943240492e+00  -4.9722595492e+00   2.6779196962e+00
  -7.8153744519e-03  -7.9801451426e-03  -1.3241787051e+00  -5.1579555958e+00   2.9127752645e+00
  -7.4719412041e-03  -7.6506037613e-03  -1.2282199206e+00  -5.2737923641e+00   3.1366251076e+00
  -7.1370097618e-03  -7.2932786469e-03  -1.1176779479e+00  -5.2950669071e+00   3.3152892504e+00
  -6.8401430485e-03  -6.9807408766e-03  -1.0067576548e+00  -5.2377721008e+00   3.4387249893e+00
  -6.5696427855e-03  -6.6995452205e-03  -8.9564953910e-01  -5.1249421125e+00   3.5225855937e+00
  -6.3174829506e-03  -6.4397403505e-03  -7.8457136910e-01  -4.9700592163e+00   3.5757396728e+00
  -6.0785583576e-03  -6.1952255507e-03  -6.7382817032e-01  -4.7822695108e+00   3.6038695887e+00
  -5.8493504758e-03  -5.9618911644e-03  -5.6302386510e-01  -4.5667609553e+00   3.6108634858e+00
  -5.6272732349e-03  -5.7368097872e-03  -4.5189631931e-01  -4.3269775623e+00   3.5991305865e+00
  -5.4102780101e-03  -5.5177366825e-03  -3.4075411523e-01  -4.0665153704e+00   3.5703243553e+00
  -5.1966398826e-03  -5.3028193376e-03  -2.2972578275e-01  -3.7880468893e+00   3.5256622641e+00
  -4.9848354580e-03  -5.0904604275e-03  -1.1881732230e-01  -3.4934565850e+00   3.4659109805e+00
  -4.7734434722e-03  -4.8792104886e-03  -7.9660902283e-03  -3.1840107620e+00   3.3913943494e+00
  -4.5610558482e-03  -4.6676764558e-03   1.0290739598e-01  -2.8605492881e+00   3.3020139494e+00
  -4.3469242057e-03  -4.4544352406e-03   2.1346122690e-01  -2.5248978249e+00   3.1976795627e+00
  -4.1329465016e-03  -4.2394131709e-03   3.2186985599e-01  -2.1835476989e+00   3.0798213318e+00
  -3.9203051494e-03  -4.0264798324e-03   4.2682702845e-01  -1.8417585728e+00   2.9497958729e+00
  -3.7072192480e-03  -3.8141304664e-03   5.2858194022e-01  -1.4997607356e+00   2.8070955711e+00
  -3.4915794383e-03  -3.6003080296e-03   6.2739017638e-01  -1.1573717251e+00   2.6505750087e+00
  -3.2710710072e-03  -3.3828508470e-03   7.2328212285e-01  -8.1482815191e-01   2.4787028237e+00
  -3.0429480305e-03  -3.1592911674e-03   8.1599012025e-01  -4.7313756011e-01   2.2896942965e+00
  -2.8037145142e-03  -2.9266048935e-03   9.0564345050e-01  -1.3141417569e-01   2.0796407368e+00
  -2.5572621611e-03  -2.6808241350e-03   9.8905366155e-01   1.9855819665e-01   1.8520722395e+00
  -2.3152093626e-03  -2.4337001873e-03   1.0621838230e+00   5.0039116621e-01   1.6160113459e+00
  -2.0821916061e-03  -2.1967185378e-03   1.1223977885e+00   7.6134809225e-01   1.3825927453e+00
  -1.8562957197e-03  -1.9676646744e-03   1.1718267501e+00   9.8839757643e-01   1.1482678959e+00
  -1.6360454394e-03  -1.7449267651e-03   1.2110635291e+00   1.1826477470e+00   9.1353765180e-01
  -1.4201948490e-03  -1.5271641137e-03   1.2406613322e+00   1.3452556215e+00   6.7881142576e-01
  -1.2076588220e-03  -1.3132255844e-03   1.2611427362e+00   1.4774534333e+00   4.4429689739e-01
  -9.9746102344e-04  -1.1020920595e-03   1.2729708036e+00   1.5804123680e+00   2.1004275696e-01
  -7.8869062404e-04  -8.9282998736e-04   1.2765290132e+00   1.6551390841e+00  -2.4020638969e-02
  -5.8046343982e-04  -6.8455126072e-04   1.2721088291e+00   1.7024013582e+00  -2.5804092808e-01
  -3.7187781329e-04  -4.7637561892e-04   1.2597689969e+00   1.7226291844e+00  -4.9377059286e-01
  -1.6197927142e-04  -2.6738000767e-04   1.2397846054e+00   1.7157422415e+00  -7.2814928105e-01
   5.0275277988e-05  -5.6578535167e-05   1.2122250713e+00   1.6821023798e+00  -9.6235240540e-01
   2.6607939680e-04   1.5712909114e-04   1.1770377709e+00   1.6214274470e+00  -1.1967000708e+00
   4.8685580490e-04   3.7502970246e-04   1.1341401369e+00   1.5331837316e+00  -1.4309499597e+00
   7.1437783222e-04   5.9868190734e-04   1.0832175676e+00   1.4161701033e+00  -1.6654281181e+00
   9.5098302085e-04   8.3007375710e-04   1.0236370261e+00   1.2681273390e+00  -1.9007687860e+00
   1.1998530343e-03   1.0718922846e-03   9.5521800683e-01   1.0876830680e+00  -2.1349859389e+00
   1.4656233376e-03   1.3278137841e-03   8.7663721574e-01   8.7020087039e-01  -2.3691167766e+00
   1.7558371662e-03   1.6034328910e-03   7.8544984628e-01   6.0705303456e-01  -2.6044273489e+00
   2.0751244220e-03   1.9082414414e-03   6.8127137635e-01   2.9482235242e-01  -2.8340848367e+00
   2.4057268858e-03   2.2420074026e-03   5.7213735728e-01  -4.3564549291e-02  -3.0357477829e+00
   2.7316094649e-03   2.5694463691e-03   4.6490115831e-01  -3.8639241220e-01  -3.1966731353e+00
   3.0585199208e-03   2.8937725608e-03   3.6097681102e-01  -7.2791888668e-01  -3.3162063851e+00
   3.3952648736e-03   3.2232672809e-03   2.5944916033e-01  -1.0702115188e+00  -3.3942086206e+00
   3.7531905494e-03   3.5672624664e-03   1.6018360643e-01  -1.4130995172e+00  -3.4249706581e+00
   4.1511628115e-03   3.9391186323e-03   6.3118309959e-02  -1.7559803279e+00  -3.3954207115e+00
   4.6256538047e-03   4.3632069906e-03  -3.1739752974e-02  -2.0966645697e+00  -3.2739697808e+00
   5.1092352555e-03   4.8881006188e-03  -1.0399652044e-01  -2.3548400367e+00  -3.0625952873e+00
   5.5073362576e-03   5.3303698922e-03  -1.4389515782e-01  -2.4882463372e+00  -2.8261989019e+00
   5.8388430764e-03   5.6843026231e-03  -1.6373859943e-01  -2.5397166337e+00  -2.5910184163e+00
   6.1342395291e-03   5.9933835297e-03  -1.7169590007e-01  -2.5381144433e+00  -2.3553661180e+00
   6.4069680854e-03   6.2750955286e-03  -1.7139480847e-01  -2.4964640061e+00  -2.1212417994e+00
   6.6645487728e-03   6.5388406423e-03  -1.6492470967e-01  -2.4216460407e+00  -1.8867818564e+00
   6.9117411079e-03   6.7902569034e-03  -1.5355209802e-01  -2.3178340878e+00  -1.6525198851e+00
   7.1519135292e-03   7.0332253124e-03  -1.3801985881e-01  -2.1866157619e+00  -1.4170274020e+00
   7.3876594442e-03   7.2706017461e-03  -1.1913818017e-01  -2.0312111948e+00  -1.1832123907e+00
   7.6211170279e-03   7.5047171422e-03  -9.7198286300e-02  -1.8511938632e+00  -9.4893879687e-01
   7.8541544639e-03   7.7375169136e-03  -7.2407113753e-02  -1.6458633966e+00  -7.1343127914e-01
   8.0885252462e-03   7.9707920142e-03  -4.5384762907e-02  -1.4182272589e+00  -4.8019980647e-01
   8.3259948730e-03   8.2062584782e-03  -1.5743676548e-02  -1.1629585574e+00  -2.4453063610e-01
   8.5684157961e-03   8.4457312678e-03   1.5798675704e-02  -8.8425946824e-01  -1.1315526150e-02
   8.8178794108e-03   8.6911003244e-03   4.9808443371e-02  -5.7511499092e-01   2.2401439794e-01
   9.0723597012e-03   8.9446584973e-03   8.5273363882e-02  -2.4282761932e-01   4.5463841940e-01
   9.3230879850e-03   9.2000609050e-03   1.2065377736e-01   9.8964430365e-02   6.7180729573e-01
   9.5658691949e-03   9.4461150649e-03   1.5486506596e-01   4.3940556086e-01   8.7082106851e-01
   9.8032856022e-03   9.6856233249e-03   1.8847302578e-01   7.8346886803e-01   1.0566040197e+00
   1.0037586768e-02   9.9209478795e-03   2.2086090833e-01   1.1240796994e+00   1.2270344932e+00
   1.0270816195e-02   1.0154225657e-02   2.5252125341e-01   1.4655675955e+00   1.3857977566e+00
   1.0504949196e-02   1.0387406734e-02   2.8360359344e-01   1.8090072069e+00   1.5342791528e+00
   1.0742049199e-02   1.0622491657e-02   3.1365078702e-01   2.1486747142e+00   1.6709645117e+00
   1.0984489926e-02   1.0861606741e-02   3.4345136566e-01   2.4930178633e+00   1.7999094106e+00
   1.1235168539e-02   1.1107373111e-02   3.7233920399e-01   2.8340507822e+00   1.9186073481e+00
   1.1497894463e-02   1.1362963968e-02   4.0066439251e-01   3.1756813043e+00   2.0290000776e+00
   1.1778279389e-02   1.1632824959e-02   4.2843898997e-01   3.5184800556e+00   2.1314876708e+00
   1.2085367081e-02   1.1923733818e-02   4.5538153858e-01   3.8602437110e+00   2.2255598694e+00
   1.2436572307e-02   1.2247000344e-02   4.8147249650e-01   4.2044335677e+00   2.3119955338e+00
   1.2877498169e-02   1.2626144270e-02   5.0573770229e-01   4.5504867315e+00   2.3897322427e+00
   1.3472089129e-02   1.3128852068e-02   5.2156660024e-01   4.8502199704e+00   2.4469476082e+00
   1.4158563252e-02   1.3815326190e-02   5.1289835766e-01   4.9447126587e+00   2.4554996212e+00
   1.4853832641e-02   1.4501800313e-02   4.7033468801e-01   4.7512314614e+00   2.4085992370e+00
   1.5421019113e-02   1.5205864969e-02   4.1011123468e-01   4.3951268748e+00   2.3350515807e+00
   1.5810222808e-02   1.5636173258e-02   3.5483823349e-01   4.0507774814e+00   2.2664357050e+00
   1.6136891144e-02   1.5984272357e-02   3.0044459273e-01   3.7079296985e+00   2.1982088809e+00
   1.6428915061e-02   1.6289509931e-02   2.4612206609e-01   3.3646558252e+00   2.1291111827e+00
   1.6699003645e-02   1.6568320191e-02   1.9208436776e-01   3.0232972340e+00   2.0590910628e+00
   1.6954399435e-02   1.6829687099e-02   1.3799604473e-01   2.6819124825e+00   1.9873677867e+00
   1.7199750443e-02   1.7079111770e-02   8.3617429176e-02   2.3387584895e+00   1.9132110737e+00
   1.7438429904e-02   1.7320389115e-02   2.9687391686e-02   1.9979919475e+00   1.8371973857e+00
   1.7673086174e-02   1.7556470692e-02  -2.4467456785e-02   1.6546104454e+00   1.7578734327e+00
   1.7905947785e-02   1.7789701657e-02  -7.7803433272e-02   1.3142570752e+00   1.6761902882e+00
   1.8139066610e-02   1.8022193913e-02  -1.3098474909e-01   9.7142579534e-01   1.5904318084e+00
   1.8374461364e-02   1.8255939306e-02  -1.8322590821e-01   6.2950739710e-01   1.5009482529e+00
   1.8614277467e-02   1.8492983422e-02  -2.3427982906e-01   2.8799312734e-01   1.4070659119e+00
   1.8860958314e-02   1.8735571512e-02  -2.8374007777e-01  -5.3247493818e-02   1.3080729953e+00
   1.9117534641e-02   1.8986345115e-02  -3.3128481768e-01  -3.9619177482e-01   1.2024301528e+00
   1.9388010555e-02   1.9248724167e-02  -3.7577058248e-01  -7.3880048369e-01   1.0894689640e+00
   1.9678006695e-02   1.9527296942e-02  -4.1586080287e-01  -1.0801607953e+00   9.6778145363e-01
   1.9996312354e-02   1.9828716448e-02  -4.4981029428e-01  -1.4221758958e+00   8.3398695338e-01
   2.0358652736e-02   2.0163908259e-02  -4.7403842040e-01  -1.7653302416e+00   6.8301287045e-01
   2.0799764693e-02   2.0553397213e-02  -4.8065184390e-01  -2.1099714203e+00   5.0438572602e-01
   2.1364393388e-02   2.1046132173e-02  -4.5080138058e-01  -2.4290049362e+00   2.8950936816e-01
   2.1997839162e-02   2.1682654603e-02  -3.6806372099e-01  -2.6306624185e+00   7.2007409321e-02
   2.2553038693e-02   2.2313023720e-02  -2.5702030562e-01  -2.6794428822e+00  -9.3299434915e-02
   2.3000327041e-02   2.2793053666e-02  -1.4558460050e-01  -2.6391289619e+00  -2.0733648489e-01
   2.3399452206e-02   2.3207600416e-02  -3.4462517825e-02  -2.5523395748e+00  -2.9467675936e-01
   2.3777064874e-02   2.3591303997e-02   7.6873800484e-02  -2.4332263764e+00  -3.6556035437e-01
   2.4149681832e-02   2.3962825752e-02   1.8772134932e-01  -2.2882817482e+00  -4.2479898300e-01
   2.4532310515e-02   2.4336537913e-02   2.9892633941e-01  -2.1172224631e+00  -4.7629806684e-01
   2.4945031857e-02   2.4728083117e-02   4.1024139842e-01  -1.9159789310e+00  -5.2276654589e-01
   2.5429885499e-02   2.5161980597e-02   5.2233310801e-01  -1.6678323130e+00  -5.6814137909e-01
   2.6033484853e-02   2.5697790401e-02   6.2232941312e-01  -1.3583491931e+00  -6.1549075689e-01
   2.6736765738e-02   2.6369179304e-02   6.7065472379e-01  -1.0169367994e+00  -6.6447087450e-01
   2.7489857744e-02   2.7104352171e-02   6.2995128346e-01  -6.9485849697e-01  -7.1415105560e-01
   2.8124861199e-02   2.7875363317e-02   5.2383679135e-01  -4.6579139375e-01  -7.5382709234e-01
   2.8569214640e-02   2.8374359080e-02   4.1167823678e-01  -3.3190221278e-01  -7.7844729919e-01
   2.8933598678e-02   2.8764070200e-02   3.0032235088e-01  -2.3850580247e-01  -7.9502199046e-01
   2.9258377771e-02   2.9103127155e-02   1.8921843468e-01  -1.6753294536e-01  -8.0584893186e-01
   2.9560390316e-02   2.9413628386e-02   7.8019514655e-02  -1.1164943336e-01  -8.1163741294e-01
   2.9849162091e-02   2.9707152246e-02  -3.2956685577e-02  -6.7360394963e-02  -8.1250602065e-01
   3.0131233194e-02   2.9991171937e-02  -1.4375711394e-01  -3.2532337143e-02  -8.0831825102e-01
   3.0411884077e-02   3.0271294452e-02  -2.5487258252e-01  -5.9178642630e-03  -7.9861390835e-01
   3.0696149651e-02   3.0552473703e-02  -3.6569776042e-01   1.2829217473e-02  -7.8275110992e-01
   3.0989713577e-02   3.0839825599e-02  -4.7691156246e-01   2.3727715270e-02  -7.5953448951e-01
   3.1300098826e-02   3.1139601554e-02  -5.8787997424e-01   2.5948852093e-02  -7.2738333918e-01
   3.1639207789e-02   3.1460596098e-02  -6.9919100045e-01   1.7647759410e-02  -6.8322611603e-01
   3.2030606616e-02   3.1817819481e-02  -8.1063612187e-01  -5.5144101183e-03  -6.2134899616e-01
   3.2548422974e-02   3.2243393752e-02  -9.2415194609e-01  -5.7918857643e-02  -5.2356500997e-01
   3.3362742152e-02   3.2853452197e-02  -1.0093373793e+00  -1.8517641019e-01  -3.4738084347e-01
   3.4278821454e-02   3.3872032107e-02  -9.7060134704e-01  -3.7428460767e-01  -1.5000967668e-01
   3.4921170942e-02   3.4685610800e-02  -8.5653611279e-01  -5.2364031612e-01  -3.6212630731e-02
   3.5343862228e-02   3.5156731085e-02  -7.4463415953e-01  -6.2224144802e-01   1.6528966124e-02
   3.5694170607e-02   3.5530993372e-02  -6.3316719106e-01  -7.0040298460e-01   4.3297758841e-02
   3.6006274470e-02   3.5857347842e-02  -5.2225312871e-01  -7.6470896588e-01   5.2429401715e-02
   3.6294898653e-02   3.6155201099e-02  -4.1111349672e-01  -8.1833601405e-01   4.7660362043e-02
   3.6568210789e-02   3.6434596207e-02  -3.0029907502e-01  -8.6229821158e-01   3.0968706697e-02
   3.6831518135e-02   3.6701825371e-02  -1.8920684877e-01  -8.9742651539e-01   3.4277527733e-03
   3.7088662037e-02   3.6961210900e-02  -7.8194164243e-02  -9.2372729036e-01  -3.4223334414e-02
   3.7342740348e-02   3.7216113174e-02   3.2689838670e-02  -9.4105358250e-01  -8.1546088849e-02
   3.7596483983e-02   3.7469367522e-02   1.4354602336e-01  -9.4899234692e-01  -1.3840361349e-01
   3.7852548786e-02   3.7723600444e-02   2.5448988052e-01  -9.4678058340e-01  -2.0491624083e-01
   3.8113785463e-02   3.7981497127e-02   3.6552473276e-01  -9.3324639531e-01  -2.8137459500e-01
   3.8383541367e-02   3.8246073800e-02   4.7641038129e-01  -9.0678439182e-01  -3.6810223479e-01
   3.8666143507e-02   3.8521008933e-02   5.8744485117e-01  -8.6489911234e-01  -4.6616689014e-01
   3.8967758416e-02   3.8811278081e-02   6.9845902262e-01  -8.0393476391e-01  -5.7677983724e-01
   3.9298245255e-02   3.9124238751e-02   8.0957076086e-01  -7.1771358329e-01  -7.0233403705e-01
   3.9676130350e-02   3.9472251760e-02   9.2079961556e-01  -5.9479952818e-01  -8.4709764664e-01
   4.0148934435e-02   3.9880008941e-02   1.0332845034e+00  -4.0529843315e-01  -1.0231029880e+00
   4.0744325109e-02   4.0417859929e-02   1.1279828131e+00  -1.1910771258e-01  -1.2210546151e+00
   4.1364920073e-02   4.1070790288e-02   1.1694043752e+00   2.2248515363e-01  -1.3836852297e+00
   4.1941780310e-02   4.1659049857e-02   1.1533261884e+00   5.6454212848e-01  -1.4797061924e+00
   4.2512455519e-02   4.2224510763e-02   1.0882757514e+00   9.0649668006e-01  -1.5132715664e+00
   4.3051431263e-02   4.2800400275e-02   9.8742667007e-01   1.2143509760e+00  -1.4865802932e+00
   4.3510209542e-02   4.3302462250e-02   8.7575196986e-01   1.4515183238e+00  -1.4192318382e+00
   4.3904388432e-02   4.3717956834e-02   7.6467141827e-01   1.6278388688e+00  -1.3304426325e+00
   4.4265491171e-02   4.4090820030e-02   6.5355659221e-01   1.7618446123e+00  -1.2263800982e+00
   4.4608660521e-02   4.4440162312e-02   5.4239527359e-01   1.8606517509e+00  -1.1099509307e+00
   4.4943493306e-02   4.4777158730e-02   4.3155893780e-01   1.9271267171e+00  -9.8305722998e-01
   4.5277438800e-02   4.5109827881e-02   3.2077312115e-01   1.9622957022e+00  -8.4608020450e-01
   4.5617524575e-02   4.5445049718e-02   2.0970770361e-01   1.9648728587e+00  -6.9857495672e-01
   4.5971792792e-02   4.5789999431e-02   9.8494342548e-02   1.9312670898e+00  -5.4003044022e-01
   4.6351138337e-02   4.6153586153e-02  -1.2384542397e-02   1.8554944598e+00  -3.6975980958e-01
   4.6773381646e-02   4.6548690521e-02  -1.2350979820e-01   1.7256598779e+00  -1.8408884482e-01
   4.7275506730e-02   4.6998072770e-02  -2.3514080579e-01   1.5164773031e+00   2.3630775877e-02
   4.7861965543e-02   4.7552940689e-02  -3.3395330606e-01   1.2166228715e+00   2.3727521501e-01
   4.8464027196e-02   4.8170990396e-02  -3.9932402006e-01   8.7377890726e-01   4.1462840847e-01
   4.9064977250e-02   4.8757063995e-02  -4.2949869231e-01   5.3056961123e-01   5.4039973669e-01
   4.9750414276e-02   4.9372890505e-02  -4.2882730631e-01   1.8479941898e-01   6.1714446242e-01
   5.0875393235e-02   5.0127938046e-02  -3.8273415100e-01  -1.4791488605e-01   5.9619094663e-01
   5.2239050453e-02   5.1622848424e-02  -3.3807227051e-01  -9.6768771902e-02   4.2523470373e-01
   5.3239342702e-02   5.2855252482e-02  -3.6210031221e-01   2.4549547672e-01   2.7432735058e-01
   5.3968752022e-02   5.3623432923e-02  -4.2396524400e-01   5.9083055042e-01   2.0166078039e-01
   5.4675890082e-02   5.4314071121e-02  -5.1450888411e-01   9.2939696035e-01   1.9055786121e-01
   5.5385946600e-02   5.5037709044e-02  -6.2322458387e-01   1.2134938370e+00   2.5402818698e-01
   5.6107012086e-02   5.5734184156e-02  -7.3405222639e-01   1.3936707154e+00   4.0316597439e-01
   5.6802930914e-02   5.6479840016e-02  -8.2214631995e-01   1.4386156493e+00   6.2100464804e-01
   5.7404189746e-02   5.7126021812e-02  -8.6857432866e-01   1.3678003413e+00   8.5668038463e-01
   5.7944855198e-02   5.7682357681e-02  -8.7735671302e-01   1.2237402504e+00   1.0914936810e+00
   5.8472968858e-02   5.8207352716e-02  -8.5041736241e-01   1.0228082402e+00   1.3264174946e+00
   5.9025826505e-02   5.8738585000e-02  -7.8172661868e-01   7.6722369104e-01   1.5601004208e+00
   5.9553862075e-02   5.9313068011e-02  -6.7887021313e-01   5.0048722685e-01   1.7545848567e+00
   5.9992182521e-02   5.9794656140e-02  -5.6725893532e-01   2.7525678903e-01   1.8827698808e+00
   6.0364665079e-02   6.0189708903e-02  -4.5606480845e-01   8.9320115169e-02   1.9608128286e+00
   6.0701248221e-02   6.0539621255e-02  -3.4521979343e-01  -6.9447696013e-02   2.0029508465e+00
   6.1016392619e-02   6.0862875187e-02  -2.3399811138e-01  -2.0811054840e-01   2.0156110421e+00
   6.1318887870e-02   6.1169910051e-02  -1.2295058710e-01  -3.2965339280e-01   2.0015856777e+00
   6.1615078692e-02   6.1467865689e-02  -1.1911218303e-02  -4.3690237026e-01   1.9620528779e+00
   6.1910234226e-02   6.1762291695e-02   9.8931648909e-02  -5.3168236122e-01   1.8969373542e+00
   6.2209441694e-02   6.2058176757e-02   2.0986293465e-01  -6.1588403765e-01   1.8046034601e+00
   6.2518409592e-02   6.2360706631e-02   3.2081479857e-01  -6.9095400954e-01   1.6819885030e+00
   6.2844583220e-02   6.2676112553e-02   4.3192485357e-01  -7.5862939866e-01   1.5234731355e+00
   6.3194975004e-02   6.3013053887e-02   5.4168921253e-01  -8.2031758545e-01   1.3227266552e+00
   6.3545856654e-02   6.3376896122e-02   6.4008991714e-01  -8.7416880991e-01   1.0926040827e+00
   6.3870308820e-02   6.3714817187e-02   7.1857574106e-01  -9.1962956360e-01   8.5819556322e-01
   6.4172450477e-02   6.4025800454e-02   7.8022774810e-01  -9.6118434292e-01   6.2324256923e-01
   6.4459985378e-02   6.4319100499e-02   8.2769079708e-01  -1.0019945406e+00   3.8954104144e-01
   6.4738182067e-02   6.4600870258e-02   8.6351135621e-01  -1.0451469970e+00   1.5371840276e-01
   6.5011067358e-02   6.4875493877e-02   8.8836204277e-01  -1.0918950182e+00  -8.0242064699e-02
   6.5282084698e-02   6.5146640839e-02   9.0348295592e-01  -1.1443359275e+00  -3.1440959057e-01
   6.5554449868e-02   6.5417528556e-02   9.0939385502e-01  -1.2042482601e+00  -5.4902310759e-01
   6.5831553399e-02   6.5691371180e-02   9.0632483490e-01  -1.2735249116e+00  -7.8413345116e-01
   6.6117321219e-02   6.5971735619e-02   8.9437585986e-01  -1.3537594136e+00  -1.0181434889e+00
   6.6416839446e-02   6.6262906819e-02   8.7320761716e-01  -1.4482466457e+00  -1.2529683681e+00
   6.6737446636e-02   6.6570772072e-02   8.4222289593e-01  -1.5601500644e+00  -1.4872181711e+00
   6.7091367583e-02   6.6904121201e-02   7.9958560970e-01  -1.6964066696e+00  -1.7229316180e+00
   6.7502974911e-02   6.7278613965e-02   7.4233888066e-01  -1.8667162375e+00  -1.9580789907e+00
   6.8036673091e-02   6.7727335858e-02   6.6072442131e-01  -2.0998955160e+00  -2.1942863590e+00
   6.8711518952e-02   6.8346010323e-02   5.5645628148e-01  -2.3902081583e+00  -2.3710588003e+00
   6.9507565816e-02   6.9077027581e-02   4.4518737215e-01  -2.6811802116e+00  -2.3966677467e+00
   7.0311168147e-02   6.9938104051e-02   3.5448416186e-01  -2.8636222095e+00  -2.2365567938e+00
   7.0941944665e-02   7.0684232243e-02   2.9915640651e-01  -2.8936625105e+00  -1.9963880865e+00
   7.1418611841e-02   7.1199657088e-02   2.6457197266e-01  -2.8342175984e+00  -1.7607489684e+00
   7.1837959373e-02   7.1637566595e-02   2.3660727941e-01  -2.7196956707e+00  -1.5255084110e+00
   7.2229853776e-02   7.2038352151e-02   2.1045059117e-01  -2.5600664684e+00  -1.2912341025e+00
   7.2610242691e-02   7.2421355401e-02   1.8281324046e-01  -2.3566107776e+00  -1.0561456677e+00
   7.2990801422e-02   7.2799129981e-02   1.5116063227e-01  -2.1092004451e+00  -8.2176755518e-01
   7.3382083658e-02   7.3182472863e-02   1.1242501606e-01  -1.8127811105e+00  -5.8774791056e-01
   7.3772664569e-02   7.3581694453e-02   6.5785262492e-02  -1.4799689677e+00  -3.6742347466e-01
   7.4141940908e-02   7.3963634685e-02   1.3182661049e-02  -1.1381816762e+00  -1.7733385337e-01
   7.4490880232e-02   7.4320247131e-02  -4.5076341892e-02  -7.9600301857e-01  -1.7690087561e-02
   7.4827989607e-02   7.4661513333e-02  -1.0943932038e-01  -4.5444235844e-01   1.1458496937e-01
   7.5159587069e-02   7.4994465881e-02  -1.8064666192e-01  -1.1267034812e-01   2.2175087797e-01
   7.5491041537e-02   7.5324708257e-02  -2.5947435090e-01   2.2969072276e-01   3.0453464513e-01
   7.5827569911e-02   7.5657374817e-02  -3.4632685480e-01   5.7106590286e-01   3.6239927666e-01
   7.6174945683e-02   7.5997765004e-02  -4.4257593527e-01   9.1302492575e-01   3.9446956370e-01
   7.6536409167e-02   7.6352126362e-02  -5.4796782531e-01   1.2507392526e+00   3.9841955907e-01
   7.6901895301e-02   7.6720691971e-02  -6.5882555793e-01   1.5707240911e+00   3.7326339271e-01
   7.7263928048e-02   7.7083098631e-02  -7.6959777430e-01   1.8588062122e+00   3.2171205641e-01
   7.7629614571e-02   7.7444757465e-02  -8.8049035089e-01   2.1189278069e+00   2.4569402508e-01
   7.8009202328e-02   7.7814471677e-02  -9.9156765212e-01   2.3534630412e+00   1.4531288061e-01
   7.8418263616e-02   7.8203932979e-02  -1.1027015986e+00   2.5635258023e+00   1.8543343948e-02
   7.8888810492e-02   7.8632594252e-02  -1.2145000989e+00   2.7505206818e+00  -1.4256945336e-01
   7.9477166543e-02   7.9145026733e-02  -1.3206152719e+00   2.9046760032e+00  -3.4909964012e-01
   8.0218914406e-02   7.9809306354e-02  -1.3871273890e+00   2.9888440835e+00  -5.8502533353e-01
   8.1067482125e-02   8.0628522459e-02  -1.3540846463e+00   2.9660053809e+00  -7.7220490950e-01
   8.1742514780e-02   8.1506441792e-02  -1.2411598418e+00   2.8844374233e+00  -8.3151324035e-01
   8.2158905438e-02   8.1978587768e-02  -1.1288278560e+00   2.8124044709e+00  -8.1565746710e-01
   8.2492252591e-02   8.2339223109e-02  -1.0176179561e+00   2.7465579041e+00  -7.7313613706e-01
   8.2781589277e-02   8.2645282073e-02  -9.0650035652e-01   2.6844428276e+00  -7.1463321021e-01
   8.3042845202e-02   8.2917896482e-02  -7.9544347904e-01   2.6249187086e+00  -6.4486317288e-01
   8.3284565220e-02   8.3167793923e-02  -6.8457375164e-01   2.5672241521e+00  -5.6659050709e-01
   8.3511994835e-02   8.3401336518e-02  -5.7361500037e-01   2.5105609202e+00  -4.8129938885e-01
   8.3728646306e-02   8.3622653151e-02  -4.6236427660e-01   2.4542725601e+00  -3.8994866336e-01
   8.3937068328e-02   8.3834639461e-02  -3.5144712031e-01   2.3981766448e+00  -2.9389423590e-01
   8.4139221340e-02   8.4039497196e-02  -2.4118290276e-01   2.3419800505e+00  -1.9412865163e-01
   8.4336624598e-02   8.4238945484e-02  -1.2915266987e-01   2.2839893501e+00  -8.8880003017e-02
   8.4530564805e-02   8.4434303712e-02  -1.9410442645e-02   2.2258740410e+00   1.7614060982e-02
   8.4722169904e-02   8.4626825899e-02   9.2750430052e-02   2.1646759026e+00   1.2959220161e-01
   8.4912443878e-02   8.4817513909e-02   2.0297755483e-01   2.1022790291e+00   2.4245968811e-01
   8.5102356824e-02   8.5007373846e-02   3.1372712875e-01   2.0368329615e+00   3.5842997830e-01
   8.5292859925e-02   8.5197339803e-02   4.2538876538e-01   1.9674639441e+00   4.7776618873e-01
   8.5484929347e-02   8.5388380047e-02   5.3531159721e-01   1.8952231425e+00   5.9742613632e-01
   8.5679642320e-02   8.5581478648e-02   6.4736117595e-01   1.8167761877e+00   7.2146873475e-01
   8.5878193436e-02   8.5777805993e-02   7.5732019686e-01   1.7341869602e+00   8.4508064747e-01
   8.6082001301e-02   8.5978580878e-02   8.6880894673e-01   1.6436878858e+00   9.7217538981e-01
   8.6292844785e-02   8.6185421724e-02   9.7973439043e-01   1.5454586844e+00   1.1002673764e+00
   8.6512973700e-02   8.6400267846e-02   1.0903183228e+00   1.4376270839e+00   1.2294553139e+00
   8.6756325639e-02   8.6625679554e-02   1.2065155589e+00   1.3108022186e+00   1.3666677669e+00