# time = 2.8
# Grid points = 474
# Pressure (Pa) = 101325
#             1_pos             2_posf             3_uvel             4_vvel             5_wvel
  -1.2309587990e-01  -1.2329848197e-01   1.1835808141e+00   9.6679422030e-01   1.2888963090e+00
  -1.2268399812e-01  -1.2289327783e-01   1.2864965059e+00   8.2561784398e-01   1.4072279219e+00
  -1.2222883477e-01  -1.2247471841e-01   1.3858066598e+00   6.5975206718e-01   1.5219904728e+00
  -1.2166579755e-01  -1.2198295113e-01   1.4851489033e+00   4.4229944867e-01   1.6367670181e+00
  -1.2100681742e-01  -1.2134864398e-01   1.5667854902e+00   1.7427695510e-01   1.7297853816e+00
  -1.2033101348e-01  -1.2066499086e-01   1.6097115977e+00  -1.1058941359e-01   1.7754755240e+00
  -1.1966127974e-01  -1.1999703611e-01   1.6103772166e+00  -3.9539296997e-01   1.7692170186e+00
  -1.1897643891e-01  -1.1932552336e-01   1.5688487274e+00  -6.8032335515e-01   1.7109404694e+00
  -1.1829562328e-01  -1.1862735445e-01   1.4879276880e+00  -9.4791271663e-01   1.6049709974e+00
  -1.1770419984e-01  -1.1796389211e-01   1.3888140189e+00  -1.1595976795e+00   1.4789795486e+00
  -1.1722142010e-01  -1.1744450757e-01   1.2892697751e+00  -1.3139626575e+00   1.3550611913e+00
  -1.1679686199e-01  -1.1699833264e-01   1.1902538565e+00  -1.4322741676e+00   1.2339640101e+00
  -1.1640811963e-01  -1.1659539135e-01   1.0913632283e+00  -1.5248935795e+00   1.1150546573e+00
  -1.1604340775e-01  -1.1622084791e-01   9.9222633258e-01  -1.5971108818e+00   9.9789470427e-01
  -1.1569540746e-01  -1.1586596759e-01   8.9369341679e-01  -1.6513803729e+00   8.8353944430e-01
  -1.1535912656e-01  -1.1552484734e-01   7.9424262975e-01  -1.6903048793e+00   7.7034366323e-01
  -1.1503087022e-01  -1.1519340579e-01   6.9572420901e-01  -1.7143439185e+00   6.6055558814e-01
  -1.1470767685e-01  -1.1486833464e-01   5.9699319995e-01  -1.7247308351e+00   5.5303954847e-01
  -1.1438708990e-01  -1.1454701906e-01   4.9768171522e-01  -1.7217175176e+00   4.4764687917e-01
  -1.1406688992e-01  -1.1422716074e-01   3.9875386464e-01  -1.7054599540e+00   3.4566433964e-01
  -1.1374497447e-01  -1.1390661911e-01   3.0002259991e-01  -1.6760412313e+00   2.4716295463e-01
  -1.1341925641e-01  -1.1358332983e-01   2.0144677449e-01  -1.6333093748e+00   1.5242966791e-01
  -1.1308749873e-01  -1.1325518299e-01   1.0203610191e-01  -1.5762150446e+00   6.0991786544e-02
  -1.1274725557e-01  -1.1291981448e-01   3.6743771546e-03  -1.5052669230e+00  -2.4926076143e-02
  -1.1239564724e-01  -1.1257469666e-01  -9.5693989130e-02  -1.4180773923e+00  -1.0647999741e-01
  -1.1202916641e-01  -1.1221659781e-01  -1.9432391161e-01  -1.3148955582e+00  -1.8142011177e-01
  -1.1164334828e-01  -1.1184173502e-01  -2.9336069535e-01  -1.1930066628e+00  -2.4963819123e-01
  -1.1123215807e-01  -1.1144496154e-01  -3.9214155334e-01  -1.0509828801e+00  -3.0932767040e-01
  -1.1078696351e-01  -1.1101935460e-01  -4.9117858598e-01  -8.8499403326e-01  -3.5896573825e-01
  -1.1029446205e-01  -1.1055457241e-01  -5.9005177705e-01  -6.9116411304e-01  -3.9569015184e-01
  -1.0973180741e-01  -1.1003435170e-01  -6.8912404778e-01  -4.6149704644e-01  -4.1551176911e-01
  -1.0908280201e-01  -1.0942926313e-01  -7.8470294800e-01  -1.9407170818e-01  -4.1184178795e-01
  -1.0837089403e-01  -1.0873634089e-01  -8.6651942679e-01   9.0375304958e-02  -3.8070254285e-01
  -1.0759935101e-01  -1.0800544716e-01  -9.2889985418e-01   3.7597222284e-01  -3.2319451658e-01
  -1.0669884712e-01  -1.0719325487e-01  -9.6869118091e-01   6.6222408993e-01  -2.3961018783e-01
  -1.0543482378e-01  -1.0620443937e-01  -9.6876752222e-01   9.5337833253e-01  -1.2646379077e-01
  -1.0398253494e-01  -1.0466520819e-01  -9.0124864763e-01   1.1274855695e+00  -4.7487591775e-02
  -1.0284235823e-01  -1.0329986170e-01  -8.0045137212e-01   1.1494745763e+00  -4.7581028019e-02
  -1.0201213088e-01  -1.0238485477e-01  -7.0123478345e-01   1.1113181201e+00  -8.7005413809e-02
  -1.0131427950e-01  -1.0163940700e-01  -6.0235866742e-01   1.0524286952e+00  -1.4266491631e-01
  -1.0069484999e-01  -1.0098915199e-01  -5.0336675063e-01   9.8428528534e-01  -2.0582636353e-01
  -1.0012745683e-01  -1.0040054798e-01  -4.0462058737e-01   9.1206354036e-01  -2.7136807506e-01
  -9.9596296421e-02  -9.9854365688e-02  -3.0574001068e-01   8.3770452588e-01  -3.3649753609e-01
  -9.9090679861e-02  -9.9338227153e-02  -2.0692707405e-01   7.6224194804e-01  -3.9903040647e-01
  -9.8602565212e-02  -9.8843132568e-02  -1.0805145296e-01   6.8571317324e-01  -4.5756698240e-01
  -9.8125341509e-02  -9.8361997855e-02  -9.3280481168e-03   6.0793270900e-01  -5.1084325856e-01
  -9.7653037136e-02  -9.7888685162e-02   8.9626741660e-02   5.2785249382e-01  -5.5808921517e-01
  -9.7179682762e-02  -9.7417389109e-02   1.8855620307e-01   4.4453727346e-01  -5.9824297901e-01
  -9.6698636421e-02  -9.6941976416e-02   2.8734615834e-01   3.5648851507e-01  -6.3032169518e-01
  -9.6201615152e-02  -9.6455296426e-02   3.8624174740e-01   2.6118189573e-01  -6.5325054856e-01
  -9.5676881108e-02  -9.5947933878e-02   4.8521591618e-01   1.5509406205e-01  -6.6538860457e-01
  -9.5105171719e-02  -9.5405828337e-02   5.8422192442e-01   3.2324141610e-02  -6.6416674932e-01
  -9.4447098414e-02  -9.4804515101e-02   6.8366634234e-01  -1.1976596469e-01  -6.4451926832e-01
  -9.3608615436e-02  -9.4089681727e-02   7.8176527595e-01  -3.3148347752e-01  -5.9378765025e-01
  -9.2639898879e-02  -9.3127549144e-02   8.4929935003e-01  -6.0015885918e-01  -5.0771000270e-01
  -9.1695075449e-02  -9.2152248613e-02   8.6131657340e-01  -8.8417246899e-01  -4.0530842170e-01
  -9.0792997804e-02  -9.1237902285e-02   8.2025175937e-01  -1.1686863079e+00  -3.0147140748e-01
  -8.9950978554e-02  -9.0348093324e-02   7.3755469124e-01  -1.4359693640e+00  -2.0845010395e-01
  -8.9243989966e-02  -8.9553863784e-02   6.3803469165e-01  -1.6541225981e+00  -1.3824941307e-01
  -8.8665771904e-02  -8.8934116149e-02   5.3888093360e-01  -1.8224151934e+00  -8.8793837517e-02
  -8.8152450253e-02  -8.8397427659e-02   4.3977789282e-01  -1.9608214900e+00  -5.1779886990e-02
  -8.7676454625e-02  -8.7907472848e-02   3.4061605012e-01  -2.0771248272e+00  -2.3654483069e-02
  -8.7222402187e-02  -8.7445436401e-02   2.4192253041e-01  -2.1745413025e+00  -2.5378513923e-03
  -8.6779960122e-02  -8.6999367974e-02   1.4300649207e-01  -2.2556008069e+00   1.3013444000e-02
  -8.6341001724e-02  -8.6560552270e-02   4.4046372108e-02  -2.3206428422e+00   2.3843918609e-02
  -8.5897988861e-02  -8.6121451179e-02  -5.5059859597e-02  -2.3692913962e+00   3.0661540570e-02
  -8.5442845427e-02  -8.5674526543e-02  -1.5378687750e-01  -2.3999859491e+00   3.4072621270e-02
  -8.4965466011e-02  -8.5211164310e-02  -2.5280158595e-01  -2.4102284038e+00   3.4741321980e-02
  -8.4451078126e-02  -8.4719767712e-02  -3.5186133834e-01  -2.3948717741e+00   3.3437254765e-02
  -8.3874013636e-02  -8.4182388540e-02  -4.5099621817e-01  -2.3442476320e+00   3.1404123445e-02
  -8.3175643142e-02  -8.3565638732e-02  -5.5068850280e-01  -2.2353132049e+00   3.1363377416e-02
  -8.2297099500e-02  -8.2785647552e-02  -6.4031705019e-01  -2.0268563601e+00   4.0746805279e-02
  -8.1411510408e-02  -8.1808551447e-02  -6.8896372872e-01  -1.7453001733e+00   6.6103664133e-02
  -8.0669496365e-02  -8.1014469368e-02  -6.9572640842e-01  -1.4598457433e+00   1.0332097291e-01
  -8.0008255297e-02  -8.0324523363e-02  -6.7695112056e-01  -1.1744578454e+00   1.4963562770e-01
  -7.9391883818e-02  -7.9691987231e-02  -6.4034663165e-01  -8.8993293870e-01   2.0312913119e-01
  -7.8799527332e-02  -7.9091780406e-02  -5.8961266805e-01  -6.0448607350e-01   2.6267680678e-01
  -7.8216025157e-02  -7.8507274259e-02  -5.2729996129e-01  -3.2026158993e-01   3.2640436730e-01
  -7.7627649194e-02  -7.7924776054e-02  -4.5381429272e-01  -3.4572610129e-02   3.9332716652e-01
  -7.7019014618e-02  -7.7330522335e-02  -3.6978152854e-01   2.5006227547e-01   4.6082740435e-01
  -7.6383062786e-02  -7.6707506901e-02  -2.7566088640e-01   5.2937560844e-01   5.2496217904e-01
  -7.5740111660e-02  -7.6058618672e-02  -1.7697155945e-01   7.8422638028e-01   5.7750109511e-01
  -7.5101813945e-02  -7.5421604648e-02  -7.8275849031e-02   1.0015083252e+00   6.1165369843e-01
  -7.4453266389e-02  -7.4782023243e-02   2.0712679056e-02   1.1794015097e+00   6.2260983749e-01
  -7.3778123093e-02  -7.4124509535e-02   1.1937241899e-01   1.3109814061e+00   6.0354473770e-01
  -7.3055473905e-02  -7.3431736651e-02   2.1823236274e-01   1.3866034278e+00   5.4451927158e-01
  -7.2251535246e-02  -7.2679211160e-02   3.1714868483e-01   1.3874419798e+00   4.2959040800e-01
  -7.1403177179e-02  -7.1823859333e-02   4.0656982328e-01   1.2957940663e+00   2.5474326493e-01
  -7.0629044002e-02  -7.0982495025e-02   4.7248853068e-01   1.1357843082e+00   5.4009581801e-02
  -6.9952721838e-02  -7.0275592979e-02   5.1624920019e-01   9.4298751151e-01  -1.4671838667e-01
  -6.9318341446e-02  -6.9629850697e-02   5.4419917951e-01   7.2753784568e-01  -3.4680139155e-01
  -6.8691691442e-02  -6.9006832196e-02   5.5842555136e-01   4.9139462081e-01  -5.4699730193e-01
  -6.8039502328e-02  -6.8376550689e-02   5.5794923463e-01   2.3246030580e-01  -7.4767177503e-01
  -6.7338117943e-02  -6.7702453968e-02   5.3886590893e-01  -4.5910693530e-02  -9.4157636905e-01
  -6.6571904115e-02  -6.6973781919e-02   4.9475499350e-01  -3.3173210121e-01  -1.1119095784e+00
  -6.5736944998e-02  -6.6170026312e-02   4.1805265069e-01  -6.0019031239e-01  -1.2307661372e+00
  -6.4958877471e-02  -6.5303863683e-02   3.2024324110e-01  -7.9404874973e-01  -1.2674436143e+00
  -6.4321154767e-02  -6.4613891259e-02   2.2094594968e-01  -9.0241148665e-01  -1.2364847638e+00
  -6.3766940140e-02  -6.4028418275e-02   1.2213174695e-01  -9.5579049137e-01  -1.1638452456e+00
  -6.3264543458e-02  -6.3505462006e-02   2.3003276213e-02  -9.7082785086e-01  -1.0614999228e+00
  -6.2796603317e-02  -6.3023624910e-02  -7.5690600946e-02  -9.5652277118e-01  -9.3728462420e-01
  -6.2351973584e-02  -6.2569581724e-02  -1.7476442090e-01  -9.1851704608e-01  -7.9464975398e-01
  -6.1922689594e-02  -6.2134365445e-02  -2.7349220151e-01  -8.6086568049e-01  -6.3759564743e-01
  -6.1502376509e-02  -6.1711013742e-02  -3.7269253760e-01  -7.8565389871e-01  -4.6685720504e-01
  -6.1085402595e-02  -6.1293739276e-02  -4.7147305780e-01  -6.9527016977e-01  -2.8537527729e-01
  -6.0666479561e-02  -6.0877065913e-02  -5.7021183392e-01  -5.9053273462e-01  -9.3469472574e-02
  -6.0246682046e-02  -6.0455893210e-02  -6.6726701458e-01  -4.7392570028e-01   1.0494298011e-01
  -5.9828910543e-02  -6.0037470883e-02  -7.6070450410e-01  -3.4847009736e-01   3.0519201131e-01
  -5.9408529204e-02  -5.9620350202e-02  -8.4998354681e-01  -2.1529415483e-01   5.0558823487e-01
  -5.8977185098e-02  -5.9196708206e-02  -9.3479291933e-01  -7.4521207103e-02   7.0538561469e-01
  -5.8524383464e-02  -5.8757661991e-02  -1.0153715259e+00   7.6111701739e-02   9.0606385455e-01
  -5.8034573695e-02  -5.8291104936e-02  -1.0901234936e+00   2.3793312358e-01   1.1060622479e+00
  -5.7479289853e-02  -5.7778042454e-02  -1.1574720885e+00   4.1772575235e-01   1.3071413398e+00
  -5.6785613310e-02  -5.7180537253e-02  -1.2112291994e+00   6.3037767615e-01   1.5096653357e+00
  -5.5843235308e-02  -5.6390689367e-02  -1.2245369616e+00   8.9075851056e-01   1.6859565307e+00
  -5.4832028942e-02  -5.5295781250e-02  -1.1616473295e+00   1.1299345760e+00   1.7468760996e+00
  -5.4069780314e-02  -5.4368276634e-02  -1.0601039948e+00   1.2814196973e+00   1.7048619895e+00
  -5.3530253857e-02  -5.3771283994e-02  -9.6048183448e-01   1.3740295128e+00   1.6320551596e+00
  -5.3079089515e-02  -5.3289223720e-02  -8.6134747681e-01   1.4431179222e+00   1.5479166955e+00
  -5.2678389375e-02  -5.2868955309e-02  -7.6231693249e-01   1.4987127272e+00   1.4580552211e+00
  -5.2310701008e-02  -5.2487823441e-02  -6.6334464694e-01   1.5452987827e+00   1.3652030464e+00
  -5.1966112414e-02  -5.2133578575e-02  -5.6448112856e-01   1.5853415007e+00   1.2710073206e+00
  -5.1638273593e-02  -5.1798646253e-02  -4.6573859518e-01   1.6203607978e+00   1.1765161750e+00
  -5.1322789323e-02  -5.1477900933e-02  -3.6652326399e-01   1.6515229303e+00   1.0819009040e+00
  -5.1016378380e-02  -5.1167677713e-02  -2.6752788279e-01   1.6792522664e+00   9.8839347142e-01
  -5.0716430076e-02  -5.0865079048e-02  -1.6846583335e-01   1.7040880235e+00   8.9618633539e-01
  -5.0420787617e-02  -5.0567781104e-02  -6.9685188714e-02   1.7262493120e+00   8.0599614107e-01
  -5.0127576031e-02  -5.0273794130e-02   2.8955042654e-02   1.7459674382e+00   7.1803768386e-01
  -4.9835093546e-02  -4.9981357932e-02   1.2756702075e-01   1.7633564743e+00   6.3254387773e-01
  -4.9541692961e-02  -4.9688829160e-02   2.2722867463e-01   1.7785571120e+00   5.4898314201e-01
  -4.9245715449e-02  -4.9394556762e-02   3.2591161750e-01   1.7911756192e+00   4.6942209311e-01
  -4.8945425992e-02  -4.9096874135e-02   4.2469075174e-01   1.8012284300e+00   3.9332219722e-01
  -4.8638903873e-02  -4.8793977849e-02   5.2356187516e-01   1.8084434683e+00   3.2112964510e-01
  -4.8323937807e-02  -4.8483829897e-02   6.2236716198e-01   1.8124283181e+00   2.5345616135e-01
  -4.7997864407e-02  -4.8164045717e-02   7.2124130150e-01   1.8126533226e+00   1.9079950120e-01
  -4.7657303177e-02  -4.7831683098e-02   8.2036887731e-01   1.8083458971e+00   1.3379857109e-01
  -4.7297821332e-02  -4.7482923256e-02   9.1920885439e-01   1.7984617906e+00   8.3693480298e-02
  -4.6913238771e-02  -4.7112719409e-02   1.0181951008e+00   1.7814142054e+00   4.1479604752e-02
  -4.6494295276e-02  -4.6713758134e-02   1.1171844941e+00   1.7548046159e+00   8.9898684440e-03
  -4.6025836534e-02  -4.6274832418e-02   1.2162168963e+00   1.7146063551e+00  -1.1090840457e-02
  -4.5479213690e-02  -4.5776840650e-02   1.3153933794e+00   1.6531631129e+00  -1.4071396473e-02
  -4.4782782761e-02  -4.5181586729e-02   1.4154341487e+00   1.5511360161e+00   1.0750628010e-02
  -4.3786395892e-02  -4.4383978793e-02   1.5066445124e+00   1.3588096157e+00   9.0031405309e-02
  -4.2669130473e-02  -4.3188812991e-02   1.5437693057e+00   1.0854748873e+00   2.1402952328e-01
  -4.1696357014e-02  -4.2149447955e-02   1.5224917973e+00   8.0102084889e-01   3.3109079736e-01
  -4.0828750231e-02  -4.1243266073e-02   1.4659352292e+00   5.1633411789e-01   4.2617770427e-01
  -4.0023500454e-02  -4.0414234388e-02   1.3856275397e+00   2.3237120861e-01   4.9592419196e-01
  -3.9284213149e-02  -3.9632766519e-02   1.2906515729e+00  -4.1654174261e-02   5.3875854872e-01
  -3.8631727418e-02  -3.8935659780e-02   1.1917149357e+00  -2.8994346945e-01   5.5663746692e-01
  -3.8052660616e-02  -3.8327795057e-02   1.0928208444e+00  -5.1329256158e-01   5.5569666044e-01
  -3.7522751017e-02  -3.7777526176e-02   9.9388330786e-01  -7.1808022182e-01   5.4065703684e-01
  -3.7028293053e-02  -3.7267975857e-02   8.9514368511e-01  -9.0717216214e-01   5.1456297663e-01
  -3.6560447216e-02  -3.6788610249e-02   7.9622876457e-01  -1.0832302632e+00   4.7935923485e-01
  -3.6112944453e-02  -3.6332284182e-02   6.9746729017e-01  -1.2468066320e+00   4.3660187667e-01
  -3.5680966172e-02  -3.5893604724e-02   5.9852820399e-01  -1.3990847290e+00   3.8718749086e-01
  -3.5260572807e-02  -3.5468327619e-02   4.9970543616e-01  -1.5398543296e+00   3.3198533229e-01
  -3.4848320366e-02  -3.5052817996e-02   4.0110278647e-01  -1.6689863103e+00   2.7157067254e-01
  -3.4441048921e-02  -3.4643822737e-02   3.0181701609e-01  -1.7871888705e+00   2.0560097931e-01
  -3.4035651360e-02  -3.4238275105e-02   2.0325666698e-01  -1.8921050528e+00   1.3506663218e-01
  -3.3628876327e-02  -3.3833027615e-02   1.0432817582e-01  -1.9839279503e+00   5.9059397647e-02
  -3.3217110350e-02  -3.3424725039e-02   5.3297132033e-03  -2.0606865314e+00  -2.2657458897e-02
  -3.2796065425e-02  -3.3009495660e-02  -9.3443157377e-02  -2.1199673905e+00  -1.1055026192e-01
  -3.2360284256e-02  -3.2582635190e-02  -1.9229944863e-01  -2.1587629375e+00  -2.0604856467e-01
  -3.1902230003e-02  -3.2137933322e-02  -2.9127061548e-01  -2.1721288359e+00  -3.1107864371e-01
  -3.1410553562e-02  -3.1666526684e-02  -3.9023467928e-01  -2.1522776080e+00  -4.2858420813e-01
  -3.0866037025e-02  -3.1154580440e-02  -4.8919200653e-01  -2.0858167234e+00  -5.6397050407e-01
  -3.0231922990e-02  -3.0577493610e-02  -5.8837753892e-01  -1.9450322987e+00  -7.2881396008e-01
  -2.9537676244e-02  -2.9886352370e-02  -6.7440518708e-01  -1.7123290814e+00  -9.1622056701e-01
  -2.8906411542e-02  -2.9189000117e-02  -7.3099335266e-01  -1.4296990285e+00  -1.0924153131e+00
  -2.8381552883e-02  -2.8623822968e-02  -7.6160796497e-01  -1.1436319488e+00  -1.2426782079e+00
  -2.7921762176e-02  -2.8139282798e-02  -7.7636073570e-01  -8.5827354001e-01  -1.3762318774e+00
  -2.7503224652e-02  -2.7704241553e-02  -7.8051194359e-01  -5.7336172962e-01  -1.4987581886e+00
  -2.7112658400e-02  -2.7302207751e-02  -7.7696724506e-01  -2.8745074155e-01  -1.6138672120e+00
  -2.6741490171e-02  -2.6923109049e-02  -7.6762222694e-01  -2.8765001837e-03  -1.7224908915e+00
  -2.6383579646e-02  -2.6559871292e-02  -7.5372846342e-01   2.8223929505e-01  -1.8266052635e+00
  -2.6034176928e-02  -2.6207288000e-02  -7.3616782711e-01   5.6828687997e-01  -1.9271479781e+00
  -2.5689199909e-02  -2.5861065857e-02  -7.1591349879e-01   8.5189930916e-01  -2.0235564928e+00
  -2.5344832747e-02  -2.5517333961e-02  -6.9317910901e-01   1.1384039776e+00  -2.1180273143e+00
  -2.4997161307e-02  -2.5172331532e-02  -6.6885053477e-01   1.4229934466e+00  -2.2091927844e+00
  -2.4641734299e-02  -2.4821991081e-02  -6.4324751820e-01   1.7078315169e+00  -2.2978705339e+00
  -2.4272907190e-02  -2.4461477518e-02  -6.1679474651e-01   1.9935500928e+00  -2.3841552959e+00
  -2.3882756650e-02  -2.4084336861e-02  -5.9021574750e-01   2.2783696297e+00  -2.4671873163e+00
  -2.3458506661e-02  -2.3681176438e-02  -5.6406235894e-01   2.5643548563e+00  -2.5468026938e+00
  -2.2975329349e-02  -2.3235836883e-02  -5.3960050925e-01   2.8512115472e+00  -2.6211113605e+00
  -2.2364647260e-02  -2.2714821815e-02  -5.1966577744e-01   3.1404208110e+00  -2.6852331478e+00
  -2.1223197995e-02  -2.2014472705e-02  -5.2628767786e-01   3.4035599337e+00  -2.6918110834e+00
  -1.9983948260e-02  -2.0431923285e-02  -5.9371952192e-01   3.2988406744e+00  -2.5355561231e+00
  -1.9261257810e-02  -1.9535973235e-02  -6.6542609497e-01   3.0110043645e+00  -2.3449359099e+00
  -1.8770904184e-02  -1.8986542384e-02  -7.2558770663e-01   2.7231161015e+00  -2.1725799002e+00
  -1.8369909617e-02  -1.8555265985e-02  -7.8017041322e-01   2.4369254645e+00  -2.0069332709e+00
  -1.8018082252e-02  -1.8184553250e-02  -8.3127946089e-01   2.1503138840e+00  -1.8435233544e+00
  -1.7697964889e-02  -1.7851611254e-02  -8.7920366168e-01   1.8659907529e+00  -1.6824635822e+00
  -1.7399943828e-02  -1.7544318524e-02  -9.2475610000e-01   1.5816979532e+00  -1.5216843987e+00
  -1.7118157160e-02  -1.7255569133e-02  -9.6860643968e-01   1.2943860826e+00  -1.3589573590e+00
  -1.6848504628e-02  -1.6980745187e-02  -1.0098047603e+00   1.0112561033e+00  -1.1980032601e+00
  -1.6587951895e-02  -1.6716264070e-02  -1.0493517571e+00   7.2616120070e-01  -1.0350554967e+00
  -1.6334241881e-02  -1.6459639720e-02  -1.0871715126e+00   4.3954411983e-01  -8.7010290207e-01
  -1.6085482909e-02  -1.6208844041e-02  -1.1227990101e+00   1.5495217007e-01  -7.0496839303e-01
  -1.5840053032e-02  -1.5962121777e-02  -1.1565026726e+00  -1.2981877880e-01  -5.3817604521e-01
  -1.5596523865e-02  -1.5717984286e-02  -1.1882443861e+00  -4.1503220367e-01  -3.6934465769e-01
  -1.5353549505e-02  -1.5475063444e-02  -1.2179326322e+00  -7.0082008009e-01  -1.9814388441e-01
  -1.5109802790e-02  -1.5232035566e-02  -1.2452933082e+00  -9.8569640112e-01  -2.5202100495e-02
  -1.4863917642e-02  -1.4987570013e-02  -1.2702562348e+00  -1.2704683315e+00   1.5026082943e-01
  -1.4614418314e-02  -1.4740265271e-02  -1.2926057568e+00  -1.5550385642e+00   3.2854291033e-01
  -1.4359597341e-02  -1.4488571357e-02  -1.3122112656e+00  -1.8418021555e+00   5.1164114877e-01
  -1.4097430288e-02  -1.4230623325e-02  -1.3284238829e+00  -2.1267906536e+00   6.9760333063e-01
  -1.3825464383e-02  -1.3964237251e-02  -1.3408170109e+00  -2.4094356857e+00   8.8667684602e-01
  -1.3540835921e-02  -1.3686691515e-02  -1.3489487237e+00  -2.6970533664e+00   1.0848653009e+00
  -1.3244238236e-02  -1.3394980328e-02  -1.3515607323e+00  -2.9755231439e+00   1.2837044646e+00
  -1.2937250615e-02  -1.3093496143e-02  -1.3478896710e+00  -3.2437045696e+00   1.4835345058e+00
  -1.2617514962e-02  -1.2781005087e-02  -1.3369636433e+00  -3.4976719832e+00   1.6829735774e+00
  -1.2280777473e-02  -1.2454024836e-02  -1.3171577563e+00  -3.7375750267e+00   1.8845245236e+00
  -1.1921120330e-02  -1.2107530110e-02  -1.2869489217e+00  -3.9544287511e+00   2.0839503663e+00
  -1.1529537777e-02  -1.1734710550e-02  -1.2430442678e+00  -4.1457487291e+00   2.2842321530e+00
  -1.1090544265e-02  -1.1324365005e-02  -1.1805053393e+00  -4.3005779337e+00   2.4845624836e+00
  -1.0603189288e-02  -1.0856723525e-02  -1.0949533128e+00  -4.3971601753e+00   2.6755052427e+00
  -1.0127898947e-02  -1.0349655051e-02  -9.9640061286e-01  -4.4148986849e+00   2.8279051169e+00
  -9.7066250279e-03  -9.9061428432e-03  -8.9751130257e-01  -4.3671279110e+00   2.9331956485e+00
  -9.3227668827e-03  -9.5071072127e-03  -7.9845502230e-01  -4.2730532029e+00   3.0047289374e+00
  -8.9649350440e-03  -9.1384265528e-03  -6.9942580725e-01  -4.1439157652e+00   3.0500698273e+00
  -8.6258849074e-03  -8.7914435352e-03  -6.0069552311e-01  -3.9873414004e+00   3.0740653204e+00
  -8.3006234406e-03  -8.4603262797e-03  -5.0191100878e-01  -3.8076557088e+00   3.0800319725e+00
  -7.9854808347e-03  -8.1409206015e-03  -4.0283853434e-01  -3.6077302288e+00   3.0700248311e+00
  -7.6775499530e-03  -7.8300410678e-03  -3.0375318483e-01  -3.3905632526e+00   3.0454542835e+00
  -7.3743830191e-03  -7.5250588381e-03  -2.0476952977e-01  -3.1583830565e+00   3.0073588209e+00
  -7.0738182335e-03  -7.2237072000e-03  -1.0589290607e-01  -2.9127608647e+00   2.9563924033e+00
  -6.7738387264e-03  -6.9239292671e-03  -7.0674577289e-03  -2.6547524931e+00   2.8928312670e+00
  -6.4724463415e-03  -6.6237481857e-03   9.1777679159e-02  -2.3850582047e+00   2.8165914591e+00
  -6.1685790766e-03  -6.3211444973e-03   1.9033768908e-01  -2.1052001935e+00   2.7275960205e+00
  -5.8649302605e-03  -6.0160136559e-03   2.8698507845e-01  -1.8205907713e+00   2.6270648342e+00
  -5.5631778181e-03  -5.7138468652e-03   3.8055531224e-01  -1.5356153185e+00   2.5161550705e+00
  -5.2607945304e-03  -5.4125087710e-03   4.7127055388e-01  -1.2504658467e+00   2.3944337390e+00
  -4.9547870743e-03  -5.1090802898e-03   5.5935865719e-01  -9.6499022499e-01   2.2609238085e+00
  -4.6418707155e-03  -4.8004938588e-03   6.4484670347e-01  -6.7938573572e-01   2.1143190385e+00
  -4.3181488021e-03  -4.4832475722e-03   7.2749605931e-01  -3.9449244690e-01   1.9530970735e+00
  -3.9786602827e-03  -4.1530500319e-03   8.0742195515e-01  -1.0957182469e-01   1.7739238312e+00
  -3.6289277461e-03  -3.8042705334e-03   8.8178186139e-01   1.6555107866e-01   1.5798104247e+00
  -3.2854384746e-03  -3.4535849588e-03   9.4697685812e-01   4.1721202065e-01   1.3784529740e+00
  -2.9547705381e-03  -3.1172919903e-03   1.0006568647e+00   6.3479150128e-01   1.1793492582e+00
  -2.6342090165e-03  -2.7922490859e-03   1.0447218516e+00   8.2409977012e-01   9.7947241727e-01
  -2.3216589911e-03  -2.4761689470e-03   1.0797003352e+00   9.8606075739e-01   7.7924968117e-01
  -2.0153524230e-03  -2.1671490351e-03   1.1060855139e+00   1.1216391562e+00   5.7903028045e-01
  -1.7137494440e-03  -1.8635558108e-03   1.1243432765e+00   1.2318623728e+00   3.7899136882e-01
  -1.4154645694e-03  -1.5639430772e-03   1.1348864528e+00   1.3177069133e+00   1.7917448280e-01
  -1.1192052705e-03  -1.2669860615e-03   1.1380569210e+00   1.3800121050e+00  -2.0479779553e-02
  -8.2371683059e-04  -9.7142447944e-04   1.1341145260e+00   1.4194181014e+00  -2.2009734950e-01
  -5.2771973689e-04  -6.7600918175e-04   1.1231116283e+00   1.4362834197e+00  -4.2117308094e-01
  -2.2985952762e-04  -3.7943029203e-04   1.1052934975e+00   1.4305410918e+00  -6.2109651423e-01
   7.1344015489e-05  -8.0288763203e-05   1.0807220119e+00   1.4024928189e+00  -8.2087026700e-01
   3.7758463735e-04   2.2297679418e-04   1.0493502549e+00   1.3519033488e+00  -1.0207673870e+00
   6.9088127358e-04   5.3219248052e-04   1.0111046191e+00   1.2783276854e+00  -1.2205811802e+00
   1.0137503991e-03   8.4957006664e-04   9.6570463048e-01   1.1807643544e+00  -1.4205897646e+00
   1.3495091442e-03   1.1779307316e-03   9.1258592306e-01   1.0573296691e+00  -1.6213341484e+00
   1.7026725041e-03   1.5210875567e-03   8.5158758895e-01   9.0687938041e-01  -1.8211202699e+00
   2.0798185168e-03   1.8842574516e-03   7.8152988446e-01   7.2554775125e-01  -2.0208328658e+00
   2.4916515432e-03   2.2753795820e-03   7.0023321899e-01   5.0614120030e-01  -2.2215518912e+00
   2.9447417266e-03   2.7079235044e-03   6.0735483673e-01   2.4581054542e-01  -2.4174490074e+00
   3.4138889545e-03   3.1815599487e-03   5.1005871829e-01  -3.6328523309e-02  -2.5894670423e+00
   3.8763383471e-03   3.6462179602e-03   4.1445483813e-01  -3.2217033190e-01  -2.7267362010e+00
   4.3402463664e-03   4.1064587340e-03   3.2180382815e-01  -6.0692704477e-01  -2.8286981779e+00
   4.8181102011e-03   4.5740339987e-03   2.3128980956e-01  -8.9232253097e-01  -2.8952344901e+00
   5.3260309123e-03   5.0621864034e-03   1.4279281780e-01  -1.1782143823e+00  -2.9214752465e+00
   5.8907804347e-03   5.5898754212e-03   5.6257800938e-02  -1.4641001897e+00  -2.8962703092e+00
   6.5641152053e-03   6.1916854482e-03  -2.8308832002e-02  -1.7481544652e+00  -2.7926744908e+00
   7.2503499492e-03   6.9365449625e-03  -9.2725508333e-02  -1.9634148006e+00  -2.6123743092e+00
   7.8152821624e-03   7.5641549360e-03  -1.2829430072e-01  -2.0746455455e+00  -2.4107303102e+00
   8.2857127310e-03   8.0664093888e-03  -1.4598363173e-01  -2.1175599941e+00  -2.2101232573e+00
   8.7049002511e-03   8.5050160732e-03  -1.5307632854e-01  -2.1162238563e+00  -2.0091136243e+00
   9.0919204949e-03   8.9047844289e-03  -1.5280659658e-01  -2.0814964348e+00  -1.8094072551e+00
   9.4574448896e-03   9.2790565609e-03  -1.4703714506e-01  -2.0191147063e+00  -1.6094145289e+00
   9.8082275105e-03   9.6358332182e-03  -1.3689707776e-01  -1.9325584695e+00  -1.4095906114e+00
   1.0149048400e-02   9.9806218027e-03  -1.2304868363e-01  -1.8231514369e+00  -1.2087170231e+00
   1.0483587777e-02   1.0317474997e-02  -1.0621427464e-01  -1.6935784808e+00  -1.0092742608e+00
   1.0814879858e-02   1.0649700558e-02  -8.6653474242e-02  -1.5434839725e+00  -8.0944028714e-01
   1.1145575721e-02   1.0980059159e-02  -6.4550770624e-02  -1.3722839573e+00  -6.0855374237e-01
   1.1478163693e-02   1.1311092284e-02  -4.0459011481e-02  -1.1824859912e+00  -4.0960861110e-01
   1.1815149134e-02   1.1645235102e-02  -1.4032670384e-02  -9.6964862899e-01  -2.0858409759e-01
   1.2159160799e-02   1.1985063166e-02   1.4088593633e-02  -7.3727555168e-01  -9.6528443251e-03
   1.2513166519e-02   1.2333258432e-02   4.4409519485e-02  -4.7951780879e-01   1.9108237573e-01
   1.2874291241e-02   1.2693074607e-02   7.6027632108e-02  -2.0246405660e-01   3.8780352759e-01
   1.3230091612e-02   1.3055507875e-02   1.0757028008e-01   8.2514467375e-02   5.7304754834e-01
   1.3574614549e-02   1.3404675349e-02   1.3807050953e-01   3.6636661232e-01   7.4280539030e-01
   1.3911524468e-02   1.3744553748e-02   1.6803275500e-01   6.5323883527e-01   9.0127743841e-01
   1.4244013649e-02   1.4078495187e-02   1.9690718271e-01   9.3723245197e-01   1.0466539245e+00
   1.4574981960e-02   1.4409532111e-02   2.2513291190e-01   1.2219573368e+00   1.1820783624e+00
   1.4907232503e-02   1.4740431810e-02   2.5284325944e-01   1.5083095095e+00   1.3087324414e+00
   1.5243693424e-02   1.5074033196e-02   2.7963068431e-01   1.7915165801e+00   1.4253245768e+00
   1.5587733191e-02   1.5413353651e-02   3.0619817646e-01   2.0786220879e+00   1.5353141597e+00
   1.5943463077e-02   1.5762112731e-02   3.3195188250e-01   2.3629675945e+00   1.6365631508e+00
   1.6316288910e-02   1.6124813423e-02   3.5720391463e-01   2.6478113631e+00   1.7307278574e+00
   1.6714174059e-02   1.6507764397e-02   3.8196502372e-01   2.9336291691e+00   1.8181495385e+00
   1.7149952238e-02   1.6920583720e-02   4.0598428763e-01   3.2185839307e+00   1.8983929435e+00
   1.7648336176e-02   1.7379320755e-02   4.2924427477e-01   3.5055615997e+00   1.9721224380e+00
   1.8274039758e-02   1.7917351597e-02   4.5087648662e-01   3.7940928508e+00   2.0384317777e+00
   1.9117804495e-02   1.8630727919e-02   4.6498753994e-01   4.0440036143e+00   2.0872364629e+00
   2.0091957645e-02   1.9604881070e-02   4.5725920291e-01   4.1227895175e+00   2.0945313073e+00
   2.1078591873e-02   2.0579034220e-02   4.1931292167e-01   3.9614694155e+00   2.0545251639e+00
   2.1883467790e-02   2.1578149525e-02   3.6562292057e-01   3.6645576690e+00   1.9917888201e+00
   2.2435774122e-02   2.2188786055e-02   3.1634637840e-01   3.3774471202e+00   1.9332592916e+00
   2.2899338558e-02   2.2682762190e-02   2.6785380867e-01   3.0915885768e+00   1.8750616284e+00
   2.3313740222e-02   2.3115914926e-02   2.1942463560e-01   2.8053747679e+00   1.8161211159e+00
   2.3697014167e-02   2.3511565518e-02   1.7124938178e-01   2.5207578755e+00   1.7563937882e+00
   2.4059438044e-02   2.3882462816e-02   1.2302898391e-01   2.2361191699e+00   1.6952136803e+00
   2.4407607697e-02   2.4236413271e-02   7.4549773579e-02   1.9500053096e+00   1.6319578652e+00
   2.4746309975e-02   2.4578802122e-02   2.6470462466e-02   1.6658820481e+00   1.5671180691e+00
   2.5079303073e-02   2.4913817827e-02  -2.1809284352e-02   1.3795784897e+00   1.4994546373e+00
   2.5409749428e-02   2.5244788320e-02  -6.9359009621e-02   1.0957997134e+00   1.4297788406e+00
   2.5740560787e-02   2.5574710536e-02  -1.1677086560e-01   8.0995490740e-01   1.3566268113e+00
   2.6074601845e-02   2.5906411039e-02  -1.6334457089e-01   5.2487123385e-01   1.2802973265e+00
   2.6414917094e-02   2.6242792651e-02  -2.0885984696e-01   2.4012450416e-01   1.2002157178e+00
   2.6764973878e-02   2.6587041536e-02  -2.5295434974e-01  -4.4394075218e-02   1.1157748359e+00
   2.7129073019e-02   2.6942906220e-02  -2.9534115366e-01  -3.3033314205e-01   1.0256616263e+00
   2.7512896610e-02   2.7315239818e-02  -3.3500083686e-01  -6.1599243639e-01   9.2930594047e-01
   2.7924420722e-02   2.7710553402e-02  -3.7074182031e-01  -9.0061087230e-01   8.2550679520e-01
   2.8376117953e-02   2.8138288042e-02  -4.0100823294e-01  -1.1857752937e+00   7.1138051422e-01
   2.8890303431e-02   2.8613947864e-02  -4.2260785985e-01  -1.4718896494e+00   5.8260023502e-01
   2.9516271094e-02   2.9166658999e-02  -4.2850361826e-01  -1.7592437929e+00   4.3023220615e-01
   3.0317517352e-02   2.9865883190e-02  -4.0189106104e-01  -2.0252470351e+00   2.4694411821e-01
   3.1216419694e-02   3.0769151515e-02  -3.2812848421e-01  -2.1933850257e+00   6.1416860383e-02
   3.2004285332e-02   3.1663687873e-02  -2.2913078258e-01  -2.2340576927e+00  -7.9588017774e-02
   3.2639017711e-02   3.2344882791e-02  -1.2978339024e-01  -2.2004454351e+00  -1.7686004625e-01
   3.3205403281e-02   3.2933152630e-02  -3.0715626746e-02  -2.1280829601e+00  -2.5135987671e-01
   3.3741261164e-02   3.3477653931e-02   6.8543103567e-02  -2.0287696093e+00  -3.1182224673e-01
   3.4270029797e-02   3.4004868397e-02   1.6736604723e-01  -1.9079185851e+00  -3.6235152316e-01
   3.4813005744e-02   3.4535191197e-02   2.6650760076e-01  -1.7652937464e+00  -4.0627899638e-01
   3.5398685207e-02   3.5090820290e-02   3.6574719038e-01  -1.5975019630e+00  -4.4591536980e-01
   3.6086725276e-02   3.5706550124e-02   4.6567899946e-01  -1.3906034533e+00  -4.8461881967e-01
   3.6943273531e-02   3.6466900428e-02   5.5482712522e-01  -1.1325639123e+00  -5.2500655614e-01
   3.7941276613e-02   3.7419646634e-02   5.9790886518e-01  -8.4790225582e-01  -5.6678559357e-01
   3.9009965040e-02   3.8462906592e-02   5.6161887637e-01  -5.7936055863e-01  -6.0916235705e-01
   3.9911077836e-02   3.9557023488e-02   4.6701341997e-01  -3.8836920814e-01  -6.4300616144e-01
   4.0541645385e-02   4.0265132183e-02   3.6701999026e-01  -2.7673500904e-01  -6.6400758626e-01
   4.1058730948e-02   4.0818158587e-02   2.6774238248e-01  -1.9886275837e-01  -6.7814628071e-01
   4.1519614419e-02   4.1299303309e-02   1.6868954251e-01  -1.3968675274e-01  -6.8738220751e-01
   4.1948190621e-02   4.1739925529e-02   6.9552098102e-02  -9.3091895174e-02  -6.9232038027e-01
   4.2357977276e-02   4.2156455713e-02  -2.9386705838e-02  -5.6164242556e-02  -6.9306194733e-01
   4.2758255225e-02   4.2559498840e-02  -1.2816873279e-01  -2.7124936497e-02  -6.8949046995e-01
   4.3156517786e-02   4.2957011611e-02  -2.2723155877e-01  -4.9339243395e-03  -6.8121340643e-01
   4.3559909836e-02   4.3356023961e-02  -3.2603551048e-01   1.0697440585e-02  -6.6768323136e-01
   4.3976496877e-02   4.3763795712e-02  -4.2518585345e-01   1.9784843295e-02  -6.4788031038e-01
   4.4416954512e-02   4.4189198042e-02  -5.2411733140e-01   2.1637267265e-02  -6.2045630806e-01
   4.4898173037e-02   4.4644710981e-02  -6.2335414120e-01   1.4716508477e-02  -5.8279122636e-01
   4.5453594411e-02   4.5151635092e-02  -7.2271032775e-01  -4.5950606671e-03  -5.3001121847e-01
   4.6188410801e-02   4.5755553730e-02  -8.2391226077e-01  -4.8288133151e-02  -4.4660295923e-01
   4.7343984720e-02   4.6621267872e-02  -8.9985599564e-01  -1.5439206457e-01  -2.9631981869e-01
   4.8643963129e-02   4.8066701568e-02  -8.6531963325e-01  -3.1206615076e-01  -1.2796360774e-01
   4.9555500443e-02   4.9221224689e-02  -7.6362571622e-01  -4.3659590839e-01  -3.0894997024e-02
   5.0155327930e-02   4.9889776197e-02  -6.6386102388e-01  -5.1880770398e-01   1.4093800734e-02
   5.0652439182e-02   5.0420879663e-02  -5.6448438178e-01  -5.8397745300e-01   3.6928004819e-02
   5.1095335647e-02   5.0883998701e-02  -4.6560084056e-01  -6.3759476979e-01   4.4717859870e-02
   5.1504912857e-02   5.1306672592e-02  -3.6651632899e-01  -6.8230824931e-01   4.0650546782e-02
   5.1892761240e-02   5.1703153123e-02  -2.6772186729e-01  -7.1896340627e-01   2.6413337617e-02
   5.2266412151e-02   5.2082369358e-02  -1.6867983940e-01  -7.4825307512e-01   2.9217669321e-03
   5.2631316717e-02   5.2450454945e-02  -6.9708825588e-02  -7.7018256052e-01  -2.9193664929e-02
   5.2991871003e-02   5.2812178489e-02   2.9147366606e-02  -7.8462933494e-01  -6.9558949832e-02
   5.3351950362e-02   5.3171563517e-02   1.2797865908e-01  -7.9124901121e-01  -1.1805731456e-01
   5.3715323613e-02   5.3532337207e-02   2.2688801131e-01  -7.8940541764e-01  -1.7479140037e-01
   5.4086036105e-02   5.3898310019e-02   3.2587837882e-01  -7.7812145375e-01  -2.4000910631e-01
   5.4468837953e-02   5.4273762191e-02   4.2473560847e-01  -7.5605858042e-01  -3.1398642557e-01
   5.4869869480e-02   5.4663913716e-02   5.2372538149e-01  -7.2113614153e-01  -3.9763411958e-01
   5.5297881409e-02   5.5075825244e-02   6.2269689972e-01  -6.7030602040e-01  -4.9198539546e-01
   5.5766864558e-02   5.5519937575e-02   7.2175520282e-01  -5.9841734114e-01  -5.9908142446e-01
   5.6303109034e-02   5.6013791542e-02   8.2091764561e-01  -4.9593499557e-01  -7.2256290168e-01
   5.6974049967e-02   5.6592426526e-02   9.2119940667e-01  -3.3793392373e-01  -8.7269327256e-01
   5.7818949551e-02   5.7355673409e-02   1.0056233598e+00  -9.9315185034e-02  -1.0415436790e+00
   5.8699615725e-02   5.8282225693e-02   1.0425494851e+00   1.8549686059e-01  -1.1802657995e+00
   5.9518219368e-02   5.9117005757e-02   1.0282132747e+00   4.7069617343e-01  -1.2621707354e+00
   6.0328046038e-02   5.9919432979e-02   9.7021722618e-01   7.5581035268e-01  -1.2908018194e+00
   6.1092889025e-02   6.0736659097e-02   8.8030613198e-01   1.0124927207e+00  -1.2680346838e+00
   6.1743926394e-02   6.1449118954e-02   7.8074422269e-01   1.2102380010e+00  -1.2105874088e+00
   6.2303292865e-02   6.2038733834e-02   6.8171240220e-01   1.3572506170e+00  -1.1348513878e+00
   6.2815722043e-02   6.2567851895e-02   5.8265029674e-01   1.4689821273e+00  -1.0460873720e+00
   6.3302702532e-02   6.3063592191e-02   4.8354696568e-01   1.5513658523e+00  -9.4677474424e-01
   6.3777852871e-02   6.3541812872e-02   3.8473356662e-01   1.6067917548e+00  -8.3853597669e-01
   6.4251744084e-02   6.4013892869e-02   2.8596540030e-01   1.6361154506e+00  -7.2169623802e-01
   6.4734348771e-02   6.4489595299e-02   1.8694816290e-01   1.6382648311e+00  -5.9587603727e-01
   6.5237079302e-02   6.4979102243e-02   8.7799249078e-02   1.6102457213e+00  -4.6063945834e-01
   6.5775396254e-02   6.5495056361e-02  -1.1051220432e-02   1.5470688500e+00  -3.1540063009e-01
   6.6374588031e-02   6.6055736148e-02  -1.1012101564e-01   1.4388163666e+00  -1.5702548532e-01
   6.7087137443e-02   6.6693439915e-02  -2.0964123566e-01   1.2644053518e+00   2.0156918798e-02
   6.7919362113e-02   6.7480834972e-02  -2.9773295781e-01   1.0143941536e+00   2.0239313939e-01
   6.8773728267e-02   6.8357889255e-02  -3.5601037321e-01   7.2853908442e-01   3.5367336031e-01
   6.9626516988e-02   6.9189567280e-02  -3.8290978356e-01   4.4237921308e-01   4.6095484883e-01
   7.0599198428e-02   7.0063466696e-02  -3.8230930456e-01   1.5408394827e-01   5.2641719585e-01
   7.2195619562e-02   7.1134930159e-02  -3.4121462316e-01  -1.2332589917e-01   5.0854395734e-01
   7.4130741267e-02   7.3256308964e-02  -3.0139850338e-01  -8.0681785009e-02   3.6271986743e-01
   7.5550223537e-02   7.5005173570e-02  -3.2282259416e-01   2.0469032611e-01   2.3399719358e-01
   7.6585304632e-02   7.6095273505e-02  -3.7797892914e-01   4.9262305583e-01   1.7201309950e-01
   7.7588781307e-02   7.7075335760e-02  -4.5870277831e-01   7.7491240717e-01   1.6254216157e-01
   7.8596399468e-02   7.8102226853e-02  -5.5562686909e-01   1.0117864474e+00   2.1668148617e-01
   7.9619640099e-02   7.9090572082e-02  -6.5443284995e-01   1.1620144458e+00   3.4389440999e-01
   8.0607195924e-02   8.0148708116e-02  -7.3297019578e-01   1.1994890927e+00   5.2970869311e-01
   8.1460422822e-02   8.1065683733e-02  -7.7436038314e-01   1.1404453230e+00   7.3073800555e-01
   8.2227663620e-02   8.1855161912e-02  -7.8218806741e-01   1.0203315593e+00   9.3103182554e-01
   8.2977092576e-02   8.2600165328e-02  -7.5816851560e-01   8.5279913263e-01   1.1314200829e+00
   8.3761634923e-02   8.3354019823e-02  -6.9692612414e-01   6.3969848562e-01   1.3307500795e+00
   8.4510953065e-02   8.4169250022e-02  -6.0522421958e-01   4.1729944474e-01   1.4966442544e+00
   8.5132959385e-02   8.4852656107e-02  -5.0571767288e-01   2.2950708433e-01   1.6059856139e+00
   8.5661537295e-02   8.5413262663e-02  -4.0658350732e-01   7.4476924210e-02   1.6725561867e+00
   8.6139171510e-02   8.5909811927e-02  -3.0776092407e-01  -5.7900489206e-02   1.7085001427e+00
   8.6586382698e-02   8.6368531092e-02  -2.0860279975e-01  -1.7351487524e-01   1.7192997551e+00
   8.7015643893e-02   8.6804234304e-02  -1.0960018124e-01  -2.7485501307e-01   1.7073367966e+00
   8.7435958676e-02   8.7227053481e-02  -1.0605053381e-02  -3.6427727447e-01   1.6736161971e+00
   8.7854804316e-02   8.7644863871e-02   8.8214674735e-02  -4.4330320261e-01   1.6180737330e+00
   8.8279399924e-02   8.8064744761e-02   1.8711301550e-01  -5.1350919971e-01   1.5393142098e+00
   8.8717846241e-02   8.8494055087e-02   2.8602947395e-01  -5.7610141909e-01   1.4347251713e+00
   8.9180708653e-02   8.8941637396e-02   3.8508670798e-01  -6.3252823965e-01   1.2995133545e+00
   8.9677938263e-02   8.9419779909e-02   4.8294392309e-01  -6.8396310334e-01   1.1282787059e+00
   9.0175863026e-02   8.9936096617e-02   5.7066988184e-01  -7.2886366807e-01   9.3198640290e-01
   9.0636282566e-02   9.0415629434e-02   6.4064106470e-01  -7.6676837069e-01   7.3203810216e-01
   9.1065041985e-02   9.0856935697e-02   6.9560437474e-01  -8.0141629154e-01   5.3162526709e-01
   9.1473073433e-02   9.1273148273e-02   7.3791780741e-01  -8.3544333722e-01   3.3227983536e-01
   9.1867853327e-02   9.1672998593e-02   7.6985160720e-01  -8.7142325910e-01   1.3112503632e-01
   9.2255095987e-02   9.2062708060e-02   7.9200546285e-01  -9.1040103413e-01  -6.8441416643e-02
   9.2639687899e-02   9.2447483914e-02   8.0548495571e-01  -9.5412537012e-01  -2.6818455555e-01
   9.3026192474e-02   9.2831891883e-02   8.1075347272e-01  -1.0040791716e+00  -4.6830818678e-01
   9.3419421102e-02   9.3220493064e-02   8.0801615787e-01  -1.0618406930e+00  -6.6885567304e-01
   9.3824944942e-02   9.3618349141e-02   7.9736214899e-01  -1.1287385837e+00  -8.6846467305e-01
   9.4249981537e-02   9.4031540743e-02   7.7848894023e-01  -1.2075200401e+00  -1.0687687988e+00
   9.4704944797e-02   9.4468422332e-02   7.5086412204e-01  -1.3008226764e+00  -1.2685824677e+00
   9.5207182527e-02   9.4941467263e-02   7.1285078418e-01  -1.4144304002e+00  -1.4696447114e+00
   9.5791281130e-02   9.5472897792e-02   6.6181283433e-01  -1.5564306505e+00  -1.6702242235e+00
   9.6548634897e-02   9.6109664469e-02   5.8905057561e-01  -1.7508501389e+00  -1.8717081194e+00
   9.7506286759e-02   9.6987605326e-02   4.9609249159e-01  -1.9929059765e+00  -2.0224946577e+00
   9.8635931031e-02   9.8024968193e-02   3.9689396495e-01  -2.2355114364e+00  -2.0443398886e+00
   9.9776297021e-02   9.9246893869e-02   3.1603109411e-01  -2.3876268991e+00  -1.9077671710e+00
   1.0067141151e-01   1.0030570017e-01   2.6670637439e-01  -2.4126733522e+00  -1.7029054026e+00
   1.0134783443e-01   1.0103712284e-01   2.3587454860e-01  -2.3631091559e+00  -1.5019071212e+00
   1.0194291690e-01   1.0165854601e-01   2.1094418917e-01  -2.2676230217e+00  -1.3012487128e+00
   1.0249904153e-01   1.0222728779e-01   1.8762552714e-01  -2.1345274741e+00  -1.1014144512e+00
   1.0303883910e-01   1.0277079528e-01   1.6298663323e-01  -1.9648903883e+00  -9.0088571146e-01
   1.0357887764e-01   1.0330688292e-01   1.3476782978e-01  -1.7586049039e+00  -7.0096285268e-01
   1.0413413357e-01   1.0385087237e-01   1.0023410629e-01  -1.5114567969e+00  -5.0134575984e-01
   1.0468839426e-01   1.0441739477e-01   5.8653369783e-02  -1.2339651735e+00  -3.1341059274e-01
   1.0521242233e-01   1.0495939376e-01   1.1756347920e-02  -9.4899028030e-01  -1.5126552906e-01
   1.0570759080e-01   1.0546545091e-01  -4.0183718847e-02  -6.6368908191e-01  -1.5090591726e-02
   1.0618597178e-01   1.0594973070e-01  -9.7565832678e-02  -3.7890315789e-01   9.7738998892e-02
   1.0665653097e-01   1.0642221286e-01  -1.6105006049e-01  -9.3941011631e-02   1.8915062756e-01
   1.0712688725e-01   1.0689084909e-01  -2.3132821266e-01   1.9151228712e-01   2.5976442134e-01
   1.0760444375e-01   1.0736292542e-01  -3.0876088092e-01   4.7614358082e-01   3.0912232403e-01
   1.0809739343e-01   1.0784596208e-01  -3.9457104401e-01   7.6126168248e-01   3.3647778184e-01
   1.0861033453e-01   1.0834882479e-01  -4.8853245561e-01   1.0428406627e+00   3.3984677570e-01
   1.0912898405e-01   1.0887184428e-01  -5.8736693945e-01   1.3096371914e+00   3.1838837522e-01
   1.0964273297e-01   1.0938612381e-01  -6.8612521658e-01   1.5498339318e+00   2.7441505717e-01
   1.1016166685e-01   1.0989934213e-01  -7.8499083627e-01   1.7667177959e+00   2.0957179913e-01
   1.1070032752e-01   1.1042399157e-01  -8.8402119055e-01   1.9622683100e+00   1.2394695767e-01
   1.1128081311e-01   1.1097666346e-01  -9.8310211014e-01   2.1374142053e+00   1.5812986506e-02
   1.1194855092e-01   1.1158496276e-01  -1.0827756197e+00   2.2933265929e+00  -1.2161556116e-01
   1.1278346790e-01   1.1231213907e-01  -1.1773824217e+00   2.4218580335e+00  -2.9778480595e-01
   1.1383605822e-01   1.1325479672e-01  -1.2366818046e+00   2.4920355080e+00  -4.9902802395e-01
   1.1504023313e-01   1.1441731971e-01  -1.2072242899e+00   2.4729927930e+00  -6.5869064455e-01
   1.1599815006e-01   1.1566314655e-01  -1.1065484705e+00   2.4049827556e+00  -7.0927958952e-01
   1.1658903654e-01   1.1633315358e-01  -1.0064007336e+00   2.3449228665e+00  -6.9575409942e-01
   1.1706207866e-01   1.1684491949e-01  -9.0725322785e-01   2.2900210766e+00  -6.5948308591e-01
   1.1747266696e-01   1.1727923783e-01  -8.0818792560e-01   2.2382305348e+00  -6.0957988444e-01
   1.1784340677e-01   1.1766609610e-01  -7.0917669881e-01   2.1886002862e+00  -5.5006591820e-01
   1.1818642380e-01   1.1802071744e-01  -6.1033227607e-01   2.1404954945e+00  -4.8329927163e-01
   1.1850916179e-01   1.1835213016e-01  -5.1140844600e-01   2.0932506044e+00  -4.1054593502e-01
   1.1881660486e-01   1.1866619341e-01  -4.1222427713e-01   2.0463182788e+00  -3.3262379569e-01
   1.1911236979e-01   1.1896701631e-01  -3.1333746489e-01   1.9995464154e+00  -2.5068943499e-01
   1.1939923857e-01   1.1925772327e-01  -2.1503274338e-01   1.9526906144e+00  -1.6558948896e-01
   1.1967936712e-01   1.1954075386e-01  -1.1515352424e-01   1.9043389267e+00  -7.5812520005e-02
   1.1995458138e-01   1.1981798039e-01  -1.7314122484e-02   1.8558833538e+00   1.5026764679e-02
   1.2022648196e-01   1.2009118237e-01   8.2681621620e-02   1.8048573833e+00   1.1054393856e-01
   1.2049649358e-01   1.2036178154e-01   1.8095338197e-01   1.7528319436e+00   2.0681970464e-01
   1.2076599288e-01   1.2063120562e-01   2.7969095358e-01   1.6982641559e+00   3.0574213973e-01
   1.2103632965e-01   1.2090078014e-01   3.7924169395e-01   1.6404255013e+00   4.0753568187e-01
   1.2130888913e-01   1.2117187915e-01   4.7724225158e-01   1.5801924257e+00   5.0960535568e-01
   1.2158519999e-01   1.2144589911e-01   5.7713892127e-01   1.5147847961e+00   6.1541340564e-01
   1.2186695744e-01   1.2172450087e-01   6.7517181038e-01   1.4459234417e+00   7.2085406660e-01
   1.2215617456e-01   1.2200941400e-01   7.7456855353e-01   1.3704670336e+00   8.2926555737e-01
   1.2245537571e-01   1.2230293513e-01   8.7346313069e-01   1.2885654244e+00   9.3852767891e-01
   1.2276775351e-01   1.2260781629e-01   9.7205328704e-01   1.1986575553e+00   1.0487246268e+00
   1.2311308635e-01   1.2292769073e-01   1.0756480015e+00   1.0929135178e+00   1.1657664438e+00