# time = 3.6
# Grid points = 474
# Pressure (Pa) = 101325
#             1_pos             2_posf             3_uvel             4_vvel             5_wvel
  -8.2513635882e-02  -8.2649444111e-02   1.3538228990e+00   1.1901226038e+00   1.5470801097e+00
  -8.2237543268e-02  -8.2377827654e-02   1.4715401107e+00   1.0163359125e+00   1.6891156110e+00
  -8.1932438148e-02  -8.2097258882e-02   1.5851330331e+00   8.1215671989e-01   1.8268671564e+00
  -8.1555023016e-02  -8.1767617415e-02   1.6987623289e+00   5.4447447618e-01   1.9646355826e+00
  -8.1113295421e-02  -8.1342428617e-02   1.7921390400e+00   2.1454098203e-01   2.0762873952e+00
  -8.0660290497e-02  -8.0884162226e-02   1.8412374375e+00  -1.3612737917e-01   2.1311304127e+00
  -8.0211354541e-02  -8.0436418768e-02   1.8419970261e+00  -4.8671860549e-01   2.1236186334e+00
  -7.9752292007e-02  -7.9986290314e-02   1.7944937341e+00  -8.3746614329e-01   2.0536687592e+00
  -7.9295927645e-02  -7.9518293699e-02   1.7019321710e+00  -1.1668671740e+00   1.9264722809e+00
  -7.8899484655e-02  -7.9073561590e-02   1.5885616724e+00  -1.4274503544e+00   1.7752430299e+00
  -7.8575867720e-02  -7.8725407720e-02   1.4746990136e+00  -1.6174730294e+00   1.6265020716e+00
  -7.8291277909e-02  -7.8426327720e-02   1.3614408805e+00  -1.7631141320e+00   1.4811473747e+00
  -7.8030696108e-02  -7.8156228097e-02   1.2483262043e+00  -1.8771284390e+00   1.3384187378e+00
  -7.7786222422e-02  -7.7905164119e-02   1.1349299517e+00  -1.9660278923e+00   1.1977899163e+00
  -7.7552950855e-02  -7.7667280726e-02   1.0222246453e+00  -2.0328337128e+00   1.0605276000e+00
  -7.7327535029e-02  -7.7438620985e-02   9.0846952729e-01  -2.0807499692e+00   9.2465701765e-01
  -7.7107498220e-02  -7.7216449073e-02   7.9578095199e-01  -2.1103423162e+00   7.9287675301e-01
  -7.6890855227e-02  -7.6998547366e-02   6.8284927558e-01  -2.1231289983e+00   6.6382364650e-01
  -7.6675959366e-02  -7.6783163088e-02   5.6925369297e-01  -2.1194200905e+00   5.3731925581e-01
  -7.6461322905e-02  -7.6568755645e-02   4.5609697981e-01  -2.0994076088e+00   4.1490809999e-01
  -7.6245536523e-02  -7.6353890165e-02   3.4316518127e-01  -2.0631938341e+00   2.9667543363e-01
  -7.6027201179e-02  -7.6137182880e-02   2.3041123047e-01  -2.0105916874e+00   1.8296568230e-01
  -7.5804817358e-02  -7.5917219478e-02   1.1670240781e-01  -1.9403094440e+00   7.3211469159e-02
  -7.5576745543e-02  -7.5692415238e-02   4.1934518500e-03  -1.8529732796e+00  -2.9916966583e-02
  -7.5341055430e-02  -7.5461075847e-02  -1.0946687960e-01  -1.7456440648e+00  -1.2780727631e-01
  -7.5095395988e-02  -7.5221035012e-02  -2.2228250840e-01  -1.6186284391e+00  -2.1775890909e-01
  -7.4836774356e-02  -7.4969756965e-02  -3.3556346571e-01  -1.4685845617e+00  -2.9964194983e-01
  -7.4561145317e-02  -7.4703791747e-02  -4.4855163617e-01  -1.2937547869e+00  -3.7128794371e-01
  -7.4262722478e-02  -7.4418498887e-02  -5.6183277140e-01  -1.0894241992e+00  -4.3086902575e-01
  -7.3932588882e-02  -7.4106946069e-02  -6.7492644170e-01  -8.5082145932e-01  -4.7494958789e-01
  -7.3555430197e-02  -7.3758231695e-02  -7.8824775805e-01  -5.6810346452e-01  -4.9874137751e-01
  -7.3120388867e-02  -7.3352628699e-02  -8.9757319281e-01  -2.3890530967e-01  -4.9433573683e-01
  -7.2643182673e-02  -7.2888149034e-02  -9.9115674982e-01   1.1124645494e-01  -4.5695824327e-01
  -7.2126001924e-02  -7.2398216311e-02  -1.0625087869e+00   4.6281382629e-01  -3.8792986067e-01
  -7.1522376112e-02  -7.1853787537e-02  -1.1080227154e+00   8.1518753817e-01  -2.8760168726e-01
  -7.0675075930e-02  -7.1190964687e-02  -1.1081092421e+00   1.1735962474e+00  -1.5178984476e-01
  -6.9701577611e-02  -7.0159187173e-02  -1.0308779771e+00   1.3879213765e+00  -5.6993756131e-02
  -6.8937294306e-02  -6.9243968049e-02  -9.1558171847e-01   1.4149903395e+00  -5.7106901665e-02
  -6.8380776270e-02  -6.8630620563e-02  -8.0209352737e-01   1.3680206999e+00  -1.0442980942e-01
  -6.7912992495e-02  -6.8130931978e-02  -6.8899476173e-01   1.2955289408e+00  -1.7124007725e-01
  -6.7497776479e-02  -6.7695053013e-02  -5.7576352641e-01   1.2116456021e+00  -2.4705509396e-01
  -6.7117441475e-02  -6.7300499944e-02  -4.6281339775e-01   1.1227418629e+00  -3.2572718960e-01
  -6.6761394002e-02  -6.6934383005e-02  -3.4970953912e-01   1.0312071596e+00  -4.0390444899e-01
  -6.6422469086e-02  -6.6588404998e-02  -2.3668308187e-01   9.3831397275e-01  -4.7896495644e-01
  -6.6095276052e-02  -6.6256533173e-02  -1.2358496849e-01   8.4410829863e-01  -5.4922861546e-01
  -6.5775383438e-02  -6.5934018931e-02  -1.0661024596e-02   7.4836179386e-01  -6.1317820808e-01
  -6.5458788348e-02  -6.5616747944e-02   1.0252751470e-01   6.4978430309e-01  -6.6988946318e-01
  -6.5141489423e-02  -6.5300828752e-02   2.1568699390e-01   5.4722453133e-01  -7.1808778512e-01
  -6.4819034417e-02  -6.4982150094e-02   3.2868679272e-01   4.3883779256e-01  -7.5659342630e-01
  -6.4485871097e-02  -6.4655918741e-02   4.4180728589e-01   3.2151666223e-01  -7.8411625879e-01
  -6.4134131349e-02  -6.4315823454e-02   5.5501748950e-01   1.9092391347e-01  -7.9868662385e-01
  -6.3750903085e-02  -6.3952439243e-02   6.6826387762e-01   3.9795608053e-02  -7.9722074299e-01
  -6.3309783357e-02  -6.3549366927e-02   7.8201137252e-01  -1.4742567364e-01  -7.7363810207e-01
  -6.2747731408e-02  -6.3070199787e-02   8.9421916622e-01  -4.0804794593e-01  -7.1274432296e-01
  -6.2098381281e-02  -6.2425263030e-02   9.7146489859e-01  -7.3878521992e-01  -6.0942348193e-01
  -6.1465047196e-02  -6.1771499532e-02   9.8520789358e-01  -1.0884041300e+00  -4.8650808380e-01
  -6.0860366468e-02  -6.1158594860e-02   9.3823342944e-01  -1.4386391607e+00  -3.6186919663e-01
  -6.0295944085e-02  -6.0562138076e-02   8.4363847552e-01  -1.7676634639e+00  -2.5021229712e-01
  -5.9822035463e-02  -6.0029750094e-02   7.2980128677e-01  -2.0362093612e+00  -1.6594744156e-01
  -5.9434444305e-02  -5.9614320831e-02   6.1638353914e-01  -2.2433771156e+00  -1.0658352537e-01
  -5.9090354512e-02  -5.9254567778e-02   5.0302411507e-01  -2.4137550191e+00  -6.2153636397e-02
  -5.8771285100e-02  -5.8926141246e-02   3.8959765799e-01  -2.5569243159e+00  -2.8392916482e-02
  -5.8466924650e-02  -5.8616428954e-02   2.7670707663e-01  -2.6768439999e+00  -3.0450275504e-03
  -5.8170346864e-02  -5.8317420345e-02   1.6356212759e-01  -2.7766283566e+00   1.5622631553e-02
  -5.7876104251e-02  -5.8023273383e-02   5.0366904293e-02  -2.8566953103e+00   2.8623751730e-02
  -5.7579143848e-02  -5.7728935119e-02  -6.2995303885e-02  -2.9165819946e+00   3.6808124334e-02
  -5.7274052080e-02  -5.7429352576e-02  -1.7592360347e-01  -2.9543674177e+00   4.0903511842e-02
  -5.6954055088e-02  -5.7118751583e-02  -2.8918081765e-01  -2.9669764444e+00   4.1707125123e-02
  -5.6609250577e-02  -5.6789358593e-02  -4.0248937133e-01  -2.9480731695e+00   4.0142737229e-02
  -5.6222432682e-02  -5.6429142561e-02  -5.1588362490e-01  -2.8857558259e+00   3.7703180118e-02
  -5.5754300940e-02  -5.6015722802e-02  -6.2991510485e-01  -2.7516589251e+00   3.7655041606e-02
  -5.5165395525e-02  -5.5492879078e-02  -7.3243471266e-01  -2.4950505557e+00   4.8918707030e-02
  -5.4571767404e-02  -5.4837911972e-02  -7.8807723598e-01  -2.1484571570e+00   7.9355154813e-02
  -5.4074380517e-02  -5.4305622836e-02  -7.9581118734e-01  -1.7970647987e+00   1.2402757911e-01
  -5.3631137374e-02  -5.3843138198e-02  -7.7433383639e-01  -1.4457541921e+00   1.7961952206e-01
  -5.3217971216e-02  -5.3419136549e-02  -7.3246277770e-01  -1.0955058193e+00   2.4382824012e-01
  -5.2820902789e-02  -5.3016805883e-02  -6.7442988996e-01  -7.4412244130e-01   3.1530378942e-01
  -5.2429769584e-02  -5.2624999696e-02  -6.0315280192e-01  -3.9424373937e-01   3.9179644617e-01
  -5.2035369382e-02  -5.2234539472e-02  -5.1909563648e-01  -4.2562186207e-02   4.7212431556e-01
  -5.1627389424e-02  -5.1836199291e-02  -4.2297427669e-01   3.0782185073e-01   5.5314519988e-01
  -5.1201098163e-02  -5.1418579557e-02  -3.1531398467e-01   6.5165516255e-01   6.3012635164e-01
  -5.0770115135e-02  -5.0983616770e-02  -2.0242788788e-01   9.6537527595e-01   6.9318871461e-01
  -5.0342251381e-02  -5.0556613500e-02  -8.9534555966e-02   1.2328484487e+00   7.3418160961e-01
  -4.9907516953e-02  -5.0127889263e-02   2.3693680553e-02   1.4518343645e+00   7.4733129760e-01
  -4.9454954868e-02  -4.9687144644e-02   1.3654582358e-01   1.6138089840e+00   7.2444585634e-01
  -4.8970548631e-02  -4.9222765092e-02   2.4962698881e-01   1.7068999062e+00   6.5359512529e-01
  -4.8431652432e-02  -4.8718332170e-02   3.6277269348e-01   1.7079329762e+00   5.1564233665e-01
  -4.7862981014e-02  -4.8144972694e-02   4.6505738804e-01   1.5951158724e+00   3.0576845124e-01
  -4.7344064027e-02  -4.7580989333e-02   5.4045883112e-01   1.3981456941e+00   6.4822669363e-02
  -4.6890711723e-02  -4.7107138721e-02   5.9051477770e-01   1.1608147525e+00  -1.7611598991e-01
  -4.6465473829e-02  -4.6674284724e-02   6.2248564722e-01   8.9559818094e-01  -4.1628029748e-01
  -4.6045417770e-02  -4.6256662934e-02   6.3875875156e-01   6.0490789130e-01  -6.5657996459e-01
  -4.5608242333e-02  -4.5834172606e-02   6.3821416701e-01   2.8616183141e-01  -8.9745388563e-01
  -4.5138090320e-02  -4.5382312060e-02   6.1638592198e-01  -5.6510784649e-02  -1.1302015519e+00
  -4.4624481831e-02  -4.4893868579e-02   5.6592980612e-01  -4.0835500088e-01  -1.3346556749e+00
  -4.4064791997e-02  -4.4355095083e-02   4.7819388101e-01  -7.3882553189e-01  -1.4773208686e+00
  -4.3543237737e-02  -4.3774488911e-02   3.6631451174e-01  -9.7746451635e-01  -1.5213444759e+00
  -4.3115759425e-02  -4.3311986564e-02   2.5273314687e-01  -1.1108589937e+00  -1.4841827142e+00
  -4.2744258250e-02  -4.2919532286e-02   1.3970431552e-01  -1.1765689349e+00  -1.3969907489e+00
  -4.2407491683e-02  -4.2568984215e-02   2.6315974967e-02  -1.1950806216e+00  -1.2741422587e+00
  -4.2093822026e-02  -4.2245999151e-02  -8.6575278993e-02  -1.1774719976e+00  -1.1250427677e+00
  -4.1795777803e-02  -4.1941644901e-02  -1.9990115037e-01  -1.1306880726e+00  -9.5383386149e-01
  -4.1508020139e-02  -4.1649910705e-02  -3.1283121854e-01  -1.0597205188e+00  -7.6531723788e-01
  -4.1226275853e-02  -4.1366129572e-02  -4.2630183275e-01  -9.6713623712e-01  -5.6037500432e-01
  -4.0946769879e-02  -4.1086422133e-02  -5.3929224884e-01  -8.5587540638e-01  -3.4253713819e-01
  -4.0665957372e-02  -4.0807117625e-02  -6.5223492329e-01  -7.2694527748e-01  -1.1218726816e-01
  -4.0384558683e-02  -4.0524797119e-02  -7.6325181685e-01  -5.8340375243e-01   1.2597265107e-01
  -4.0104518069e-02  -4.0244320246e-02  -8.7013060537e-01  -4.2896967946e-01   3.6633701058e-01
  -3.9822728031e-02  -3.9964715892e-02  -9.7225274115e-01  -2.6503189458e-01   6.0687799665e-01
  -3.9533589430e-02  -3.9680740170e-02  -1.0692622276e+00  -9.1742218398e-02   8.4670012167e-01
  -3.9230067418e-02  -3.9386438691e-02  -1.1614323330e+00   9.3685028496e-02   1.0875795079e+00
  -3.8901738111e-02  -3.9073696144e-02  -1.2469376079e+00   2.9288529717e-01   1.3276427848e+00
  -3.8529520221e-02  -3.8729780077e-02  -1.3239744917e+00   5.1420804496e-01   1.5690031507e+00
  -3.8064534928e-02  -3.8329260364e-02  -1.3854646731e+00   7.7598044606e-01   1.8120976872e+00
  -3.7432840063e-02  -3.7799809492e-02  -1.4006866494e+00   1.0965071126e+00   2.0237039079e+00
  -3.6755008165e-02  -3.7065870633e-02  -1.3287499135e+00   1.3909315264e+00   2.0968261328e+00
  -3.6244057629e-02  -3.6444145696e-02  -1.2125990479e+00   1.5774093980e+00   2.0463943891e+00
  -3.5882402230e-02  -3.6043969562e-02  -1.0986457869e+00   1.6914122057e+00   1.9590015247e+00
  -3.5579977727e-02  -3.5720834897e-02  -9.8525053818e-01   1.7764603378e+00   1.8580070726e+00
  -3.5311380391e-02  -3.5439120557e-02  -8.7197406786e-01   1.8448979433e+00   1.7501431780e+00
  -3.5064911508e-02  -3.5183640225e-02  -7.5876426582e-01   1.9022458438e+00   1.6386894898e+00
  -3.4833926866e-02  -3.4946182791e-02  -6.4567890550e-01   1.9515389419e+00   1.5256231169e+00
  -3.4614169932e-02  -3.4721670941e-02  -5.3273196239e-01   1.9946482426e+00   1.4122021537e+00
  -3.4402694502e-02  -3.4506668923e-02  -4.1924423712e-01   2.0330094033e+00   1.2986322017e+00
  -3.4197301104e-02  -3.4298720080e-02  -3.0600813246e-01   2.0671448116e+00   1.1863920221e+00
  -3.3996239743e-02  -3.4095882129e-02  -1.9269580094e-01   2.0977182422e+00   1.0757126234e+00
  -3.3798064677e-02  -3.3896597358e-02  -7.9705388372e-02   2.1249994152e+00   9.6745421480e-01
  -3.3601519073e-02  -3.3699531996e-02   3.3124376645e-02   2.1492730675e+00   8.6187461862e-01
  -3.3405462200e-02  -3.3503506150e-02   1.4592178590e-01   2.1706796216e+00   7.5925340580e-01
  -3.3208789906e-02  -3.3307418250e-02   2.5991982545e-01   2.1893922757e+00   6.5895249695e-01
  -3.3010390247e-02  -3.3110161563e-02   3.7279831989e-01   2.2049263319e+00   5.6345252078e-01
  -3.2809100204e-02  -3.2910618930e-02   4.8578679249e-01   2.2173020285e+00   4.7210705214e-01
  -3.2603632283e-02  -3.2707581478e-02   5.9888043061e-01   2.2261844408e+00   3.8545166488e-01
  -3.2392504215e-02  -3.2499683089e-02   7.1189869822e-01   2.2310905051e+00   3.0422062873e-01
  -3.2173930679e-02  -3.2285325342e-02   8.2499565035e-01   2.2313682178e+00   2.2901141069e-01
  -3.1945645659e-02  -3.2062536016e-02   9.3838241035e-01   2.2260665326e+00   1.6059090487e-01
  -3.1704677773e-02  -3.1828755303e-02   1.0514401013e+00   2.2138999780e+00   1.0044765075e-01
  -3.1446884373e-02  -3.1580600243e-02   1.1646649799e+00   2.1929152181e+00   4.9776420188e-02
  -3.1166058150e-02  -3.1313168503e-02   1.2778933037e+00   2.1601596803e+00   1.0777320674e-02
  -3.0852040865e-02  -3.1018947797e-02   1.3911706171e+00   2.1106765607e+00  -1.3326906530e-02
  -3.0485628614e-02  -3.0685133932e-02   1.5046124363e+00   2.0350409870e+00  -1.6905380518e-02
  -3.0018797002e-02  -3.0286123296e-02   1.6190423357e+00   1.9094469248e+00   1.2888301552e-02
  -2.9350898910e-02  -2.9751470708e-02   1.7233705492e+00   1.6726948900e+00   1.0805034965e-01
  -2.8601973503e-02  -2.8950327112e-02   1.7658324898e+00   1.3362217361e+00   2.5688832938e-01
  -2.7949903953e-02  -2.8253619894e-02   1.7414914432e+00   9.8606042468e-01   3.9740042242e-01
  -2.7368329734e-02  -2.7646188013e-02   1.6767969488e+00   6.3561248000e-01   5.1153649489e-01
  -2.6828554667e-02  -2.7090471456e-02   1.5849351800e+00   2.8605544382e-01   5.9525608356e-01
  -2.6332995567e-02  -2.6566637878e-02   1.4762955462e+00  -5.1268615401e-02   6.4667252441e-01
  -2.5895621301e-02  -2.6099353256e-02   1.3631259365e+00  -3.5691171084e-01   6.6813435474e-01
  -2.5507461216e-02  -2.5691889347e-02   1.2500053325e+00  -6.3185355532e-01   6.6700638118e-01
  -2.5152252189e-02  -2.5323033085e-02   1.1368352880e+00  -8.8394638094e-01   6.4895523251e-01
  -2.4820807104e-02  -2.4981471292e-02   1.0238918320e+00  -1.1167178630e+00   6.1763515340e-01
  -2.4507200661e-02  -2.4660142916e-02   9.1074803387e-01  -1.3334447640e+00   5.7538048742e-01
  -2.4207230588e-02  -2.4354258405e-02   7.9777990620e-01  -1.5348067243e+00   5.2405901438e-01
  -2.3917666887e-02  -2.4060202771e-02   6.8460875500e-01  -1.7222605794e+00   4.6474693616e-01
  -2.3635868787e-02  -2.3775131002e-02   5.7157078285e-01  -1.8955475435e+00   3.9848763694e-01
  -2.3359527712e-02  -2.3496606573e-02   4.5878471561e-01  -2.0545086670e+00   3.2597162768e-01
  -2.3086525498e-02  -2.3222448852e-02   3.4521738983e-01  -2.2000157435e+00   2.4678776842e-01
  -2.2814779386e-02  -2.2950602145e-02   2.3247996015e-01  -2.3291673671e+00   1.6212481817e-01
  -2.2542109928e-02  -2.2678956628e-02   1.1932157076e-01  -2.4422012399e+00   7.0892613346e-02
  -2.2266094939e-02  -2.2405263227e-02   6.0832965302e-03  -2.5366910327e+00  -2.7193010262e-02
  -2.1983860085e-02  -2.2126926650e-02  -1.0689676473e-01  -2.6096658573e+00  -1.3269179970e-01
  -2.1691747232e-02  -2.1840793521e-02  -2.1997204162e-01  -2.6574233903e+00  -2.4731968366e-01
  -2.1384704284e-02  -2.1542700944e-02  -3.3317846339e-01  -2.6738771843e+00  -3.7338882541e-01
  -2.1055123709e-02  -2.1226707624e-02  -4.4637642759e-01  -2.6494409015e+00  -5.1443264273e-01
  -2.0690123360e-02  -2.0883539795e-02  -5.5956621565e-01  -2.5676284195e+00  -6.7693920274e-01
  -2.0265064011e-02  -2.0496706924e-02  -6.7301627489e-01  -2.3943241191e+00  -8.7480401055e-01
  -1.9799696500e-02  -2.0033421097e-02  -7.7141499192e-01  -2.1078682896e+00  -1.0997521784e+00
  -1.9376547116e-02  -1.9565971902e-02  -8.3613938976e-01  -1.7599526949e+00  -1.3112428428e+00
  -1.9024723835e-02  -1.9187122329e-02  -8.7115438218e-01  -1.4078060192e+00  -1.4916071413e+00
  -1.8716516907e-02  -1.8862325341e-02  -8.8802610434e-01  -1.0565316379e+00  -1.6519151085e+00
  -1.8435962815e-02  -1.8570708473e-02  -8.9277142600e-01  -7.0580696624e-01  -1.7989867751e+00
  -1.8174158427e-02  -1.8301217156e-02  -8.8871391407e-01  -3.5385227635e-01  -1.9371553693e+00
  -1.7925356922e-02  -1.8047099697e-02  -8.7802182579e-01  -3.5430859074e-03  -2.0675395039e+00
  -1.7685442323e-02  -1.7803614147e-02  -8.6212673285e-01   3.4743277549e-01  -2.1925110533e+00
  -1.7451230677e-02  -1.7567270498e-02  -8.4203734633e-01   6.9955568137e-01  -2.3131954938e+00
  -1.7219985665e-02  -1.7335190856e-02  -8.1886685796e-01   1.0486809377e+00  -2.4289175774e+00
  -1.6989149453e-02  -1.7104780475e-02  -7.9285957199e-01   1.4013665336e+00  -2.5423138300e+00
  -1.6756098318e-02  -1.6873518432e-02  -7.6502883538e-01   1.7516945369e+00  -2.6517426026e+00
  -1.6517848470e-02  -1.6638678204e-02  -7.3574036073e-01   2.1023285708e+00  -2.7581853177e+00
  -1.6270616265e-02  -1.6397018736e-02  -7.0547991799e-01   2.4540465026e+00  -2.8617556823e+00
  -1.6009090537e-02  -1.6144213794e-02  -6.7507512799e-01   2.8046577192e+00  -2.9614217035e+00
  -1.5724707265e-02  -1.5873967280e-02  -6.4515719399e-01   3.1567038837e+00  -3.0569866449e+00
  -1.5400823827e-02  -1.5575447249e-02  -6.1717415750e-01   3.5098227953e+00  -3.1461818003e+00
  -1.4991471381e-02  -1.5226200405e-02  -5.9436950872e-01   3.8658376629e+00  -3.2231493631e+00
  -1.4226335057e-02  -1.4756742357e-02  -6.0194215698e-01   4.1897601013e+00  -3.2310453777e+00
  -1.3395641118e-02  -1.3695927757e-02  -6.7907566900e-01   4.0608507218e+00  -3.0434880230e+00
  -1.2911207222e-02  -1.3095354479e-02  -7.6110030045e-01   3.7065254159e+00  -2.8146809017e+00
  -1.2582513357e-02  -1.2727059965e-02  -8.2991915105e-01   3.3521362595e+00  -2.6077968477e+00
  -1.2313718660e-02  -1.2437966749e-02  -8.9235654309e-01   2.9998369155e+00  -2.4089662783e+00
  -1.2077881724e-02  -1.2189470572e-02  -9.5082060096e-01   2.6470194189e+00  -2.2128205207e+00
  -1.1863300639e-02  -1.1966292877e-02  -1.0056416614e+00   2.2970190121e+00  -2.0194957313e+00
  -1.1663531148e-02  -1.1760308401e-02  -1.0577497983e+00   1.9470559585e+00  -1.8265077616e+00
  -1.1474643895e-02  -1.1566753895e-02  -1.1079110421e+00   1.5933764571e+00  -1.6311817450e+00
  -1.1293890398e-02  -1.1382533895e-02  -1.1550387522e+00   1.2448448552e+00  -1.4379838633e+00
  -1.1119236678e-02  -1.1205246901e-02  -1.2002776413e+00   8.9389445345e-01  -1.2423929512e+00
  -1.0949169769e-02  -1.1033226455e-02  -1.2435408688e+00   5.4107026841e-01  -1.0443956065e+00
  -1.0782421644e-02  -1.0865113084e-02  -1.2842964891e+00   1.9073901973e-01  -8.4617992965e-01
  -1.0617905077e-02  -1.0699730204e-02  -1.3228515638e+00  -1.5981256599e-01  -6.4597432742e-01
  -1.0454662595e-02  -1.0536079950e-02  -1.3591625020e+00  -5.1090882740e-01  -4.4332123524e-01
  -1.0291792011e-02  -1.0373245240e-02  -1.3931246251e+00  -8.6271222544e-01  -2.3782413151e-01
  -1.0128403702e-02  -1.0210338782e-02  -1.4244243874e+00  -1.2133934929e+00  -3.0237274863e-02
  -9.9635819582e-03  -1.0046468621e-02  -1.4529815276e+00  -1.5639462450e+00   1.8037575039e-01
  -9.7963375572e-03  -9.8806952952e-03  -1.4785493725e+00  -1.9142506963e+00   3.9437264452e-01
  -9.6255259506e-03  -9.7119798192e-03  -1.5009785609e+00  -2.2672551474e+00   6.1415046460e-01
  -9.4497901194e-03  -9.5390720821e-03  -1.5195268348e+00  -2.6180744537e+00   8.3736590905e-01
  -9.2674859215e-03  -9.3605081566e-03  -1.5337062326e+00  -2.9660089500e+00   1.0643159211e+00
  -9.0766937581e-03  -9.1744636863e-03  -1.5430113654e+00  -3.3200647302e+00   1.3022067795e+00
  -8.8778783838e-03  -8.9789238300e-03  -1.5460027783e+00  -3.6628594696e+00   1.5408786320e+00
  -8.6720984280e-03  -8.7768329375e-03  -1.5418072976e+00  -3.9929892793e+00   1.7807397821e+00
  -8.4577732100e-03  -8.5673639185e-03  -1.5293131894e+00  -4.3056216897e+00   2.0201315504e+00
  -8.2320513213e-03  -8.3481825015e-03  -1.5066618584e+00  -4.6009409027e+00   2.2620581449e+00
  -7.9909659285e-03  -8.1159201410e-03  -1.4721110345e+00  -4.8678864908e+00   2.5014337913e+00
  -7.7284802937e-03  -7.8660117160e-03  -1.4218942067e+00  -5.1034001244e+00   2.7418366766e+00
  -7.4342141422e-03  -7.5909488714e-03  -1.3503624860e+00  -5.2939937451e+00   2.9822975943e+00
  -7.1075303315e-03  -7.2774794129e-03  -1.2525069621e+00  -5.4128855880e+00   3.2114900745e+00
  -6.7889336883e-03  -6.9375812500e-03  -1.1397798522e+00  -5.4347211879e+00   3.3944183624e+00
  -6.5065453356e-03  -6.6402861267e-03  -1.0266668423e+00  -5.3759152272e+00   3.5208000767e+00
  -6.2492375260e-03  -6.3728045445e-03  -9.1336222528e-01  -5.2601093830e+00   3.6066620934e+00
  -6.0093756714e-03  -6.1256705075e-03  -8.0008809107e-01  -5.1011415150e+00   3.6610846941e+00
  -5.7821035683e-03  -5.8930808353e-03  -6.8715550631e-01  -4.9083989439e+00   3.6898858658e+00
  -5.5640742868e-03  -5.6711263013e-03  -5.7416057009e-01  -4.6872064573e+00   3.6970465529e+00
  -5.3528278807e-03  -5.4570222723e-03  -4.6083597051e-01  -4.4410989012e+00   3.6850334802e+00
  -5.1464156379e-03  -5.2486334891e-03  -3.4749639403e-01  -4.1737671570e+00   3.6555395769e+00
  -4.9431967648e-03  -5.0441977868e-03  -2.3427291427e-01  -3.8879542201e+00   3.6098113730e+00
  -4.7417221640e-03  -4.8421957429e-03  -1.2117165216e-01  -3.5855942577e+00   3.5486338348e+00
  -4.5406398869e-03  -4.6412485850e-03  -8.1287267296e-03  -3.2679869724e+00   3.4723385369e+00
  -4.3386105296e-03  -4.4400311888e-03   1.0493691541e-01  -2.9359943823e+00   3.3808247087e+00
  -4.1349222106e-03  -4.2371898704e-03   2.1767660453e-01  -2.5914903000e+00   3.2739999797e+00
  -3.9313803222e-03  -4.0326545507e-03   3.2822869928e-01  -2.2411372565e+00   3.1533286290e+00
  -3.7291096111e-03  -3.8301060937e-03   4.3526111682e-01  -1.8903336350e+00   3.0201996536e+00
  -3.5264160318e-03  -3.6281131285e-03   5.3902797978e-01  -1.5393157979e+00   2.8740933228e+00
  -3.3212930997e-03  -3.4247189350e-03   6.3978992716e-01  -1.1878964704e+00   2.7138368807e+00
  -3.1115389917e-03  -3.2178672644e-03   7.3757794686e-01  -8.3631850334e-01   2.5378624158e+00
  -2.8945417038e-03  -3.0052107190e-03   8.3211908915e-01  -4.8561601375e-01   2.3443426120e+00
  -2.6669757438e-03  -2.7838726886e-03   9.2354519595e-01  -1.3487986542e-01   2.1292754888e+00
  -2.4325430138e-03  -2.5500787991e-03   1.0086047717e+00   2.0379534613e-01   1.8962753998e+00
  -2.2022952695e-03  -2.3150072286e-03   1.0831810608e+00   5.1358899585e-01   1.6545802371e+00
  -1.9806419231e-03  -2.0895833105e-03   1.1445857843e+00   7.8142852116e-01   1.4155904502e+00
  -1.7657631092e-03  -1.8717005358e-03   1.1949922737e+00   1.0144663168e+00   1.1756727997e+00
  -1.5562545618e-03  -1.6598256826e-03   1.2350050700e+00   1.2138397372e+00   9.3534009339e-01
  -1.3509311289e-03  -1.4526834410e-03   1.2651883167e+00   1.3807363157e+00   6.9501151473e-01
  -1.1487606062e-03  -1.2491788169e-03   1.2860749220e+00   1.5164207851e+00   4.5489969947e-01
  -9.4881427529e-04  -1.0483423955e-03   1.2981371035e+00   1.6220952202e+00   2.1505449937e-01
  -7.5022572841e-04  -8.4928615505e-04   1.3017659217e+00   1.6987928298e+00  -2.4595391712e-02
  -5.5215390380e-04  -6.5116530178e-04   1.2972586033e+00   1.7473016400e+00  -2.6420113557e-01
  -3.5374111832e-04  -4.5314250583e-04   1.2846750571e+00   1.7680629861e+00  -5.0555704198e-01
  -1.5407944913e-04  -2.5433973082e-04   1.2642958073e+00   1.7609944279e+00  -7.4552971635e-01
   4.7823323747e-05  -5.3819167446e-05   1.2361916442e+00   1.7264673598e+00  -9.8532262554e-01
   2.5310255149e-04   1.4946581494e-04   1.2003089040e+00   1.6641921878e+00  -1.2252635145e+00
   4.6311156711e-04   3.5673928804e-04   1.1565633865e+00   1.5736211241e+00  -1.4651042819e+00
   6.7953721422e-04   5.6948384618e-04   1.1046342702e+00   1.4535213594e+00  -1.7051787552e+00
   9.0460303164e-04   7.8959058226e-04   1.0438760026e+00   1.3015740852e+00  -1.9461363111e+00
   1.1413355113e-03   1.0196154810e-03   9.7410450726e-01   1.1163707352e+00  -2.1859435236e+00
   1.3941440439e-03   1.2630555417e-03   8.9397032772e-01   8.9315260691e-01  -2.4256623457e+00
   1.6702039771e-03   1.5252325462e-03   8.0098032162e-01   6.2306443863e-01  -2.6665890410e+00
   1.9739194097e-03   1.8151754081e-03   6.9474235667e-01   3.0259889488e-01  -2.9017277080e+00
   2.2883982011e-03   2.1326634113e-03   5.8345083324e-01  -4.4712724756e-02  -3.1082036685e+00
   2.5983872993e-03   2.4441329909e-03   4.7409460718e-01  -3.9658243720e-01  -3.2729697366e+00
   2.9093541441e-03   2.7526416076e-03   3.6811566719e-01  -7.4711644223e-01  -3.3953557841e+00
   3.2296758518e-03   3.0660666806e-03   2.6458076494e-01  -1.0984368164e+00  -3.4752195829e+00
   3.5701452863e-03   3.3932850230e-03   1.6335263446e-01  -1.4503682647e+00  -3.5067156857e+00
   3.9487082122e-03   3.7470055497e-03   6.4368201996e-02  -1.8022923433e+00  -3.4764603173e+00
   4.4000580066e-03   4.1504108747e-03  -3.2365446727e-02  -2.1519619325e+00  -3.3521105313e+00
   4.8600549118e-03   4.6497051386e-03  -1.0605102544e-01  -2.4169466442e+00  -3.1356909757e+00
   5.2387402989e-03   5.0704046849e-03  -1.4673872836e-01  -2.5538714875e+00  -2.8936523700e+00
   5.5540793393e-03   5.4070759128e-03  -1.6697470997e-01  -2.6066993185e+00  -2.6528587154e+00
   5.8350691370e-03   5.7010827657e-03  -1.7508953959e-01  -2.6050549116e+00  -2.4115820062e+00
   6.0944965647e-03   5.9690555083e-03  -1.7478268955e-01  -2.5623060123e+00  -2.1718697593e+00
   6.3395148938e-03   6.2199376211e-03  -1.6818485621e-01  -2.4855148145e+00  -1.9318138881e+00
   6.5746515163e-03   6.4590921664e-03  -1.5658757350e-01  -2.3789649331e+00  -1.6919607227e+00
   6.8031105905e-03   6.6902108663e-03  -1.4074841521e-01  -2.2442858555e+00  -1.4508476843e+00
   7.0273590415e-03   6.9160103147e-03  -1.2149358545e-01  -2.0847826419e+00  -1.2114521613e+00
   7.2494307645e-03   7.1387077682e-03  -9.9120067411e-02  -1.9000175203e+00  -9.7158711712e-01
   7.4711028306e-03   7.3601537608e-03  -7.3838888894e-02  -1.6892716486e+00  -7.3045870493e-01
   7.6940432150e-03   7.5820519005e-03  -4.6282407688e-02  -1.4556318101e+00  -4.9166066644e-01
   7.9199313115e-03   7.8060345296e-03  -1.6055406036e-02  -1.1936306201e+00  -2.5036675534e-01
   8.1505292266e-03   8.0338280934e-03   1.6110464685e-02  -9.0758108344e-01  -1.1585481918e-02
   8.3878263573e-03   8.2672303598e-03   5.0792546334e-02  -5.9028318496e-01   2.2936107390e-01
   8.6298954974e-03   8.5084223548e-03   8.6958566672e-02  -2.4923201551e-01   4.6548940470e-01
   8.8683956185e-03   8.7513686400e-03   1.2303842786e-01   1.0157451214e-01   6.8784144995e-01
   9.0993362491e-03   8.9854225970e-03   1.5792606779e-01   4.5099449317e-01   8.9160507813e-01
   9.3251737216e-03   9.2132499012e-03   1.9219846632e-01   8.0413218444e-01   1.0818220997e+00
   9.5480478848e-03   9.4370975419e-03   2.2522667998e-01   1.1537263452e+00   1.2563202217e+00
   9.7699025786e-03   9.6589982277e-03   2.5751298488e-01   1.5042207038e+00   1.4188726684e+00
   9.9926167777e-03   9.8808069296e-03   2.8920986893e-01   1.8567182538e+00   1.5708978469e+00
   1.0218153277e-02   1.0104426626e-02   3.1985115133e-01   2.2053442146e+00   1.7108454492e+00
   1.0448770030e-02   1.0331879929e-02   3.5024095359e-01   2.5587691345e+00   1.8428678463e+00
   1.0687222904e-02   1.0565660132e-02   3.7969997902e-01   2.9087965205e+00   1.9643987153e+00
   1.0937135533e-02   1.0808785676e-02   4.0858523972e-01   3.2594372718e+00   2.0774261532e+00
   1.1203845924e-02   1.1065485391e-02   4.3690903279e-01   3.6112770643e+00   2.1823597802e+00
   1.1495956773e-02   1.1342206458e-02   4.6438433538e-01   3.9620544618e+00   2.2786771600e+00
   1.1830033518e-02   1.1649707089e-02   4.9099122075e-01   4.3153220503e+00   2.3671757420e+00
   1.2249455172e-02   1.2010359947e-02   5.1573626979e-01   4.6705020893e+00   2.4467677487e+00
   1.2815047589e-02   1.2488550397e-02   5.3187822314e-01   4.9781405508e+00   2.5053486360e+00
   1.3468041974e-02   1.3141544781e-02   5.2303866748e-01   5.0751254005e+00   2.5141047573e+00
   1.4129402674e-02   1.3794539166e-02   4.7963347553e-01   4.8765412740e+00   2.4660850522e+00
   1.4668927136e-02   1.4464266183e-02   4.1821930574e-01   4.5110446912e+00   2.3907821152e+00
   1.5039149143e-02   1.4873588090e-02   3.6185345683e-01   4.1576133377e+00   2.3205286610e+00
   1.5349885676e-02   1.5204710195e-02   3.0638435310e-01   3.8057231988e+00   2.2506735430e+00
   1.5627667419e-02   1.5495061157e-02   2.5098776991e-01   3.4533957319e+00   2.1799267653e+00
   1.5884583627e-02   1.5760273680e-02   1.9588164789e-01   3.1030340615e+00   2.1082355498e+00
   1.6127523617e-02   1.6008893574e-02   1.4072390195e-01   2.7526455411e+00   2.0348005280e+00
   1.6360908715e-02   1.6246153660e-02   8.5270125842e-02   2.4004411170e+00   1.9588739903e+00
   1.6587947641e-02   1.6475663770e-02   3.0273799013e-02   2.0506871116e+00   1.8810461556e+00
   1.6811159591e-02   1.6700231513e-02  -2.4951781627e-02   1.6982491790e+00   1.7998290491e+00
   1.7032664406e-02   1.6922087669e-02  -7.9342297811e-02   1.3489192436e+00   1.7161964422e+00
   1.7254413892e-02   1.7143241144e-02  -1.3357509353e-01   9.9704604640e-01   1.6283912326e+00
   1.7478328309e-02   1.7365586640e-02  -1.8684914242e-01   6.4610980849e-01   1.5367720385e+00
   1.7706448442e-02   1.7591069978e-02  -2.3891247800e-01   2.9558835900e-01   1.4406490702e+00
   1.7941098522e-02   1.7821826907e-02  -2.8935063097e-01  -5.4652222872e-02   1.3392935487e+00
   1.8185161475e-02   1.8060370138e-02  -3.3783540203e-01  -4.0664139507e-01   1.2311293834e+00
   1.8442446122e-02   1.8309952812e-02  -3.8320071764e-01  -7.5828614172e-01   1.1154721992e+00
   1.8718298984e-02   1.8574939432e-02  -4.2408358381e-01  -1.1086495616e+00   9.9088041458e-01
   1.9021080692e-02   1.8861658536e-02  -4.5870431322e-01  -1.4596850343e+00   8.5389267228e-01
   1.9365749526e-02   1.9180502849e-02  -4.8341147904e-01  -1.8118897905e+00   6.9931530667e-01
   1.9785348199e-02   1.9550996203e-02  -4.9015568997e-01  -2.1656205785e+00   5.1642485703e-01
   2.0322439627e-02   2.0019700195e-02  -4.5971510509e-01  -2.4930682945e+00   2.9641998209e-01
   2.0924991886e-02   2.0625179060e-02  -3.7534171523e-01  -2.7000442459e+00   7.3726772942e-02
   2.1453114017e-02   2.1224804712e-02  -2.6210294387e-01  -2.7501111615e+00  -9.5525610025e-02
   2.1878587854e-02   2.1681423321e-02  -1.4846412046e-01  -2.7087339084e+00  -2.1228453648e-01
   2.2258247456e-02   2.2075752387e-02  -3.5145115809e-02  -2.6196554397e+00  -3.0170951187e-01
   2.2617443737e-02   2.2440742524e-02   7.8392364306e-02  -2.4974006479e+00  -3.7428503490e-01
   2.2971887951e-02   2.2794144949e-02   1.9143141748e-01  -2.3486331451e+00  -4.3493766005e-01
   2.3335855613e-02   2.3149630953e-02   3.0483498711e-01  -2.1730622336e+00  -4.8766602194e-01
   2.3728448298e-02   2.3522080273e-02   4.1835081560e-01  -1.9665109906e+00  -5.3524371625e-01
   2.4189655348e-02   2.3934816323e-02   5.3265867640e-01  -1.7118196306e+00  -5.8170166991e-01
   2.4763816814e-02   2.4444494374e-02   6.3463205700e-01  -1.3941740753e+00  -6.3018129313e-01
   2.5432798286e-02   2.5083139254e-02   6.8391297415e-01  -1.0437571694e+00  -6.8033053392e-01
   2.6149161562e-02   2.5782457317e-02   6.4240510851e-01  -7.1318433062e-01  -7.3119646047e-01
   2.6753195532e-02   2.6515865806e-02   5.3419300489e-01  -4.7807582806e-01  -7.7181939477e-01
   2.7175877601e-02   2.6990525258e-02   4.1981727992e-01  -3.4065549428e-01  -7.9702713615e-01
   2.7522490419e-02   2.7361229943e-02   3.0626005904e-01  -2.4479589586e-01  -8.1399733129e-01
   2.7831429849e-02   2.7683750895e-02   1.9295976981e-01  -1.7195125438e-01  -8.2508258973e-01
   2.8118713068e-02   2.7979108802e-02   7.9562584533e-02  -1.1459392806e-01  -8.3100913065e-01
   2.8393401278e-02   2.8258317334e-02  -3.3607489769e-02  -6.9136870768e-02  -8.3189837221e-01
   2.8661715611e-02   2.8528485221e-02  -1.4659832795e-01  -3.3390320391e-02  -8.2761055268e-01
   2.8928678989e-02   2.8794946001e-02  -2.5991044468e-01  -6.0739826107e-03  -8.1767449245e-01
   2.9199080767e-02   2.9062411977e-02  -3.7292654259e-01   1.3167467229e-02  -8.0143298932e-01
   2.9478327411e-02   2.9335749556e-02  -4.8633895916e-01   2.4353331760e-02  -7.7766214622e-01
   2.9773574993e-02   2.9620905266e-02  -5.9950114807e-01   2.6632975782e-02  -7.4474352829e-01
   3.0096145417e-02   2.9926244720e-02  -7.1301274238e-01   1.8112873035e-02  -6.9953228210e-01
   3.0468455498e-02   3.0266046113e-02  -8.2666110868e-01  -5.6602581225e-03  -6.3617820932e-01
   3.0961017654e-02   3.0670864882e-02  -9.4242116555e-01  -5.9446915258e-02  -5.3606026100e-01
   3.1735622017e-02   3.1251170426e-02  -1.0292908843e+00  -1.9006086146e-01  -3.5567094073e-01
   3.2607023604e-02   3.2220073608e-02  -9.8978937691e-01  -3.8415663961e-01  -1.5358904900e-01
   3.3218045338e-02   3.2993973600e-02  -8.7346937212e-01  -5.3745143002e-01  -3.7076050245e-02
   3.3620121727e-02   3.3442117077e-02  -7.5935532576e-01  -6.3865302537e-01   1.6924260133e-02
   3.3953345364e-02   3.3798126377e-02  -6.4568482644e-01  -7.1887594406e-01   4.4331860885e-02
   3.4250227743e-02   3.4108564352e-02  -5.3257813858e-01  -7.8487787614e-01   5.3681357647e-02
   3.4524775558e-02   3.4391891134e-02  -4.1924140211e-01  -8.3991922470e-01   4.8798397154e-02
   3.4784758104e-02   3.4657659981e-02  -3.0623628789e-01  -8.8504081846e-01   3.1708258224e-02
   3.5035223799e-02   3.4911856226e-02  -1.9294786150e-01  -9.2109552993e-01   3.5098747804e-03
   3.5279826645e-02   3.5158591373e-02  -7.9740534361e-02  -9.4808989219e-01  -3.5039945584e-02
   3.5521513411e-02   3.5401061916e-02   3.3335581876e-02  -9.6587307556e-01  -8.3492271792e-02
   3.5762881823e-02   3.5641964905e-02   1.4638334471e-01  -9.7402114138e-01  -1.4170693958e-01
   3.6006458197e-02   3.5883798741e-02   2.5952052856e-01  -9.7175096583e-01  -2.0980715370e-01
   3.6254954212e-02   3.6129117653e-02   3.7275052274e-01  -9.5785974441e-01  -2.8809047488e-01
   3.6511553964e-02   3.6380790770e-02   4.8582838121e-01  -9.3069974552e-01  -3.7688818443e-01
   3.6780373436e-02   3.6642317158e-02   5.9905802329e-01  -8.8770969245e-01  -4.7729349686e-01
   3.7067278412e-02   3.6918429713e-02   7.1226698926e-01  -8.2513737360e-01  -5.9054659873e-01
   3.7381647218e-02   3.7216127111e-02   8.2557548047e-01  -7.3664209183e-01  -7.1909756575e-01
   3.7741102640e-02   3.7547167325e-02   9.3900344420e-01  -6.1048618782e-01  -8.6731642644e-01
   3.8190847797e-02   3.7935037954e-02   1.0537123422e+00  -4.1598705928e-01  -1.0475226884e+00
   3.8757200925e-02   3.8446657640e-02   1.1502831176e+00  -1.2224820247e-01  -1.2501990340e+00
   3.9347529115e-02   3.9067744210e-02   1.1925239119e+00   2.2835394843e-01  -1.4167113052e+00
   3.9896255547e-02   3.9627314020e-02   1.1761281753e+00   5.7943240299e-01  -1.5150240726e+00
   4.0439098598e-02   4.0165197073e-02   1.1097919914e+00   9.3040569335e-01  -1.5493905539e+00
   4.0951788184e-02   4.0713000122e-02   1.0069493776e+00   1.2463793304e+00  -1.5220621809e+00
   4.1388191583e-02   4.1190576246e-02   8.9306705007e-01   1.4898016956e+00  -1.4531062250e+00
   4.1763146141e-02   4.1585806920e-02   7.7979055913e-01   1.6707724701e+00  -1.3621977752e+00
   4.2106637692e-02   4.1940485363e-02   6.6647907559e-01   1.8083124223e+00  -1.2556514561e+00
   4.2433070475e-02   4.2272790021e-02   5.5312014698e-01   1.9097254329e+00  -1.1364433394e+00
   4.2751573272e-02   4.2593350930e-02   4.4009259598e-01   1.9779535350e+00  -1.0065209240e+00
   4.3069232052e-02   4.2909795615e-02   3.2711653400e-01   2.0140499847e+00  -8.6627451664e-01
   4.3392731648e-02   4.3228668490e-02   2.1385531359e-01   2.0166950210e+00  -7.1524860078e-01
   4.3729722001e-02   4.3556794807e-02   1.0044319219e-01   1.9822028348e+00  -5.5291993225e-01
   4.4090566645e-02   4.3902649195e-02  -1.2627877918e-02   1.9044316692e+00  -3.7858527198e-01
   4.4492216905e-02   4.4278484095e-02  -1.2595023734e-01   1.7711727091e+00  -1.8848270367e-01
   4.4969853059e-02   4.4705949714e-02  -2.3978841666e-01   1.5564730136e+00   2.4194776520e-02
   4.5527709938e-02   4.5233756405e-02  -3.4055473970e-01   1.2487100716e+00   2.4293848647e-01
   4.6100408698e-02   4.5821663472e-02  -4.0721815420e-01   8.9682380889e-01   4.2452474869e-01
   4.6672050073e-02   4.6379153924e-02  -4.3798968386e-01   5.4456260857e-01   5.5329798856e-01
   4.7324057940e-02   4.6964946221e-02  -4.3730531129e-01   1.8967299683e-01   6.3187446067e-01
   4.8394171028e-02   4.7683169659e-02  -3.9030112105e-01  -1.5181634663e-01   6.1042084536e-01
   4.9691321899e-02   4.9105172397e-02  -3.4475612221e-01  -9.9321242192e-02   4.3538427483e-01
   5.0642829320e-02   5.0277471400e-02  -3.6925882370e-01   2.5196995602e-01   2.8087512989e-01
   5.1336664927e-02   5.1008187239e-02  -4.3234648898e-01   6.0641293481e-01   2.0647420570e-01
   5.2009315457e-02   5.1665142615e-02  -5.2467987749e-01   9.5390870492e-01   1.9510632366e-01
   5.2684742110e-02   5.2353488300e-02  -6.3554467506e-01   1.2454983297e+00   2.6009157991e-01
   5.3370640817e-02   5.3015995919e-02  -7.4856331138e-01   1.4304271364e+00   4.1278897330e-01
   5.4032619283e-02   5.3725285714e-02  -8.3839912459e-01   1.4765573697e+00   6.3582696201e-01
   5.4604554376e-02   5.4339952852e-02  -8.8574523936e-01   1.4038743017e+00   8.7712771575e-01
   5.5118851263e-02   5.4869155901e-02  -8.9470155330e-01   1.2560147024e+00   1.1175454206e+00
   5.5621208515e-02   5.5368546625e-02  -8.6722998018e-01   1.0497832552e+00   1.3580762553e+00
   5.6147102977e-02   5.5873870405e-02  -7.9718165813e-01   7.8745787866e-01   1.5973365549e+00
   5.6649385949e-02   5.6420335550e-02  -6.9229221916e-01   5.1368649132e-01   1.7964627683e+00
   5.7066329254e-02   5.6878436348e-02  -5.7847474387e-01   2.8251583339e-01   1.9277071622e+00
   5.7420645623e-02   5.7254222161e-02  -4.6508259485e-01   9.1675287780e-02   2.0076127142e+00
   5.7740813412e-02   5.7587069086e-02  -3.5204640879e-01  -7.1279833322e-02   2.0507563758e+00
   5.8040588036e-02   5.7894557738e-02  -2.3862606921e-01  -2.1359973903e-01   2.0637186534e+00
   5.8328330420e-02   5.8186618335e-02  -1.2538329472e-01  -3.3834810658e-01   2.0493584541e+00
   5.8610075845e-02   5.8470042505e-02  -1.2148804152e-02  -4.4842561427e-01   2.0088820215e+00
   5.8890836474e-02   5.8750109185e-02   1.0088533189e-01  -5.4570527236e-01   1.9422122707e+00
   5.9175451421e-02   5.9031563762e-02   2.1400966651e-01  -6.3212761737e-01   1.8476745166e+00
   5.9469350777e-02   5.9319339080e-02   3.2715502019e-01  -7.0917741204e-01   1.7221329684e+00
   5.9779616729e-02   5.9619362474e-02   4.4046173052e-01  -7.7863759239e-01   1.5598341596e+00
   6.0112919705e-02   5.9939870985e-02   5.5239618490e-01  -8.4195265737e-01   1.3542962924e+00
   6.0446688655e-02   6.0285968424e-02   6.5274236785e-01  -8.9722406919e-01   1.1186812119e+00
   6.0755317102e-02   6.0607408885e-02   7.3277997958e-01  -9.4388373006e-01   8.7867790762e-01
   6.1042723136e-02   6.0903225319e-02   7.9565098753e-01  -9.8653441000e-01   6.3811714882e-01
   6.1316234795e-02   6.1182220952e-02   8.4405253342e-01  -1.0284208795e+00   3.9883773866e-01
   6.1580863671e-02   6.1450248637e-02   8.8058142819e-01  -1.0727113898e+00   1.5738660351e-01
   6.1840440189e-02   6.1711478705e-02   9.0592358162e-01  -1.1206923021e+00  -8.2157904443e-02
   6.2098239857e-02   6.1969401673e-02   9.2134360922e-01  -1.1745162539e+00  -3.2191440277e-01
   6.2357321621e-02   6.2227078041e-02   9.2737154465e-01  -1.2360086872e+00  -5.6212752715e-01
   6.2620910654e-02   6.2487565202e-02   9.2424203038e-01  -1.3071124213e+00  -8.0284932622e-01
   6.2892741413e-02   6.2754256106e-02   9.1205700444e-01  -1.3894630159e+00  -1.0424445481e+00
   6.3177651963e-02   6.3031226720e-02   8.9047044593e-01  -1.4864422505e+00  -1.2828740488e+00
   6.3482622956e-02   6.3324077206e-02   8.5887333437e-01  -1.6012970157e+00  -1.5227147359e+00
   6.3819282975e-02   6.3641168706e-02   8.1539328310e-01  -1.7411472699e+00  -1.7640539857e+00
   6.4210815977e-02   6.3997397243e-02   7.5701495150e-01  -1.9159486152e+00  -2.0048136319e+00
   6.4718485389e-02   6.4424234711e-02   6.7378712297e-01  -2.1552778236e+00  -2.2466585408e+00
   6.5360418629e-02   6.5012736067e-02   5.6745767938e-01  -2.4532472649e+00  -2.4276499368e+00
   6.6117641830e-02   6.5708101192e-02   4.5398892496e-01  -2.7518935353e+00  -2.4538699543e+00
   6.6882052012e-02   6.6527182467e-02   3.6149232840e-01  -2.9391473729e+00  -2.2899374598e+00
   6.7482065197e-02   6.7236921557e-02   3.0507054783e-01  -2.9699800323e+00  -2.0440364976e+00
   6.7935485040e-02   6.7727208836e-02   2.6980222572e-01  -2.9089673653e+00  -1.8027732668e+00
   6.8334380751e-02   6.8143761244e-02   2.4128454518e-01  -2.7914250668e+00  -1.5619181236e+00
   6.8707162239e-02   6.8525000258e-02   2.1461064116e-01  -2.6275858245e+00  -1.3220522995e+00
   6.9068999368e-02   6.8889324220e-02   1.8642682965e-01  -2.4187642068e+00  -1.0813529232e+00
   6.9430998030e-02   6.9248674516e-02   1.5414841042e-01  -2.1648286817e+00  -8.4138082546e-01
   6.9803197207e-02   6.9613321545e-02   1.1464698900e-01  -1.8605915861e+00  -6.0177575191e-01
   7.0174729262e-02   6.9993072869e-02   6.7085207727e-02  -1.5190018543e+00  -3.7619275386e-01
   7.0525995781e-02   7.0356385656e-02   1.3442732225e-02  -1.1682002608e+00  -1.8156619207e-01
   7.0857917133e-02   7.0695605907e-02  -4.5967938072e-02  -8.1699697821e-01  -1.8112143395e-02
   7.1178585490e-02   7.1020228360e-02  -1.1160322888e-01  -4.6642799202e-01   1.1731998276e-01
   7.1494010753e-02   7.1336942620e-02  -1.8421816610e-01  -1.1564208195e-01   2.2704367730e-01
   7.1809299996e-02   7.1651078886e-02  -2.6460407512e-01   2.3574842357e-01   3.1180329957e-01
   7.2129415687e-02   7.1967521107e-02  -3.5317341985e-01   5.8612703495e-01   3.7104903932e-01
   7.2459849743e-02   7.2291310268e-02  -4.5132507869e-01   9.3710488551e-01   4.0388479981e-01
   7.2803684445e-02   7.2628389218e-02  -5.5880026868e-01   1.2837260881e+00   4.0792912007e-01
   7.3151345610e-02   7.2978979671e-02  -6.7184933984e-01   1.6121502025e+00   3.8217259842e-01
   7.3495721812e-02   7.3323711550e-02  -7.8481119917e-01   1.9078301950e+00   3.2939092786e-01
   7.3843573592e-02   7.3667732074e-02  -8.9789579248e-01   2.1748122285e+00   2.5155861055e-01
   7.4204648636e-02   7.4019415111e-02  -1.0111687553e+00   2.4155330855e+00   1.4878170031e-01
   7.4593759769e-02   7.4389882162e-02  -1.1244994735e+00   2.6311360317e+00   1.8986579681e-02
   7.5041357804e-02   7.4797637377e-02  -1.2385078653e+00   2.8230627042e+00  -1.4597148130e-01
   7.5601019392e-02   7.5285078231e-02  -1.3467205531e+00   2.9812837121e+00  -3.5743092644e-01
   7.6306591785e-02   7.5916960553e-02  -1.4145472831e+00   3.0676716510e+00  -5.9898749883e-01
   7.7113774368e-02   7.6696223017e-02  -1.3808511528e+00   3.0442306444e+00  -7.9063458906e-01
   7.7755885291e-02   7.7531325718e-02  -1.2656939186e+00   2.9605114768e+00  -8.5135854843e-01
   7.8151968338e-02   7.7980444864e-02  -1.1511412874e+00   2.8865787808e+00  -8.3512443407e-01
   7.8469057958e-02   7.8323491811e-02  -1.0377329458e+00   2.8189956268e+00  -7.9158832574e-01
   7.8744283528e-02   7.8614624104e-02  -9.2441874190e-01   2.7552423756e+00  -7.3168918216e-01
   7.8992797851e-02   7.8873942951e-02  -8.1116646950e-01   2.6941484147e+00  -6.6025401200e-01
   7.9222729044e-02   7.9111652750e-02  -6.9810505384e-01   2.6349322681e+00  -5.8011327798e-01
   7.9439066785e-02   7.9333805338e-02  -5.8495286032e-01   2.5767746455e+00  -4.9278657965e-01
   7.9645152040e-02   7.9544328232e-02  -4.7150292772e-01   2.5190017808e+00  -3.9925564743e-01
   7.9843409200e-02   7.9745975848e-02  -3.5839316123e-01   2.4614264357e+00  -3.0090874790e-01
   8.0035703093e-02   7.9940842553e-02  -2.4594924505e-01   2.4037477552e+00  -1.9876211534e-01
   8.0223478880e-02   8.0130563633e-02  -1.3170440721e-01   2.3442276509e+00  -9.1001553424e-02
   8.0407960512e-02   8.0316394128e-02  -1.9792808144e-02   2.2845796498e+00   1.8034150849e-02
   8.0590220920e-02   8.0499526897e-02   9.4585243839e-02   2.2217675130e+00   1.3268482049e-01
   8.0771215123e-02   8.0680914944e-02   2.0699131783e-01   2.1577250241e+00   2.4824606437e-01
   8.0951865906e-02   8.0861515302e-02   3.1993016451e-01   2.0905529209e+00   3.6698416770e-01
   8.1133078060e-02   8.1042216510e-02   4.3379909901e-01   2.0193544033e+00   4.8916852669e-01
   8.1315780147e-02   8.1223939611e-02   5.4589485196e-01   1.9452083595e+00   6.1168435166e-01
   8.1500996856e-02   8.1407620682e-02   6.6015938780e-01   1.8646924809e+00   7.3868742882e-01
   8.1689864519e-02   8.1594373030e-02   7.7229203515e-01   1.7799250792e+00   8.6524954348e-01
   8.1883732558e-02   8.1785356008e-02   8.8598464470e-01   1.6870392153e+00   9.9537761354e-01
   8.2084293084e-02   8.1982109107e-02   9.9910280629e-01   1.5862193480e+00   1.1265267311e+00
   8.2293686185e-02   8.2186477060e-02   1.1118726982e+00   1.4755438258e+00   1.2587979588e+00
   8.2525169710e-02   8.2400895309e-02   1.2303668447e+00   1.3453741092e+00   1.3992852238e+00