# time = 2.9
# Grid points = 474
# Pressure (Pa) = 101325
#             1_pos             2_posf             3_uvel             4_vvel             5_wvel
  -1.1709242300e-01  -1.1728514405e-01   1.1997932277e+00   9.9216738160e-01   1.3174792817e+00
  -1.1670062893e-01  -1.1689970195e-01   1.3041184576e+00   8.4728603191e-01   1.4384351045e+00
  -1.1626766415e-01  -1.1650155591e-01   1.4047887449e+00   6.7706733188e-01   1.5557427214e+00
  -1.1573208659e-01  -1.1603377240e-01   1.5054915226e+00   4.5390794676e-01   1.6730646530e+00
  -1.1510524529e-01  -1.1543040077e-01   1.5882460911e+00   1.7885152323e-01   1.7681458904e+00
  -1.1446240070e-01  -1.1478008981e-01   1.6317599500e+00  -1.1349084562e-01   1.8148493323e+00
  -1.1382533026e-01  -1.1414471160e-01   1.6324344788e+00  -4.0576877562e-01   1.8084520832e+00
  -1.1317388951e-01  -1.1350594892e-01   1.5903369671e+00  -6.9817688473e-01   1.7488832079e+00
  -1.1252627766e-01  -1.1284183011e-01   1.5083073579e+00  -9.7278889341e-01   1.6405637413e+00
  -1.1196369828e-01  -1.1221072520e-01   1.4078359744e+00  -1.1900293601e+00   1.5117782703e+00
  -1.1150446398e-01  -1.1171667135e-01   1.3069281589e+00  -1.3484455388e+00   1.3851118563e+00
  -1.1110061182e-01  -1.1129225662e-01   1.2065559299e+00  -1.4698620639e+00   1.2613291774e+00
  -1.1073082864e-01  -1.1090896701e-01   1.1063107245e+00  -1.5649122284e+00   1.1397828423e+00
  -1.1038390397e-01  -1.1055269027e-01   1.0058158916e+00  -1.6390248514e+00   1.0200247007e+00
  -1.1005287586e-01  -1.1021511767e-01   9.0593332257e-01  -1.6947186417e+00   9.0313344899e-01
  -1.0973299557e-01  -1.0989063405e-01   8.0512031926e-01  -1.7346647348e+00   7.8742738857e-01
  -1.0942074848e-01  -1.0957535710e-01   7.0525246159e-01  -1.7593347069e+00   6.7520460458e-01
  -1.0911331744e-01  -1.0926613986e-01   6.0516911127e-01  -1.7699942713e+00   5.6530424163e-01
  -1.0880836569e-01  -1.0896049502e-01   5.0449734146e-01  -1.7669019271e+00   4.5757433813e-01
  -1.0850378206e-01  -1.0865623637e-01   4.0421446716e-01  -1.7502177555e+00   3.5333018952e-01
  -1.0819756660e-01  -1.0835132774e-01   3.0413087768e-01  -1.7200270243e+00   2.5264439592e-01
  -1.0788773400e-01  -1.0804380547e-01   2.0420486264e-01  -1.6761737705e+00   1.5581026480e-01
  -1.0757215634e-01  -1.0773166254e-01   1.0343257157e-01  -1.6175811160e+00   6.2344620998e-02
  -1.0724850703e-01  -1.0741265014e-01   3.7236014964e-03  -1.5447710918e+00  -2.5478587841e-02
  -1.0691404684e-01  -1.0708436392e-01  -9.7005792036e-02  -1.4552934213e+00  -1.0884107603e-01
  -1.0656543950e-01  -1.0674372976e-01  -1.9698662158e-01  -1.3494037465e+00  -1.8544308363e-01
  -1.0619843793e-01  -1.0638714923e-01  -2.9737987908e-01  -1.2243160644e+00  -2.5517398165e-01
  -1.0580730171e-01  -1.0600972663e-01  -3.9751369936e-01  -1.0785650772e+00  -3.1618714067e-01
  -1.0538381954e-01  -1.0560487678e-01  -4.9790719656e-01  -9.0822008963e-01  -3.6692597770e-01
  -1.0491533767e-01  -1.0516276229e-01  -5.9813460117e-01  -7.0930337081e-01  -4.0446477366e-01
  -1.0438012402e-01  -1.0466791304e-01  -6.9856380428e-01  -4.7360900010e-01  -4.2472591850e-01
  -1.0376277098e-01  -1.0409233499e-01  -7.9545178107e-01  -1.9916543277e-01  -4.2097449155e-01
  -1.0308558316e-01  -1.0343320697e-01  -8.7838883151e-01   9.2746530823e-02  -3.8914462012e-01
  -1.0235166874e-01  -1.0273795934e-01  -9.4162361697e-01   3.8583858681e-01  -3.3036119617e-01
  -1.0149508294e-01  -1.0196537814e-01  -9.8195989663e-01   6.7960279251e-01  -2.4492318825e-01
  -1.0029270675e-01  -1.0102478774e-01  -9.8203718983e-01   9.7839805577e-01  -1.2926754489e-01
  -9.8911246874e-02  -9.9560625753e-02  -9.1359337374e-01   1.1570745932e+00  -4.8539961266e-02
  -9.7826677237e-02  -9.8261867994e-02  -8.1141532396e-01   1.1796407549e+00  -4.8635586105e-02
  -9.7036940553e-02  -9.7391486481e-02  -7.1083961548e-01   1.1404830043e+00  -8.8934408614e-02
  -9.6373123778e-02  -9.6682394625e-02  -6.1060904114e-01   1.0800481726e+00  -1.4582839748e-01
  -9.5783904203e-02  -9.6063852931e-02  -5.1026107840e-01   1.0101164962e+00  -2.1039070368e-01
  -9.5244183141e-02  -9.5503955475e-02  -4.1016223603e-01   9.3599945327e-01  -2.7738606139e-01
  -9.4738927727e-02  -9.4984410808e-02  -3.0992714106e-01   8.5968905041e-01  -3.4396002566e-01
  -9.4257970377e-02  -9.4493444646e-02  -2.0976061644e-01   7.8224612176e-01  -4.0787981315e-01
  -9.3793661361e-02  -9.4022496109e-02  -1.0953055393e-01   7.0370901417e-01  -4.6771467830e-01
  -9.3339712132e-02  -9.3564826613e-02  -9.4547995731e-03   6.2388736673e-01  -5.2217258306e-01
  -9.2890442315e-02  -9.3114597652e-02   9.0855500857e-02   5.4170561277e-01  -5.7046643077e-01
  -9.2440173707e-02  -9.2666286979e-02   1.9114011562e-01   4.5620395287e-01  -6.1151079807e-01
  -9.1982588273e-02  -9.2214060436e-02   2.9128330069e-01   3.6584452647e-01  -6.4430103242e-01
  -9.1509807017e-02  -9.1751116110e-02   3.9153355089e-01   2.6803676236e-01  -6.6773848176e-01
  -9.1010664554e-02  -9.1268497925e-02   4.9186343707e-01   1.5916484004e-01  -6.8014581900e-01
  -9.0466837761e-02  -9.0752831183e-02   5.9222557140e-01   3.3173024282e-02  -6.7889695261e-01
  -8.9840859070e-02  -9.0180844339e-02   6.9303207826e-01  -1.2290845857e-01  -6.5881382130e-01
  -8.9043269389e-02  -8.9500873801e-02   7.9247459027e-01  -3.4018221469e-01  -6.0695717201e-01
  -8.8121797696e-02  -8.8585664978e-02   8.6093347190e-01  -6.1590866998e-01  -5.1897056228e-01
  -8.7223053849e-02  -8.7657930414e-02   8.7311498316e-01  -9.0737593443e-01  -4.1429793059e-01
  -8.6364971050e-02  -8.6788177283e-02   8.3148731809e-01  -1.1993565963e+00  -3.0815797222e-01
  -8.5564017563e-02  -8.5941764817e-02   7.4765713028e-01  -1.4736543007e+00  -2.1307354677e-01
  -8.4891509216e-02  -8.5186270309e-02   6.4677362690e-01  -1.6975328298e+00  -1.4131582847e-01
  -8.4341491181e-02  -8.4596748123e-02   5.4626144270e-01  -1.8702421749e+00  -9.0763309947e-02
  -8.3853204523e-02  -8.4086234239e-02   4.4580070692e-01  -2.0122808838e+00  -5.2928346197e-02
  -8.3400423475e-02  -8.3620174806e-02   3.4528039032e-01  -2.1316365623e+00  -2.4179058838e-02
  -8.2968515436e-02  -8.3180672143e-02   2.4523483401e-01  -2.2316097110e+00  -2.5939848118e-03
  -8.2547651525e-02  -8.2756358730e-02   1.4496372947e-01  -2.3147966161e+00   1.3302324874e-02
  -8.2130101381e-02  -8.2338944321e-02   4.4647956824e-02  -2.3815456892e+00   2.4373114817e-02
  -8.1708694510e-02  -8.1921258442e-02  -5.5815912221e-02  -2.4314710505e+00   3.1342054143e-02
  -8.1275748683e-02  -8.1496130578e-02  -1.5589535551e-01  -2.4629712254e+00   3.4828899816e-02
  -8.0821651336e-02  -8.1055366788e-02  -2.5626641175e-01  -2.4734825576e+00   3.5512542794e-02
  -8.0332350444e-02  -8.0587935884e-02  -3.5668310743e-01  -2.4577229835e+00   3.4179661936e-02
  -7.9783429721e-02  -8.0076765004e-02  -4.5717593224e-01  -2.4057703375e+00   3.2101541455e-02
  -7.9119119158e-02  -7.9490094439e-02  -5.5823375558e-01  -2.2939771141e+00   3.2059981742e-02
  -7.8283422595e-02  -7.8748143878e-02  -6.4908992032e-01  -2.0800496041e+00   4.1651570003e-02
  -7.7441024193e-02  -7.7818701313e-02  -6.9840279432e-01  -1.7911043074e+00   6.7570780057e-02
  -7.6735198602e-02  -7.7063347073e-02  -7.0525793759e-01  -1.4981584328e+00   1.0561342759e-01
  -7.6106206641e-02  -7.6407050131e-02  -6.8622529515e-01  -1.2052808189e+00   1.5295514898e-01
  -7.5519895954e-02  -7.5805363151e-02  -6.4911922945e-01  -9.1328883243e-01   2.0763490819e-01
  -7.4956429035e-02  -7.5234428758e-02  -5.9769014445e-01  -6.2035068212e-01   2.6850308988e-01
  -7.4401384597e-02  -7.4678429313e-02  -5.3452371205e-01  -3.2866698564e-01   3.3364384320e-01
  -7.3841704069e-02  -7.4124339880e-02  -4.6003126902e-01  -3.5480350920e-02   4.0205068484e-01
  -7.3262752950e-02  -7.3559068257e-02  -3.7484725388e-01   2.5662453384e-01   4.7104775968e-01
  -7.2657816856e-02  -7.2966437644e-02  -2.7943717364e-01   5.4326821557e-01   5.3660472370e-01
  -7.2046222826e-02  -7.2349196068e-02  -1.7939583067e-01   8.0480734719e-01   5.9030866176e-01
  -7.1439055258e-02  -7.1743249584e-02  -7.9348024673e-02   1.0277917004e+00   6.2521853215e-01
  -7.0822137739e-02  -7.1134860932e-02   2.0996606194e-02   1.2103535804e+00   6.3641750636e-01
  -7.0179921571e-02  -7.0509414546e-02   1.2100794350e-01   1.3453867335e+00   6.1692945549e-01
  -6.9492516400e-02  -6.9850428595e-02   2.2122222932e-01   1.4229934631e+00   5.5659482851e-01
  -6.8727786292e-02  -6.9134604205e-02   3.2149367154e-01   1.4238541188e+00   4.3911702174e-01
  -6.7920803135e-02  -6.8320968378e-02   4.1213985852e-01   1.3298011017e+00   2.6039212725e-01
  -6.7184424879e-02  -6.7520637892e-02   4.7896164686e-01   1.1655921411e+00   5.5206633717e-02
  -6.6541087336e-02  -6.6848211866e-02   5.2332184373e-01   9.6773566320e-01  -1.4997298744e-01
  -6.5937646041e-02  -6.6233962806e-02   5.5165475203e-01   7.4663180296e-01  -3.5449331938e-01
  -6.5341558119e-02  -6.5641329276e-02   5.6607604643e-01   5.0429129224e-01  -5.5912904152e-01
  -6.4721176643e-02  -6.5041786961e-02   5.6559323283e-01   2.3856155174e-01  -7.6425391894e-01
  -6.4053999178e-02  -6.4400566325e-02   5.4624850250e-01  -4.7114984128e-02  -9.6245875395e-01
  -6.3325154039e-02  -6.3707432031e-02   5.0153331360e-01  -3.4043748007e-01  -1.1365694210e+00
  -6.2530916358e-02  -6.2942876048e-02   4.2378020397e-01  -6.1594113485e-01  -1.2580617821e+00
  -6.1790795633e-02  -6.2118956669e-02   3.2463086017e-01  -8.1488725351e-01  -1.2955525271e+00
  -6.1184175032e-02  -6.1462634598e-02   2.2397324225e-01  -9.2609393950e-01  -1.2639069558e+00
  -6.0656989772e-02  -6.0905715467e-02   1.2380532567e-01  -9.8087390969e-01  -1.1896563556e+00
  -6.0179095265e-02  -6.0408264076e-02   2.3318832005e-02  -9.9630600369e-01  -1.0850411580e+00
  -5.9733976834e-02  -5.9949926453e-02  -7.6727117056e-02  -9.8162560039e-01  -9.5807096960e-01
  -5.9311031949e-02  -5.9518027214e-02  -1.7715821612e-01  -9.4262255654e-01  -8.1227271402e-01
  -5.8902684386e-02  -5.9104036684e-02  -2.7723853687e-01  -8.8345829516e-01  -6.5173544390e-01
  -5.8502870212e-02  -5.8701332087e-02  -3.7779788832e-01  -8.0627276558e-01  -4.7721035668e-01
  -5.8106232356e-02  -5.8304408337e-02  -4.7793167360e-01  -7.1351711851e-01  -2.9170352401e-01
  -5.7707740440e-02  -5.7908056374e-02  -5.7802314373e-01  -6.0603106900e-01  -9.5541641850e-02
  -5.7308416691e-02  -5.7507424505e-02  -6.7640795419e-01  -4.8636391491e-01   1.0727118520e-01
  -5.6911020144e-02  -5.7109408876e-02  -7.7112551243e-01  -3.5761596831e-01   3.1196131573e-01
  -5.6511141045e-02  -5.6712631411e-02  -8.6162765429e-01  -2.2094506666e-01   5.1680189685e-01
  -5.6100833840e-02  -5.6309650679e-02  -9.4759889240e-01  -7.6477780756e-02   7.2103034695e-01
  -5.5670115601e-02  -5.5892017001e-02  -1.0292814036e+00   7.8108233787e-02   9.2615918574e-01
  -5.5204194137e-02  -5.5448214202e-02  -1.1050574511e+00   2.4417639683e-01   1.1305930921e+00
  -5.4675991808e-02  -5.4960174072e-02  -1.1733286996e+00   4.2868740796e-01   1.3361316525e+00
  -5.4016146269e-02  -5.4391809544e-02  -1.2278222597e+00   6.4692008237e-01   1.5431471397e+00
  -5.3119728585e-02  -5.3640482994e-02  -1.2413123161e+00   9.1413429897e-01   1.7233479944e+00
  -5.2157839335e-02  -5.2598974176e-02  -1.1775610863e+00   1.1595873290e+00   1.7856184899e+00
  -5.1432766011e-02  -5.1716704494e-02  -1.0746266131e+00   1.3150481058e+00   1.7426724704e+00
  -5.0919552570e-02  -5.1148827528e-02  -9.7363964148e-01   1.4100884594e+00   1.6682508396e+00
  -5.0490391772e-02  -5.0690277611e-02  -8.7314715970e-01   1.4809901138e+00   1.5822462725e+00
  -5.0109234009e-02  -5.0290505933e-02  -7.7275991716e-01   1.5380440392e+00   1.4903917758e+00
  -4.9759478015e-02  -4.9927962085e-02  -6.7243173491e-01   1.5858527902e+00   1.3954802544e+00
  -4.9431695205e-02  -4.9590993945e-02  -5.7221381321e-01   1.6269464808e+00   1.2991953868e+00
  -4.9119845272e-02  -4.9272396465e-02  -4.7211853727e-01   1.6628849160e+00   1.2026085487e+00
  -4.8819747351e-02  -4.8967294079e-02  -3.7154398973e-01   1.6948649596e+00   1.1058948327e+00
  -4.8528280247e-02  -4.8672200624e-02  -2.7119240896e-01   1.7233221162e+00   1.0103135251e+00
  -4.8242960594e-02  -4.8384359870e-02  -1.7077325034e-01   1.7488097546e+00   9.1606135187e-01
  -4.7961736788e-02  -4.8101561318e-02  -7.0639355573e-02   1.7715527352e+00   8.2387085184e-01
  -4.7682825300e-02  -4.7821912258e-02   2.9352198166e-02   1.7917884346e+00   7.3396158385e-01
  -4.7404607354e-02  -4.7543738342e-02   1.2931510711e-01   1.8096339190e+00   6.4657162718e-01
  -4.7125516084e-02  -4.7265476366e-02   2.3034206686e-01   1.8252335730e+00   5.6115761081e-01
  -4.6843973565e-02  -4.6985555802e-02   3.3037690249e-01   1.8381833297e+00   4.7983198584e-01
  -4.6558329398e-02  -4.6702391328e-02   4.3050924134e-01   1.8485000554e+00   4.0204427392e-01
  -4.6266756540e-02  -4.6414267468e-02   5.3073482298e-01   1.8559045336e+00   3.2825056126e-01
  -4.5967151550e-02  -4.6119245611e-02   6.3089365872e-01   1.8599940492e+00   2.5907613925e-01
  -4.5656980937e-02  -4.5815057489e-02   7.3112228188e-01   1.8602250454e+00   1.9502980199e-01
  -4.5333029074e-02  -4.5498904386e-02   8.3160780329e-01   1.8558046617e+00   1.3676462523e-01
  -4.4991079366e-02  -4.5167153762e-02   9.3180177445e-01   1.8456612414e+00   8.5548221532e-02
  -4.4625253118e-02  -4.4815004970e-02   1.0321440044e+00   1.8281663427e+00   4.2398041595e-02
  -4.4226741738e-02  -4.4435501266e-02   1.1324894064e+00   1.8008584931e+00   9.1876596686e-03
  -4.3781129999e-02  -4.4017982210e-02   1.2328783822e+00   1.7596053490e+00  -1.1338491285e-02
  -4.3261166265e-02  -4.3544277787e-02   1.3334133776e+00   1.6965496678e+00  -1.4385247068e-02
  -4.2598700674e-02  -4.2978054742e-02   1.4348244369e+00   1.5918450458e+00   1.0987175766e-02
  -4.1650908165e-02  -4.2219346605e-02   1.5272839997e+00   1.3944712912e+00   9.2026136712e-02
  -4.0588132424e-02  -4.1082469726e-02   1.5649169975e+00   1.1139631792e+00   2.1877423220e-01
  -3.9662801686e-02  -4.0093795121e-02   1.5433476770e+00   8.2204389955e-01   3.3843170920e-01
  -3.8837508585e-02  -3.9231808252e-02   1.4860160559e+00   5.2988579818e-01   4.3562752217e-01
  -3.8071531303e-02  -3.8443208919e-02   1.4046079906e+00   2.3847050144e-01   5.0692095550e-01
  -3.7368299466e-02  -3.7699853687e-02   1.3083307541e+00  -4.2746474658e-02   5.5070542899e-01
  -3.6747635840e-02  -3.7036745245e-02   1.2080386397e+00  -2.9755194421e-01   5.6898101454e-01
  -3.6196810459e-02  -3.6458526434e-02   1.1077896938e+00  -5.2676267715e-01   5.6801949643e-01
  -3.5692744855e-02  -3.5935094483e-02   1.0074967372e+00  -7.3692484990e-01   5.5264648140e-01
  -3.5222401891e-02  -3.5450395227e-02   9.0740442968e-01  -9.3097938249e-01   5.2597386693e-01
  -3.4777373164e-02  -3.4994408555e-02   8.0713444304e-01  -1.1116580145e+00   4.8998953877e-01
  -3.4351695369e-02  -3.4560337773e-02   7.0702002232e-01  -1.2795273425e+00   4.4628407143e-01
  -3.3940784917e-02  -3.4143052965e-02   6.0672557278e-01  -1.4358018862e+00   3.9577393836e-01
  -3.3540894379e-02  -3.3738516869e-02   5.0654905009e-01  -1.5802659035e+00   3.3934767196e-01
  -3.3148747727e-02  -3.3343271889e-02   4.0659567538e-01  -1.7127868826e+00   2.7759330172e-01
  -3.2761339144e-02  -3.2954223565e-02   3.0594983678e-01  -1.8340916092e+00   2.1016070001e-01
  -3.2375713056e-02  -3.2568454724e-02   2.0603937165e-01  -1.9417612692e+00   1.3806220848e-01
  -3.1988776675e-02  -3.2182971387e-02   1.0575573749e-01  -2.0359940239e+00   6.0369452582e-02
  -3.1597092761e-02  -3.1794581963e-02   5.4011911174e-03  -2.1147671137e+00  -2.3159553203e-02
  -3.1196582440e-02  -3.1399603559e-02  -9.4724652912e-02  -2.1756037954e+00  -1.1300147604e-01
  -3.0782054570e-02  -3.0993561321e-02  -1.9493503641e-01  -2.2154175476e+00  -2.1061757329e-01
  -3.0346339886e-02  -3.0570547819e-02  -2.9526183931e-01  -2.2291342748e+00  -3.1797684242e-01
  -2.9878642788e-02  -3.0122131953e-02  -3.9558140290e-01  -2.2087621239e+00  -4.3808827819e-01
  -2.9360682636e-02  -2.9635153622e-02  -4.9589408256e-01  -2.1405570907e+00  -5.7647700410e-01
  -2.8757494708e-02  -2.9086211650e-02  -5.9643800452e-01  -1.9960779671e+00  -7.4497618982e-01
  -2.8097106774e-02  -2.8428777766e-02  -6.8364370627e-01  -1.7572677229e+00  -9.3653895270e-01
  -2.7496629216e-02  -2.7765435783e-02  -7.4100662755e-01  -1.4672203449e+00  -1.1166412462e+00
  -2.6997368215e-02  -2.7227822648e-02  -7.7204022669e-01  -1.1736457241e+00  -1.2702366149e+00
  -2.6560001766e-02  -2.6766913782e-02  -7.8699472214e-01  -8.8079836388e-01  -1.4067522072e+00
  -2.6161876558e-02  -2.6353089749e-02  -7.9120244332e-01  -5.8840931668e-01  -1.5319958939e+00
  -2.5790358446e-02  -2.5970663366e-02  -7.8760884427e-01  -2.9499486504e-01  -1.6496578048e+00
  -2.5437292305e-02  -2.5610053527e-02  -7.7813547897e-01  -2.9522385064e-03  -1.7606905493e+00
  -2.5096837283e-02  -2.5264531084e-02  -7.6405106254e-01   2.8964615698e-01  -1.8671139864e+00
  -2.4764475137e-02  -2.4929143482e-02  -7.4624954643e-01   5.8320079809e-01  -1.9698865601e+00
  -2.4436322845e-02  -2.4599806792e-02  -7.2571744558e-01   8.7425637656e-01  -2.0684332501e+00
  -2.4108750668e-02  -2.4272838898e-02  -7.0267131046e-01   1.1682800997e+00  -2.1649992772e+00
  -2.3778035364e-02  -2.3944662437e-02  -6.7800915830e-01   1.4603383614e+00  -2.2581866498e+00
  -2.3439942736e-02  -2.3611408291e-02  -6.5205510861e-01   1.7526517492e+00  -2.3488311321e+00
  -2.3089103537e-02  -2.3268477182e-02  -6.2523966555e-01   2.0458687507e+00  -2.4370295574e+00
  -2.2717980864e-02  -2.2909729892e-02  -5.9829627037e-01   2.3381631184e+00  -2.5219031035e+00
  -2.2314421791e-02  -2.2526231835e-02  -5.7178431871e-01   2.6316537671e+00  -2.6032842339e+00
  -2.1854809315e-02  -2.2102611746e-02  -5.4698708249e-01   2.9260387485e+00  -2.6792409622e+00
  -2.1273910542e-02  -2.1607006883e-02  -5.2677898781e-01   3.2228380383e+00  -2.7447848874e+00
  -2.0188130415e-02  -2.0940814202e-02  -5.3349139145e-01   3.4928829718e+00  -2.7515087483e+00
  -1.9009319603e-02  -1.9435446628e-02  -6.0184719429e-01   3.3854153827e+00  -2.5917883511e+00
  -1.8321875181e-02  -1.8583192578e-02  -6.7453645938e-01   3.0900250151e+00  -2.3969405261e+00
  -1.7855436385e-02  -1.8060557785e-02  -7.3552259574e-01   2.7945813433e+00  -2.2207619714e+00
  -1.7473998554e-02  -1.7650314984e-02  -7.9085339641e-01   2.5008798553e+00  -2.0514416009e+00
  -1.7139330011e-02  -1.7297682123e-02  -8.4266295256e-01   2.2067463797e+00  -1.8844075516e+00
  -1.6834824956e-02  -1.6980977899e-02  -8.9124403030e-01   1.9149614144e+00  -1.7197757710e+00
  -1.6551338554e-02  -1.6688672013e-02  -9.3742085598e-01   1.6232075783e+00  -1.5554308044e+00
  -1.6283294783e-02  -1.6414005095e-02  -9.8187227150e-01   1.3283554398e+00  -1.3890947843e+00
  -1.6026793361e-02  -1.6152584471e-02  -1.0236353345e+00   1.0377949443e+00  -1.2245710282e+00
  -1.5778947935e-02  -1.5901002251e-02  -1.0637244570e+00   7.4521795911e-01  -1.0580093946e+00
  -1.5537611504e-02  -1.5656893619e-02  -1.1020626812e+00   4.5107884852e-01  -8.8939846926e-01
  -1.5300984650e-02  -1.5418329389e-02  -1.1381786157e+00   1.5901801812e-01  -7.2060159795e-01
  -1.5067524529e-02  -1.5183639912e-02  -1.1723443637e+00  -1.3322650789e-01  -5.5011012327e-01
  -1.4835872421e-02  -1.4951409147e-02  -1.2045212899e+00  -4.2592512114e-01  -3.7753439023e-01
  -1.4604748060e-02  -1.4720335694e-02  -1.2346166226e+00  -7.1921326074e-01  -2.0253672658e-01
  -1.4372889012e-02  -1.4489160426e-02  -1.2623525026e+00  -1.0115659207e+00  -2.5759443835e-02
  -1.4138995825e-02  -1.4256617598e-02  -1.2876577907e+00  -1.3038114491e+00   1.5359489490e-01
  -1.3901664722e-02  -1.4021374051e-02  -1.3103138779e+00  -1.5958499849e+00   3.3583090335e-01
  -1.3659271515e-02  -1.3781955394e-02  -1.3301883702e+00  -1.8901394408e+00   5.2298987695e-01
  -1.3409890499e-02  -1.3536587635e-02  -1.3466234959e+00  -2.1826072158e+00   7.1307630492e-01
  -1.3151188528e-02  -1.3283193363e-02  -1.3591868133e+00  -2.4726700208e+00   9.0634306325e-01
  -1.2880441561e-02  -1.3019183693e-02  -1.3674303550e+00  -2.7678359749e+00   1.1089269037e+00
  -1.2598309115e-02  -1.2741699428e-02  -1.3700785754e+00  -3.0536139446e+00   1.3121758762e+00
  -1.2306293457e-02  -1.2454918801e-02  -1.3663576514e+00  -3.3288335507e+00   1.5164376923e+00
  -1.2002151496e-02  -1.2157668114e-02  -1.3552823688e+00  -3.5894661070e+00   1.7202998574e+00
  -1.1681836888e-02  -1.1846634878e-02  -1.3352055790e+00  -3.8356651821e+00   1.9263207204e+00
  -1.1339720431e-02  -1.1517038899e-02  -1.3045833185e+00  -4.0582100242e+00   2.1301693346e+00
  -1.0967235585e-02  -1.1162401963e-02  -1.2600776101e+00  -4.2545510030e+00   2.3348928552e+00
  -1.0549652038e-02  -1.0772069206e-02  -1.1966823406e+00  -4.4134435316e+00   2.5396659685e+00
  -1.0086065644e-02  -1.0327234870e-02  -1.1099586769e+00  -4.5125604467e+00   2.7348432809e+00
  -9.6339554867e-03  -9.8448964176e-03  -1.0100561495e+00  -4.5307644401e+00   2.8906228945e+00
  -9.2332273392e-03  -9.4230145557e-03  -9.0981229873e-01  -4.4817399172e+00   2.9982483858e+00
  -8.8680901766e-03  -9.0434401226e-03  -8.0939911830e-01  -4.3851962546e+00   3.0713679746e+00
  -8.5277100026e-03  -8.6927402306e-03  -7.0901331819e-01  -4.2526696721e+00   3.1177142763e+00
  -8.2051955363e-03  -8.3626797745e-03  -6.0893049941e-01  -4.0919861048e+00   3.1422417890e+00
  -7.8957972584e-03  -8.0477112981e-03  -5.0879267004e-01  -3.9075846744e+00   3.1483406218e+00
  -7.5960243387e-03  -7.7438832186e-03  -4.0836290292e-01  -3.7024122798e+00   3.1381113984e+00
  -7.3031114233e-03  -7.4481654588e-03  -3.0792005515e-01  -3.4795459010e+00   3.1129957858e+00
  -7.0147301153e-03  -7.1580573879e-03  -2.0758026849e-01  -3.2412722933e+00   3.0740553069e+00
  -6.7288240473e-03  -6.8714028427e-03  -1.0734895486e-01  -2.9892039161e+00   3.0219584250e+00
  -6.4434747134e-03  -6.5862452520e-03  -7.1694942484e-03  -2.7244242943e+00   2.9569875030e+00
  -6.1567814085e-03  -6.3007041748e-03   9.3029947548e-02  -2.4476520684e+00   2.8790567261e+00
  -5.8677339250e-03  -6.0128586423e-03   1.9294037848e-01  -2.1604493811e+00   2.7880874289e+00
  -5.5788942365e-03  -5.7226092077e-03   2.9091200551e-01  -1.8683705861e+00   2.6853265516e+00
  -5.2918584343e-03  -5.4351792653e-03   3.8576433681e-01  -1.5759161548e+00   2.5719569295e+00
  -5.0042225535e-03  -5.1485376033e-03   4.7772257939e-01  -1.2832831375e+00   2.4475359692e+00
  -4.7131392572e-03  -4.8599075038e-03   5.6701770953e-01  -9.9031541064e-01   2.3110649715e+00
  -4.4154840093e-03  -4.5663710106e-03   6.5367718079e-01  -6.9721543361e-01   2.1612087266e+00
  -4.1075501999e-03  -4.2645970080e-03   7.3745909193e-01  -4.0484532109e-01   1.9964111173e+00
  -3.7846187310e-03  -3.9505033918e-03   8.1848025613e-01  -1.1244715644e-01   1.8132641195e+00
  -3.4519428515e-03  -3.6187340701e-03   8.9385919502e-01   1.6989615702e-01   1.6148456305e+00
  -3.1252057494e-03  -3.2851516329e-03   9.5994767051e-01   4.2816176863e-01   1.4090224573e+00
  -2.8106646785e-03  -2.9652598660e-03   1.0143633911e+00   6.5145147700e-01   1.2055030205e+00
  -2.5057371268e-03  -2.6560694911e-03   1.0590323616e+00   8.4572801769e-01   1.0011933288e+00
  -2.2084303459e-03  -2.3554047624e-03   1.0944903382e+00   1.0119395689e+00   7.9653008623e-01
  -1.9170625255e-03  -2.0614559295e-03   1.1212372758e+00   1.1510761413e+00   5.9187026764e-01
  -1.6301688974e-03  -1.7726691215e-03   1.1397454457e+00   1.2641921047e+00   3.8739495487e-01
  -1.3464315477e-03  -1.4876686733e-03   1.1504333335e+00   1.3522895930e+00   1.8314660495e-01
  -1.0646209853e-03  -1.2051944221e-03   1.1536475012e+00   1.4162299610e+00  -2.0935501966e-02
  -7.8354368672e-04  -9.2404754852e-04   1.1496513537e+00   1.4566701626e+00  -2.2498009040e-01
  -5.0198254162e-04  -6.4303982491e-04   1.1384979708e+00   1.4739781242e+00  -4.3051516649e-01
  -2.1864914617e-04  -3.6092525832e-04   1.1204359791e+00   1.4680851199e+00  -6.3487237741e-01
   6.7864526795e-05  -7.6373034015e-05   1.0955281055e+00   1.4393007690e+00  -8.3907657646e-01
   3.5916961729e-04   2.1210208761e-04   1.0637267911e+00   1.3873836453e+00  -1.0434068668e+00
   6.5718659626e-04   5.0623714697e-04   1.0249574196e+00   1.3118770742e+00  -1.2476519703e+00
   9.6430920876e-04   8.0813604556e-04   9.7893567451e-01   1.2117532986e+00  -1.4520961723e+00
   1.2836928066e-03   1.1204823720e-03   9.2508945807e-01   1.0850791959e+00  -1.6572924784e+00
   1.6196321862e-03   1.4469032411e-03   8.6325565550e-01   9.3068048720e-01  -1.8615092564e+00
   1.9783845708e-03   1.7923611313e-03   7.9223836061e-01   7.4458998223e-01  -2.0656508622e+00
   2.3701322635e-03   2.1644080103e-03   7.0982812178e-01   5.1942531016e-01  -2.2708211976e+00
   2.8011249779e-03   2.5758565167e-03   6.1567747933e-01   2.5226251363e-01  -2.4710626653e+00
   3.2473916255e-03   3.0263934391e-03   5.1704854193e-01  -3.7281043989e-02  -2.6468954645e+00
   3.6872870951e-03   3.4683898119e-03   4.2013498222e-01  -3.3062452148e-01  -2.7872087463e+00
   4.1285700533e-03   3.9061843783e-03   3.2621470369e-01  -6.2285443060e-01  -2.8914318252e+00
   4.5831281937e-03   4.3509557282e-03   2.3446064993e-01  -9.1573988221e-01  -2.9594435897e+00
   5.0662773196e-03   4.8153006592e-03   1.4475120773e-01  -1.2091347318e+00  -2.9862661464e+00
   5.6034836827e-03   5.3172539799e-03   5.7030559021e-02  -1.5025233872e+00  -2.9605020756e+00
   6.2439795291e-03   5.8897133856e-03  -2.8694828002e-02  -1.7940324577e+00  -2.8546086138e+00
   6.8967462096e-03   6.5982456727e-03  -9.3994270460e-02  -2.0149421618e+00  -2.6703097148e+00
   7.4341263537e-03   7.1952467466e-03  -1.3005060544e-01  -2.1290921085e+00  -2.4641936984e+00
   7.8816137527e-03   7.6730059607e-03  -1.4798250698e-01  -2.1731328544e+00  -2.2591376581e+00
   8.2803572562e-03   8.0902215447e-03  -1.5517258484e-01  -2.1717616952e+00  -2.0536701297e+00
   8.6485023000e-03   8.4704929676e-03  -1.5489935407e-01  -2.1361229267e+00  -1.8495347828e+00
   8.9961998596e-03   8.8265116324e-03  -1.4905104602e-01  -2.0721040882e+00  -1.6451067397e+00
   9.3298746102e-03   9.1658880867e-03  -1.3877223347e-01  -1.9832763032e+00  -1.4408512587e+00
   9.6540734685e-03   9.4938611336e-03  -1.2473428001e-01  -1.8709980242e+00  -1.2355228362e+00
   9.9722971681e-03   9.8142858034e-03  -1.0766939136e-01  -1.7380245853e+00  -1.0316569791e+00
   1.0287431944e-02   1.0130308533e-02  -8.7840749158e-02  -1.5839910254e+00  -8.2739124162e-01
   1.0601999579e-02   1.0444555355e-02  -6.5435369059e-02  -1.4082980645e+00  -6.2204959648e-01
   1.0918367044e-02   1.0759443804e-02  -4.1013670431e-02  -1.2135190669e+00  -4.1869242629e-01
   1.1238917511e-02   1.1077290284e-02  -1.4225394823e-02  -9.9509602665e-01  -2.1320976546e-01
   1.1566151529e-02   1.1400544738e-02   1.4281038450e-02  -7.5662457491e-01  -9.8667937435e-03
   1.1902892187e-02   1.1731758320e-02   4.5017282477e-02  -4.9210226194e-01   1.9532014486e-01
   1.2246404648e-02   1.2074026053e-02   7.7068501645e-02  -2.0777753409e-01   3.9640398817e-01
   1.2584852430e-02   1.2418783243e-02   1.0904324118e-01   8.4679945176e-02   5.8575616505e-01
   1.2912572785e-02   1.2750921618e-02   1.3996129914e-01   3.7598148694e-01   7.5927872006e-01
   1.3233051413e-02   1.3074223952e-02   1.7033401848e-01   6.7038236731e-01   9.2126519072e-01
   1.3549324906e-02   1.3391878875e-02   1.9960403113e-01   9.6182909710e-01   1.0698656746e+00
   1.3864151702e-02   1.3706770937e-02   2.2821647078e-01   1.2540262878e+00   1.2082933993e+00
   1.4180198195e-02   1.4021532468e-02   2.5630647989e-01   1.5478934742e+00   1.3377562610e+00
   1.4500249723e-02   1.4338863922e-02   2.8346093263e-01   1.8385330197e+00   1.4569340322e+00
   1.4827510473e-02   1.4661635523e-02   3.1039245022e-01   2.1331733141e+00   1.5693628223e+00
   1.5165891208e-02   1.4993385422e-02   3.3649904181e-01   2.4249811749e+00   1.6728571777e+00
   1.5520534110e-02   1.5338396993e-02   3.6209709564e-01   2.7173003750e+00   1.7691101376e+00
   1.5899014171e-02   1.5702671227e-02   3.8719750982e-01   3.0106191761e+00   1.8584705289e+00
   1.6313539197e-02   1.6095357114e-02   4.1154592411e-01   3.3030522839e+00   1.9404934490e+00
   1.6787616664e-02   1.6531721280e-02   4.3512466955e-01   3.5975613890e+00   2.0158579969e+00
   1.7382804322e-02   1.7043512048e-02   4.5705335128e-01   3.8936648485e+00   2.0836378312e+00
   1.8185418167e-02   1.7722096597e-02   4.7135783726e-01   4.1501342631e+00   2.1335248177e+00
   1.9112061308e-02   1.8648739737e-02   4.6352368603e-01   4.2309878138e+00   2.1409814368e+00
   2.0050576816e-02   1.9575382878e-02   4.2505752564e-01   4.0654340114e+00   2.1000881311e+00
   2.0816198472e-02   2.0525770755e-02   3.7063190515e-01   3.7607300941e+00   2.0359605700e+00
   2.1341568507e-02   2.1106626189e-02   3.2068020348e-01   3.4660845995e+00   1.9761331141e+00
   2.1782524638e-02   2.1576510824e-02   2.7152321396e-01   3.1727239683e+00   1.9166448822e+00
   2.2176715694e-02   2.1988538452e-02   2.2243049009e-01   2.8789987482e+00   1.8563973266e+00
   2.2541297148e-02   2.2364892937e-02   1.7359516582e-01   2.5869123545e+00   1.7953455055e+00
   2.2886045404e-02   2.2717701360e-02   1.2471408071e-01   2.2948035753e+00   1.7328086854e+00
   2.3217234623e-02   2.3054389448e-02   7.5570639025e-02   2.0011809277e+00   1.6681501245e+00
   2.3539418196e-02   2.3380079798e-02   2.6832577789e-02   1.7096011207e+00   1.6018724532e+00
   2.3856171029e-02   2.3698756594e-02  -2.2108663296e-02   1.4157837976e+00   1.5327085257e+00
   2.4170501325e-02   2.4013585465e-02  -7.0309878586e-02   1.1245575178e+00   1.4614876027e+00
   2.4485178824e-02   2.4327417185e-02  -1.1837133370e-01   8.3121098827e-01   1.3867133534e+00
   2.4802928507e-02   2.4642940463e-02  -1.6558315271e-01   5.3864556756e-01   1.3086911795e+00
   2.5126646385e-02   2.4962916551e-02  -2.1172203933e-01   2.4642593498e-01   1.2268336678e+00
   2.5459630699e-02   2.5290376220e-02  -2.5642068536e-01  -4.5559557801e-02   1.1405202035e+00
   2.5805972515e-02   2.5628885178e-02  -2.9938823463e-01  -3.3900281489e-01   1.0484086120e+00
   2.6171076809e-02   2.5983059852e-02  -3.3959129892e-01  -6.3215895388e-01   9.4991609880e-01
   2.6562530653e-02   2.6359093765e-02  -3.7582197463e-01  -9.2424691379e-01   8.4381504435e-01
   2.6992198350e-02   2.6765967541e-02  -4.0650307578e-01  -1.2168951819e+00   7.2715781832e-01
   2.7481306707e-02   2.7218429159e-02  -4.2839865485e-01  -1.5105183050e+00   5.9552159582e-01
   2.8076745566e-02   2.7744184254e-02  -4.3437522283e-01  -1.8054137364e+00   4.3977448949e-01
   2.8838914583e-02   2.8409306879e-02  -4.0739811398e-01  -2.0783979038e+00   2.5242155470e-01
   2.9693976940e-02   2.9268522288e-02  -3.3262503111e-01  -2.2509484109e+00   6.2779719552e-02
   3.0443417918e-02   3.0119431593e-02  -2.3227109689e-01  -2.2926883882e+00  -8.1352394250e-02
   3.1047194033e-02   3.0767404243e-02  -1.3156267439e-01  -2.2581939178e+00  -1.8078178854e-01
   3.1585956653e-02   3.1326983824e-02  -3.1137707268e-02  -2.1839322752e+00  -2.5693396192e-01
   3.2095680439e-02   3.1844929482e-02   6.9480847322e-02  -2.0820124615e+00  -3.1873736474e-01
   3.2598660721e-02   3.2346431395e-02   1.6965765090e-01  -1.9579897425e+00  -3.7038738661e-01
   3.3115155419e-02   3.2850890047e-02   2.7015743787e-01  -1.8116217789e+00  -4.1528919844e-01
   3.3672270958e-02   3.3379420790e-02   3.7075661809e-01  -1.6394263908e+00  -4.5580474964e-01
   3.4326754917e-02   3.3965121125e-02   4.7205752852e-01  -1.4270979605e+00  -4.9536669569e-01
   3.5141528820e-02   3.4688388708e-02   5.6242707732e-01  -1.1622863631e+00  -5.3665027944e-01
   3.6090858717e-02   3.5594668932e-02   6.0609922794e-01  -8.7015401468e-01  -5.7935597356e-01
   3.7107426595e-02   3.6587048502e-02   5.6931237562e-01  -5.9456473711e-01  -6.2267255835e-01
   3.7964591601e-02   3.7627804688e-02   4.7341116130e-01  -3.9856108067e-01  -6.5726686465e-01
   3.8564406008e-02   3.8301378514e-02   3.7204809306e-01  -2.8399722870e-01  -6.7873395844e-01
   3.9056273010e-02   3.8827433502e-02   2.7141061920e-01  -2.0408137342e-01  -6.9318611807e-01
   3.9494678929e-02   3.9285112519e-02   1.7100097253e-01  -1.4335242760e-01  -7.0262677563e-01
   3.9902353223e-02   3.9704245339e-02   7.0505548209e-02  -9.5534809972e-02  -7.0767436328e-01
   4.0292154348e-02   4.0100461107e-02  -2.9788526568e-02  -5.7638103771e-02  -7.0843227344e-01
   4.0672910511e-02   4.0483847588e-02  -1.2992368753e-01  -2.7836766354e-02  -7.0478148535e-01
   4.1051749577e-02   4.0861973433e-02  -2.3034350440e-01  -5.0634503602e-03  -6.9632075142e-01
   4.1435467965e-02   4.1241525721e-02  -3.3050091166e-01   1.0978066414e-02  -6.8249040417e-01
   4.1831737816e-02   4.1629410209e-02  -4.3100946708e-01   2.0303879971e-02  -6.6224819565e-01
   4.2250714078e-02   4.2034065423e-02  -5.3129617335e-01   2.2204838936e-02  -6.3421588823e-01
   4.2708463299e-02   4.2467362734e-02  -6.3189241203e-01   1.5102369817e-02  -5.9571537804e-01
   4.3236796453e-02   4.2949563864e-02  -7.3260968891e-01  -4.7160966887e-03  -5.4176472812e-01
   4.3935775425e-02   4.3524029042e-02  -8.3519804844e-01  -4.9555941212e-02  -4.5650656257e-01
   4.5034991339e-02   4.4347521808e-02  -9.1218233545e-01  -1.5844454705e-01  -3.0289041526e-01
   4.6271569052e-02   4.5722460870e-02  -8.7717318789e-01  -3.2025663323e-01  -1.3080049534e-01
   4.7138650167e-02   4.6820677234e-02  -7.7408643282e-01  -4.4805448773e-01  -3.1579236331e-02
   4.7709223722e-02   4.7456623100e-02  -6.7295523977e-01  -5.3242378039e-01   1.4407204541e-02
   4.8182090573e-02   4.7961824344e-02  -5.7221737508e-01  -5.9930377158e-01   3.7747715761e-02
   4.8603386722e-02   4.8402356801e-02  -4.7197934047e-01  -6.5432814636e-01   4.5710230473e-02
   4.8992988616e-02   4.8804416643e-02  -3.7153756263e-01  -7.0021500942e-01   4.1552612959e-02
   4.9361921410e-02   4.9181560590e-02  -2.7138979046e-01  -7.3783206582e-01   2.6999555442e-02
   4.9717349152e-02   4.9542282231e-02  -1.7099104500e-01  -7.6789033250e-01   2.9868962628e-03
   5.0064457112e-02   4.9892416072e-02  -7.0664271236e-02  -7.9039525372e-01  -2.9840880967e-02
   5.0407426958e-02   5.0236498151e-02   2.9546122874e-02  -8.0522108642e-01  -7.1101473530e-02
   5.0749945039e-02   5.0578355765e-02   1.2973129114e-01  -8.1201440531e-01  -1.2067551864e-01
   5.1095596367e-02   5.0921534313e-02   2.2999560400e-01  -8.1012234295e-01  -1.7866793411e-01
   5.1448228998e-02   5.1269658421e-02   3.3034205850e-01  -7.9854215579e-01  -2.4533211697e-01
   5.1812361380e-02   5.1626799574e-02   4.3055356926e-01  -7.7590017625e-01  -3.2095018124e-01
   5.2193834368e-02   5.1997923185e-02   5.3089945948e-01  -7.4006114317e-01  -4.0645308748e-01
   5.2600971909e-02   5.2389745551e-02   6.3122686876e-01  -6.8789694511e-01  -5.0289695713e-01
   5.3047082480e-02   5.2812198267e-02   7.3164228182e-01  -6.1412152627e-01  -6.1236823059e-01
   5.3557174004e-02   5.3281966693e-02   8.3216330244e-01  -5.0894953869e-01  -7.3858834630e-01
   5.4195392762e-02   5.3832381315e-02   9.3381904573e-01  -3.4680178722e-01  -8.9204837299e-01
   5.4999086107e-02   5.4558404208e-02   1.0193998368e+00  -1.0192064980e-01  -1.0646435964e+00
   5.5836801685e-02   5.5439768005e-02   1.0568321589e+00   1.9036604853e-01  -1.2064423203e+00
   5.6615481557e-02   5.6233835364e-02   1.0422998724e+00   4.8305012788e-01  -1.2901637406e+00
   5.7385812514e-02   5.6997127749e-02   9.8350962013e-01   7.7564679616e-01  -1.3194297804e+00
   5.8113353669e-02   5.7774497279e-02   8.9236705965e-01   1.0390654557e+00  -1.2961576763e+00
   5.8732639570e-02   5.8452210058e-02   7.9144140063e-01   1.2420002705e+00  -1.2374362927e+00
   5.9264725416e-02   5.9013069082e-02   6.9105303312e-01   1.3928709915e+00  -1.1600205555e+00
   5.9752163129e-02   5.9516381751e-02   5.9063392464e-01   1.5075346881e+00  -1.0692878885e+00
   6.0215393299e-02   5.9987944507e-02   4.9017299194e-01   1.5920803949e+00  -9.6777266220e-01
   6.0667370282e-02   6.0442842090e-02   3.9000593256e-01   1.6489607976e+00  -8.5713333192e-01
   6.1118149548e-02   6.0891898474e-02   2.8988469624e-01   1.6790539664e+00  -7.3770227765e-01
   6.1577217327e-02   6.1344400623e-02   1.8951094647e-01   1.6812596563e+00  -6.0909159174e-01
   6.2055429400e-02   6.1810034031e-02   8.9003683270e-02   1.6525051129e+00  -4.7085569012e-01
   6.2567492325e-02   6.2300824769e-02  -1.1201085091e-02   1.5876701273e+00  -3.2239570802e-01
   6.3137461174e-02   6.2834159881e-02  -1.1162823221e-01   1.4765765640e+00  -1.6050807004e-01
   6.3815259142e-02   6.3440762468e-02  -2.1251204508e-01   1.2975882028e+00   2.0603938220e-02
   6.4606895735e-02   6.4189755815e-02  -3.0181087110e-01   1.0410156172e+00   2.0688184572e-01
   6.5419593961e-02   6.5024035656e-02  -3.6088697580e-01   7.4765850372e-01   3.6151720113e-01
   6.6230791685e-02   6.5815152265e-02  -3.8815519944e-01   4.5398862100e-01   4.7117800812e-01
   6.7156034891e-02   6.6646431104e-02  -3.8754678536e-01   1.5812733243e-01   5.3809220011e-01
   6.8674597647e-02   6.7665638677e-02  -3.4588936367e-01  -1.2656281561e-01   5.1982258588e-01
   7.0515342353e-02   6.9683556617e-02  -3.0552763378e-01  -8.2799492551e-02   3.7076443215e-01
   7.1865595656e-02   7.1347128090e-02  -3.2724484080e-01   2.1006192365e-01   2.3918698223e-01
   7.2850195250e-02   7.2384063223e-02  -3.8315644086e-01   5.0555112092e-01   1.7582824286e-01
   7.3804731790e-02   7.3316327278e-02  -4.6498585089e-01   7.9524880577e-01   1.6614729880e-01
   7.4763207834e-02   7.4293136302e-02  -5.6323752437e-01   1.0383392771e+00   2.2148735959e-01
   7.5736544430e-02   7.5233279365e-02  -6.6339701350e-01   1.1925097551e+00   3.5152162690e-01
   7.6675936590e-02   7.6239809495e-02  -7.4301037084e-01   1.2309677904e+00   5.4145688334e-01
   7.7487551121e-02   7.7112063684e-02  -7.8496780428e-01   1.1703744079e+00   7.4694457739e-01
   7.8217373143e-02   7.7863038558e-02  -7.9290302862e-01   1.0471083379e+00   9.5168044206e-01
   7.8930252018e-02   7.8571707729e-02  -7.6855479781e-01   8.7517917522e-01   1.1565128122e+00
   7.9676531783e-02   7.9288796306e-02  -7.0647386864e-01   6.5648592953e-01   1.3602634193e+00
   8.0389305248e-02   8.0064267259e-02  -6.1351615074e-01   4.2825029268e-01   1.5298366503e+00
   8.0980975962e-02   8.0714343236e-02  -5.1264679083e-01   2.3552956968e-01   1.6416028513e+00
   8.1483774823e-02   8.1247608688e-02  -4.1215484072e-01   7.6430865054e-02   1.7096497115e+00
   8.1938114542e-02   8.1719940958e-02  -3.1197868991e-01  -5.9420589250e-02   1.7463907295e+00
   8.2363514984e-02   8.2156288126e-02  -2.1146236101e-01  -1.7806908272e-01   1.7574297620e+00
   8.2771840862e-02   8.2570741842e-02  -1.1110363200e-01  -2.8206871082e-01   1.7452014045e+00
   8.3171656652e-02   8.2972939883e-02  -1.0752463026e-02  -3.7383768593e-01   1.7107328740e+00
   8.3570074949e-02   8.3370373421e-02   8.9420935650e-02  -4.5493748269e-01   1.6539585231e+00
   8.3973962785e-02   8.3769776478e-02   1.8967405634e-01  -5.2698587387e-01   1.5734522154e+00
   8.4391025823e-02   8.4178149092e-02   2.8994557739e-01  -5.9122066662e-01   1.4665435572e+00
   8.4831314168e-02   8.4603902554e-02   3.9035984116e-01  -6.4912825002e-01   1.3283329833e+00
   8.5304293604e-02   8.5058725782e-02   4.8955769157e-01  -7.0191286175e-01   1.1533006822e+00
   8.5777934290e-02   8.5549861427e-02   5.7848553683e-01  -7.4799169141e-01   9.5265502095e-01
   8.6215898904e-02   8.6006007153e-02   6.4941540422e-01  -7.8689107248e-01   7.4827229957e-01
   8.6623747479e-02   8.6425790655e-02   7.0513181847e-01  -8.2244821214e-01   5.4341475774e-01
   8.7011878999e-02   8.6821704304e-02   7.4802507204e-01  -8.5736819217e-01   3.3964830553e-01
   8.7387405250e-02   8.7202053694e-02   7.8039650931e-01  -8.9429230709e-01   1.3403237072e-01
   8.7755761863e-02   8.7572756806e-02   8.0285402919e-01  -9.3429295841e-01  -6.9959981028e-02
   8.8121597006e-02   8.7938766920e-02   8.1651835833e-01  -9.7916474580e-01  -2.7413292660e-01
   8.8489251530e-02   8.8304427092e-02   8.2185923043e-01  -1.0304294907e+00  -4.7869479253e-01
   8.8863302172e-02   8.8674075969e-02   8.1908459846e-01  -1.0897068671e+00  -6.8368990310e-01
   8.9249048381e-02   8.9052528376e-02   8.0828481878e-01  -1.1583603934e+00  -8.8772570359e-01
   8.9653355697e-02   8.9445568386e-02   7.8915324145e-01  -1.2392093634e+00  -1.0924720346e+00
   9.0086130137e-02   8.9861143008e-02   7.6115016047e-01  -1.3349606134e+00  -1.2967170190e+00
   9.0563873444e-02   9.0311117266e-02   7.2261624017e-01  -1.4515498447e+00  -1.5022382530e+00
   9.1119485222e-02   9.0816629622e-02   6.7087927007e-01  -1.5972767448e+00  -1.7072660296e+00
   9.1839902410e-02   9.1422340822e-02   5.9712036508e-01  -1.7967985881e+00  -1.9132182129e+00
   9.2750849039e-02   9.2257463998e-02   5.0288889269e-01  -2.0452069724e+00  -2.0673486670e+00
   9.3825399910e-02   9.3244234081e-02   4.0233134990e-01  -2.2941794328e+00  -2.0896782130e+00
   9.4910149594e-02   9.4406565739e-02   3.2036052335e-01  -2.4502870961e+00  -1.9500765369e+00
   9.5761608833e-02   9.5413733449e-02   2.7035988884e-01  -2.4759909442e+00  -1.7406713904e+00
   9.6405042219e-02   9.6109484216e-02   2.3910553125e-01  -2.4251260487e+00  -1.5352154483e+00
   9.6971102177e-02   9.6700600221e-02   2.1383351547e-01  -2.3271340370e+00  -1.3301069320e+00
   9.7500104290e-02   9.7241604134e-02   1.9019530403e-01  -2.1905455903e+00  -1.1258408492e+00
   9.8013575617e-02   9.7758604445e-02   1.6521880250e-01  -2.0164566115e+00  -9.2086489193e-01
   9.8527276171e-02   9.8268546789e-02   1.3661338088e-01  -1.8047574373e+00  -7.1650825567e-01
   9.9055451944e-02   9.8786005554e-02   1.0160656634e-01  -1.5511232479e+00  -5.1246416730e-01
   9.9582681027e-02   9.9324898334e-02   5.9456242164e-02  -1.2663492109e+00  -3.2036107840e-01
   1.0008115195e-01   9.9840463720e-02   1.1916842584e-02  -9.7389551250e-01  -1.5462004801e-01
   1.0055217076e-01   1.0032184017e-01  -4.0734654202e-02  -6.8110694414e-01  -1.5425090474e-02
   1.0100722082e-01   1.0078250136e-01  -9.8902719588e-02  -3.8884717258e-01   9.9906785477e-02
   1.0145483058e-01   1.0123194029e-01  -1.6325646394e-01  -9.6406554509e-02   1.9334570975e-01
   1.0190224731e-01   1.0167772087e-01  -2.3449717478e-01   1.9653810473e-01   2.6552556296e-01
   1.0235651310e-01   1.0212677376e-01  -3.1299038381e-01   4.8863918494e-01   3.1597813104e-01
   1.0282542135e-01   1.0258625245e-01  -3.9997582078e-01   7.8123984679e-01   3.4394030462e-01
   1.0331334601e-01   1.0306459025e-01  -4.9522414098e-01   1.0702085050e+00   3.4738406460e-01
   1.0380670069e-01   1.0356210178e-01  -5.9541227005e-01   1.3440067628e+00   3.2544982940e-01
   1.0429539378e-01   1.0405129960e-01  -6.9552314353e-01   1.5905071526e+00   2.8050135746e-01
   1.0478901896e-01   1.0453948796e-01  -7.9574282435e-01   1.8130828477e+00   2.1422010740e-01
   1.0530140883e-01   1.0503854995e-01  -8.9612948934e-01   2.0137653248e+00   1.2669639499e-01
   1.0585358382e-01   1.0556426772e-01  -9.9656740264e-01   2.1935076894e+00   1.6164361031e-02
   1.0648875566e-01   1.0614289991e-01  -1.0976060053e+00   2.3535117879e+00  -1.2431192505e-01
   1.0728295326e-01   1.0683461141e-01  -1.1935084724e+00   2.4854163660e+00  -3.0438807976e-01
   1.0828420815e-01   1.0773129511e-01  -1.2536198827e+00   2.5574355700e+00  -5.1009431336e-01
   1.0942965475e-01   1.0883712118e-01  -1.2237586850e+00   2.5378931515e+00  -6.7329787815e-01
   1.1034085353e-01   1.1002218833e-01  -1.1217037668e+00   2.4680983467e+00  -7.2500885753e-01
   1.1090292213e-01   1.1065951873e-01  -1.0201842304e+00   2.4064623208e+00  -7.1118350599e-01
   1.1135289372e-01   1.1114632552e-01  -9.1967864808e-01   2.3501197579e+00  -6.7410819245e-01
   1.1174345739e-01   1.1155946191e-01  -8.1925640811e-01   2.2969700920e+00  -6.2309836384e-01
   1.1209611600e-01   1.1192745287e-01  -7.1888899342e-01   2.2460374120e+00  -5.6226462825e-01
   1.1242240390e-01   1.1226477913e-01  -6.1869067464e-01   2.1966702214e+00  -4.9401736624e-01
   1.1272940177e-01   1.1258002866e-01  -5.1841186679e-01   2.1481854987e+00  -4.1965064473e-01
   1.1302185066e-01   1.1287877487e-01  -4.1786915943e-01   2.1000215424e+00  -3.4000048981e-01
   1.1330319097e-01   1.1316492646e-01  -3.1762788636e-01   2.0520222586e+00  -2.5624913225e-01
   1.1357606899e-01   1.1344145547e-01  -2.1797668129e-01   2.0039368333e+00  -1.6926198398e-01
   1.1384253551e-01   1.1371068250e-01  -1.1672941689e-01   1.9543162636e+00  -7.7494089647e-02
   1.1410432741e-01   1.1397438853e-01  -1.7549913289e-02   1.9045890806e+00   1.5359682190e-02
   1.1436296724e-01   1.1423426630e-01   8.3815463870e-02   1.8522240432e+00   1.1299508513e-01
   1.1461981024e-01   1.1449166819e-01   1.8343323992e-01   1.7988333052e+00   2.1140590604e-01
   1.1487616590e-01   1.1474795229e-01   2.8352320322e-01   1.7428334976e+00   3.1252209239e-01
   1.1513331819e-01   1.1500437952e-01   3.8443746869e-01   1.6834769828e+00   4.1657305945e-01
   1.1539258479e-01   1.1526225687e-01   4.8378031435e-01   1.6216632067e+00   5.2090628427e-01
   1.1565541982e-01   1.1552291272e-01   5.8504523763e-01   1.5545390764e+00   6.2906079189e-01
   1.1592343579e-01   1.1578792691e-01   6.8442084739e-01   1.4838705805e+00   7.3683976550e-01
   1.1619854763e-01   1.1605894466e-01   7.8517898547e-01   1.4064339510e+00   8.4765545419e-01
   1.1648315656e-01   1.1633815060e-01   8.8542807289e-01   1.3223829722e+00   9.5934064031e-01
   1.1678029952e-01   1.1662816253e-01   9.8536856235e-01   1.2301156170e+00   1.0719813868e+00
   1.1710879028e-01   1.1693243651e-01   1.0903821446e+00   1.1215964922e+00   1.1916188018e+00