# time = 2.6
# Grid points = 474
# Pressure (Pa) = 101325
#             1_pos             2_posf             3_uvel             4_vvel             5_wvel
  -1.3604198660e-01  -1.3626589652e-01   1.1556625870e+00   9.1806436531e-01   1.2347772342e+00
  -1.3558678684e-01  -1.3581807669e-01   1.2561510535e+00   7.8400349090e-01   1.3481401579e+00
  -1.3508375354e-01  -1.3535549698e-01   1.3531190617e+00   6.2649762140e-01   1.4580838708e+00
  -1.3446150118e-01  -1.3481201009e-01   1.4501184783e+00   4.2000500335e-01   1.5680409710e+00
  -1.3373321550e-01  -1.3411099227e-01   1.5298299257e+00   1.6549136371e-01   1.6571534791e+00
  -1.3298633664e-01  -1.3335543872e-01   1.5717439611e+00  -1.0501714297e-01   1.7009250335e+00
  -1.3224616638e-01  -1.3261723456e-01   1.5723942824e+00  -3.7546596098e-01   1.6949292226e+00
  -1.3148930022e-01  -1.3187509821e-01   1.5318457041e+00  -6.4603517324e-01   1.6390995643e+00
  -1.3073688259e-01  -1.3110350223e-01   1.4528336816e+00  -9.0013734887e-01   1.5375795762e+00
  -1.3008325860e-01  -1.3037026294e-01   1.3560580520e+00  -1.1011528146e+00   1.4168783353e+00
  -1.2954970447e-01  -1.2979625425e-01   1.2588619250e+00  -1.2477373506e+00   1.2981631556e+00
  -1.2908049520e-01  -1.2930315470e-01   1.1621816138e+00  -1.3600855946e+00   1.1821507028e+00
  -1.2865086844e-01  -1.2885783570e-01   1.0656236046e+00  -1.4480366794e+00   1.0682342194e+00
  -1.2824779948e-01  -1.2844390118e-01   9.6882511085e-01  -1.5166139659e+00   9.5599368406e-01
  -1.2786319968e-01  -1.2805169777e-01   8.7261632954e-01  -1.5681480512e+00   8.4644007808e-01
  -1.2749155181e-01  -1.2767470159e-01   7.7551130872e-01  -1.6051105719e+00   7.3799726721e-01
  -1.2712877245e-01  -1.2730840204e-01   6.7931664605e-01  -1.6279378865e+00   6.3281907715e-01
  -1.2677158854e-01  -1.2694914286e-01   5.8291439472e-01  -1.6378011753e+00   5.2981752228e-01
  -1.2641728516e-01  -1.2659403422e-01   4.8594534552e-01  -1.6349396302e+00   4.2885017925e-01
  -1.2606340946e-01  -1.2624053610e-01   3.8935086882e-01  -1.6195013782e+00   3.3114977725e-01
  -1.2570763786e-01  -1.2588628282e-01   2.9294832890e-01  -1.5915653182e+00   2.3678435818e-01
  -1.2534766374e-01  -1.2552899291e-01   1.9669755020e-01  -1.5509871352e+00   1.4602881673e-01
  -1.2498101480e-01  -1.2516633457e-01   9.9631603656e-02  -1.4967703771e+00   5.8430307083e-02
  -1.2460498795e-01  -1.2479569503e-01   3.5898527788e-03  -1.4293980893e+00  -2.3879967223e-02
  -1.2421640064e-01  -1.2441428086e-01  -9.3434808304e-02  -1.3466029930e+00  -1.0200954217e-01
  -1.2381137670e-01  -1.2401852043e-01  -1.8973845401e-01  -1.2486216401e+00  -1.7380302261e-01
  -1.2338498171e-01  -1.2360423297e-01  -2.8643937648e-01  -1.1328761008e+00  -2.3915672657e-01
  -1.2293054625e-01  -1.2316573046e-01  -3.8289042144e-01  -9.9801051505e-01  -2.9633994611e-01
  -1.2243853017e-01  -1.2269536205e-01  -4.7959161165e-01  -8.4038775435e-01  -3.4389381412e-01
  -1.2189423189e-01  -1.2218169829e-01  -5.7613283821e-01  -6.5632716852e-01  -3.7907627357e-01
  -1.2127240234e-01  -1.2160676548e-01  -6.7286846455e-01  -4.3823570265e-01  -3.9806568805e-01
  -1.2055514045e-01  -1.2093803920e-01  -7.6619313066e-01  -1.8428906343e-01  -3.9454991683e-01
  -1.1976836044e-01  -1.2017224169e-01  -8.4607998411e-01   8.5821310091e-02  -3.6471830617e-01
  -1.1891567354e-01  -1.1936447919e-01  -9.0698920975e-01   3.5702361207e-01  -3.0962512235e-01
  -1.1792046283e-01  -1.1846686789e-01  -9.4584213573e-01   6.2884782915e-01  -2.2955055602e-01
  -1.1652350099e-01  -1.1737405776e-01  -9.4591685983e-01   9.0532728398e-01  -1.2115517365e-01
  -1.1491847361e-01  -1.1567294423e-01  -8.7999077856e-01   1.0706590545e+00  -4.5495049581e-02
  -1.1365838347e-01  -1.1416400299e-01  -7.8157124994e-01   1.0915396182e+00  -4.5584337892e-02
  -1.1274084034e-01  -1.1315276394e-01  -6.8469511754e-01   1.0553061733e+00  -8.3353057995e-02
  -1.1196959528e-01  -1.1232891674e-01  -5.8815143082e-01   9.9938474254e-01  -1.3667517542e-01
  -1.1128501981e-01  -1.1161027382e-01  -4.9149467752e-01   9.3467574556e-01  -1.9718422705e-01
  -1.1065795339e-01  -1.1095976579e-01  -3.9507787977e-01   8.6609397018e-01  -2.5997359550e-01
  -1.1007093035e-01  -1.1035614100e-01  -2.9852983527e-01   7.9548264846e-01  -3.2236802475e-01
  -1.0951213763e-01  -1.0978571970e-01  -2.0204782808e-01   7.2382338655e-01  -3.8227489723e-01
  -1.0897268752e-01  -1.0923855557e-01  -1.0550460497e-01   6.5115166781e-01  -4.3835328371e-01
  -1.0844527376e-01  -1.0870681947e-01  -9.1099943327e-03   5.7729134983e-01  -4.8939225619e-01
  -1.0792329670e-01  -1.0818372805e-01   8.7510559381e-02   5.0124719548e-01  -5.3465412834e-01
  -1.0740015922e-01  -1.0766286536e-01   1.8410640215e-01   4.2213109022e-01  -5.7312161688e-01
  -1.0686852079e-01  -1.0713745308e-01   2.8056605386e-01   3.3852003118e-01  -6.0385313876e-01
  -1.0631922734e-01  -1.0659958850e-01   3.7712887782e-01   2.4801692705e-01  -6.2581901177e-01
  -1.0573930653e-01  -1.0603886617e-01   4.7376846681e-01   1.4727601007e-01  -6.3744720712e-01
  -1.0510746994e-01  -1.0543974689e-01   5.7043919729e-01   3.0693826129e-02  -6.3627649279e-01
  -1.0438018646e-01  -1.0477519299e-01   6.6753807824e-01  -1.1373073385e-01  -6.1745387234e-01
  -1.0345351946e-01  -1.0398517994e-01   7.6332336761e-01  -3.1477733085e-01  -5.6885239261e-01
  -1.0238292209e-01  -1.0292185899e-01   8.2926495347e-01  -5.6991093353e-01  -4.8638918375e-01
  -1.0133873072e-01  -1.0184398520e-01   8.4099933726e-01  -8.3960959564e-01  -3.8828762372e-01
  -1.0034178074e-01  -1.0083347623e-01   8.0090384362e-01  -1.1097831960e+00  -2.8881101969e-01
  -9.9411205550e-02  -9.9850085245e-02   7.2015811382e-01  -1.3635944270e+00  -1.9969604718e-01
  -9.8629862324e-02  -9.8972325855e-02   6.2298616904e-01  -1.5707520738e+00  -1.3244344568e-01
  -9.7990832537e-02  -9.8287398793e-02   5.2617170898e-01  -1.7305621789e+00  -8.5064832823e-02
  -9.7423524377e-02  -9.7694266281e-02   4.2940669936e-01  -1.8619923269e+00  -4.9605397965e-02
  -9.6897467851e-02  -9.7152782473e-02   3.3258422347e-01  -1.9724335578e+00  -2.2661262992e-02
  -9.6395662302e-02  -9.6642153229e-02   2.3621898055e-01  -2.0649398705e+00  -2.4315871329e-03
  -9.5906688199e-02  -9.6149171376e-02   1.3963643213e-01  -2.1419136424e+00   1.2466451889e-02
  -9.5421564143e-02  -9.5664205022e-02   4.3010808356e-02  -2.2036772635e+00   2.2841907824e-02
  -9.4931959210e-02  -9.5178923265e-02  -5.3757513142e-02  -2.2498736731e+00   2.9373020475e-02
  -9.4428947923e-02  -9.4684995155e-02  -1.5015559974e-01  -2.2790210055e+00   3.2640643357e-02
  -9.3901362076e-02  -9.4172900691e-02  -2.4683462637e-01  -2.2887470722e+00   3.3281048494e-02
  -9.3332875545e-02  -9.3629823461e-02  -3.4355767610e-01  -2.2741643068e+00   3.2031533672e-02
  -9.2695120653e-02  -9.3035927628e-02  -4.4035413431e-01  -2.2260915913e+00   3.0083581998e-02
  -9.1923301892e-02  -9.2354313677e-02  -5.3769492976e-01  -2.1226475593e+00   3.0044374296e-02
  -9.0952361009e-02  -9.1492290108e-02  -6.2520950774e-01  -1.9246972749e+00   3.9033669658e-02
  -8.9973633699e-02  -9.0412431910e-02  -6.7270901401e-01  -1.6573320743e+00   6.3325771991e-02
  -8.9153581359e-02  -8.9534835489e-02  -6.7931250651e-01  -1.3862651675e+00   9.8980383996e-02
  -8.8422796960e-02  -8.8772327229e-02  -6.6098042888e-01  -1.1152614735e+00   1.4335039057e-01
  -8.7741601127e-02  -8.8073266691e-02  -6.2523970788e-01  -8.4507729723e-01   1.9459783710e-01
  -8.7086945966e-02  -8.7409935563e-02  -5.7570280180e-01  -5.7401764971e-01   2.5164526593e-01
  -8.6442076331e-02  -8.6763956369e-02  -5.1486027364e-01  -3.0411878839e-01   3.1269708675e-01
  -8.5791820328e-02  -8.6120196293e-02  -4.4310833880e-01  -3.2829259896e-02   3.7680999966e-01
  -8.5119175094e-02  -8.5463444364e-02  -3.6105810179e-01   2.3745928791e-01   4.4147612621e-01
  -8.4416339625e-02  -8.4774905825e-02  -2.6915794995e-01   5.0269448530e-01   5.0291812824e-01
  -8.3705768738e-02  -8.4057773425e-02  -1.7279687342e-01   7.4470007876e-01   5.5325119329e-01
  -8.3000340667e-02  -8.3353764051e-02  -7.6429548432e-02   9.5103039200e-01   5.8596999013e-01
  -8.2283584769e-02  -8.2646917283e-02   2.0223694841e-02   1.1199572179e+00   5.9646634999e-01
  -8.1537436033e-02  -8.1920252255e-02   1.1655590917e-01   1.2449050392e+00   5.7820207307e-01
  -8.0738785166e-02  -8.1154619810e-02   2.1308360092e-01   1.3167153734e+00   5.2165538280e-01
  -7.9850295540e-02  -8.0322950522e-02   3.0966633065e-01   1.3175114723e+00   4.1155270360e-01
  -7.8912714876e-02  -7.9377640558e-02   3.9697786622e-01   1.2304826236e+00   2.4404771498e-01
  -7.8057165402e-02  -7.8447789194e-02   4.6134141593e-01   1.0785375459e+00   5.1743110444e-02
  -7.7309713815e-02  -7.7666541611e-02   5.0406966339e-01   8.9545800282e-01  -1.4055607929e-01
  -7.6608615056e-02  -7.6952886020e-02   5.3136021477e-01   6.9086736969e-01  -3.3223743054e-01
  -7.5916059696e-02  -7.6264344092e-02   5.4525091595e-01   4.6662619961e-01  -5.2402698352e-01
  -7.5195279254e-02  -7.5567775300e-02   5.4478578372e-01   2.2074268309e-01  -7.1627504405e-01
  -7.4420129629e-02  -7.4822783208e-02   5.2615260764e-01  -4.3597835226e-02  -9.0203754639e-01
  -7.3573332389e-02  -7.4017476050e-02   4.8308228100e-01  -3.1501319898e-01  -1.0652185053e+00
  -7.2650559854e-02  -7.3129188728e-02   4.0818941364e-01  -5.6994044336e-01  -1.1790844304e+00
  -7.1790662252e-02  -7.2171930981e-02   3.1268744274e-01  -7.5402784887e-01  -1.2142220684e+00
  -7.1085869666e-02  -7.1409393524e-02   2.1573270768e-01  -8.5692870239e-01  -1.1845634633e+00
  -7.0473367778e-02  -7.0762345808e-02   1.1924967461e-01  -9.0761711282e-01  -1.1149743793e+00
  -6.9918133575e-02  -7.0184389747e-02   2.2459794417e-02  -9.2189637174e-01  -1.0169268520e+00
  -6.9400979740e-02  -6.9651877403e-02  -7.3905739911e-02  -9.0831210900e-01  -8.9792767777e-01
  -6.8909587890e-02  -6.9150082077e-02  -1.7064224972e-01  -8.7222175932e-01  -7.6128237909e-01
  -6.8435155708e-02  -6.8669093703e-02  -2.6704088076e-01  -8.1747594880e-01  -6.1082331331e-01
  -6.7970637910e-02  -6.8201217713e-02  -3.6390091650e-01  -7.4605480082e-01  -4.4725452432e-01
  -6.7509810467e-02  -6.7740058108e-02  -4.6035103858e-01  -6.6022640261e-01  -2.7339337246e-01
  -6.7046828913e-02  -6.7279562825e-02  -5.5676039994e-01  -5.6076775348e-01  -8.9546046613e-02
  -6.6582880908e-02  -6.6814095002e-02  -6.5152588372e-01  -4.5003775974e-01   1.0053471498e-01
  -6.6121171992e-02  -6.6351666815e-02  -7.4275902337e-01  -3.3090518983e-01   2.9237494652e-01
  -6.5656578762e-02  -6.5890677169e-02  -8.2993182111e-01  -2.0444140889e-01   4.8435620150e-01
  -6.5179869801e-02  -6.5422480355e-02  -9.1274039646e-01  -7.0763535709e-02   6.7576377122e-01
  -6.4679446602e-02  -6.4937259246e-02  -9.9141801830e-01   7.2277328444e-02   8.6801522562e-01
  -6.4138123091e-02  -6.4421633958e-02  -1.0644064640e+00   2.2594277052e-01   1.0596153976e+00
  -6.3524439538e-02  -6.3854612223e-02  -1.1301661998e+00   3.9667361973e-01   1.2522509113e+00
  -6.2757808395e-02  -6.3194266852e-02  -1.1826551070e+00   5.9860756203e-01   1.4462706976e+00
  -6.1716319634e-02  -6.2321349939e-02  -1.1956489545e+00   8.4586470107e-01   1.6151593280e+00
  -6.0598763766e-02  -6.1111289330e-02  -1.1342430502e+00   1.0729856842e+00   1.6735210517e+00
  -5.9756348750e-02  -6.0086238202e-02  -1.0350953408e+00   1.2168354493e+00   1.6332714288e+00
  -5.9160079800e-02  -5.9426459298e-02  -9.3782346691e-01   1.3047773478e+00   1.5635220754e+00
  -5.8661466090e-02  -5.8893700302e-02  -8.4102787873e-01   1.3703833687e+00   1.4829169039e+00
  -5.8218623948e-02  -5.8429231877e-02  -7.4433364757e-01   1.4231758912e+00   1.3968290313e+00
  -5.7812265458e-02  -5.8008016020e-02  -6.4769629412e-01   1.4674137245e+00   1.3078760373e+00
  -5.7431436165e-02  -5.7616514897e-02  -5.5116513543e-01   1.5054380190e+00   1.2176359065e+00
  -5.7069118234e-02  -5.7246357434e-02  -4.5475210110e-01   1.5386920843e+00   1.1271127586e+00
  -5.6720454194e-02  -5.6891879035e-02  -3.5787741643e-01   1.5682833942e+00   1.0364706971e+00
  -5.6381817731e-02  -5.6549029353e-02  -2.6121748593e-01   1.5946149289e+00   9.4688995301e-01
  -5.6050323589e-02  -5.6214606109e-02  -1.6449245281e-01   1.6181987280e+00   8.5855490385e-01
  -5.5723588141e-02  -5.5886041068e-02  -6.8042178172e-02   1.6392428590e+00   7.7215210150e-01
  -5.5399539224e-02  -5.5561135214e-02   2.8271003784e-02   1.6579669695e+00   6.8788732227e-01
  -5.5076296087e-02  -5.5237943233e-02   1.2455660764e-01   1.6744793824e+00   6.0598370015e-01
  -5.4752038293e-02  -5.4914648941e-02   2.2186713374e-01   1.6889136963e+00   5.2593197841e-01
  -5.4424932554e-02  -5.4589427645e-02   3.1822204809e-01   1.7008960277e+00   4.4971198976e-01
  -5.4093061379e-02  -5.4260437462e-02   4.1467089592e-01   1.7104419809e+00   3.7680781627e-01
  -5.3754302048e-02  -5.3925685296e-02   5.1120957553e-01   1.7172931931e+00   3.0764691261e-01
  -5.3406210711e-02  -5.3582918800e-02   6.0768398600e-01   1.7210770273e+00   2.4281531599e-01
  -5.3045843873e-02  -5.3229502623e-02   7.0422564126e-01   1.7212905227e+00   1.8278988052e-01
  -5.2669465505e-02  -5.2862185122e-02   8.0101477326e-01   1.7172000345e+00   1.2818268445e-01
  -5.2272176625e-02  -5.2476745888e-02   8.9752311367e-01   1.7078139458e+00   8.0181762142e-02
  -5.1847147163e-02  -5.2067607362e-02   9.9417430048e-01   1.6916254365e+00   3.9740693083e-02
  -5.1384142996e-02  -5.1626686964e-02   1.0908285949e+00   1.6663568732e+00   8.6154338298e-03
  -5.0866416018e-02  -5.1141599028e-02   1.1875249301e+00   1.6281845429e+00  -1.0621869882e-02
  -5.0262304347e-02  -5.0591233008e-02   1.2843620152e+00   1.5698380325e+00  -1.3477080056e-02
  -4.9492629138e-02  -4.9933375686e-02   1.3820431180e+00   1.4729531944e+00   1.0302820079e-02
  -4.8391451347e-02  -4.9051882591e-02   1.4711023653e+00   1.2903203749e+00   8.6254645326e-02
  -4.7156682098e-02  -4.7731020104e-02   1.5073520853e+00   1.0307623259e+00   2.0504594113e-01
  -4.6081601162e-02  -4.6582344093e-02   1.4865771613e+00   7.6064548806e-01   3.1719154826e-01
  -4.5122747377e-02  -4.5580858231e-02   1.4313553313e+00   4.9030772917e-01   4.0828543699e-01
  -4.4232808741e-02  -4.4664636522e-02   1.3529425913e+00   2.2065733495e-01   4.7510292408e-01
  -4.3415769912e-02  -4.3800980960e-02   1.2602075129e+00  -3.9556395309e-02   5.1613831842e-01
  -4.2694661658e-02  -4.3030558865e-02   1.1636051015e+00  -2.7533119839e-01   5.3326617796e-01
  -4.2054693869e-02  -4.2358764451e-02   1.0670441553e+00  -4.8742284807e-01   5.3236458040e-01
  -4.1469053190e-02  -4.1750623287e-02   9.7044073140e-01  -6.8188860916e-01   5.1795619535e-01
  -4.0922592628e-02  -4.1187483093e-02   8.7403050594e-01  -8.6144975449e-01   4.9295756631e-01
  -4.0405543014e-02  -4.0657702164e-02   7.7744907917e-01  -1.0286339986e+00   4.5923178442e-01
  -3.9910975976e-02  -4.0153383865e-02   6.8101744440e-01  -1.1839656210e+00   4.1826957468e-01
  -3.9433566142e-02  -3.9668568086e-02   5.8441235673e-01  -1.3285684324e+00   3.7092987610e-01
  -3.8968959621e-02  -3.9198564197e-02   4.8792081429e-01  -1.4622428037e+00   3.1804544342e-01
  -3.8513350213e-02  -3.8739355045e-02   3.9164416939e-01  -1.5848661199e+00   2.6016739229e-01
  -3.8063245656e-02  -3.8287345380e-02   2.9470049005e-01  -1.6971108840e+00   1.9696757147e-01
  -3.7615212061e-02  -3.7839145932e-02   1.9846509072e-01  -1.7967389364e+00   1.2939477747e-01
  -3.7165656124e-02  -3.7391278190e-02   1.0187020256e-01  -1.8839336367e+00   5.6578911952e-02
  -3.6710584341e-02  -3.6940034058e-02   5.2069591859e-03  -1.9568232981e+00  -2.1706817595e-02
  -3.6245257735e-02  -3.6481134624e-02  -9.1236052499e-02  -2.0131161568e+00  -1.0590915269e-01
  -3.5763645061e-02  -3.6009380846e-02  -1.8776056336e-01  -2.0499562121e+00  -1.9739761780e-01
  -3.5257416821e-02  -3.5517909275e-02  -2.8439729769e-01  -2.0626483340e+00  -2.9801760153e-01
  -3.4714030317e-02  -3.4996924367e-02  -3.8102717194e-01  -2.0437975523e+00  -4.1058920062e-01
  -3.4112246476e-02  -3.4431136267e-02  -4.7765057515e-01  -1.9806863525e+00  -5.4029068473e-01
  -3.3411442086e-02  -3.3793356686e-02  -5.7449697241e-01  -1.8469976974e+00  -6.9821236726e-01
  -3.2644180772e-02  -3.3029527487e-02  -6.5849605076e-01  -1.6260231921e+00  -8.7774968967e-01
  -3.1946525383e-02  -3.2258834057e-02  -7.1375014575e-01  -1.3576383151e+00  -1.0465458659e+00
  -3.1366466856e-02  -3.1634216708e-02  -7.4364332896e-01  -1.0859896735e+00  -1.1904990369e+00
  -3.0858319538e-02  -3.1098717004e-02  -7.5804879988e-01  -8.1501400105e-01  -1.3184445850e+00
  -3.0395764039e-02  -3.0617922072e-02  -7.6210276471e-01  -5.4446242880e-01  -1.4358258016e+00
  -2.9964121575e-02  -3.0173606005e-02  -7.5864234798e-01  -2.7296204815e-01  -1.5461011723e+00
  -2.9553917242e-02  -2.9754637145e-02  -7.4951841996e-01  -2.7310451813e-03  -1.6501635131e+00
  -2.9158364939e-02  -2.9353197340e-02  -7.3595303837e-01   2.6801421116e-01  -1.7499058863e+00
  -2.8772215217e-02  -2.8963532539e-02  -7.1880727582e-01   5.3964428887e-01  -1.8462265714e+00
  -2.8390956648e-02  -2.8580897895e-02  -6.9903135053e-01   8.0896194581e-01  -1.9385866506e+00
  -2.8010372075e-02  -2.8201015400e-02  -6.7683386621e-01   1.0810260638e+00  -2.0290903958e+00
  -2.7626135711e-02  -2.7819728750e-02  -6.5307979287e-01   1.3512715115e+00  -2.1164275816e+00
  -2.7233328119e-02  -2.7432542671e-02  -6.2808133514e-01   1.6217530295e+00  -2.2013815060e+00
  -2.6825711123e-02  -2.7034113566e-02  -6.0225316339e-01   1.8930706734e+00  -2.2840429243e+00
  -2.6394528093e-02  -2.6617308680e-02  -5.7630173361e-01   2.1635345929e+00  -2.3635881869e+00
  -2.5925659343e-02  -2.6171747506e-02  -5.5076586889e-01   2.4351054506e+00  -2.4398602751e+00
  -2.5391665830e-02  -2.5679571181e-02  -5.2688163110e-01   2.7075038533e+00  -2.5110484896e+00
  -2.4716757745e-02  -2.5103760479e-02  -5.0741770226e-01   2.9821362644e+00  -2.5724775903e+00
  -2.3455261212e-02  -2.4329755010e-02  -5.1388379761e-01   3.2320125890e+00  -2.5787792270e+00
  -2.2085678445e-02  -2.2580767415e-02  -5.7972449826e-01   3.1325715742e+00  -2.4290857448e+00
  -2.1286981977e-02  -2.1590589476e-02  -6.4973874910e-01   2.8592430406e+00  -2.2464701175e+00
  -2.0745057411e-02  -2.0983374477e-02  -7.0848041262e-01   2.5858651486e+00  -2.0813517378e+00
  -2.0301889877e-02  -2.0506740344e-02  -7.6177478917e-01   2.3140993077e+00  -1.9226609927e+00
  -1.9913060504e-02  -2.0097039410e-02  -8.1167745138e-01   2.0419337339e+00  -1.7661130313e+00
  -1.9559276104e-02  -1.9729081598e-02  -8.5847040269e-01   1.7719412610e+00  -1.6118165219e+00
  -1.9229911895e-02  -1.9389470610e-02  -9.0294753987e-01   1.5019775871e+00  -1.4577888138e+00
  -1.8918489464e-02  -1.9070353180e-02  -9.4576272074e-01   1.2291470085e+00  -1.3018950393e+00
  -1.8620477328e-02  -1.8766625747e-02  -9.8598845110e-01   9.6028753990e-01  -1.1476997509e+00
  -1.8332522025e-02  -1.8474328909e-02  -1.0246018038e+00   6.8956218294e-01  -9.9159451102e-01
  -1.8052129095e-02  -1.8190715141e-02  -1.0615286527e+00   4.1739136714e-01  -8.3356862160e-01
  -1.7777207914e-02  -1.7913543050e-02  -1.0963149594e+00   1.4714360813e-01  -6.7536845105e-01
  -1.7505965951e-02  -1.7640872779e-02  -1.1292228087e+00  -1.2327413021e-01  -5.1558005187e-01
  -1.7236824599e-02  -1.7371059124e-02  -1.1602149847e+00  -3.9411204488e-01  -3.5383823018e-01
  -1.6968296402e-02  -1.7102590074e-02  -1.1892021267e+00  -6.6549545955e-01  -1.8982651129e-01
  -1.6698914621e-02  -1.6834002731e-02  -1.2159166015e+00  -9.3601326602e-01  -2.4146883118e-02
  -1.6427169507e-02  -1.6563826511e-02  -1.2402898823e+00  -1.2064319459e+00   1.4394803093e-01
  -1.6151430106e-02  -1.6290512503e-02  -1.2621114006e+00  -1.4766590969e+00   3.1474372282e-01
  -1.5869809376e-02  -1.6012347708e-02  -1.2812536207e+00  -1.7489690585e+00   4.9015334228e-01
  -1.5580069973e-02  -1.5727271044e-02  -1.2970829811e+00  -2.0195933995e+00   6.6830665341e-01
  -1.5279501165e-02  -1.5432868902e-02  -1.3091829471e+00  -2.2879923949e+00   8.4944065930e-01
  -1.4964938067e-02  -1.5126133427e-02  -1.3171219939e+00  -2.5611134089e+00   1.0393068670e+00
  -1.4637146930e-02  -1.4803742707e-02  -1.3196715533e+00  -2.8255476025e+00   1.2297964749e+00
  -1.4297873140e-02  -1.4470551153e-02  -1.3160862675e+00  -3.0802120093e+00   1.4212353698e+00
  -1.3944510594e-02  -1.4125195126e-02  -1.3054171749e+00  -3.3213788330e+00   1.6122997332e+00
  -1.3572358115e-02  -1.3763826062e-02  -1.2860777067e+00  -3.5491901748e+00   1.8053873159e+00
  -1.3174875500e-02  -1.3380890168e-02  -1.2565807251e+00  -3.7551139512e+00   1.9964390613e+00
  -1.2742109850e-02  -1.2968860832e-02  -1.2137110316e+00  -3.9367909594e+00   2.1883108478e+00
  -1.2256946987e-02  -1.2515358869e-02  -1.1526466820e+00  -4.0838164387e+00   2.3802291935e+00
  -1.1718336440e-02  -1.1998535105e-02  -1.0691121975e+00  -4.1755307705e+00   2.5631542321e+00
  -1.1193059377e-02  -1.1438137774e-02  -9.7288391174e-01  -4.1923753059e+00   2.7091548957e+00
  -1.0727479694e-02  -1.0947980981e-02  -8.7632715287e-01  -4.1470123917e+00   2.8100244082e+00
  -1.0303250835e-02  -1.0506978406e-02  -7.7960750292e-01  -4.0576793791e+00   2.8785541944e+00
  -9.9077854931e-03  -1.0099523263e-02  -6.8291438728e-01  -3.9350508874e+00   2.9219914385e+00
  -9.5330771424e-03  -9.7160477230e-03  -5.8651323703e-01  -3.7863683592e+00   2.9449796090e+00
  -9.1736076284e-03  -9.3501065617e-03  -4.9005920834e-01  -3.6157393741e+00   2.9506959954e+00
  -8.8253211853e-03  -8.9971086951e-03  -3.9332407617e-01  -3.4258907381e+00   2.9411093512e+00
  -8.4850049301e-03  -8.6535336755e-03  -2.9657642914e-01  -3.2196696216e+00   2.9175708388e+00
  -8.1499536514e-03  -8.3164761847e-03  -1.9992812868e-01  -2.9991919904e+00   2.8810753407e+00
  -7.8177781915e-03  -7.9834311182e-03  -1.0338438211e-01  -2.7659498751e+00   2.8322493561e+00
  -7.4862495642e-03  -7.6521252648e-03  -6.8906488786e-03  -2.5209458760e+00   2.7713575216e+00
  -7.1531594654e-03  -7.3203738635e-03   8.9622264152e-02  -2.2648449616e+00   2.6983194093e+00
  -6.8173342013e-03  -6.9859450673e-03   1.8585673385e-01  -1.9990926033e+00   2.6130612906e+00
  -6.4817503605e-03  -6.6487233352e-03   2.8022366824e-01  -1.7288283174e+00   2.5167518189e+00
  -6.1482623366e-03  -6.3147773857e-03   3.7158601149e-01  -1.4582164492e+00   2.4104995696e+00
  -5.8140771209e-03  -5.9817472875e-03   4.6016068577e-01  -1.1874393327e+00   2.2938897344e+00
  -5.4758865797e-03  -5.6464069544e-03   5.4617016771e-01  -9.1635250561e-01   2.1659863092e+00
  -5.1300605202e-03  -5.3053662051e-03   6.2964089729e-01  -6.4514330734e-01   2.0255379037e+00
  -4.7722924760e-03  -4.9547548354e-03   7.1033986818e-01  -3.7460946477e-01   1.8710860867e+00
  -4.3970996373e-03  -4.5898301166e-03   7.8837958442e-01  -1.0404966929e-01   1.6994367777e+00
  -4.0105854088e-03  -4.2043691580e-03   8.6098458990e-01   1.5720623699e-01   1.5134746405e+00
  -3.6309710553e-03  -3.8168016596e-03   9.2464089642e-01   3.9618272835e-01   1.3205726150e+00
  -3.2655264683e-03  -3.4451404509e-03   9.7705389554e-01   6.0279555860e-01   1.1298296503e+00
  -2.9112511971e-03  -3.0859124858e-03   1.0200787241e+00   7.8256212367e-01   9.3834599340e-01
  -2.5658299986e-03  -2.7365899085e-03   1.0542314308e+00   9.3635978503e-01   7.4653093600e-01
  -2.2273088875e-03  -2.3950700887e-03   1.0799935795e+00   1.0651046125e+00   5.5471904553e-01
  -1.8939860464e-03  -2.0595476863e-03   1.0978200678e+00   1.1697722281e+00   3.6308003825e-01
  -1.5643302776e-03  -1.7284244065e-03   1.1081139859e+00   1.2512899192e+00   1.7165370775e-01
  -1.2369131163e-03  -1.4002361487e-03   1.1112091461e+00   1.3104547086e+00  -1.9616852505e-02
  -9.1034788590e-04  -1.0735900838e-03   1.1073592625e+00   1.3478744843e+00  -2.1085228500e-01
  -5.8322050610e-04  -7.4710568802e-04   1.0966154569e+00   1.3638896927e+00  -4.0348467306e-01
  -2.5403406516e-04  -4.1933532419e-04   1.0792172189e+00   1.3584367417e+00  -5.9501317222e-01
   7.8847331097e-05  -8.8732806140e-05   1.0552249643e+00   1.3318021255e+00  -7.8639829899e-01
   4.1729556031e-04   2.4642746833e-04   1.0245928832e+00   1.2837624492e+00  -9.7790163578e-01
   7.6354189140e-04   5.8816365229e-04   9.8724910561e-01   1.2138951457e+00  -1.1693251682e+00
   1.1203674593e-03   9.3892013051e-04   9.4291977452e-01   1.1212492176e+00  -1.3609353366e+00
   1.4914382598e-03   1.3018147881e-03   8.9105383834e-01   1.0040359208e+00  -1.5532504340e+00
   1.8817441346e-03   1.6810617315e-03   8.3149419019e-01   8.6116867987e-01  -1.7446475345e+00
   2.2985549396e-03   2.0824265377e-03   7.6308891920e-01   6.8897660097e-01  -1.9359742279e+00
   2.7537008235e-03   2.5146833416e-03   6.8370985754e-01   4.8062867830e-01  -2.1282651283e+00
   3.2544429174e-03   2.9927183054e-03   5.9302235132e-01   2.3341933762e-01  -2.3159366364e+00
   3.7729307900e-03   3.5161675295e-03   4.9802140242e-01  -3.4499208171e-02  -2.4807317860e+00
   4.2840164098e-03   4.0296940506e-03   4.0467285344e-01  -3.0593385674e-01  -2.6122371956e+00
   4.7967140614e-03   4.5383387691e-03   3.1420759332e-01  -5.7633809184e-01  -2.7099179987e+00
   5.3248352743e-03   5.0550893537e-03   2.2582899188e-01  -8.4734889441e-01  -2.7736606900e+00
   5.8861744731e-03   5.5945811949e-03   1.3941992465e-01  -1.1188310319e+00  -2.7987998698e+00
   6.5103192212e-03   6.1777677512e-03   5.4926661517e-02  -1.3903074135e+00  -2.7746536053e+00
   7.2544692278e-03   6.8428706912e-03  -2.7644484547e-02  -1.6600445499e+00  -2.6754081621e+00
   8.0128759098e-03   7.6660677644e-03  -9.0540929012e-02  -1.8644551165e+00  -2.5026791755e+00
   8.6372225625e-03   8.3596840551e-03  -1.2527009097e-01  -1.9700794527e+00  -2.3095025175e+00
   9.1571287458e-03   8.9147610698e-03  -1.4254165378e-01  -2.0108308146e+00  -2.1173191992e+00
   9.6204026022e-03   9.3994964219e-03  -1.4946661113e-01  -2.0095619349e+00  -1.9247501659e+00
   1.0048126120e-02   9.8413087826e-03  -1.4920286429e-01  -1.9765847788e+00  -1.7334296428e+00
   1.0452093051e-02   1.0254943458e-02  -1.4356917106e-01  -1.9173471630e+00  -1.5418347648e+00
   1.0839767802e-02   1.0649242644e-02  -1.3366799660e-01  -1.8351534951e+00  -1.3504015887e+00
   1.1216433137e-02   1.1030292961e-02  -1.2014600252e-01  -1.7312607682e+00  -1.1579628018e+00
   1.1586156329e-02   1.1402573314e-02  -1.0370846350e-01  -1.6082185307e+00  -9.6689474508e-01
   1.1952290702e-02   1.1769739343e-02  -8.4608875351e-02  -1.4656890773e+00  -7.7545189083e-01
   1.2317766152e-02   1.2134842061e-02  -6.3027373768e-02  -1.3031178856e+00  -5.8300065048e-01
   1.2685332706e-02   1.2500690244e-02  -3.9503768039e-02  -1.1228861253e+00  -3.9240929054e-01
   1.3057759216e-02   1.2869975169e-02  -1.3700680263e-02  -9.2077620901e-01  -1.9982584990e-01
   1.3437950903e-02   1.3245543263e-02   1.3757315671e-02  -7.0011522500e-01  -9.2477604920e-03
   1.3829187730e-02   1.3630358544e-02   4.3363052150e-02  -4.5534902236e-01   1.8305855973e-01
   1.4228292270e-02   1.4028016916e-02   7.4235339095e-02  -1.9225937624e-01   3.7151937635e-01
   1.4621512493e-02   1.4428567625e-02   1.0503390530e-01   7.8355611069e-02   5.4898500031e-01
   1.5002269223e-02   1.4814457362e-02   1.3481461110e-01   3.4790098707e-01   7.1161472216e-01
   1.5374612268e-02   1.5190081084e-02   1.6406999483e-01   6.2031421886e-01   8.6343255132e-01
   1.5742069641e-02   1.5559143451e-02   1.9226319753e-01   8.8999392930e-01   1.0027047102e+00
   1.6107846194e-02   1.5924995832e-02   2.1982298148e-01   1.1603680475e+00   1.1324427155e+00
   1.6475039831e-02   1.6290696556e-02   2.4687951996e-01   1.4322874320e+00   1.2537786372e+00
   1.6846886656e-02   1.6659383106e-02   2.7303488969e-01   1.7012202322e+00   1.3654751228e+00
   1.7227109402e-02   1.7034390205e-02   2.9897549483e-01   1.9738549774e+00   1.4708463042e+00
   1.7620251726e-02   1.7419828598e-02   3.2412149560e-01   2.2438688296e+00   1.5678439168e+00
   1.8032287995e-02   1.7820674855e-02   3.4877764056e-01   2.5143558284e+00   1.6580547198e+00
   1.8472019089e-02   1.8243901134e-02   3.7295442701e-01   2.7857677690e+00   1.7418056427e+00
   1.8953628459e-02   1.8700137044e-02   3.9640685358e-01   3.0563601629e+00   1.8186797102e+00
   1.9504427894e-02   1.9207119875e-02   4.1911789708e-01   3.3288735039e+00   1.8893133915e+00
   2.0195937297e-02   1.9801735914e-02   4.4023954481e-01   3.6028621224e+00   1.9528384945e+00
   2.1128441545e-02   2.0590138679e-02   4.5401747019e-01   3.8401768174e+00   1.9995939495e+00
   2.2205047276e-02   2.1666744411e-02   4.4647133776e-01   3.9149917475e+00   2.0065824896e+00
   2.3295446732e-02   2.2743350142e-02   4.0942032460e-01   3.7618025830e+00   1.9682560997e+00
   2.4184972188e-02   2.3847543321e-02   3.5699712115e-01   3.4798559131e+00   1.9081538872e+00
   2.4795365084e-02   2.4522401055e-02   3.0888326189e-01   3.2072164337e+00   1.8520818551e+00
   2.5307683017e-02   2.5068329114e-02   2.6153488077e-01   2.9357658547e+00   1.7963277549e+00
   2.5765667685e-02   2.5547036921e-02   2.1424839977e-01   2.6639779160e+00   1.7398619985e+00
   2.6189250902e-02   2.5984298449e-02   1.6720984427e-01   2.3937064050e+00   1.6826424671e+00
   2.6589791231e-02   2.6394203356e-02   1.2012720654e-01   2.1234141797e+00   1.6240311591e+00
   2.6974578206e-02   2.6785379106e-02   7.2791859196e-02   1.8517211504e+00   1.5634313035e+00
   2.7348902114e-02   2.7163777307e-02   2.5846971510e-02   1.5819183880e+00   1.5013139816e+00
   2.7716916402e-02   2.7534026920e-02  -2.1293626654e-02   1.3100452200e+00   1.4364915897e+00
   2.8082116104e-02   2.7899805884e-02  -6.7721431816e-02   1.0405695774e+00   1.3697413366e+00
   2.8447719197e-02   2.8264426323e-02  -1.1401462433e-01   7.6913203621e-01   1.2996608208e+00
   2.8816891659e-02   2.8631012072e-02  -1.5948944529e-01   4.9841726223e-01   1.2265362759e+00
   2.9192998175e-02   2.9002771247e-02  -2.0393081293e-01   2.2802244641e-01   1.1498171647e+00
   2.9579870753e-02   2.9383225104e-02  -2.4698493170e-01  -4.2155722112e-02   1.0689218334e+00
   2.9982262535e-02   2.9776516403e-02  -2.8837164475e-01  -3.1368278696e-01   9.8259236406e-01
   3.0406453205e-02   3.0188008667e-02  -3.2709558112e-01  -5.8494418683e-01   8.9028255192e-01
   3.0861257686e-02   3.0624897744e-02  -3.6199327374e-01  -8.5521719842e-01   7.9084184703e-01
   3.1360460329e-02   3.1097617628e-02  -3.9154555696e-01  -1.1260086886e+00   6.8150766417e-01
   3.1928723167e-02   3.1623303030e-02  -4.1263552597e-01  -1.3977022523e+00   5.5813483662e-01
   3.2620524423e-02   3.2234143303e-02  -4.1839211500e-01  -1.6705731476e+00   4.1216476457e-01
   3.3506038486e-02   3.3006905544e-02  -3.9240732712e-01  -1.9231693346e+00   2.3657307381e-01
   3.4499479212e-02   3.4005171428e-02  -3.2038489308e-01  -2.0828329692e+00   5.8836376116e-02
   3.5370205402e-02   3.4993786996e-02  -2.2372269862e-01  -2.1214558402e+00  -7.6247376589e-02
   3.6071693168e-02   3.5746623809e-02  -1.2671907730e-01  -2.0895378983e+00  -1.6943463463e-01
   3.6697646029e-02   3.6396762528e-02  -2.9988496518e-02  -2.0208228284e+00  -2.4080590680e-01
   3.7289860577e-02   3.6998529530e-02   6.6928537001e-02  -1.9265152626e+00  -2.9872915422e-01
   3.7874240293e-02   3.7581191625e-02   1.6342005344e-01  -1.8117555663e+00  -3.4713640086e-01
   3.8474321519e-02   3.8167288961e-02   2.6022264633e-01  -1.6763195029e+00  -3.8921905136e-01
   3.9121597429e-02   3.8781354076e-02   3.5712093507e-01  -1.5169849641e+00  -4.2719077970e-01
   3.9881999304e-02   3.9461840782e-02   4.5469505919e-01  -1.3205147669e+00  -4.6426874257e-01
   4.0828631525e-02   4.0302157826e-02   5.4173979861e-01  -1.0754811466e+00  -5.0296027107e-01
   4.1931595507e-02   4.1355105224e-02   5.8380477368e-01  -8.0516715852e-01  -5.4298476721e-01
   4.3112678878e-02   4.2508085790e-02   5.4837034797e-01  -5.5016053154e-01  -5.8358206661e-01
   4.4108562533e-02   4.3717271965e-02   4.5599619450e-01  -3.6879545027e-01  -6.1600486830e-01
   4.4805447450e-02   4.4499853101e-02   3.5836130878e-01  -2.6278772822e-01  -6.3612459565e-01
   4.5376915377e-02   4.5111041799e-02   2.6142542358e-01  -1.8884027470e-01  -6.4966977639e-01
   4.5886270385e-02   4.5642788954e-02   1.6470904201e-01  -1.3264673177e-01  -6.5851806792e-01
   4.6359920340e-02   4.6129751817e-02   6.7910079395e-02  -8.8400216907e-02  -6.6324907712e-01
   4.6812804634e-02   4.6590088863e-02  -2.8694905337e-02  -5.3333656767e-02  -6.6395970329e-01
   4.7255180183e-02   4.7035520405e-02  -1.2514679050e-01  -2.5757851324e-02  -6.6053839650e-01
   4.7695328382e-02   4.7474839960e-02  -2.2187283078e-01  -4.6851681338e-03  -6.5260909878e-01
   4.8141145545e-02   4.7915816805e-02  -3.1834608252e-01   1.0158490446e-02  -6.3964727456e-01
   4.8601545427e-02   4.8366474285e-02  -4.1515753142e-01   1.8788020145e-02  -6.2067610619e-01
   4.9088326396e-02   4.8836616569e-02  -5.1175525118e-01   2.0547232909e-02  -5.9440387518e-01
   4.9620155115e-02   4.9340036223e-02  -6.0865106549e-01   1.3975455433e-02  -5.5832060139e-01
   5.0233990665e-02   4.9900274007e-02  -7.0566338998e-01  -4.3626017243e-03  -5.0775709642e-01
   5.1046088369e-02   5.0567707322e-02  -8.0447782006e-01  -4.5853265185e-02  -4.2785146259e-01
   5.2323195059e-02   5.1524469416e-02  -8.7862963467e-01  -1.4660915121e-01  -2.8387905654e-01
   5.3759893390e-02   5.3121920701e-02  -8.4490736102e-01  -2.9633609475e-01  -1.2259226800e-01
   5.4767297920e-02   5.4397866079e-02  -7.4561191882e-01  -4.1458938384e-01  -2.9599489238e-02
   5.5430209815e-02   5.5136729762e-02  -6.4820036639e-01  -4.9265764850e-01   1.3500369135e-02
   5.5979602714e-02   5.5723689867e-02  -5.5116778294e-01  -5.5454283198e-01   3.5375931832e-02
   5.6469079006e-02   5.6235515560e-02  -4.5461671776e-01  -6.0545785682e-01   4.2838875281e-02
   5.6921731828e-02   5.6702642452e-02  -3.5786946142e-01  -6.4791782266e-01   3.8942548115e-02
   5.7350370582e-02   5.7140821204e-02  -2.6140544657e-01  -6.8272562699e-01   2.5303370874e-02
   5.7763318702e-02   5.7559919959e-02  -1.6469973602e-01  -7.1053918427e-01   2.7984348389e-03
   5.8166600616e-02   5.7966717445e-02  -6.8063393673e-02  -7.3136353111e-01  -2.7968235637e-02
   5.8565074727e-02   5.8366483787e-02   2.8460806934e-02  -7.4508231543e-01  -6.6638337425e-02
   5.8963023963e-02   5.8763665668e-02   1.2496066627e-01  -7.5136850803e-01  -1.1310000040e-01
   5.9364613512e-02   5.9162382258e-02   2.2153671394e-01  -7.4961800192e-01  -1.6745155536e-01
   5.9774314177e-02   5.9566844767e-02   3.1819183379e-01  -7.3890294476e-01  -2.2993049146e-01
   6.0197375647e-02   5.9981783588e-02   4.1471692181e-01  -7.1795226263e-01  -3.0080121262e-01
   6.0640584028e-02   6.0412967707e-02   5.1137138704e-01  -6.8479016990e-01  -3.8093623519e-01
   6.1113610365e-02   6.0868200348e-02   6.0800798183e-01  -6.3652218202e-01  -4.7132538010e-01
   6.1631916902e-02   6.1359020381e-02   7.0472925614e-01  -5.6825703978e-01  -5.7392410573e-01
   6.2224558701e-02   6.1904813423e-02   8.0155213362e-01  -4.7094022735e-01  -6.9222022730e-01
   6.2966063109e-02   6.2544303980e-02   8.9946778721e-01  -3.2090296941e-01  -8.3604620684e-01
   6.3899821557e-02   6.3387822238e-02   9.8189954572e-01  -9.4311340738e-02  -9.9780615345e-01
   6.4873108202e-02   6.4411820877e-02   1.0179539031e+00   1.7614542888e-01  -1.1307030138e+00
   6.5777805141e-02   6.5334395526e-02   1.0039552773e+00   4.4697004306e-01  -1.2091686069e+00
   6.6672802026e-02   6.6221214756e-02   9.4732682302e-01   7.1771389858e-01  -1.2365974612e+00
   6.7518084252e-02   6.7124389295e-02   8.5953632134e-01   9.6145903643e-01  -1.2147864350e+00
   6.8237591818e-02   6.7911779209e-02   7.6232281907e-01   1.1492376759e+00  -1.1597515644e+00
   6.8855787374e-02   6.8563404428e-02   6.6562701485e-01   1.2888406980e+00  -1.0871959275e+00
   6.9422109200e-02   6.9148170321e-02   5.6890171965e-01   1.3949408666e+00  -1.0021593671e+00
   6.9960305874e-02   6.9696048079e-02   4.7213623694e-01   1.4731724485e+00  -9.0701715223e-01
   7.0485428210e-02   7.0224563668e-02   3.7565390564e-01   1.5258049460e+00  -8.0332362411e-01
   7.1009158997e-02   7.0746292752e-02   2.7921579674e-01   1.5536508501e+00  -6.9139029757e-01
   7.1542519662e-02   7.1272025243e-02   1.8253455119e-01   1.5556920894e+00  -5.7085361786e-01
   7.2098122824e-02   7.1813014081e-02   8.5724799715e-02   1.5290854021e+00  -4.4129597429e-01
   7.2693055065e-02   7.2383231567e-02  -1.0793474526e-02   1.4690929872e+00  -3.0215609798e-01
   7.3355264391e-02   7.3002878562e-02  -1.0752580659e-01   1.3662968780e+00  -1.5043152903e-01
   7.4142753279e-02   7.3707650220e-02  -2.0469780111e-01   1.2006767842e+00   1.9310538666e-02
   7.5062503782e-02   7.4577856339e-02  -2.9071076393e-01   9.6326691216e-01   1.9389420424e-01
   7.6006724409e-02   7.5547151225e-02  -3.4761272584e-01   6.9181972572e-01   3.3882179233e-01
   7.6949201702e-02   7.6466297592e-02  -3.7387695476e-01   4.2008303729e-01   4.4159826366e-01
   7.8024180942e-02   7.7432105812e-02  -3.7329007789e-01   1.4631852801e-01   5.0431167706e-01
   7.9788499152e-02   7.8616256072e-02  -3.3316441413e-01  -1.1710930424e-01   4.8718893614e-01
   8.1927139384e-02   8.0960742233e-02  -2.9428789510e-01  -7.6614662968e-02   3.4748823951e-01
   8.3495909908e-02   8.2893536535e-02  -3.1520730546e-01   1.9437403276e-01   2.2417081461e-01
   8.4639851431e-02   8.4098283280e-02  -3.6906310813e-01   4.6779436069e-01   1.6478948189e-01
   8.5748864669e-02   8.5181419582e-02  -4.4788319006e-01   7.3585580651e-01   1.5571617113e-01
   8.6862454957e-02   8.6316309755e-02  -5.4252116190e-01   9.6079102306e-01   2.0758201578e-01
   8.7993310745e-02   8.7408600159e-02  -6.3899634812e-01   1.1034473841e+00   3.2945299317e-01
   8.9084728723e-02   8.8578021331e-02  -7.1568072681e-01   1.1390334094e+00   5.0746460412e-01
   9.0027690277e-02   8.9591436116e-02  -7.5609404016e-01   1.0829657154e+00   7.0005239407e-01
   9.0875622494e-02   9.0463944439e-02  -7.6373647099e-01   9.6890604337e-01   8.9193562451e-01
   9.1703869581e-02   9.1287300549e-02  -7.4028284293e-01   8.0981766947e-01   1.0839093772e+00
   9.2570922967e-02   9.2120438613e-02  -6.8048436312e-01   6.0745776142e-01   1.2748693691e+00
   9.3399047586e-02   9.3021407321e-02  -5.9094494007e-01   3.9626806234e-01   1.4337976030e+00
   9.4086470882e-02   9.3776687851e-02  -4.9378515119e-01   2.1794075618e-01   1.5385477575e+00
   9.4670639816e-02   9.4396253913e-02  -3.9698909905e-01   7.0724345903e-02   1.6023231229e+00
   9.5198507260e-02   9.4945025719e-02  -3.0049737818e-01  -5.4981078314e-02   1.6367579201e+00
   9.5692752060e-02   9.5451988800e-02  -2.0367810982e-01  -1.6476837953e-01   1.6471042154e+00
   9.6167159048e-02   9.5933515319e-02  -1.0701074878e-01  -2.6100089521e-01   1.6356437669e+00
   9.6631678723e-02   9.6400802776e-02  -1.0350765825e-02  -3.4591623054e-01   1.6033393059e+00
   9.7094574743e-02   9.6862554669e-02   8.6137892864e-02  -4.2095923923e-01   1.5501293046e+00
   9.7563825461e-02   9.7326594817e-02   1.8270324707e-01  -4.8762687018e-01   1.4746771540e+00
   9.8048383580e-02   9.7801056105e-02   2.7928622502e-01  -5.4706448478e-01   1.3744800969e+00
   9.8559925656e-02   9.8295711056e-02   3.7600658306e-01  -6.0064746233e-01   1.2449461435e+00
   9.9109449361e-02   9.8824140256e-02   4.7155514491e-01  -6.4949010074e-01   1.0809019907e+00
   9.9659741328e-02   9.9394758466e-02   5.5721137404e-01  -6.9212777824e-01   8.9285235869e-01
   1.0016858361e-01   9.9924724190e-02   6.2553162794e-01  -7.2812217626e-01   7.0130021240e-01
   1.0064243606e-01   1.0041244304e-01   6.7919802508e-01  -7.6102391986e-01   5.0930300706e-01
   1.0109338055e-01   1.0087242907e-01   7.2051294515e-01  -7.9333606290e-01   3.1832835690e-01
   1.0152967980e-01   1.0131433202e-01   7.5169307725e-01  -8.2750263825e-01   1.2562029348e-01
   1.0195764913e-01   1.0174502759e-01   7.7332397285e-01  -8.6451595328e-01  -6.5566142132e-02
   1.0238268893e-01   1.0217027067e-01   7.8648513242e-01  -9.0603657926e-01  -2.5692186487e-01
   1.0280984254e-01   1.0259510718e-01   7.9162901378e-01  -9.5347267972e-01  -4.4864212266e-01
   1.0324442739e-01   1.0302457790e-01   7.8895592396e-01  -1.0083229619e+00  -6.4076845751e-01
   1.0369260054e-01   1.0346427687e-01   7.7855290300e-01  -1.0718491078e+00  -8.3199573447e-01
   1.0416233862e-01   1.0392092421e-01   7.6012458140e-01  -1.1466598491e+00  -1.0238889703e+00
   1.0466515079e-01   1.0440375304e-01   7.3315111505e-01  -1.2352598571e+00  -1.2153123683e+00
   1.0522020932e-01   1.0492654854e-01   6.9603421166e-01  -1.3431415157e+00  -1.4079319422e+00
   1.0586573811e-01   1.0551387010e-01   6.4619997744e-01  -1.4779846341e+00  -1.6000890934e+00
   1.0670274347e-01   1.0621760612e-01   5.7515396552e-01  -1.6626049113e+00  -1.7931127190e+00
   1.0776111246e-01   1.0718788082e-01   4.8438870767e-01  -1.8924605096e+00  -1.9375678784e+00
   1.0900956245e-01   1.0833434409e-01   3.8753049091e-01  -2.1228379701e+00  -1.9584961117e+00
   1.1026986178e-01   1.0968478081e-01   3.0857561617e-01  -2.2672863004e+00  -1.8276584428e+00
   1.1125911628e-01   1.1085494275e-01   2.6041489717e-01  -2.2910702062e+00  -1.6313991295e+00
   1.1200667922e-01   1.1166328981e-01   2.3031072430e-01  -2.2440040362e+00  -1.4388410040e+00
   1.1266434706e-01   1.1235006863e-01   2.0596873967e-01  -2.1533305063e+00  -1.2466084498e+00
   1.1327895983e-01   1.1297862550e-01   1.8320037716e-01  -2.0269431649e+00  -1.0551654180e+00
   1.1387552840e-01   1.1357929417e-01   1.5914287379e-01  -1.8658560591e+00  -8.6305705892e-01
   1.1447236330e-01   1.1417176264e-01   1.3158985266e-01  -1.6699677116e+00  -6.7152913313e-01
   1.1508601600e-01   1.1477296395e-01   9.7870814129e-02  -1.4352763009e+00  -4.8029413198e-01
   1.1569856880e-01   1.1539906804e-01   5.7270925598e-02  -1.1717707494e+00  -3.0025052509e-01
   1.1627770938e-01   1.1599806956e-01   1.1480091677e-02  -9.0115910378e-01  -1.4491407929e-01
   1.1682495518e-01   1.1655734920e-01  -3.9234882579e-02  -6.3023760194e-01  -1.4457260313e-02
   1.1735364792e-01   1.1709256115e-01  -9.5263580376e-02  -3.5980540431e-01   9.3634493331e-02
   1.1787369626e-01   1.1761473468e-01  -1.5725049514e-01  -8.9205865606e-02   1.8120763254e-01
   1.1839352034e-01   1.1813265783e-01  -2.2587111720e-01   1.8186007249e-01   2.4885624328e-01
   1.1892130189e-01   1.1865438285e-01  -3.0147753135e-01   4.5214543888e-01   2.9614150229e-01
   1.1946609554e-01   1.1918822093e-01  -3.8526387089e-01   7.2289308096e-01   3.2234820217e-01
   1.2003298313e-01   1.1974397016e-01  -4.7700922480e-01   9.9027998413e-01   3.2557563364e-01
   1.2060617949e-01   1.2032199610e-01  -5.7351273131e-01   1.2436295026e+00   3.0501818057e-01
   1.2117395986e-01   1.2089036288e-01  -6.6994183810e-01   1.4717199133e+00   2.6289122277e-01
   1.2174747049e-01   1.2145755683e-01  -7.6647576599e-01   1.6776724617e+00   2.0077066452e-01
   1.2234278259e-01   1.2203738414e-01  -8.6317055587e-01   1.8633669012e+00   1.1874115283e-01
   1.2298431839e-01   1.2264818104e-01  -9.5991473669e-01   2.0296851525e+00   1.5147683317e-02
   1.2372228279e-01   1.2332045574e-01  -1.0572375635e+00   2.1777392980e+00  -1.1651026419e-01
   1.2464500876e-01   1.2412410985e-01  -1.1496132447e+00   2.2997925360e+00  -2.8528214969e-01
   1.2580830097e-01   1.2516590767e-01  -1.2075143445e+00   2.3664329183e+00  -4.7807507483e-01
   1.2713912006e-01   1.2645069427e-01  -1.1787520201e+00   2.3483498957e+00  -6.3103325464e-01
   1.2819778200e-01   1.2782754586e-01  -1.0804510590e+00   2.2837675512e+00  -6.7949773164e-01
   1.2885081255e-01   1.2856801815e-01  -9.8266559766e-01   2.2267346745e+00  -6.6653999762e-01
   1.2937360495e-01   1.2913360695e-01  -8.8585673169e-01   2.1745999272e+00  -6.3179184648e-01
   1.2982737520e-01   1.2961360295e-01  -7.8912810538e-01   2.1254196195e+00  -5.8398393487e-01
   1.3023710605e-01   1.3004114745e-01  -6.9245226150e-01   2.0782907249e+00  -5.2696882293e-01
   1.3061619850e-01   1.3043306465e-01  -5.9593927357e-01   2.0326104037e+00  -4.6300557735e-01
   1.3097287913e-01   1.3079933235e-01  -4.9934873988e-01   1.9877466454e+00  -3.9330702804e-01
   1.3131265628e-01   1.3114642592e-01  -4.0250399790e-01   1.9431796991e+00  -3.1865671825e-01
   1.3163952707e-01   1.3147888663e-01  -3.0594958983e-01   1.8987651294e+00  -2.4016266465e-01
   1.3195656610e-01   1.3180016751e-01  -2.0996353458e-01   1.8542708547e+00  -1.5863595293e-01
   1.3226615604e-01   1.3211296470e-01  -1.1244011041e-01   1.8083560890e+00  -7.2628608094e-02
   1.3257031483e-01   1.3241934738e-01  -1.6908383801e-02   1.7623426773e+00   1.4396440409e-02
   1.3287081144e-01   1.3272128228e-01   8.0728832839e-02   1.7138884205e+00   1.0590295276e-01
   1.3316922043e-01   1.3302034061e-01   1.7668273600e-01   1.6644850729e+00   1.9813619923e-01
   1.3346706322e-01   1.3331810026e-01   2.7309147176e-01   1.6126675176e+00   2.9290497860e-01
   1.3376583156e-01   1.3361602618e-01   3.7029420534e-01   1.5577439545e+00   3.9042430503e-01
   1.3406705637e-01   1.3391563693e-01   4.6598332765e-01   1.5005466569e+00   4.8820816387e-01
   1.3437242710e-01   1.3421847582e-01   5.6352385009e-01   1.4384356131e+00   5.8957342301e-01
   1.3468381723e-01   1.3452637838e-01   6.5924456108e-01   1.3730449227e+00   6.9058671487e-01
   1.3500345159e-01   1.3484125608e-01   7.5629697009e-01   1.3013915832e+00   7.9444608900e-01
   1.3533412000e-01   1.3516564710e-01   8.5285906999e-01   1.2236178964e+00   8.9912037160e-01
   1.3567935086e-01   1.3550259289e-01   9.4912394383e-01   1.1382414840e+00   1.0046902226e+00
   1.3606100267e-01   1.3585610882e-01   1.0502753607e+00   1.0378270772e+00   1.1168175250e+00