# time = 1.3
# Grid points = 474
# Pressure (Pa) = 101325
#             1_pos             2_posf             3_uvel             4_vvel             5_wvel
  -2.6059397980e-01  -2.6102288838e-01   1.1269926809e+00   6.6014563274e-01   9.7941011788e-01
  -2.5972202606e-01  -2.6016507121e-01   1.2249900604e+00   5.6374603883e-01   1.0693276160e+00
  -2.5875844523e-01  -2.5927898091e-01   1.3195544940e+00   4.5048788824e-01   1.1565329851e+00
  -2.5756649544e-01  -2.5823790956e-01   1.4141499656e+00   3.0200486953e-01   1.2437488564e+00
  -2.5617143448e-01  -2.5689508132e-01   1.4918866114e+00   1.1899149598e-01   1.3144309992e+00
  -2.5474075754e-01  -2.5544778765e-01   1.5327633598e+00  -7.5523101857e-02   1.3491493459e+00
  -2.5332293119e-01  -2.5403372744e-01   1.5333997360e+00  -2.6999456841e-01   1.3443929744e+00
  -2.5187312315e-01  -2.5261213494e-01   1.4938589474e+00  -4.6455239644e-01   1.3001091528e+00
  -2.5043183645e-01  -2.5113411135e-01   1.4168084806e+00  -6.4726908533e-01   1.2195844887e+00
  -2.4917979302e-01  -2.4972956156e-01   1.3224345268e+00  -7.9181265380e-01   1.1238456531e+00
  -2.4815774831e-01  -2.4863002447e-01   1.2276500768e+00  -8.9721660268e-01   1.0296822391e+00
  -2.4725895878e-01  -2.4768547214e-01   1.1333683875e+00  -9.7800228217e-01   9.3766265058e-01
  -2.4643599119e-01  -2.4683244542e-01   1.0392057847e+00  -1.0412447090e+00   8.4730559436e-01
  -2.4566389613e-01  -2.4603953695e-01   9.4480852125e-01  -1.0905560261e+00   7.5827790373e-01
  -2.4492717952e-01  -2.4528825530e-01   8.5098622468e-01  -1.1276120984e+00   6.7138146814e-01
  -2.4421527285e-01  -2.4456610373e-01   7.5628981778e-01  -1.1541901960e+00   5.8536611406e-01
  -2.4352035416e-01  -2.4386444197e-01   6.6248109781e-01  -1.1706041001e+00   5.0194022249e-01
  -2.4283615380e-01  -2.4317626635e-01   5.6846985574e-01  -1.1776959641e+00   4.2024081473e-01
  -2.4215747121e-01  -2.4249604125e-01   4.7390579598e-01  -1.1756377813e+00   3.4015491963e-01
  -2.4147960786e-01  -2.4181890118e-01   3.7970694512e-01  -1.1645360697e+00   2.6266031807e-01
  -2.4079811284e-01  -2.4114031455e-01   2.8569520064e-01  -1.1444475614e+00   1.8781097717e-01
  -2.4010856771e-01  -2.4045591114e-01   1.9183138569e-01  -1.1152684831e+00   1.1582493675e-01
  -2.3940623670e-01  -2.3976122428e-01   9.7172550567e-02  -1.0762823099e+00   4.6343002582e-02
  -2.3868594191e-01  -2.3905124912e-01   3.5124455489e-03  -1.0278363947e+00  -1.8944387458e-02
  -2.3794158707e-01  -2.3832063470e-01  -9.1106263447e-02  -9.6830039337e-01  -8.0915720083e-02
  -2.3716574716e-01  -2.3756253943e-01  -1.8502190523e-01  -8.9784441161e-01  -1.3786137002e-01
  -2.3634897016e-01  -2.3676895489e-01  -2.7932504384e-01  -8.1461473010e-01  -1.8969910478e-01
  -2.3547848048e-01  -2.3592898542e-01  -3.7338457539e-01  -7.1763639254e-01  -2.3505615811e-01
  -2.3453600358e-01  -2.3502797553e-01  -4.6768812985e-01  -6.0429404400e-01  -2.7277538801e-01
  -2.3349337800e-01  -2.3404403163e-01  -5.6183577517e-01  -4.7194103864e-01  -3.0068184722e-01
  -2.3230223812e-01  -2.3294272437e-01  -6.5617310342e-01  -3.1511743181e-01  -3.1574429055e-01
  -2.3092829367e-01  -2.3166175186e-01  -7.4718416149e-01  -1.3251144398e-01  -3.1295603653e-01
  -2.2942118445e-01  -2.3019483548e-01  -8.2509068977e-01   6.1717344400e-02  -2.8929450752e-01
  -2.2778782788e-01  -2.2864753343e-01  -8.8449021973e-01   2.5673121359e-01  -2.4559590029e-01
  -2.2588146112e-01  -2.2692812233e-01  -9.2238047055e-01   4.5219216623e-01  -1.8208242428e-01
  -2.2320552369e-01  -2.2483479991e-01  -9.2245446199e-01   6.5100031570e-01  -9.6105135883e-02
  -2.2013102821e-01  -2.2157624748e-01  -8.5816477365e-01   7.6988497305e-01  -3.6092247192e-02
  -2.1771727409e-01  -2.1868580893e-01  -7.6218752948e-01   7.8489876222e-01  -3.6161988762e-02
  -2.1595968278e-01  -2.1674873925e-01  -6.6771532044e-01   7.5884354358e-01  -6.6118308663e-02
  -2.1448233138e-01  -2.1517062630e-01  -5.7356731388e-01   7.1863126425e-01  -1.0841126254e-01
  -2.1317099909e-01  -2.1379403645e-01  -4.7930905158e-01   6.7210009785e-01  -1.5640474087e-01
  -2.1196982778e-01  -2.1254796174e-01  -3.8528478339e-01   6.2278413185e-01  -2.0620692381e-01
  -2.1084536118e-01  -2.1139169382e-01  -2.9113250385e-01   5.7200878124e-01  -2.5569585388e-01
  -2.0977497091e-01  -2.1029902853e-01  -1.9704458706e-01   5.2047989538e-01  -3.0321171646e-01
  -2.0874163219e-01  -2.0925091329e-01  -1.0289692296e-01   4.6822299143e-01  -3.4769091708e-01
  -2.0773134960e-01  -2.0823235109e-01  -8.8941187201e-03   4.1511141530e-01  -3.8817297916e-01
  -2.0673148124e-01  -2.0723034812e-01   8.5329103652e-02   3.6042952127e-01  -4.2407278595e-01
  -2.0572939002e-01  -2.0623261436e-01   1.7952832822e-01   3.0353869783e-01  -4.5458345739e-01
  -2.0471101491e-01  -2.0522616568e-01   2.7359486324e-01   2.4341571037e-01  -4.7895815681e-01
  -2.0365882088e-01  -2.0419586414e-01   3.6776216390e-01   1.7833688461e-01  -4.9638016806e-01
  -2.0254795889e-01  -2.0312177761e-01   4.6200452336e-01   1.0589638551e-01  -5.0560260367e-01
  -2.0133765011e-01  -2.0197414018e-01   5.5627752384e-01   2.2064947326e-02  -5.0467328696e-01
  -1.9994450891e-01  -2.0070116004e-01   6.5096847650e-01  -8.1787050975e-02  -4.8974296139e-01
  -1.9816944043e-01  -1.9918785778e-01   7.4437923050e-01  -2.2635413813e-01  -4.5119290390e-01
  -1.9611866747e-01  -1.9715102309e-01   8.0868762244e-01  -4.0981321418e-01  -3.8578497210e-01
  -1.9411847625e-01  -1.9508631184e-01   8.2013416229e-01  -6.0374510925e-01  -3.0797367536e-01
  -1.9220877786e-01  -1.9315064065e-01   7.8103691187e-01  -7.9801810206e-01  -2.2907227012e-01
  -1.9042622309e-01  -1.9126691507e-01   7.0229784017e-01  -9.8052511803e-01  -1.5838985020e-01
  -1.8892952824e-01  -1.8958553112e-01   6.0753951281e-01  -1.1294848939e+00  -1.0504820203e-01
  -1.8770544059e-01  -1.8827352537e-01   5.1312918718e-01  -1.2443985549e+00  -6.7470010856e-02
  -1.8661873865e-01  -1.8713735582e-01   4.1876671768e-01  -1.3389050880e+00  -3.9345759122e-02
  -1.8561105590e-01  -1.8610012148e-01   3.2434793949e-01  -1.4183191544e+00  -1.7975590656e-02
  -1.8464982688e-01  -1.8512199031e-01   2.3037482568e-01  -1.4848367910e+00  -1.9311234209e-03
  -1.8371317702e-01  -1.8417766345e-01   1.3618961045e-01  -1.5401854649e+00   9.8844514316e-03
  -1.8278390208e-01  -1.8324869059e-01   4.1962212260e-02  -1.5845969962e+00   1.8112857085e-02
  -1.8184604385e-01  -1.8231911358e-01  -5.2404514841e-02  -1.6178146314e+00   2.3292056975e-02
  -1.8088250519e-01  -1.8137297411e-01  -1.4641037178e-01  -1.6387728089e+00   2.5882779145e-02
  -1.7987189296e-01  -1.8039203626e-01  -2.4069038855e-01  -1.6457657541e+00   2.6389698215e-02
  -1.7878293380e-01  -1.7935174965e-01  -3.3501355964e-01  -1.6352789681e+00   2.5397635319e-02
  -1.7756128826e-01  -1.7821411794e-01  -4.2940860485e-01  -1.6007105875e+00   2.3851667986e-02
  -1.7608283791e-01  -1.7690845858e-01  -5.2433492178e-01  -1.5263263832e+00   2.3819797021e-02
  -1.7422296101e-01  -1.7525721724e-01  -6.0967953168e-01  -1.3839856895e+00   3.0949447193e-02
  -1.7234816889e-01  -1.7318870477e-01  -6.5600238610e-01  -1.1917311415e+00   5.0217502817e-02
  -1.7077732515e-01  -1.7150763300e-01  -6.6244389668e-01  -9.9681510896e-01   7.8498466793e-02
  -1.6937747779e-01  -1.7004701729e-01  -6.4456847398e-01  -8.0194470860e-01   1.1369253458e-01
  -1.6807261936e-01  -1.6870793829e-01  -6.0971629100e-01  -6.0766372071e-01   1.5434180387e-01
  -1.6681860067e-01  -1.6743730043e-01  -5.6141019507e-01  -4.1275330439e-01   1.9959162719e-01
  -1.6558332656e-01  -1.6619990091e-01  -5.0207895289e-01  -2.1867765435e-01   2.4801775423e-01
  -1.6433773463e-01  -1.6496675220e-01  -4.3210898007e-01  -2.3602097822e-02   2.9887198396e-01
  -1.6304925523e-01  -1.6370871707e-01  -3.5209622511e-01   1.7075360355e-01   3.5016511494e-01
  -1.6170294519e-01  -1.6238979338e-01  -2.6247795690e-01   3.6147550968e-01   3.9890103834e-01
  -1.6034181764e-01  -1.6101609699e-01  -1.6850938175e-01   5.3549365863e-01   4.3882560939e-01
  -1.5899054137e-01  -1.5966753829e-01  -7.4534608163e-02   6.8385876654e-01   4.6477887831e-01
  -1.5761756618e-01  -1.5831354445e-01   1.9719058161e-02   8.0532811963e-01   4.7310575442e-01
  -1.5618828781e-01  -1.5692158792e-01   1.1365971368e-01   8.9517345447e-01   4.5862027166e-01
  -1.5465843947e-01  -1.5545498771e-01   2.0779102080e-01   9.4680916091e-01   4.1376996765e-01
  -1.5295650132e-01  -1.5386189123e-01   3.0197600692e-01   9.4738058271e-01   3.2644016267e-01
  -1.5116052727e-01  -1.5205111140e-01   3.8711995234e-01   8.8479971765e-01   1.9357990946e-01
  -1.4952168732e-01  -1.5026994315e-01   4.4988559665e-01   7.7553970825e-01   4.1048797906e-02
  -1.4808991329e-01  -1.4877343150e-01   4.9155304096e-01   6.4389203222e-01  -1.1147831936e-01
  -1.4674692999e-01  -1.4740639508e-01   5.1816603503e-01   4.9677651567e-01  -2.6351559468e-01
  -1.4542031192e-01  -1.4608746491e-01   5.3171183568e-01   3.3553100730e-01  -4.1563888009e-01
  -1.4403962756e-01  -1.4475315894e-01   5.3125819354e-01   1.5872326479e-01  -5.6812604454e-01
  -1.4255479680e-01  -1.4332609617e-01   5.1308754092e-01  -3.1356181508e-02  -7.1546925312e-01
  -1.4093272212e-01  -1.4178349743e-01   4.7108640921e-01  -2.2652268432e-01  -8.4490159295e-01
  -1.3916511365e-01  -1.4008194680e-01   3.9805275968e-01  -4.0983271675e-01  -9.3521871858e-01
  -1.3751794469e-01  -1.3824828050e-01   3.0492165582e-01  -5.4220364476e-01  -9.6309049253e-01
  -1.3616788571e-01  -1.3678760887e-01   2.1037386701e-01  -6.1619564972e-01  -9.3956725455e-01
  -1.3499461334e-01  -1.3554816255e-01   1.1628607687e-01  -6.5264319837e-01  -8.8437198432e-01
  -1.3393103955e-01  -1.3444106412e-01   2.1899060980e-02  -6.6290997368e-01  -8.0660407240e-01
  -1.3294041027e-01  -1.3342101498e-01  -7.2074141744e-02  -6.5314089939e-01  -7.1221774335e-01
  -1.3199912911e-01  -1.3245980555e-01  -1.6640910960e-01  -6.2718834393e-01  -6.0383487975e-01
  -1.3109033490e-01  -1.3153845268e-01  -2.6041458711e-01  -5.8782118906e-01  -4.8449521776e-01
  -1.3020053209e-01  -1.3064221712e-01  -3.5487001610e-01  -5.3646327604e-01  -3.5475720127e-01
  -1.2931779831e-01  -1.2975884707e-01  -4.4892571035e-01  -4.7474553040e-01  -2.1685548956e-01
  -1.2843093824e-01  -1.2887674955e-01  -5.4294165978e-01  -4.0322666628e-01  -7.1032950056e-02
  -1.2754222689e-01  -1.2798512693e-01  -6.3535454745e-01  -3.2360292246e-01   7.9733845984e-02
  -1.2665780461e-01  -1.2709932686e-01  -7.2432279084e-01  -2.3793716788e-01   2.3189626859e-01
  -1.2576785731e-01  -1.2621628237e-01  -8.0933150228e-01  -1.4699979636e-01   3.8417060757e-01
  -1.2485470183e-01  -1.2531943226e-01  -8.9008434839e-01  -5.0875028547e-02   5.3598997596e-01
  -1.2389612076e-01  -1.2438997141e-01  -9.6680881232e-01   5.1982347921e-02   6.8847875907e-01
  -1.2285919348e-01  -1.2340227012e-01  -1.0379853629e+00   1.6247948558e-01   8.4045104537e-01
  -1.2168365757e-01  -1.2231611683e-01  -1.1021127025e+00   2.8524777881e-01   9.9324465631e-01
  -1.2021514432e-01  -1.2105119832e-01  -1.1532987514e+00   4.3045315658e-01   1.1471364525e+00
  -1.1822013008e-01  -1.1937909033e-01  -1.1659703948e+00   6.0824868090e-01   1.2810953368e+00
  -1.1607940618e-01  -1.1706116982e-01  -1.1060894281e+00   7.7156406042e-01   1.3273876470e+00
  -1.1446572582e-01  -1.1509764254e-01  -1.0094035375e+00   8.7500112885e-01   1.2954639870e+00
  -1.1332354830e-01  -1.1383380911e-01  -9.1454679292e-01   9.3823651115e-01   1.2401416918e+00
  -1.1236843338e-01  -1.1281328750e-01  -8.2015444822e-01   9.8541082727e-01   1.1762087626e+00
  -1.1152015118e-01  -1.1192357927e-01  -7.2586089858e-01   1.0233713378e+00   1.1079270542e+00
  -1.1074175490e-01  -1.1111672310e-01  -6.3162277529e-01   1.0551804274e+00   1.0373727788e+00
  -1.1001226084e-01  -1.1036678671e-01  -5.3748817394e-01   1.0825215497e+00   9.6579756142e-01
  -1.0931822605e-01  -1.0965773498e-01  -4.4346872918e-01   1.1064325469e+00   8.9399784898e-01
  -1.0865034585e-01  -1.0897871713e-01  -3.4899905986e-01   1.1277097650e+00   8.2210381320e-01
  -1.0800167388e-01  -1.0832197457e-01  -2.5473877714e-01   1.1466429831e+00   7.5105157909e-01
  -1.0736668331e-01  -1.0768137319e-01  -1.6041497066e-01   1.1636003912e+00   6.8098739458e-01
  -1.0674080822e-01  -1.0705199344e-01  -6.6359062654e-02   1.1787316086e+00   6.1245581321e-01
  -1.0612007929e-01  -1.0642962301e-01   2.7563197139e-02   1.1921945766e+00   5.4562005379e-01
  -1.0550089387e-01  -1.0581053557e-01   1.2145860743e-01   1.2040671865e+00   4.8065710229e-01
  -1.0487976482e-01  -1.0519125216e-01   2.1635354591e-01   1.2144454954e+00   4.1716303975e-01
  -1.0425318042e-01  -1.0456827749e-01   3.1031664688e-01   1.2230606756e+00   3.5670820062e-01
  -1.0361746764e-01  -1.0393808336e-01   4.0437140714e-01   1.2299239380e+00   2.9888338213e-01
  -1.0296856031e-01  -1.0329685192e-01   4.9851383361e-01   1.2348495030e+00   2.4402763045e-01
  -1.0230177714e-01  -1.0264026870e-01   5.9259365864e-01   1.2375694212e+00   1.9260577384e-01
  -1.0161147975e-01  -1.0196328558e-01   6.8673914229e-01   1.2377220292e+00   1.4499604175e-01
  -1.0089051162e-01  -1.0125967391e-01   7.8112605717e-01   1.2347797855e+00   1.0168392019e-01
  -1.0012948855e-01  -1.0052134932e-01   8.7523926431e-01   1.2280296557e+00   6.3611721784e-02
  -9.9315327259e-02  -9.9737627771e-02   9.6949191286e-01   1.2163881307e+00   3.1535803855e-02
  -9.8428423873e-02  -9.8893026746e-02   1.0637477696e+00   1.1982174395e+00   6.8489423604e-03
  -9.7436696708e-02  -9.7963820999e-02   1.1580448617e+00   1.1707680729e+00  -8.4087067862e-03
  -9.6279496137e-02  -9.6909572417e-02   1.2524795590e+00   1.1288121100e+00  -1.0672516857e-02
  -9.4805151850e-02  -9.5649419856e-02   1.3477379441e+00   1.0591444742e+00   8.1899239931e-03
  -9.2695800831e-02  -9.3960883843e-02   1.4345896966e+00   9.2781828753e-01   6.8433596340e-02
  -9.0330549920e-02  -9.1430717819e-02   1.4699434091e+00   7.4117804991e-01   1.6265577849e-01
  -8.8271188492e-02  -8.9230382021e-02   1.4496874602e+00   5.4694574934e-01   2.5160613701e-01
  -8.6434464917e-02  -8.7311994963e-02   1.3958391168e+00   3.5255481576e-01   3.2385841382e-01
  -8.4729751126e-02  -8.5556934872e-02   1.3193750340e+00   1.5865827231e-01   3.7685498709e-01
  -8.3164679890e-02  -8.3902567380e-02   1.2289436359e+00  -2.8452602449e-02   4.0940169224e-01
  -8.1783367586e-02  -8.2426792400e-02   1.1347404002e+00  -1.9799022013e-01   4.2298552903e-01
  -8.0557483157e-02  -8.1139942772e-02   1.0405772061e+00  -3.5049805170e-01   4.2226888755e-01
  -7.9435664525e-02  -7.9975023542e-02   9.4637229328e-01  -4.9033167910e-01   4.1083902610e-01
  -7.8388897009e-02  -7.8896305509e-02   8.5235554478e-01  -6.1944788113e-01   3.9100927336e-01
  -7.7398467363e-02  -7.7881488508e-02   7.5817164424e-01  -7.3966425247e-01   3.6425737893e-01
  -7.6451104007e-02  -7.6915446217e-02   6.6413364077e-01  -8.5135778549e-01   3.3176575242e-01
  -7.5536605978e-02  -7.5986761797e-02   5.6992632900e-01  -9.5533657328e-01   2.9421567769e-01
  -7.4646633219e-02  -7.5086450158e-02   4.7582959316e-01  -1.0514570692e+00   2.5226767941e-01
  -7.3773894794e-02  -7.4206816279e-02   3.8194227567e-01  -1.1396311038e+00   2.0635889072e-01
  -7.2911701138e-02  -7.3340973310e-02   2.8740433020e-01  -1.2203422474e+00   1.5622901905e-01
  -7.2053474494e-02  -7.2482428967e-02   1.9355693685e-01  -1.2919811166e+00   1.0263064687e-01
  -7.1192331743e-02  -7.1624520022e-02   9.9358813610e-02  -1.3546795533e+00   4.4873621334e-02
  -7.0320623162e-02  -7.0760143464e-02   5.0938520380e-03  -1.4070916878e+00  -1.7221936458e-02
  -6.9429271049e-02  -6.9881102860e-02  -8.8956545771e-02  -1.4475695865e+00  -8.4010362739e-02
  -6.8506722308e-02  -6.8977439239e-02  -1.8308666258e-01  -1.4740595875e+00  -1.5657792799e-01
  -6.7537021446e-02  -6.8036005377e-02  -2.7732651968e-01  -1.4831855712e+00  -2.3638833956e-01
  -6.6496142412e-02  -6.7038037515e-02  -3.7156008096e-01  -1.4696300489e+00  -3.2567841200e-01
  -6.5343400895e-02  -6.5954247309e-02  -4.6578788861e-01  -1.4242482585e+00  -4.2855539497e-01
  -6.4000981473e-02  -6.4732554481e-02  -5.6023405492e-01  -1.3281164503e+00  -5.5381580011e-01
  -6.2531261099e-02  -6.3269408465e-02  -6.4215265119e-01  -1.1692202183e+00  -6.9622087259e-01
  -6.1194873715e-02  -6.1793113733e-02  -6.9603979897e-01  -9.7623284631e-01  -8.3010591046e-01
  -6.0083747925e-02  -6.0596633698e-02  -7.2519507724e-01  -7.8089874444e-01  -9.4428579626e-01
  -5.9110370990e-02  -5.9570862152e-02  -7.3924676307e-01  -5.8604863956e-01  -1.0457686571e+00
  -5.8224327045e-02  -5.8649879829e-02  -7.4320367826e-01  -3.9150354959e-01  -1.1388720349e+00
  -5.7397498283e-02  -5.7798774262e-02  -7.3983259835e-01  -1.9627624365e-01  -1.2263391444e+00
  -5.6611735135e-02  -5.6996222304e-02  -7.3093845875e-01  -1.9617386717e-03  -1.3088781706e+00
  -5.5854038548e-02  -5.6227247966e-02  -7.1771302953e-01   1.9272252497e-01  -1.3879906540e+00
  -5.5114352989e-02  -5.5480829130e-02  -7.0099603021e-01   3.8804301609e-01  -1.4643890963e+00
  -5.4384036633e-02  -5.4747876848e-02  -6.8171406842e-01   5.8170070478e-01  -1.5376460586e+00
  -5.3655011346e-02  -5.4020196419e-02  -6.6007063699e-01   7.7733327444e-01  -1.6094305892e+00
  -5.2918990901e-02  -5.3289826272e-02  -6.3690919076e-01   9.7165808924e-01  -1.6787034684e+00
  -5.2166551921e-02  -5.2548155530e-02  -6.1253421326e-01   1.1661526506e+00  -1.7460859880e+00
  -5.1385744924e-02  -5.1784948312e-02  -5.8735009155e-01   1.3612484433e+00  -1.8116501358e+00
  -5.0559796225e-02  -5.0986541536e-02  -5.6204572901e-01   1.5557303553e+00  -1.8747426240e+00
  -4.9661658991e-02  -5.0133050914e-02  -5.3714659344e-01   1.7510082437e+00  -1.9352389101e+00
  -4.8638772614e-02  -4.9190267068e-02  -5.1385805383e-01   1.9468812194e+00  -1.9917028042e+00
  -4.7345958620e-02  -4.8087278160e-02  -4.9488005276e-01   2.1443606602e+00  -2.0404260431e+00
  -4.4929510507e-02  -4.6604639081e-02  -5.0118785769e-01   2.3240390952e+00  -2.0454238233e+00
  -4.2306018799e-02  -4.3254381933e-02  -5.6539236813e-01   2.2525349897e+00  -1.9266914514e+00
  -4.0776083103e-02  -4.1357655664e-02  -6.3366505788e-01   2.0559938154e+00  -1.7818464776e+00
  -3.9738004470e-02  -4.0194510542e-02  -6.9094506096e-01   1.8594170181e+00  -1.6508797851e+00
  -3.8889098965e-02  -3.9281498399e-02  -7.4291302579e-01   1.6639993386e+00  -1.5250112781e+00
  -3.8144280426e-02  -3.8496699532e-02  -7.9157345588e-01   1.4682941915e+00  -1.4008423416e+00
  -3.7466591964e-02  -3.7791861320e-02  -8.3720137991e-01   1.2741516245e+00  -1.2784591652e+00
  -3.6835681374e-02  -3.7141322607e-02  -8.8057095587e-01   1.0800297469e+00  -1.1562891714e+00
  -3.6239138991e-02  -3.6530040140e-02  -9.2231976973e-01   8.8384635730e-01  -1.0326390476e+00
  -3.5668284578e-02  -3.5948237842e-02  -9.6154343752e-01   6.9051844643e-01  -9.1033608596e-01
  -3.5116694438e-02  -3.5388331314e-02  -9.9919469953e-01   4.9584882417e-01  -7.8651818393e-01
  -3.4579590333e-02  -3.4845057561e-02  -1.0352012723e+00   3.0013980790e-01  -6.6117685431e-01
  -3.4052967586e-02  -3.4314123104e-02  -1.0691204308e+00   1.0581358614e-01  -5.3569726207e-01
  -3.3533392531e-02  -3.3791812067e-02  -1.1012077239e+00  -8.8634873740e-02  -4.0895790553e-01
  -3.3017841282e-02  -3.3274972995e-02  -1.1314268528e+00  -2.8338548016e-01  -2.8066912181e-01
  -3.2503464558e-02  -3.2760709568e-02  -1.1596906697e+00  -4.7852834950e-01  -1.5057989013e-01
  -3.1987452757e-02  -3.2246219547e-02  -1.1857382007e+00  -6.7304880070e-01  -1.9167686747e-02
  -3.1466913895e-02  -3.1728685967e-02  -1.2095026047e+00  -8.6749798598e-01   1.1416028849e-01
  -3.0938723814e-02  -3.1205141824e-02  -1.2307785359e+00  -1.0618094626e+00   2.4963048342e-01
  -3.0399267809e-02  -3.0672305804e-02  -1.2494415831e+00  -1.2576186349e+00   3.8876035868e-01
  -2.9844260153e-02  -3.0126229815e-02  -1.2648739574e+00  -1.4522157489e+00   5.3006650338e-01
  -2.9268508328e-02  -2.9562290491e-02  -1.2766694618e+00  -1.6452127080e+00   6.7373690836e-01
  -2.8665949870e-02  -2.8974726164e-02  -1.2844071580e+00  -1.8416051382e+00   8.2433351973e-01
  -2.8038052565e-02  -2.8357173577e-02  -1.2868891632e+00  -2.0317511839e+00   9.7542467439e-01
  -2.7388159767e-02  -2.7718931553e-02  -1.2833886199e+00  -2.2148721221e+00   1.1272688683e+00
  -2.6711279384e-02  -2.7057387982e-02  -1.2729801588e+00  -2.3882874198e+00   1.2788160991e+00
  -2.5998406115e-02  -2.6365170785e-02  -1.2541165517e+00  -2.5520992644e+00   1.4319682217e+00
  -2.5237011937e-02  -2.5631641445e-02  -1.2253476772e+00  -2.7001725180e+00   1.5835057251e+00
  -2.4408031666e-02  -2.4842382429e-02  -1.1835381048e+00  -2.8308107689e+00   1.7356938633e+00
  -2.3478682393e-02  -2.3973680904e-02  -1.1239856336e+00  -2.9365323133e+00   1.8879192041e+00
  -2.2446951898e-02  -2.2983683882e-02  -1.0425211449e+00  -3.0024815087e+00   2.0330116353e+00
  -2.1440762239e-02  -2.1910219914e-02  -9.4867885834e-01  -3.0145943187e+00   2.1488168446e+00
  -2.0548925345e-02  -2.0971304564e-02  -8.5451726218e-01  -2.9819757694e+00   2.2288252533e+00
  -1.9736297646e-02  -2.0126546127e-02  -7.6019753765e-01  -2.9177397490e+00   2.2831826695e+00
  -1.8978767637e-02  -1.9346049164e-02  -6.6590424147e-01  -2.8295620301e+00   2.3176373590e+00
  -1.8260998492e-02  -1.8611486110e-02  -5.7189610728e-01  -2.7226496989e+00   2.3358723903e+00
  -1.7572419962e-02  -1.7910510875e-02  -4.7783677888e-01  -2.5999563852e+00   2.3404079075e+00
  -1.6905263060e-02  -1.7234329049e-02  -3.8350364996e-01  -2.4634428484e+00   2.3328054748e+00
  -1.6253373378e-02  -1.6576197071e-02  -2.8915860601e-01  -2.3151563963e+00   2.3141367922e+00
  -1.5611568974e-02  -1.5930549685e-02  -1.9491070428e-01  -2.1566185516e+00   2.2851909708e+00
  -1.4975273318e-02  -1.5292588262e-02  -1.0076500356e-01  -1.9889021863e+00   2.2464649309e+00
  -1.4340216696e-02  -1.4657958373e-02  -6.6683053932e-03  -1.8127282394e+00   2.1981685744e+00
  -1.3702169012e-02  -1.4022475019e-02   8.7446871147e-02  -1.6285748698e+00   2.1402381069e+00
  -1.3058882008e-02  -1.3381863006e-02   1.8129029918e-01  -1.4374814698e+00   2.0726150418e+00
  -1.2416057459e-02  -1.2735901009e-02   2.7331237296e-01  -1.2431436923e+00   1.9962262986e+00
  -1.1777247533e-02  -1.2096213909e-02   3.6240429761e-01  -1.0485559784e+00   1.9119511509e+00
  -1.1137102108e-02  -1.1458281158e-02   4.4877760972e-01  -8.5384944192e-01   1.8194605843e+00
  -1.0489284319e-02  -1.0815923058e-02   5.3264925412e-01  -6.5892020829e-01   1.7180121856e+00
  -9.8268403818e-03  -1.0162645579e-02   6.1404500258e-01  -4.6390299066e-01   1.6066133816e+00
  -9.1415210857e-03  -9.4910351849e-03   6.9273762114e-01  -2.6937141157e-01   1.4841073752e+00
  -8.4228238845e-03  -8.7920069866e-03   7.6883678143e-01  -7.4821189941e-02   1.3479607007e+00
  -7.6824400988e-03  -8.0536407824e-03   8.3963600489e-01   1.1303889990e-01   1.2004613534e+00
  -6.9552733053e-03  -7.3112394153e-03   9.0170868578e-01   2.8487860089e-01   1.0474573055e+00
  -6.2552492783e-03  -6.5993071954e-03   9.5281733610e-01   4.3344668073e-01   8.9616557842e-01
  -5.5766205316e-03  -5.9111913613e-03   9.9477098291e-01   5.6271050793e-01   7.4428618979e-01
  -4.9149521226e-03  -5.2420497020e-03   1.0280728673e+00   6.7330096309e-01   5.9214378745e-01
  -4.2665011129e-03  -4.5878545433e-03   1.0531925997e+00   7.6587676083e-01   4.4000374956e-01
  -3.6280076015e-03  -3.9451476825e-03   1.0705737843e+00   8.4113943778e-01   2.8800069807e-01
  -2.9965385168e-03  -3.3108675205e-03   1.0806095019e+00   8.9975577479e-01   1.3616620275e-01
  -2.3693575761e-03  -2.6822095132e-03   1.0836252744e+00   9.4229888373e-01  -1.5544867910e-02
  -1.7438085440e-03  -2.0565056391e-03   1.0798685142e+00   9.6920587575e-01  -1.6722820055e-01
  -1.1171826918e-03  -1.4311114490e-03   1.0693890560e+00   9.8072155178e-01  -3.2001968816e-01
  -4.8661262378e-04  -8.0325393453e-04   1.0524204748e+00   9.7680018858e-01  -4.7193571821e-01
   1.5103528198e-04  -1.6997131303e-04   1.0290216744e+00   9.5764779272e-01  -6.2373814816e-01
   7.9934668354e-04   4.7204187698e-04   9.9914798063e-01   9.2310372741e-01  -7.7563445998e-01
   1.4625956676e-03   1.1266514901e-03   9.6272931244e-01   8.7286413868e-01  -9.2746759507e-01
   2.1461096118e-03   1.7985398452e-03   9.1949861317e-01   8.0624519505e-01  -1.0794488928e+00
   2.8569108806e-03   2.4936793785e-03   8.6891851386e-01   7.2196066865e-01  -1.2319894607e+00
   3.6045577195e-03   3.2201423827e-03   8.1083583281e-01   6.1922924159e-01  -1.3838020371e+00
   4.4029758346e-03   3.9889730563e-03   7.4412726317e-01   4.9541129382e-01  -1.5355589306e+00
   5.2748263583e-03   4.8169786129e-03   6.6671748957e-01   3.4559487318e-01  -1.6880808112e+00
   6.2340182841e-03   5.7326741038e-03   5.7828024566e-01   1.6783450008e-01  -1.8369389108e+00
   7.2272029733e-03   6.7353624643e-03   4.8563701279e-01  -2.4817138721e-02  -1.9676521234e+00
   8.2062083452e-03   7.7190434823e-03   3.9460557201e-01  -2.1999703376e-01  -2.0719606997e+00
   9.1883016297e-03   8.6933732082e-03   3.0638623780e-01  -4.1443593323e-01  -2.1494403725e+00
   1.0199939376e-02   9.6832300513e-03   2.2020216188e-01  -6.0931093329e-01  -2.2000011247e+00
   1.1275207530e-02   1.0716648700e-02   1.3593917594e-01  -8.0452478046e-01  -2.2199424732e+00
   1.2470782278e-02   1.1833766360e-02   5.3544995972e-02  -9.9973438769e-01  -2.2007917634e+00
   1.3896231999e-02   1.3107798197e-02  -2.6973953701e-02  -1.1936931951e+00  -2.1220741530e+00
   1.5348990963e-02   1.4684665801e-02  -8.8306136414e-02  -1.3406776538e+00  -1.9850707879e+00
   1.6544952468e-02   1.6013316125e-02  -1.2217055943e-01  -1.4166281411e+00  -1.8318482877e+00
   1.7540853989e-02   1.7076588810e-02  -1.3901111553e-01  -1.4459306042e+00  -1.6794133436e+00
   1.8428273976e-02   1.8005119168e-02  -1.4576214565e-01  -1.4450176823e+00  -1.5266722513e+00
   1.9247595839e-02   1.8851428784e-02  -1.4550312506e-01  -1.4213043719e+00  -1.3749212966e+00
   2.0021410988e-02   1.9643762894e-02  -1.4000762013e-01  -1.3787080126e+00  -1.2229526115e+00
   2.0764017803e-02   2.0399059083e-02  -1.3035071743e-01  -1.3196046951e+00  -1.0711120851e+00
   2.1485535631e-02   2.1128976522e-02  -1.1716300956e-01  -1.2448982763e+00  -9.1847384256e-01
   2.2193755499e-02   2.1842094739e-02  -1.0113227574e-01  -1.1564220585e+00  -7.6692275446e-01
   2.2895100840e-02   2.2545416258e-02  -8.2505705441e-02  -1.0539332020e+00  -6.1507431157e-01
   2.3595183987e-02   2.3244785422e-02  -6.1458962310e-02  -9.3703296363e-01  -4.6242596719e-01
   2.4299272729e-02   2.3945582553e-02  -3.8518472713e-02  -8.0743357215e-01  -3.1125277317e-01
   2.5012670913e-02   2.4652962904e-02  -1.3355223248e-02  -6.6210228341e-01  -1.5849943229e-01
   2.5740943614e-02   2.5372378922e-02   1.3421693938e-02  -5.0343150895e-01  -7.3366266602e-03
   2.6490373729e-02   2.6109508305e-02   4.2292876951e-02  -3.2742742437e-01   1.4519705031e-01
   2.7254874771e-02   2.6871239153e-02   7.2398988180e-02  -1.3824753293e-01   2.9468062250e-01
   2.8008104163e-02   2.7638510389e-02   1.0243302481e-01   5.6343575118e-02   4.3544308741e-01
   2.8737459225e-02   2.8377697936e-02   1.3147430405e-01   2.5016553159e-01   5.6443805560e-01
   2.9450697529e-02   2.9097220513e-02   1.6000315394e-01   4.4604965383e-01   6.8485728985e-01
   3.0154577131e-02   2.9804174545e-02   1.8749606452e-01   6.3996816360e-01   7.9532558016e-01
   3.0855237052e-02   3.0504979718e-02   2.1437116341e-01   8.3438598320e-01   8.9823160249e-01
   3.1558611457e-02   3.1205494387e-02   2.4075539916e-01   1.0299149406e+00   9.9447329095e-01
   3.2270899231e-02   3.1911728526e-02   2.6626074655e-01   1.2232963213e+00   1.0830691922e+00
   3.2999231425e-02   3.2630069935e-02   2.9155655824e-01   1.4193396439e+00   1.1666480197e+00
   3.3752311599e-02   3.3368392914e-02   3.1607741256e-01   1.6134983493e+00   1.2435851176e+00
   3.4541583894e-02   3.4136230285e-02   3.4012048776e-01   1.8079972677e+00   1.3151390762e+00
   3.5383906760e-02   3.4946937503e-02   3.6369602049e-01   2.0031612720e+00   1.3815692092e+00
   3.6306449172e-02   3.5820876016e-02   3.8656509868e-01   2.1977359550e+00   1.4425447750e+00
   3.7361527978e-02   3.6792022328e-02   4.0871110561e-01   2.3936919232e+00   1.4985706123e+00
   3.8686142472e-02   3.7931033628e-02   4.2930706476e-01   2.5907087142e+00   1.5489580818e+00
   4.0472392433e-02   3.9441251315e-02   4.4274164584e-01   2.7613544308e+00   1.5860441024e+00
   4.2534674668e-02   4.1503533550e-02   4.3538220959e-01   2.8151516281e+00   1.5915873448e+00
   4.4623379345e-02   4.3565815786e-02   3.9925141197e-01   2.7049982044e+00   1.5611870144e+00
   4.6327301675e-02   4.5680942903e-02   3.4813069457e-01   2.5022592802e+00   1.5135141534e+00
   4.7496534190e-02   4.6973660447e-02   3.0121235890e-01   2.3062128461e+00   1.4690380026e+00
   4.8477900107e-02   4.8019407932e-02   2.5504050092e-01   2.1110213087e+00   1.4248140386e+00
   4.9355188437e-02   4.8936392282e-02   2.0892900214e-01   1.9155871839e+00   1.3800256058e+00
   5.0166579385e-02   4.9773984592e-02   1.6305925612e-01   1.7212434721e+00   1.3346393029e+00
   5.0933830738e-02   5.0559174178e-02   1.1714650664e-01   1.5268848624e+00   1.2881490754e+00
   5.1670905900e-02   5.1308487298e-02   7.0987308024e-02   1.3315189748e+00   1.2400815736e+00
   5.2387938627e-02   5.2033324501e-02   2.5208848112e-02   1.1375123134e+00   1.1908104621e+00
   5.3092885023e-02   5.2742552753e-02  -2.0760478382e-02   9.4201688204e-01   1.1393937468e+00
   5.3792439962e-02   5.3443217293e-02  -6.6034739696e-02   7.4824542742e-01   1.0864479112e+00
   5.4492767615e-02   5.4141662630e-02  -1.1117774861e-01   5.5306322280e-01   1.0308605873e+00
   5.5199932538e-02   5.4843872599e-02  -1.5552273176e-01   3.5840072420e-01   9.7285882249e-01
   5.5920379926e-02   5.5555992478e-02  -1.9885994695e-01   1.6396828100e-01   9.1200594510e-01
   5.6661450145e-02   5.6284767374e-02  -2.4084438294e-01  -3.0308398673e-02   8.4784060461e-01
   5.7432248031e-02   5.7038132915e-02  -2.8120283517e-01  -2.2555505440e-01   7.7936504970e-01
   5.8244802581e-02   5.7826363148e-02  -3.1896465054e-01  -4.2061071389e-01   7.0614605812e-01
   5.9115999133e-02   5.8663242013e-02  -3.5299525002e-01  -6.1495570098e-01   6.2727105498e-01
   6.0072242178e-02   5.9568756252e-02  -3.8181318104e-01  -8.0967357597e-01   5.4054883591e-01
   6.1160772844e-02   6.0575728103e-02  -4.0237892152e-01  -1.0050402049e+00   4.4269158531e-01
   6.2485946397e-02   6.1745817585e-02  -4.0799199058e-01  -1.2012535922e+00   3.2691089729e-01
   6.4182184739e-02   6.3226075209e-02  -3.8265178304e-01  -1.3828883813e+00   1.8763542869e-01
   6.6085161010e-02   6.5138294268e-02  -3.1241707246e-01  -1.4976985947e+00   4.6659294970e-02
   6.7753072579e-02   6.7032027752e-02  -2.1815453773e-01  -1.5254722043e+00  -6.0484994435e-02
   6.9096801035e-02   6.8474117405e-02  -1.2355917836e-01  -1.5025219835e+00  -1.3439781247e-01
   7.0295839297e-02   6.9719484666e-02  -2.9230152925e-02  -1.4531120232e+00  -1.9100662632e-01
   7.1430250444e-02   7.0872193928e-02   6.5280632298e-02  -1.3852992542e+00  -2.3694872495e-01
   7.2549653649e-02   7.1988306961e-02   1.5937639234e-01  -1.3027799598e+00  -2.7534291458e-01
   7.3699133738e-02   7.3111000337e-02   2.5377540663e-01  -1.2053929117e+00  -3.0872053297e-01
   7.4939017172e-02   7.4287267138e-02   3.4826758777e-01  -1.0908211943e+00  -3.3883740808e-01
   7.6395598009e-02   7.5590767206e-02   4.4341853446e-01  -9.4954636761e-01  -3.6824527421e-01
   7.8208910679e-02   7.7200428813e-02   5.2830094181e-01  -7.7335099335e-01  -3.9893297662e-01
   8.0321683220e-02   7.9217392545e-02   5.6931945376e-01  -5.7897692744e-01  -4.3067836767e-01
   8.2584096638e-02   8.1425973894e-02   5.3476169907e-01  -3.9560929976e-01  -4.6287894018e-01
   8.4491752441e-02   8.3742219382e-02   4.4467778087e-01  -2.6519457568e-01  -4.8859646751e-01
   8.5826663953e-02   8.5241285500e-02   3.4946442990e-01  -1.8896694564e-01  -5.0455572444e-01
   8.6921334098e-02   8.6412042406e-02   2.5493307448e-01  -1.3579286108e-01  -5.1530027695e-01
   8.7897024414e-02   8.7430625791e-02   1.6061597567e-01  -9.5385059579e-02  -5.2231940900e-01
   8.8804320241e-02   8.8363423038e-02   6.6218489675e-02  -6.3567989037e-02  -5.2607284029e-01
   8.9671838598e-02   8.9245217445e-02  -2.7989711051e-02  -3.8351934337e-02  -5.2663741954e-01
   9.0519227022e-02   9.0098459750e-02  -1.2204850338e-01  -1.8522242982e-02  -5.2392466441e-01
   9.1362348870e-02   9.0939994294e-02  -2.1637454453e-01  -3.3687344946e-03  -5.1763629681e-01
   9.2216329847e-02   9.1784703445e-02  -3.1045396261e-01   7.3056833736e-03  -5.0735626147e-01
   9.3098244619e-02   9.2647956248e-02  -4.0486306845e-01   1.3511728692e-02  -4.9230977611e-01
   9.4030693439e-02   9.3548532989e-02  -4.9906361124e-01   1.4777555421e-02  -4.7147227621e-01
   9.5049433065e-02   9.4512853889e-02  -5.9355467499e-01   1.0052848196e-02  -4.4285291427e-01
   9.6225260123e-02   9.5586012240e-02  -6.8815910130e-01  -3.1325946486e-03  -4.0274820777e-01
   9.7780866433e-02   9.6864508006e-02  -7.8452040278e-01  -3.2966282756e-02  -3.3937009886e-01
   1.0022721644e-01   9.8697224860e-02  -8.5682985300e-01  -1.0541581919e-01  -2.2517563815e-01
   1.0297927075e-01   1.0175720802e-01  -8.2394132442e-01  -2.1307975829e-01  -9.7246810089e-02
   1.0490899526e-01   1.0420133348e-01  -7.2710772121e-01  -2.9811264117e-01  -2.3486399585e-02
   1.0617883006e-01   1.0561665704e-01  -6.3211214365e-01  -3.5424980863e-01   1.0700213096e-02
   1.0723121459e-01   1.0674100308e-01  -5.3748649890e-01  -3.9875026600e-01   2.8052255518e-02
   1.0816882641e-01   1.0772142610e-01  -4.4333067366e-01  -4.3536244905e-01   3.3972573381e-02
   1.0903590137e-01   1.0861622673e-01  -3.4898372025e-01  -4.6589488695e-01   3.0883011059e-02
   1.0985697641e-01   1.0945557602e-01  -2.5491315065e-01  -4.9092491102e-01   2.0065667821e-02
   1.1064799539e-01   1.1025837680e-01  -1.6060703799e-01  -5.1092560947e-01   2.2162354662e-03
   1.1142049836e-01   1.1103761399e-01  -6.6368721032e-02  -5.2590060008e-01  -2.2186191570e-02
   1.1218379179e-01   1.1180338274e-01   2.7760091016e-02  -5.3576621644e-01  -5.2857415966e-02
   1.1294607980e-01   1.1256420085e-01   1.2186501849e-01  -5.4028730233e-01  -8.9708703312e-02
   1.1371534098e-01   1.1332795876e-01   2.1604409041e-01  -5.3902946397e-01  -1.3281804475e-01
   1.1450013933e-01   1.1410272321e-01   3.1030010873e-01  -5.3132551181e-01  -1.8237380879e-01
   1.1531053085e-01   1.1489755546e-01   4.0442914448e-01  -5.1626145454e-01  -2.3858571345e-01
   1.1615951460e-01   1.1572350624e-01   4.9868414388e-01  -4.9241656946e-01  -3.0214581048e-01
   1.1706561586e-01   1.1659552296e-01   5.9292147799e-01  -4.5770952270e-01  -3.7383919685e-01
   1.1805845320e-01   1.1753570877e-01   6.8724108995e-01  -4.0862316527e-01  -4.5521688275e-01
   1.1919368276e-01   1.1858119762e-01   7.8165936975e-01  -3.3864668101e-01  -5.4904529826e-01
   1.2061406473e-01   1.1980616790e-01   8.7714259096e-01  -2.3076061085e-01  -6.6312325085e-01
   1.2240271716e-01   1.2142196156e-01   9.5752528781e-01  -6.7826560584e-02  -7.9142597785e-01
   1.2426708747e-01   1.2338347276e-01   9.9268130773e-01   1.2665000389e-01  -8.9683557452e-01
   1.2600007139e-01   1.2515070217e-01   9.7902691453e-01   3.2139160090e-01  -9.5907211185e-01
   1.2771447447e-01   1.2684944061e-01   9.2380103689e-01   5.1607558654e-01  -9.8082797227e-01
   1.2933364708e-01   1.2857950832e-01   8.3818710793e-01   6.9134598685e-01  -9.6352832500e-01
   1.3071189320e-01   1.3008778585e-01   7.4338482438e-01   8.2637274871e-01  -9.1987654913e-01
   1.3189607203e-01   1.3133600056e-01   6.4908798688e-01   9.2675793942e-01  -8.6232782885e-01
   1.3298088461e-01   1.3245614350e-01   5.5476280635e-01   1.0030522859e+00  -7.9487961800e-01
   1.3401182231e-01   1.3350562572e-01   4.6039877867e-01   1.0593072107e+00  -7.1941590995e-01
   1.3501771559e-01   1.3451801891e-01   3.6631118371e-01   1.0971546374e+00  -6.3716956235e-01
   1.3602094329e-01   1.3551741227e-01   2.7226701088e-01   1.1171788043e+00  -5.4838766185e-01
   1.3704261742e-01   1.3652447432e-01   1.7798604392e-01   1.1186476507e+00  -4.5278185094e-01
   1.3810689797e-01   1.3756076053e-01   8.3580097496e-02   1.0995166744e+00  -3.5002089636e-01
   1.3924651496e-01   1.3865303540e-01  -1.0541220706e-02   1.0563790659e+00  -2.3965961990e-01
   1.4051500396e-01   1.3983999452e-01  -1.0487079031e-01   9.8246266563e-01  -1.1931656976e-01
   1.4202347108e-01   1.4119001341e-01  -1.9962839144e-01   8.6337151160e-01   1.5317376169e-02
   1.4378529072e-01   1.4285692876e-01  -2.8350320065e-01   6.9265845318e-01   1.5379150778e-01
   1.4559398388e-01   1.4471365269e-01  -3.3898938814e-01   4.9746990466e-01   2.6874337003e-01
   1.4739933762e-01   1.4647431508e-01  -3.6459852344e-01   3.0207284085e-01   3.5026229230e-01
   1.4945850424e-01   1.4832436016e-01  -3.6402323781e-01   1.0521732505e-01   4.0000442927e-01
   1.5283812781e-01   1.5059264833e-01  -3.2489121125e-01  -8.4205906481e-02   3.8642287223e-01
   1.5693478049e-01   1.5508360729e-01  -2.8698121190e-01  -5.5088091404e-02   2.7561611677e-01
   1.5993982448e-01   1.5878595369e-01  -3.0738515456e-01   1.3977144087e-01   1.7780410471e-01
   1.6213109118e-01   1.6109369527e-01  -3.5990755103e-01   3.3637989825e-01   1.3070433629e-01
   1.6425545131e-01   1.6316848708e-01  -4.3677418647e-01   5.2913526530e-01   1.2350741633e-01
   1.6638857898e-01   1.6534241555e-01  -5.2906519169e-01   6.9088015374e-01   1.6464571193e-01
   1.6855477941e-01   1.6743474241e-01  -6.2314637132e-01   7.9346102140e-01   2.6131019304e-01
   1.7064543511e-01   1.6967481641e-01  -6.9792630994e-01   8.1905087070e-01   4.0250403704e-01
   1.7245171647e-01   1.7161605381e-01  -7.3733426209e-01   7.7873508818e-01   5.5525951967e-01
   1.7407596525e-01   1.7328737913e-01  -7.4478400778e-01   6.9671879113e-01   7.0745636735e-01
   1.7566250636e-01   1.7486455137e-01  -7.2190891233e-01   5.8232348881e-01   8.5972523331e-01
   1.7732338252e-01   1.7646046135e-01  -6.6359044926e-01   4.3681266226e-01   1.0111902857e+00
   1.7890968904e-01   1.7818630370e-01  -5.7626928947e-01   2.8495229161e-01   1.1372488023e+00
   1.8022647643e-01   1.7963307439e-01  -4.8151771703e-01   1.5672207097e-01   1.2203347172e+00
   1.8134547588e-01   1.8081987848e-01  -3.8712156383e-01   5.0862647246e-02   1.2709204775e+00
   1.8235662752e-01   1.8187107328e-01  -2.9302269103e-01  -3.9528953196e-02   1.2982340473e+00
   1.8330337361e-01   1.8284218176e-01  -1.9860479469e-01  -1.1847437922e-01   1.3064412337e+00
   1.8421211957e-01   1.8376456546e-01  -1.0433538809e-01  -1.8767302510e-01   1.2973518619e+00
   1.8510192597e-01   1.8465967367e-01  -1.0073499021e-02  -2.4873388292e-01   1.2717295436e+00
   1.8598862220e-01   1.8554417827e-01   8.4021005748e-02  -3.0269590153e-01   1.2295254715e+00
   1.8688749111e-01   1.8643306612e-01   1.7818998970e-01  -3.5063549605e-01   1.1696794781e+00
   1.8781568197e-01   1.8734191609e-01   2.7237582899e-01  -3.9337626617e-01   1.0902064326e+00
   1.8879556170e-01   1.8828944784e-01   3.6669526965e-01  -4.3190721672e-01   9.8746407664e-01
   1.8984819679e-01   1.8930167555e-01   4.5987157305e-01  -4.6702960694e-01   8.5734905292e-01
   1.9090230352e-01   1.9039471803e-01   5.4340069028e-01  -4.9769017804e-01   7.0819336728e-01
   1.9187701170e-01   1.9140988901e-01   6.1002390055e-01  -5.2357364098e-01   5.5625940526e-01
   1.9278469540e-01   1.9234413438e-01   6.6235683330e-01  -5.4723315544e-01   4.0397228702e-01
   1.9364849798e-01   1.9322525641e-01   7.0264477564e-01  -5.7046860551e-01   2.5249610728e-01
   1.9448424702e-01   1.9407173955e-01   7.3304940365e-01  -5.9503744439e-01   9.9644915032e-02
   1.9530403974e-01   1.9489675449e-01   7.5414178323e-01  -6.2165320683e-01  -5.1999465077e-02
   1.9611822082e-01   1.9571132498e-01   7.6697462430e-01  -6.5150997127e-01  -2.0377821907e-01
   1.9693645101e-01   1.9652511666e-01   7.7198916734e-01  -6.8562030897e-01  -3.5584621158e-01
   1.9776891603e-01   1.9734778536e-01   7.6938076116e-01  -7.2506189604e-01  -5.0823639419e-01
   1.9862741000e-01   1.9819004669e-01   7.5923431087e-01  -7.7074196684e-01  -6.5991356710e-01
   1.9952721248e-01   1.9906477331e-01   7.4126178069e-01  -8.2453638163e-01  -8.1211907359e-01
   2.0049036971e-01   1.9998965165e-01   7.1495625888e-01  -8.8824616593e-01  -9.6395203817e-01
   2.0155360699e-01   2.0099108777e-01   6.7875913958e-01  -9.6582071568e-01  -1.1167339330e+00
   2.0279014374e-01   2.0211612621e-01   6.3016047797e-01  -1.0627823216e+00  -1.2691492426e+00
   2.0439346168e-01   2.0346416128e-01   5.6087677794e-01  -1.1955369885e+00  -1.4222521595e+00
   2.0642081069e-01   2.0532276209e-01   4.7236403971e-01  -1.3608187153e+00  -1.5368320421e+00
   2.0881226763e-01   2.0751885929e-01   3.7791088469e-01  -1.5264753573e+00  -1.5534333798e+00
   2.1122642245e-01   2.1010567597e-01   3.0091777486e-01  -1.6303427826e+00  -1.4496572335e+00
   2.1312137984e-01   2.1234716893e-01   2.5395442617e-01  -1.6474442132e+00  -1.2939895904e+00
   2.1455336717e-01   2.1389559074e-01   2.2459895004e-01  -1.6135996805e+00  -1.1412572833e+00
   2.1581315678e-01   2.1521114360e-01   2.0086231597e-01  -1.5483984799e+00  -9.8878304746e-01
   2.1699047263e-01   2.1641516995e-01   1.7865995061e-01  -1.4575165876e+00  -8.3693494043e-01
   2.1813322408e-01   2.1756577531e-01   1.5520014985e-01  -1.3416831475e+00  -6.8455904246e-01
   2.1927648569e-01   2.1870067286e-01   1.2833126971e-01  -1.2008251758e+00  -5.3264348402e-01
   2.2045196249e-01   2.1985229852e-01   9.5449044083e-02  -1.0320650635e+00  -3.8096023852e-01
   2.2162533240e-01   2.2105162646e-01   5.5856341826e-02  -8.4258555826e-01  -2.3815374326e-01
   2.2273469983e-01   2.2219903833e-01   1.1201168798e-02  -6.4799629579e-01  -1.1494441597e-01
   2.2378297149e-01   2.2327036132e-01  -3.8256235414e-02  -4.5318424468e-01  -1.1469065761e-02
   2.2479570402e-01   2.2429558165e-01  -9.2895753002e-02  -2.5872404771e-01   7.4266791562e-02
   2.2579187785e-01   2.2529582638e-01  -1.5334587068e-01  -6.4143521893e-02   1.4372771160e-01
   2.2678762210e-01   2.2628792931e-01  -2.2026531368e-01   1.3077238321e-01   1.9738490282e-01
   2.2779860920e-01   2.2728731489e-01  -2.9399742480e-01   3.2512701070e-01   2.3489029441e-01
   2.2884218370e-01   2.2830990352e-01  -3.7570672520e-01   5.1981406183e-01   2.5567659140e-01
   2.2992808001e-01   2.2937446387e-01  -4.6517777427e-01   7.1208451785e-01   2.5823618975e-01
   2.3102606104e-01   2.3048169615e-01  -5.5928905377e-01   8.9426110294e-01   2.4193010204e-01
   2.3211366752e-01   2.3157042593e-01  -6.5332780484e-01   1.0582745872e+00   2.0851553853e-01
   2.3321225055e-01   2.3265690911e-01  -7.4746881006e-01   1.2063693675e+00   1.5924247442e-01
   2.3435259519e-01   2.3376759198e-01  -8.4176673452e-01   1.3398971177e+00   9.4178053593e-02
   2.3558148321e-01   2.3493759840e-01  -9.3611289860e-01   1.4594919948e+00   1.2009569355e-02
   2.3699508415e-01   2.3622536803e-01  -1.0310235052e+00   1.5659536523e+00  -9.2419038677e-02
   2.3876260341e-01   2.3776480028e-01  -1.1211099101e+00   1.6537187280e+00  -2.2628554681e-01
   2.4099093714e-01   2.3976040654e-01  -1.1775769607e+00   1.7016377883e+00  -3.7920474154e-01
   2.4354017545e-01   2.4222146773e-01  -1.1495298460e+00   1.6886342517e+00  -5.0052726168e-01
   2.4556808561e-01   2.4485888316e-01  -1.0536680433e+00   1.6421941725e+00  -5.3896725333e-01
   2.4681899228e-01   2.4627728806e-01  -9.5830834011e-01   1.6011828331e+00  -5.2868860037e-01
   2.4782042247e-01   2.4736069650e-01  -8.6390080222e-01   1.5636936473e+00  -5.0112630709e-01
   2.4868963792e-01   2.4828014844e-01  -7.6957139474e-01   1.5283289399e+00  -4.6320531727e-01
   2.4947449409e-01   2.4909912739e-01  -6.7529337636e-01   1.4944393629e+00  -4.1798139153e-01
   2.5020066115e-01   2.4984986079e-01  -5.8117410902e-01   1.4615914282e+00  -3.6724637025e-01
   2.5088389747e-01   2.5055146152e-01  -4.8697916413e-01   1.4293306718e+00  -3.1196224015e-01
   2.5153475446e-01   2.5121633343e-01  -3.9253626699e-01   1.3972833535e+00  -2.5275048844e-01
   2.5216088882e-01   2.5185317550e-01  -2.9837645883e-01   1.3653456158e+00  -1.9048997355e-01
   2.5276819003e-01   2.5246860215e-01  -2.0477086697e-01   1.3333505764e+00  -1.2582403274e-01
   2.5336122219e-01   2.5306777792e-01  -1.0966599244e-01   1.3003341038e+00  -5.7604147962e-02
   2.5394385077e-01   2.5365466647e-01  -1.6503382999e-02   1.2672467163e+00   1.1422933998e-02
   2.5451946430e-01   2.5423303508e-01   7.8712541808e-02   1.2324041857e+00   8.4004622359e-02
   2.5509107891e-01   2.5480589352e-01   1.7228693750e-01   1.1968792081e+00   1.5716271901e-01
   2.5566160893e-01   2.5537626429e-01   2.6630492781e-01   1.1596182502e+00   2.3233193885e-01
   2.5623391187e-01   2.5594695357e-01   3.6109727028e-01   1.1201238575e+00   3.0968282790e-01
   2.5681092031e-01   2.5652087018e-01   4.5441358098e-01   1.0789945049e+00   3.8724351648e-01
   2.5739587040e-01   2.5710097043e-01   5.4953543275e-01   1.0343318218e+00   4.6764489399e-01
   2.5799235092e-01   2.5769077037e-01   6.4288265203e-01   9.8731085905e-01   5.4776707259e-01
   2.5860462358e-01   2.5829393146e-01   7.3752860897e-01   9.3578661370e-01   6.3014669475e-01
   2.5923803241e-01   2.5891531570e-01   8.3169648298e-01   8.7986142014e-01   7.1317266315e-01
   2.5989933622e-01   2.5956074912e-01   9.2557457932e-01   8.1846934440e-01   7.9690895384e-01
   2.6063040585e-01   2.6023792332e-01   1.0242181649e+00   7.4626388483e-01   8.8584647375e-01