# time = 2.3
# Grid points = 474
# Pressure (Pa) = 101325
#             1_pos             2_posf             3_uvel             4_vvel             5_wvel
  -1.5805823848e-01  -1.5831838469e-01   1.1252916377e+00   8.4979481405e-01   1.1610988771e+00
  -1.5752937181e-01  -1.5779809228e-01   1.2231397513e+00   7.2570261699e-01   1.2676973597e+00
  -1.5694493049e-01  -1.5726065134e-01   1.3175599717e+00   5.7990881206e-01   1.3710806402e+00
  -1.5622197640e-01  -1.5662920965e-01   1.4120108843e+00   3.8877093737e-01   1.4744764798e+00
  -1.5537582916e-01  -1.5581474315e-01   1.4896282263e+00   1.5318293398e-01   1.5582714981e+00
  -1.5450807973e-01  -1.5493691516e-01   1.5304414299e+00  -9.7210493308e-02   1.5994310534e+00
  -1.5364812457e-01  -1.5407924429e-01   1.5310752433e+00  -3.4754860845e-01   1.5937928690e+00
  -1.5276877155e-01  -1.5321700486e-01   1.4915927778e+00  -5.9799810348e-01   1.5412944299e+00
  -1.5189458698e-01  -1.5232053823e-01   1.4146575727e+00  -8.3320500069e-01   1.4458320174e+00
  -1.5113518425e-01  -1.5146863572e-01   1.3204254397e+00  -1.0192727140e+00   1.3323329260e+00
  -1.5051528279e-01  -1.5080173277e-01   1.2257837457e+00  -1.1549570063e+00   1.2207014133e+00
  -1.4997013939e-01  -1.5022883282e-01   1.1316442433e+00  -1.2589508338e+00   1.1116113705e+00
  -1.4947098431e-01  -1.4971144596e-01   1.0376237808e+00  -1.3403616858e+00   1.0044922399e+00
  -1.4900268498e-01  -1.4923052266e-01   9.4336911630e-01  -1.4038393833e+00   8.9894905965e-01
  -1.4855584377e-01  -1.4877484731e-01   8.4968863613e-01  -1.4515412202e+00   7.9593248438e-01
  -1.4812405056e-01  -1.4833684024e-01   7.5513544225e-01  -1.4857550386e+00   6.9396042588e-01
  -1.4770256106e-01  -1.4791126087e-01   6.6146865960e-01  -1.5068847518e+00   5.9505819059e-01
  -1.4728757257e-01  -1.4749386126e-01   5.6759972211e-01  -1.5160144488e+00   4.9820271176e-01
  -1.4687593077e-01  -1.4708128388e-01   4.7317886131e-01  -1.5133655345e+00   4.0326006354e-01
  -1.4646478586e-01  -1.4667057766e-01   3.7912271095e-01  -1.4990751222e+00   3.1138941766e-01
  -1.4605143824e-01  -1.4625899406e-01   2.8525343569e-01  -1.4732162435e+00   2.2265475514e-01
  -1.4563320797e-01  -1.4584388241e-01   1.9153191641e-01  -1.4356553145e+00   1.3731456691e-01
  -1.4520722269e-01  -1.4542253353e-01   9.7016632972e-02  -1.3854699779e+00   5.4943027240e-02
  -1.4477034181e-01  -1.4499191184e-01   3.4986150559e-03  -1.3231073625e+00  -2.2455829607e-02
  -1.4431886778e-01  -1.4454877179e-01  -9.0976501539e-02  -1.2464687815e+00  -9.5923454887e-02
  -1.4384829709e-01  -1.4408896377e-01  -1.8474956599e-01  -1.1557731992e+00  -1.6343306657e-01
  -1.4335289679e-01  -1.4360763041e-01  -2.7890948517e-01  -1.0486343795e+00  -2.2488717170e-01
  -1.4282491811e-01  -1.4309816317e-01  -3.7282611068e-01  -9.2379728515e-01  -2.7865833559e-01
  -1.4225327698e-01  -1.4255167305e-01  -4.6698632725e-01  -7.7789524428e-01  -3.2337474519e-01
  -1.4162089260e-01  -1.4195488091e-01  -5.6099080387e-01  -6.0752130096e-01  -3.5645796611e-01
  -1.4089842974e-01  -1.4128690429e-01  -6.5518459542e-01  -4.0564702054e-01  -3.7431440613e-01
  -1.4006509031e-01  -1.4050995519e-01  -7.4605708103e-01  -1.7058376930e-01  -3.7100857491e-01
  -1.3915098236e-01  -1.3962022543e-01  -8.2384487547e-01   7.9441258860e-02  -3.4295719094e-01
  -1.3816030152e-01  -1.3868173929e-01  -8.8315372936e-01   3.3047699206e-01  -2.9115160094e-01
  -1.3700403163e-01  -1.3763886375e-01  -9.2098588359e-01   5.8208836034e-01  -2.1585526631e-01
  -1.3538099354e-01  -1.3636919951e-01  -9.2105891509e-01   8.3800873130e-01  -1.1392797121e-01
  -1.3351621776e-01  -1.3439278756e-01  -8.5686561417e-01   9.9104624827e-01  -4.2782387778e-02
  -1.3205220188e-01  -1.3263964796e-01  -7.6103276958e-01   1.0103739039e+00  -4.2866022738e-02
  -1.3098616887e-01  -1.3146475581e-01  -6.6670275066e-01   9.7683455768e-01  -7.8380692523e-02
  -1.3009010995e-01  -1.3050758192e-01  -5.7269644579e-01   9.2507122534e-01  -1.2852065817e-01
  -1.2929474671e-01  -1.2967263797e-01  -4.7858004919e-01   8.6517377003e-01  -1.8541869865e-01
  -1.2856619948e-01  -1.2891685546e-01  -3.8469730033e-01   8.0169151719e-01  -2.4446098620e-01
  -1.2788417601e-01  -1.2821554351e-01  -2.9068674834e-01   7.3633063604e-01  -3.0313190249e-01
  -1.2723495150e-01  -1.2755280851e-01  -1.9674048782e-01   6.6999974168e-01  -3.5946370224e-01
  -1.2660819988e-01  -1.2691709448e-01  -1.0273460580e-01   6.0273167946e-01  -4.1219547277e-01
  -1.2599543252e-01  -1.2629930528e-01  -8.8734117799e-03   5.3436340616e-01  -4.6018854631e-01
  -1.2538898170e-01  -1.2569155975e-01   8.5207810392e-02   4.6397369061e-01  -5.0274925568e-01
  -1.2478118265e-01  -1.2508640364e-01   1.7926499953e-01   3.9074046007e-01  -5.3892102307e-01
  -1.2416350692e-01  -1.2447596166e-01   2.7318961159e-01   3.1334652769e-01  -5.6781845351e-01
  -1.2352531898e-01  -1.2385105219e-01   3.6721472761e-01   2.2957305113e-01  -5.8847330945e-01
  -1.2285154713e-01  -1.2319958578e-01   4.6131464685e-01   1.3632305656e-01  -5.9940737151e-01
  -1.2211745775e-01  -1.2250350849e-01   5.5544496516e-01   2.8409767104e-02  -5.9830627971e-01
  -1.2127247490e-01  -1.2173140701e-01   6.4999229963e-01  -1.0527551590e-01  -5.8060663531e-01
  -1.2019584144e-01  -1.2081354279e-01   7.4326078697e-01  -2.9137237246e-01  -5.3490515684e-01
  -1.1895198476e-01  -1.1957814010e-01   8.0747014378e-01  -5.2753421148e-01  -4.5736269977e-01
  -1.1773880746e-01  -1.1832582942e-01   8.1889704074e-01  -7.7717791490e-01  -3.6511525628e-01
  -1.1658051684e-01  -1.1715178550e-01   7.7985624546e-01  -1.0272611237e+00  -2.7157498647e-01
  -1.1549934272e-01  -1.1600924818e-01   7.0123350383e-01  -1.2621985929e+00  -1.8777816025e-01
  -1.1459155140e-01  -1.1498943726e-01   6.0661608330e-01  -1.4539516381e+00  -1.2453914097e-01
  -1.1384910472e-01  -1.1419366555e-01   5.1234658339e-01  -1.6018779408e+00  -7.9988144795e-02
  -1.1318998667e-01  -1.1350454388e-01   4.1812513309e-01  -1.7235346414e+00  -4.6645059047e-02
  -1.1257879618e-01  -1.1287542945e-01   3.2384765296e-01  -1.8257631761e+00  -2.1309129225e-02
  -1.1199578131e-01  -1.1228216291e-01   2.3001532759e-01  -1.9113904472e+00  -2.2869759169e-03
  -1.1142767446e-01  -1.1170939971e-01   1.3597135629e-01  -1.9826401875e+00   1.1721702732e-02
  -1.1086404072e-01  -1.1114594920e-01   4.1885393439e-02  -2.0398108139e+00   2.1477682351e-02
  -1.1029520094e-01  -1.1058213224e-01  -5.2339563719e-02  -2.0825718164e+00   2.7618730194e-02
  -1.0971078520e-01  -1.1000826964e-01  -1.4620406478e-01  -2.1095515223e+00   3.0691041154e-02
  -1.0909781790e-01  -1.0941330076e-01  -2.4034217392e-01  -2.1185541383e+00   3.1292918494e-02
  -1.0843733078e-01  -1.0878233504e-01  -3.3452320937e-01  -2.1050555401e+00   3.0117667083e-02
  -1.0769636531e-01  -1.0809232652e-01  -4.2877580084e-01  -2.0605573213e+00   2.8285676343e-02
  -1.0679963984e-01  -1.0730040409e-01  -5.2355854077e-01  -1.9648052221e+00   2.8248561023e-02
  -1.0567156748e-01  -1.0629887559e-01  -6.0877349529e-01  -1.7815744187e+00   3.6701280893e-02
  -1.0453444857e-01  -1.0504425936e-01  -6.5502515014e-01  -1.5340905064e+00   5.9543815625e-02
  -1.0358168368e-01  -1.0402463779e-01  -6.6145558202e-01  -1.2831802329e+00   9.3070959755e-02
  -1.0273263335e-01  -1.0313872958e-01  -6.4360576624e-01  -1.0323285218e+00   1.3479350590e-01
  -1.0194119670e-01  -1.0232653711e-01  -6.0880481297e-01  -7.8223542336e-01   1.8298315092e-01
  -1.0118059592e-01  -1.0155585629e-01  -5.6057024595e-01  -5.3133198134e-01   2.3662672159e-01
  -1.0043136429e-01  -1.0080533554e-01  -5.0132717303e-01  -2.8150303165e-01   2.9403576631e-01
  -9.9675874603e-02  -1.0005739304e-01  -4.3146140506e-01  -3.0386847913e-02   3.5432327477e-01
  -9.8894372337e-02  -9.9294356164e-02  -3.5156798831e-01   2.1980276596e-01   4.1513101719e-01
  -9.8077794022e-02  -9.8494388511e-02  -2.6208352870e-01   4.6531477521e-01   4.7290705582e-01
  -9.7252228434e-02  -9.7661199533e-02  -1.6825536888e-01   6.8932452879e-01   5.2023705877e-01
  -9.6432637945e-02  -9.6843257335e-02  -7.4421101344e-02   8.8031182305e-01   5.5100386432e-01
  -9.5599886399e-02  -9.6022018555e-02   1.9691582685e-02   1.0366769579e+00   5.6087428578e-01
  -9.4732985247e-02  -9.5177754243e-02   1.1349168148e-01   1.1523333720e+00   5.4370026997e-01
  -9.3805085323e-02  -9.4288216251e-02   2.0748211680e-01   1.2188036056e+00   4.9052822726e-01
  -9.2772807651e-02  -9.3321954394e-02   3.0152613147e-01   1.2195402252e+00   3.8699598751e-01
  -9.1683494330e-02  -9.2223660908e-02   3.8654262825e-01   1.1389825899e+00   2.2948671109e-01
  -9.0689487655e-02  -9.1143327752e-02   4.4921431810e-01   9.9833596487e-01   4.8657568713e-02
  -8.9821072806e-02  -9.0235647557e-02   4.9081938867e-01   8.2887009678e-01  -1.3216656941e-01
  -8.9006512260e-02  -8.9406498055e-02   5.1739254269e-01   6.3949274865e-01  -3.1240979914e-01
  -8.8201877727e-02  -8.8606526465e-02   5.3091806146e-01   4.3192611699e-01  -4.9275482829e-01
  -8.7364450328e-02  -8.7797228990e-02   5.3046508998e-01   2.0432650613e-01  -6.7353106316e-01
  -8.6463854951e-02  -8.6931671667e-02   5.1232162436e-01  -4.0357590420e-02  -8.4820881989e-01
  -8.5480016921e-02  -8.5996038235e-02   4.7038334684e-01  -2.9159037548e-01  -1.0016526184e+00
  -8.4407908192e-02  -8.4963995607e-02   3.9745900075e-01  -5.2756100549e-01  -1.1087242391e+00
  -8.3408849713e-02  -8.3851820777e-02   3.0446728702e-01  -6.9795938902e-01  -1.1417655307e+00
  -8.2589997552e-02  -8.2965878648e-02   2.1006101556e-01  -7.9320825064e-01  -1.1138771066e+00
  -8.1878371884e-02  -8.2214116455e-02   1.1611405963e-01  -8.4012718937e-01  -1.0484409332e+00
  -8.1233281775e-02  -8.1542627314e-02   2.1868330458e-02  -8.5334436136e-01  -9.5624448969e-01
  -8.0632434741e-02  -8.0923936237e-02  -7.1964200826e-02  -8.4076994531e-01  -8.4434662411e-01
  -8.0061518863e-02  -8.0340933245e-02  -1.6615795172e-01  -8.0736299468e-01  -7.1585561491e-01
  -7.9510307308e-02  -7.9782104481e-02  -2.6002270151e-01  -7.5668780498e-01  -5.7437513212e-01
  -7.8970614624e-02  -7.9238510134e-02  -3.5433672491e-01  -6.9057725526e-01  -4.2056721109e-01
  -7.8435209520e-02  -7.8702719115e-02  -4.4825160728e-01  -6.1113078031e-01  -2.5708109107e-01
  -7.7897301698e-02  -7.8167699926e-02  -5.4212679878e-01  -5.1906760074e-01  -8.4204691446e-02
  -7.7358271019e-02  -7.7626903470e-02  -6.3440132196e-01  -4.1657121925e-01   9.4533189526e-02
  -7.6821841789e-02  -7.7089638567e-02  -7.2323635032e-01  -3.0629708812e-01   2.7492556427e-01
  -7.6282061466e-02  -7.6554045011e-02  -8.0811776555e-01  -1.8923690737e-01   4.5545056449e-01
  -7.5728204671e-02  -7.6010077921e-02  -8.8874967567e-01  -6.5499087917e-02   6.3543613102e-01
  -7.5146795863e-02  -7.5446331421e-02  -9.6535921915e-01   6.6905477187e-02   8.1621524406e-01
  -7.4517867671e-02  -7.4847260305e-02  -1.0364291337e+00   2.0914455829e-01   9.9638196296e-01
  -7.3804869105e-02  -7.4188475037e-02  -1.1004603563e+00   3.6718003895e-01   1.1775222751e+00
  -7.2914170792e-02  -7.3421263173e-02  -1.1515695960e+00   5.5409830655e-01   1.3599643173e+00
  -7.1704133486e-02  -7.2407078412e-02  -1.1642219560e+00   7.8296941262e-01   1.5187750020e+00
  -7.0405718810e-02  -7.1001188561e-02  -1.1044302267e+00   9.9320146548e-01   1.5736544513e+00
  -6.9426972198e-02  -6.9810249060e-02  -1.0078887411e+00   1.1263542461e+00   1.5358070364e+00
  -6.8734206514e-02  -6.9043695336e-02  -9.1317376002e-01   1.2077564833e+00   1.4702201821e+00
  -6.8154900032e-02  -6.8424717692e-02  -8.1892253177e-01   1.2684837442e+00   1.3944252915e+00
  -6.7640390868e-02  -6.7885082371e-02  -7.2476998559e-01   1.3173503219e+00   1.3134748598e+00
  -6.7168269659e-02  -6.7395699365e-02  -6.3067281234e-01   1.3582983396e+00   1.2298302711e+00
  -6.6725809146e-02  -6.6940839954e-02  -5.3667903310e-01   1.3934948598e+00   1.1449753486e+00
  -6.6304855767e-02  -6.6510778339e-02  -4.4280026397e-01   1.4242758676e+00   1.0598542942e+00
  -6.5899765946e-02  -6.6098933196e-02  -3.4847196970e-01   1.4516664830e+00   9.7462142135e-01
  -6.5506326508e-02  -6.5700598696e-02  -2.5435277484e-01   1.4760397230e+00   8.9038653154e-01
  -6.5121185261e-02  -6.5312054319e-02  -1.6017017829e-01   1.4978695509e+00   8.0732300113e-01
  -6.4741572830e-02  -6.4930316203e-02  -6.6255107268e-02   1.5173485635e+00   7.2607641261e-01
  -6.4365081701e-02  -6.4552829457e-02   2.7526486078e-02   1.5346800751e+00   6.4684026361e-01
  -6.3989526757e-02  -6.4177333946e-02   1.2128123857e-01   1.5499643534e+00   5.6982437352e-01
  -6.3612792948e-02  -6.3801719568e-02   2.1603398707e-01   1.5633250600e+00   4.9454987779e-01
  -6.3232750299e-02  -6.3423866329e-02   3.0985625665e-01   1.5744161192e+00   4.2287846051e-01
  -6.2847171004e-02  -6.3041634269e-02   4.0377000693e-01   1.5832519723e+00   3.5432499334e-01
  -6.2453588813e-02  -6.2652707739e-02   4.9777124599e-01   1.5895934687e+00   2.8929142338e-01
  -6.2049164379e-02  -6.2254469887e-02   5.9170992562e-01   1.5930956815e+00   2.2832881667e-01
  -6.1630477846e-02  -6.1843858871e-02   6.8571410598e-01   1.5932930505e+00   1.7188557222e-01
  -6.1193188570e-02  -6.1417096821e-02   7.7995928579e-01   1.5895064849e+00   1.2053724401e-01
  -6.0731604745e-02  -6.0969280319e-02   8.7393108654e-01   1.5808181068e+00   7.5400970829e-02
  -6.0237790962e-02  -6.0493929170e-02   9.6804201865e-01   1.5658331438e+00   3.7373429869e-02
  -5.9699856866e-02  -5.9981652754e-02   1.0621560265e+00   1.5424433297e+00   8.1057930836e-03
  -5.9098343935e-02  -5.9418060978e-02   1.1563110369e+00   1.5071092860e+00  -9.9832830285e-03
  -5.8396466309e-02  -5.8778626891e-02   1.2506031952e+00   1.4531012338e+00  -1.2667842191e-02
  -5.7502231296e-02  -5.8014305727e-02   1.3457173595e+00   1.3634205971e+00   9.6932976548e-03
  -5.6222845231e-02  -5.6990156864e-02   1.4324366229e+00   1.1943682919e+00   8.1113040379e-02
  -5.4788248035e-02  -5.5455533597e-02   1.4677345935e+00   9.5411109838e-01   1.9281568975e-01
  -5.3539182190e-02  -5.4120962474e-02   1.4475066297e+00   7.0408039570e-01   2.9826902956e-01
  -5.2425153028e-02  -5.2957401905e-02   1.3937370183e+00   4.5384526384e-01   3.8392675577e-01
  -5.1391191848e-02  -5.1892904151e-02   1.3173859158e+00   2.0424642089e-01   4.4675664723e-01
  -5.0441928158e-02  -5.0889479544e-02   1.2270887879e+00  -3.6617456682e-02   4.8534289505e-01
  -4.9604119896e-02  -4.9994376773e-02   1.1330258366e+00  -2.5485970353e-01   5.0144823930e-01
  -4.8860583404e-02  -4.9213863019e-02   1.0390031507e+00  -4.5117989889e-01   5.0060000848e-01
  -4.8180166009e-02  -4.8507303790e-02   9.4493902115e-01  -6.3118488346e-01   4.8705098805e-01
  -4.7545269417e-02  -4.7853028229e-02   8.5106294555e-01  -7.9739357365e-01   4.6354368240e-01
  -4.6944543470e-02  -4.7237510604e-02   7.5702011276e-01  -9.5214571998e-01   4.3183000419e-01
  -4.6369938549e-02  -4.6651576336e-02   6.6312308573e-01  -1.0959266161e+00   3.9331172342e-01
  -4.5815267456e-02  -4.6088300762e-02   5.6905712023e-01  -1.2297765043e+00   3.4879652214e-01
  -4.5275471691e-02  -4.5542234150e-02   4.7510167379e-01  -1.3535106003e+00   2.9906746333e-01
  -4.4746129079e-02  -4.5008709233e-02   3.8135543649e-01  -1.4670154065e+00   2.4464277644e-01
  -4.4223182192e-02  -4.4483548925e-02   2.8695965552e-01  -1.5709134166e+00   1.8521388871e-01
  -4.3702641420e-02  -4.3962815459e-02   1.9325349769e-01  -1.6631329041e+00   1.2167298505e-01
  -4.3180331938e-02  -4.3442467381e-02   9.9197254608e-02  -1.7438435921e+00   5.3201884807e-02
  -4.2651613958e-02  -4.2918196496e-02   5.0744035323e-03  -1.8113129741e+00  -2.0412669154e-02
  -4.2110981573e-02  -4.2385031419e-02  -8.8834059750e-02  -1.8634197039e+00  -9.9590757752e-02
  -4.1551427476e-02  -4.1836931727e-02  -1.8282194681e-01  -1.8975201545e+00  -1.8562018138e-01
  -4.0963274173e-02  -4.1265923226e-02  -2.7691919079e-01  -1.9092683293e+00  -2.8023620647e-01
  -4.0331949125e-02  -4.0660625120e-02  -3.7100986332e-01  -1.8918191535e+00  -3.8609064194e-01
  -3.9632776053e-02  -4.0003273131e-02  -4.6509438804e-01  -1.8334007966e+00  -5.0805274815e-01
  -3.8818557515e-02  -3.9262278974e-02  -5.5939629324e-01  -1.7096531753e+00  -6.5655103368e-01
  -3.7927127047e-02  -3.8374836056e-02  -6.4118879286e-01  -1.5051103643e+00  -8.2537500073e-01
  -3.7116567126e-02  -3.7479418038e-02  -6.9499184900e-01  -1.2566826979e+00  -9.8409865579e-01
  -3.6442635267e-02  -3.6753716213e-02  -7.2410045065e-01  -1.0052340035e+00  -1.1194616741e+00
  -3.5852252313e-02  -3.6131554321e-02  -7.3812833173e-01  -7.5440826078e-01  -1.2397722399e+00
  -3.5314839494e-02  -3.5572950304e-02  -7.4207672782e-01  -5.0397509869e-01  -1.3501488444e+00
  -3.4813342499e-02  -3.5056728684e-02  -7.3870821294e-01  -2.5266369451e-01  -1.4538436043e+00
  -3.4336753059e-02  -3.4569956315e-02  -7.2982501113e-01  -2.5272853433e-03  -1.5516960655e+00
  -3.3877186848e-02  -3.4103549803e-02  -7.1661707232e-01   2.4808512977e-01  -1.6454863294e+00
  -3.3428544878e-02  -3.3650823894e-02  -6.9992284229e-01   4.9951656458e-01  -1.7360590747e+00
  -3.2985585617e-02  -3.3206265863e-02  -6.8066755704e-01   7.4880752790e-01  -1.8229075475e+00
  -3.2543409428e-02  -3.2764905372e-02  -6.5905435578e-01   1.0006407198e+00  -1.9080104496e+00
  -3.2096990463e-02  -3.2321913485e-02  -6.3592546126e-01   1.2507904771e+00  -1.9901357459e+00
  -3.1640613152e-02  -3.1872067441e-02  -6.1158487987e-01   1.5011587490e+00  -2.0700199923e+00
  -3.1167029769e-02  -3.1409158863e-02  -5.8643638538e-01   1.7523009715e+00  -2.1477485299e+00
  -3.0666066559e-02  -3.0924900674e-02  -5.6116786047e-01   2.0026529547e+00  -2.2225468613e+00
  -3.0121318790e-02  -3.0407232444e-02  -5.3630397089e-01   2.2540295665e+00  -2.2942673386e+00
  -2.9500906841e-02  -2.9835405136e-02  -5.1304828627e-01   2.5061721934e+00  -2.3612073156e+00
  -2.8716775517e-02  -2.9166408546e-02  -4.9409671108e-01   2.7603827224e+00  -2.4189705450e+00
  -2.7251125649e-02  -2.8267142488e-02  -5.0039344313e-01   2.9916781304e+00  -2.4248960162e+00
  -2.5659897492e-02  -2.6235108809e-02  -5.6450303711e-01   2.8996318350e+00  -2.2841354279e+00
  -2.4731944585e-02  -2.5084686174e-02  -6.3267600078e-01   2.6466284117e+00  -2.1124173678e+00
  -2.4102318067e-02  -2.4379202996e-02  -6.8987269598e-01   2.3935792648e+00  -1.9571524101e+00
  -2.3587430851e-02  -2.3825433138e-02  -7.4176529247e-01   2.1420222801e+00  -1.8079315140e+00
  -2.3135675571e-02  -2.3349428564e-02  -7.9035532074e-01   1.8900952779e+00  -1.6607255254e+00
  -2.2724636741e-02  -2.2921922578e-02  -8.3591737876e-01   1.6401797756e+00  -1.5156366270e+00
  -2.2341970125e-02  -2.2527350903e-02  -8.7922448720e-01   1.3902909253e+00  -1.3708004825e+00
  -2.1980148880e-02  -2.2156589346e-02  -9.2091330612e-01   1.1377483523e+00  -1.2242096214e+00
  -2.1633908176e-02  -2.1803708414e-02  -9.6008074408e-01   8.8888158883e-01  -1.0792158824e+00
  -2.1299351844e-02  -2.1464107938e-02  -9.9767817024e-01   6.3828768292e-01  -9.3242616005e-01
  -2.0973581737e-02  -2.1134595750e-02  -1.0336334075e+00   3.8635580059e-01  -7.8383039412e-01
  -2.0654168895e-02  -2.0812567724e-02  -1.0675043635e+00   1.3620397094e-01  -6.3507073895e-01
  -2.0339030694e-02  -2.0495770066e-02  -1.0995462259e+00  -1.1410520152e-01  -4.8481762329e-01
  -2.0026333055e-02  -2.0182291323e-02  -1.1297227550e+00  -3.6480330887e-01  -3.3272764541e-01
  -1.9714347801e-02  -1.9870374787e-02  -1.1579469375e+00  -6.1600635568e-01  -1.7850321535e-01
  -1.9401370823e-02  -1.9558320815e-02  -1.1839581790e+00  -8.6640816541e-01  -2.2710397026e-02
  -1.9085648044e-02  -1.9244420831e-02  -1.2076897498e+00  -1.1167182234e+00   1.3535358786e-01
  -1.8765284566e-02  -1.8926875257e-02  -1.2289366146e+00  -1.3668509988e+00   2.9595719592e-01
  -1.8438087959e-02  -1.8603693874e-02  -1.2475745786e+00  -1.6189117091e+00   4.6089941296e-01
  -1.8101458799e-02  -1.8272482044e-02  -1.2629867456e+00  -1.8694121481e+00   6.2842160952e-01
  -1.7752247665e-02  -1.7930435554e-02  -1.2747675288e+00  -2.1178527258e+00   7.9874664770e-01
  -1.7386777486e-02  -1.7574059775e-02  -1.2824967107e+00  -2.3706641945e+00   9.7728282339e-01
  -1.7005938519e-02  -1.7199495197e-02  -1.2849780676e+00  -2.6154348108e+00   1.1564052216e+00
  -1.6611758612e-02  -1.6812381841e-02  -1.2814858326e+00  -2.8511621394e+00   1.3364202856e+00
  -1.6201209906e-02  -1.6411135383e-02  -1.2710959969e+00  -3.0743955880e+00   1.5160831981e+00
  -1.5768830412e-02  -1.5991284430e-02  -1.2522636815e+00  -3.2852666929e+00   1.6976486343e+00
  -1.5307021499e-02  -1.5546376395e-02  -1.2235408652e+00  -3.4758778264e+00   1.8772997626e+00
  -1.4804219549e-02  -1.5067666603e-02  -1.1817968467e+00  -3.6440452227e+00   2.0577220550e+00
  -1.4240540721e-02  -1.4540772494e-02  -1.1223364365e+00  -3.7801378354e+00   2.2381882068e+00
  -1.3614764543e-02  -1.3940308948e-02  -1.0409965977e+00  -3.8650323202e+00   2.4101978118e+00
  -1.3004479665e-02  -1.3289220139e-02  -9.4729685730e-01  -3.8806244142e+00   2.5474865068e+00
  -1.2463553246e-02  -1.2719739192e-02  -8.5327755891e-01  -3.8386348631e+00   2.6423371898e+00
  -1.1970669631e-02  -1.2207367300e-02  -7.5909985141e-01  -3.7559448716e+00   2.7067779747e+00
  -1.1511204455e-02  -1.1733971962e-02  -6.6494813491e-01  -3.6424352843e+00   2.7476235789e+00
  -1.1075855463e-02  -1.1288436949e-02  -5.7108083359e-01  -3.5048090631e+00   2.7692403770e+00
  -1.0658211472e-02  -1.0863273977e-02  -4.7716214745e-01  -3.3468683450e+00   2.7746160597e+00
  -1.0253560356e-02  -1.0453148968e-02  -3.8296983724e-01  -3.1711371685e+00   2.7656018985e+00
  -9.8581692775e-03  -1.0053971745e-02  -2.8876542198e-01  -2.9802509857e+00   2.7434684255e+00
  -9.4688952289e-03  -9.6623668102e-03  -1.9465781529e-01  -2.7761684172e+00   2.7091511544e+00
  -9.0829624049e-03  -9.2754236476e-03  -1.0065208231e-01  -2.5602705450e+00   2.6632391983e+00
  -8.6977810932e-03  -8.8905011623e-03  -6.6951128610e-03  -2.3334854158e+00   2.6059814020e+00
  -8.3107856106e-03  -8.5050610242e-03   8.7280468932e-02  -2.0964285506e+00   2.5373021367e+00
  -7.9206123192e-03  -8.1165101971e-03   1.8098486497e-01  -1.8504379345e+00   2.4571320714e+00
  -7.5307195216e-03  -7.7247144413e-03   2.7287076257e-01  -1.6002709023e+00   2.3665701149e+00
  -7.1432617160e-03  -7.3367246020e-03   3.6183100253e-01  -1.3497821335e+00   2.2666586845e+00
  -6.7549938890e-03  -6.9497988300e-03   4.4807680499e-01  -1.0991404044e+00   2.1570077253e+00
  -6.3620725376e-03  -6.5601889479e-03   5.3182479623e-01  -8.4821199602e-01   2.0367370880e+00
  -5.9602799797e-03  -6.1639561273e-03   6.1310071775e-01  -5.9717031789e-01   1.9046700562e+00
  -5.5446128149e-03  -5.7566038320e-03   6.9167768419e-01  -3.4675377791e-01   1.7594352260e+00
  -5.1087009273e-03  -5.3326217978e-03   7.6766523107e-01  -9.6313219280e-02   1.5980291173e+00
  -4.6596354613e-03  -4.8847800568e-03   8.3836087606e-01   1.4551529545e-01   1.4231642438e+00
  -4.2185865063e-03  -4.4344908659e-03   9.0034303712e-01   3.6672111933e-01   1.2417735625e+00
  -3.7940004714e-03  -4.0026821468e-03   9.5137746355e-01   5.5796988626e-01   1.0624130497e+00
  -3.3823913300e-03  -3.5853187961e-03   9.9327051441e-01   7.2436871002e-01   8.8235599797e-01
  -2.9810691534e-03  -3.1794638640e-03   1.0265246752e+00   8.6672971015e-01   7.0198727754e-01
  -2.5877637347e-03  -2.7826744428e-03   1.0516088522e+00   9.8590083617e-01   5.2162149336e-01
  -2.2004978440e-03  -2.3928530265e-03   1.0689659861e+00   1.0827851614e+00   3.4141823629e-01
  -1.8174924835e-03  -2.0081426614e-03   1.0789885712e+00   1.1582410190e+00   1.6141492716e-01
  -1.4370880138e-03  -1.6268423055e-03   1.0820016447e+00   1.2130061638e+00  -1.8441943246e-02
  -1.0576733466e-03  -1.2473337220e-03   1.0782522508e+00   1.2476432803e+00  -1.9826581718e-01
  -6.7760555505e-04  -8.6801297128e-04   1.0677901625e+00   1.2624674983e+00  -3.7940332123e-01
  -2.9514547573e-04  -4.8719813883e-04   1.0508485832e+00   1.2574199552e+00  -5.5950284250e-01
   9.1607529216e-05  -1.0309281263e-04   1.0274863374e+00   1.2327658409e+00  -7.3946758047e-01
   4.8482827131e-04   2.8630787106e-04   9.9765881859e-01   1.1882983720e+00  -9.1954350850e-01
   8.8710911519e-04   6.8334867156e-04   9.6129604730e-01   1.1236264040e+00  -1.0995444287e+00
   1.3016812787e-03   1.0908695588e-03   9.1813136525e-01   1.0378696566e+00  -1.2797208837e+00
   1.7328040412e-03   1.5124929985e-03   8.6762820577e-01   9.2937239859e-01  -1.4605602413e+00
   2.1862747716e-03   1.9531150838e-03   8.0963359862e-01   7.9712885415e-01  -1.6405364213e+00
   2.6705398377e-03   2.4194344594e-03   7.4302591264e-01   6.3774110088e-01  -1.8204464412e+00
   3.1993439110e-03   2.9216452159e-03   6.6573292390e-01   4.4488609411e-01  -2.0012631878e+00
   3.7811232225e-03   3.4770426061e-03   5.7742879761e-01   2.1605945153e-01  -2.1777362533e+00
   4.3835201873e-03   4.0852038389e-03   4.8492471239e-01  -3.1936426096e-02  -2.3326980822e+00
   4.9773169614e-03   4.6818365357e-03   3.9402971291e-01  -2.8318693107e-01  -2.4563566590e+00
   5.5729866491e-03   5.2727973871e-03   3.0594232976e-01  -5.3348363076e-01  -2.5482090275e+00
   6.1865759586e-03   5.8731759111e-03   2.1988687360e-01  -7.8434177754e-01  -2.6081484591e+00
   6.8387590615e-03   6.4999760060e-03   1.3574931275e-01  -1.0356361918e+00  -2.6317879519e+00
   7.5639118023e-03   7.1775421169e-03   5.3477362136e-02  -1.2869252529e+00  -2.6090829932e+00
   8.4284907617e-03   7.9502814876e-03  -2.6922752900e-02  -1.5366043590e+00  -2.5157602250e+00
   9.3096336147e-03   8.9067000358e-03  -8.8165163640e-02  -1.7258146112e+00  -2.3533387784e+00
   1.0035020935e-02   9.7125671936e-03  -1.2198073239e-01  -1.8235844764e+00  -2.1716896807e+00
   1.0639065742e-02   1.0357474677e-02  -1.3879766596e-01  -1.8613053932e+00  -1.9909745530e+00
   1.1177313172e-02   1.0920656807e-02  -1.4554001336e-01  -1.8601307371e+00  -1.8098966690e+00
   1.1674257002e-02   1.1433969537e-02  -1.4528266293e-01  -1.8296056644e+00  -1.6299927512e+00
   1.2143599615e-02   1.1914544467e-02  -1.3979655534e-01  -1.7747728847e+00  -1.4498308172e+00
   1.2594013416e-02   1.2372654763e-02  -1.3015517507e-01  -1.6986910858e+00  -1.2698209086e+00
   1.3031636100e-02   1.2815372069e-02  -1.1698818180e-01  -1.6025237881e+00  -1.0888653722e+00
   1.3461193164e-02   1.3247900132e-02  -1.0098231626e-01  -1.4886309542e+00  -9.0919874999e-01
   1.3886580617e-02   1.3674486196e-02  -8.2384407128e-02  -1.3566999892e+00  -7.2917967530e-01
   1.4311202510e-02   1.4098675037e-02  -6.1369855046e-02  -1.2062176043e+00  -5.4821236780e-01
   1.4738253919e-02   1.4523729983e-02  -3.8464285991e-02  -1.0393879049e+00  -3.6899393971e-01
   1.5170951790e-02   1.4952777854e-02  -1.3339186082e-02  -8.5230692391e-01  -1.8790228354e-01
   1.5612671512e-02   1.5389125726e-02   1.3397280378e-02  -6.4805434664e-01  -8.6962973379e-03
   1.6067223854e-02   1.5836217297e-02   4.2224992780e-02  -4.2148903046e-01   1.7213481264e-01
   1.6530917175e-02   1.6298230411e-02   7.2285915413e-02  -1.7796281624e-01   3.4934990589e-01
   1.6987773895e-02   1.6763603940e-02   1.0227500306e-01   7.2529144639e-02   5.1622592439e-01
   1.7430150102e-02   1.7211943850e-02   1.3127293661e-01   3.2203102440e-01   6.6915133631e-01
   1.7862751001e-02   1.7648356354e-02   1.5975931369e-01   5.7418749946e-01   8.1191003119e-01
   1.8289675561e-02   1.8077145649e-02   1.8721139187e-01   8.2381371401e-01   9.4287168565e-01
   1.8714647285e-02   1.8502205473e-02   2.1404666677e-01   1.0740826955e+00   1.0648681144e+00
   1.9141265426e-02   1.8927089097e-02   2.4039189220e-01   1.3257820326e+00   1.1789638345e+00
   1.9573289800e-02   1.9355441756e-02   2.6585960914e-01   1.5747168655e+00   1.2839953256e+00
   2.0015045606e-02   1.9791137844e-02   2.9111817750e-01   1.8270783617e+00   1.3830789626e+00
   2.0471811821e-02   2.0238953368e-02   3.1560300428e-01   2.0770138525e+00   1.4742887006e+00
   2.0950529667e-02   2.0704670275e-02   3.3961082687e-01   2.3273873034e+00   1.5591166157e+00
   2.1461424310e-02   2.1196389059e-02   3.6315186670e-01   2.5786169142e+00   1.6378701285e+00
   2.2020974568e-02   2.1726459561e-02   3.8598756405e-01   2.8290879178e+00   1.7101571442e+00
   2.2660912212e-02   2.2315489575e-02   4.0810133902e-01   3.0813370238e+00   1.7765761536e+00
   2.3464331515e-02   2.3006334850e-02   4.2866746442e-01   3.3349517042e+00   1.8363107692e+00
   2.4547746882e-02   2.3922328180e-02   4.4208290169e-01   3.5546195585e+00   1.8802763826e+00
   2.5798584287e-02   2.5173165585e-02   4.3473495030e-01   3.6238712342e+00   1.8868479181e+00
   2.7065447712e-02   2.6424002990e-02   3.9865792198e-01   3.4820733513e+00   1.8508083605e+00
   2.8098928848e-02   2.7706892435e-02   3.4761292908e-01   3.2210924559e+00   1.7942922779e+00
   2.8808104216e-02   2.8490965260e-02   3.0076401536e-01   2.9687266564e+00   1.7415659028e+00
   2.9403332733e-02   2.9125243172e-02   2.5466046003e-01   2.7174613488e+00   1.6891384910e+00
   2.9935435003e-02   2.9681422295e-02   2.0861717646e-01   2.4658837670e+00   1.6360418895e+00
   3.0427568490e-02   3.0189447711e-02   1.6281529670e-01   2.2157098496e+00   1.5822364945e+00
   3.0892929959e-02   3.0665689268e-02   1.1697048889e-01   1.9655167575e+00   1.5271223739e+00
   3.1339988643e-02   3.1120170650e-02   7.0879609912e-02   1.7140270253e+00   1.4701383663e+00
   3.1774890977e-02   3.1559806637e-02   2.5168919585e-02   1.4642869970e+00   1.4117274461e+00
   3.2202462579e-02   3.1989975316e-02  -2.0732341600e-02   1.2126305183e+00   1.3507728731e+00
   3.2626764098e-02   3.2414949842e-02  -6.5939554708e-02   9.6319328105e-01   1.2880054834e+00
   3.3051534291e-02   3.2838578353e-02  -1.1101569925e-01   7.1194003070e-01   1.2221065563e+00
   3.3480451499e-02   3.3264490229e-02  -1.5529499176e-01   4.6135579858e-01   1.1533452487e+00
   3.3917424928e-02   3.3696412769e-02  -1.9856800407e-01   2.1106772791e-01   1.0812038761e+00
   3.4366906736e-02   3.4138437087e-02  -2.4049024061e-01  -3.9019811043e-02   1.0051354946e+00
   3.4834419287e-02   3.4595376386e-02  -2.8078890805e-01  -2.9035594870e-01   9.2395724951e-01
   3.5327258534e-02   3.5073462189e-02  -3.1849480086e-01  -5.4144618586e-01   8.3715553393e-01
   3.5855665954e-02   3.5581054879e-02  -3.5247503518e-01  -7.9162154459e-01   7.4364845848e-01
   3.6435656678e-02   3.6130277028e-02  -3.8125037713e-01  -1.0422768454e+00   6.4083829300e-01
   3.7095883902e-02   3.6741036329e-02  -4.0178585194e-01  -1.2937671684e+00   5.2482723401e-01
   3.7899642291e-02   3.7450731474e-02  -4.0739100407e-01  -1.5463473237e+00   3.8756741876e-01
   3.8928462851e-02   3.8348553108e-02  -3.8208913760e-01  -1.7801604963e+00   2.2245370193e-01
   4.0082676305e-02   3.9508372595e-02  -3.1195978872e-01  -1.9279517309e+00   5.5323178710e-02
   4.1094315809e-02   4.0656980014e-02  -2.1783838943e-01  -1.9637028822e+00  -7.1699468050e-02
   4.1909328316e-02   4.1531651603e-02  -1.2338456047e-01  -1.9341586460e+00  -1.5932565671e-01
   4.2636581784e-02   4.2287005029e-02  -2.9196608662e-02  -1.8705535207e+00  -2.2643765863e-01
   4.3324636925e-02   4.2986158538e-02   6.5172881334e-02  -1.7832589626e+00  -2.8090410076e-01
   4.4003589290e-02   4.3663115312e-02   1.5912802228e-01  -1.6770330978e+00  -3.2642237735e-01
   4.4700784206e-02   4.4344063267e-02   2.5338603808e-01  -1.5516683677e+00  -3.6599345058e-01
   4.5452811523e-02   4.5057505145e-02   3.4773719450e-01  -1.4041822625e+00  -4.0169889713e-01
   4.6336272460e-02   4.5848117901e-02   4.4274634424e-01  -1.2223219257e+00  -4.3656388724e-01
   4.7436102190e-02   4.6824427018e-02   5.2750272653e-01  -9.9550934351e-01  -4.7294616137e-01
   4.8717563512e-02   4.8047777361e-02   5.6846143071e-01  -7.4529615496e-01  -5.1058198902e-01
   5.0089786616e-02   4.9387349664e-02   5.3395758608e-01  -5.0925189243e-01  -5.4875669464e-01
   5.1246838348e-02   5.0792223568e-02   4.4401067938e-01  -3.4137302224e-01  -5.7924492259e-01
   5.2056503108e-02   5.1701453129e-02   3.4894150878e-01  -2.4324788168e-01  -5.9816429669e-01
   5.2720454114e-02   5.2411553088e-02   2.5455306012e-01  -1.7479898982e-01  -6.1090146261e-01
   5.3312240205e-02   5.3029355140e-02   1.6037840067e-01  -1.2278381664e-01  -6.1922202567e-01
   5.3862542941e-02   5.3595125269e-02   6.6123370277e-02  -8.1827281971e-02  -6.2367100348e-01
   5.4388719422e-02   5.4129960613e-02  -2.7942747055e-02  -4.9368074062e-02  -6.2433951056e-01
   5.4902686482e-02   5.4647478232e-02  -1.2185975870e-01  -2.3842602489e-02  -6.2112265257e-01
   5.5414065733e-02   5.5157894733e-02  -2.1604369134e-01  -4.3366744661e-03  -6.1366681274e-01
   5.5932031378e-02   5.5670236732e-02  -3.0998144927e-01   9.4034247548e-03  -6.0147875416e-01
   5.6466939727e-02   5.6193826024e-02  -4.0424848298e-01   1.7391485149e-02  -5.8363995044e-01
   5.7032498525e-02   5.6740053429e-02  -4.9830736618e-01   1.9020112680e-02  -5.5893576218e-01
   5.7650395342e-02   5.7324943621e-02  -5.9265645968e-01   1.2937253074e-02  -5.2500598920e-01
   5.8363570503e-02   5.7975847063e-02  -6.8711892898e-01  -4.0369308896e-03  -4.7746006800e-01
   5.9307093425e-02   5.8751293943e-02  -7.8333599641e-01  -4.2442060287e-02  -4.0232296372e-01
   6.0790879708e-02   5.9862892906e-02  -8.5553828903e-01  -1.3570543743e-01  -2.6694208630e-01
   6.2460085026e-02   6.1718866510e-02  -8.2270144871e-01  -2.7429858966e-01  -1.1527971018e-01
   6.3630522106e-02   6.3201303542e-02  -7.2601510476e-01  -3.8375867083e-01  -2.7835823711e-02
   6.4400715844e-02   6.4059740670e-02  -6.3116338701e-01  -4.5602193160e-01   1.2692409344e-02
   6.5039019327e-02   6.4741691019e-02  -5.3668078187e-01  -5.1330550500e-01   3.3262867783e-02
   6.5607709645e-02   6.5336347635e-02  -4.4266711019e-01  -5.6043467377e-01   4.0280752966e-02
   6.6133617193e-02   6.5879071654e-02  -3.4846245858e-01  -5.9973751315e-01   3.6617212396e-02
   6.6631624375e-02   6.6388162733e-02  -2.5453365243e-01  -6.3195721475e-01   2.3792208311e-02
   6.7111401642e-02   6.6875086017e-02  -1.6036954657e-01  -6.5770277082e-01   2.6304947989e-03
   6.7579948379e-02   6.7347717266e-02  -6.6273027667e-02  -6.7697884241e-01  -2.6299948587e-02
   6.8042909246e-02   6.7812179491e-02   2.7714255790e-02  -6.8967772911e-01  -6.2662199723e-02
   6.8505260295e-02   6.8273639001e-02   1.2167779634e-01  -6.9549671991e-01  -1.0635106361e-01
   6.8971840785e-02   6.8736881588e-02   2.1571547986e-01  -6.9387662980e-01  -1.5745900269e-01
   6.9447845047e-02   6.9206799981e-02   3.0983011155e-01  -6.8395860213e-01  -2.1620933393e-01
   6.9939372350e-02   6.9688890112e-02   4.0381807936e-01  -6.6456608037e-01  -2.8285068341e-01
   7.0454307022e-02   7.0189854587e-02   4.9793196742e-01  -6.3387020040e-01  -3.5820350003e-01
   7.1003885218e-02   7.0718759458e-02   5.9202838840e-01  -5.8919171322e-01  -4.4319853809e-01
   7.1606071502e-02   7.1289010979e-02   6.8620717996e-01  -5.2600307748e-01  -5.3967456505e-01
   7.2294623038e-02   7.1923132025e-02   7.8048478968e-01  -4.3592307778e-01  -6.5091126309e-01
   7.3156128250e-02   7.2666114051e-02   8.7582625670e-01  -2.9704296871e-01  -7.8615434660e-01
   7.4241000790e-02   7.3646142448e-02   9.5609054476e-01  -8.7301086095e-02  -9.3826123092e-01
   7.5371798541e-02   7.4835859131e-02   9.9119630496e-01   1.6304422439e-01  -1.0632274904e+00
   7.6422906425e-02   7.5907737950e-02   9.7756473419e-01   4.1373017034e-01  -1.1370107060e+00
   7.7462744452e-02   7.6938074899e-02   9.2242388389e-01   6.6434148836e-01  -1.1628028221e+00
   7.8444822288e-02   7.7987414005e-02   8.3694019615e-01   8.8996182559e-01  -1.1422934530e+00
   7.9280770816e-02   7.8902230570e-02   7.4228139121e-01   1.0637774018e+00  -1.0905428620e+00
   7.9999011582e-02   7.9659311062e-02   6.4812684144e-01   1.1929997328e+00  -1.0223170445e+00
   8.0656983671e-02   8.0338712101e-02   5.5394369015e-01   1.2912105067e+00  -9.4235509511e-01
   8.1282278996e-02   8.0975255241e-02   4.5972150183e-01   1.3636250218e+00  -8.5289054043e-01
   8.1892384108e-02   8.1589302750e-02   3.6577510746e-01   1.4123440176e+00  -7.5538496757e-01
   8.2500872471e-02   8.2195465465e-02   2.7187185472e-01   1.4381195682e+00  -6.5013130263e-01
   8.3120549155e-02   8.2806279476e-02   1.7773194028e-01   1.4400093074e+00  -5.3678768671e-01
   8.3766067934e-02   8.3434818833e-02   8.3466989827e-02   1.4153813996e+00  -4.1496143044e-01
   8.4457280583e-02   8.4097317034e-02  -1.0514039016e-02   1.3598503486e+00  -2.8412475892e-01
   8.5226658054e-02   8.4817244131e-02  -1.0470336442e-01   1.2646985151e+00  -1.4145438463e-01
   8.6141589610e-02   8.5636071977e-02  -1.9932059983e-01   1.1113943316e+00   1.8158295237e-02
   8.7210187239e-02   8.6647107243e-02  -2.8307190697e-01   8.9163867114e-01   1.8232365380e-01
   8.8307215096e-02   8.7773267234e-02  -3.3847731969e-01   6.4037664533e-01   3.1860266730e-01
   8.9402217488e-02   8.8841162957e-02  -3.6405034607e-01   3.8884655159e-01   4.1524593520e-01
   9.0651165179e-02   8.9963272019e-02  -3.6347808361e-01   1.3543934297e-01   4.7421690301e-01
   9.2701010491e-02   9.1339058339e-02  -3.2440645977e-01  -1.0839996489e-01   4.5811589294e-01
   9.5185755945e-02   9.4062962643e-02  -2.8655221841e-01  -7.0916695477e-02   3.2675167195e-01
   9.7008407258e-02   9.6308549247e-02  -3.0692282651e-01   1.7992111934e-01   2.1079303574e-01
   9.8337477692e-02   9.7708265270e-02  -3.5936400294e-01   4.3300986062e-01   1.5495514465e-01
   9.9625967247e-02   9.8966690115e-02  -4.3611318171e-01   6.8113829464e-01   1.4642317386e-01
   1.0091977458e-01   1.0028524438e-01  -5.2826423856e-01   8.8934745889e-01   1.9519387403e-01
   1.0223364155e-01   1.0155430477e-01  -6.2220381843e-01   1.0213961101e+00   3.0979225142e-01
   1.0350168833e-01   1.0291297834e-01  -6.9687231049e-01   1.0543362184e+00   4.7718119379e-01
   1.0459725336e-01   1.0409039833e-01  -7.3622275353e-01   1.0024379512e+00   6.5827657442e-01
   1.0558241004e-01   1.0510410838e-01  -7.4366346309e-01   8.9685994498e-01   8.3870950790e-01
   1.0654469587e-01   1.0606071170e-01  -7.2082527189e-01   7.4960152424e-01   1.0192276337e+00
   1.0755206818e-01   1.0702868004e-01  -6.6259734193e-01   5.6228918056e-01   1.1987925822e+00
   1.0851421172e-01   1.0807545633e-01  -5.7541019495e-01   3.6680354808e-01   1.3482372856e+00
   1.0931288365e-01   1.0895296712e-01  -4.8080320432e-01   2.0173659527e-01   1.4467369098e+00
   1.0999159112e-01   1.0967280018e-01  -3.8655059052e-01   6.5467092978e-02   1.5067068417e+00
   1.1060488559e-01   1.1031038206e-01  -2.9259445094e-01  -5.0891007748e-02   1.5390870502e+00
   1.1117911612e-01   1.1089938912e-01  -1.9831948453e-01  -1.5251468015e-01   1.5488161952e+00
   1.1173029841e-01   1.1145884312e-01  -1.0419253265e-01  -2.4159152033e-01   1.5380398729e+00
   1.1226999327e-01   1.1200175369e-01  -1.0072856494e-02  -3.2019274376e-01   1.5076633648e+00
   1.1280780172e-01   1.1253823285e-01   8.3879909561e-02  -3.8965576381e-01   1.4576288133e+00
   1.1335299327e-01   1.1307737059e-01   1.7790726600e-01  -4.5136621686e-01   1.3866793686e+00
   1.1391596949e-01   1.1362861596e-01   2.7195168813e-01  -5.0638429604e-01   1.2924616188e+00
   1.1451029659e-01   1.1420332302e-01   3.6612977336e-01  -5.5598310977e-01   1.1706575907e+00
   1.1514875205e-01   1.1481727016e-01   4.5916673888e-01  -6.0119409643e-01   1.0164026815e+00
   1.1578810010e-01   1.1548023393e-01   5.4257126924e-01  -6.4066151852e-01   8.3957473891e-01
   1.1637929049e-01   1.1609596626e-01   6.0909541815e-01  -6.7397962221e-01   6.5945323565e-01
   1.1692982848e-01   1.1666261472e-01   6.6135083095e-01  -7.0443501045e-01   4.7891318654e-01
   1.1745375123e-01   1.1719704224e-01   7.0157938702e-01  -7.3434461302e-01   2.9933463501e-01
   1.1796065865e-01   1.1771046022e-01   7.3193951368e-01  -7.6597072989e-01   1.1812607448e-01
   1.1845788807e-01   1.1821085708e-01   7.5300138565e-01  -8.0023187931e-01  -6.1651690041e-02
   1.1895171386e-01   1.1870491905e-01   7.6581613055e-01  -8.3866515506e-01  -2.4158866947e-01
   1.1944799555e-01   1.1919850866e-01   7.7082431736e-01  -8.8257401006e-01  -4.2186846017e-01
   1.1995291111e-01   1.1969748245e-01   7.6822099188e-01  -9.3334570746e-01  -6.0253012547e-01
   1.2047361402e-01   1.2020833977e-01   7.5809091356e-01  -9.9214810927e-01  -7.8234641193e-01
   1.2101937182e-01   1.2073888828e-01   7.4014647655e-01  -1.0613959609e+00  -9.6278894995e-01
   1.2160355621e-01   1.2129985535e-01   7.1388150837e-01  -1.1434076832e+00  -1.1427897220e+00
   1.2224844222e-01   1.2190725706e-01   6.7773972955e-01  -1.2432672413e+00  -1.3239153347e+00
   1.2299843967e-01   1.2258962737e-01   6.2921491516e-01  -1.3680833630e+00  -1.5046061753e+00
   1.2397090115e-01   1.2340725197e-01   5.6003591383e-01  -1.5389751428e+00  -1.6861118827e+00
   1.2520055049e-01   1.2453455034e-01   4.7165617820e-01  -1.7517384497e+00  -1.8219474286e+00
   1.2665104244e-01   1.2586655063e-01   3.7734401151e-01  -1.9649847254e+00  -1.8416272622e+00
   1.2811530136e-01   1.2743553426e-01   3.0046494715e-01  -2.0986915522e+00  -1.7185973772e+00
   1.2926465111e-01   1.2879506846e-01   2.5357065356e-01  -2.1207066501e+00  -1.5340495685e+00
   1.3013319533e-01   1.2973423376e-01   2.2425817881e-01  -2.0771401613e+00  -1.3529819875e+00
   1.3089729635e-01   1.3053215691e-01   2.0055635370e-01  -1.9932089905e+00  -1.1722205056e+00
   1.3161137451e-01   1.3126243580e-01   1.7838671105e-01  -1.8762197089e+00  -9.9220140673e-01
   1.3230448831e-01   1.3196031323e-01   1.5496173320e-01  -1.7271109512e+00  -8.1155666571e-01
   1.3299791153e-01   1.3264866339e-01   1.2813302650e-01  -1.5457887820e+00  -6.3145771218e-01
   1.3371087425e-01   1.3334715966e-01   9.5300268688e-02  -1.3285489509e+00  -4.5163419996e-01
   1.3442255907e-01   1.3407458883e-01   5.5767401803e-02  -1.0846376042e+00  -2.8233426506e-01
   1.3509542443e-01   1.3477052931e-01   1.1179922184e-02  -8.3414857943e-01  -1.3626715870e-01
   1.3573123333e-01   1.3542031955e-01  -3.8202362620e-02  -5.8337274341e-01  -1.3595058329e-02
   1.3634548666e-01   1.3604214711e-01  -9.2758787104e-02  -3.3304982829e-01   8.8046544975e-02
   1.3694969663e-01   1.3664882621e-01  -1.5311690186e-01  -8.2572014716e-02   1.7039391761e-01
   1.3755364605e-01   1.3725056705e-01  -2.1993444295e-01   1.6833751937e-01   2.3400569282e-01
   1.3816684072e-01   1.3785672504e-01  -2.9355424036e-01   4.1852452878e-01   2.7846923127e-01
   1.3879980065e-01   1.3847695640e-01  -3.7513904853e-01   6.6913944440e-01   3.0311200093e-01
   1.3945843006e-01   1.3912264489e-01  -4.6447375990e-01   9.1664353123e-01   3.0614671151e-01
   1.4012438921e-01   1.3979421522e-01  -5.5844161570e-01   1.1511540565e+00   2.8681582400e-01
   1.4078405589e-01   1.4045456321e-01  -6.5233703949e-01   1.3622837408e+00   2.4720252899e-01
   1.4145038018e-01   1.4111354857e-01  -7.4633454376e-01   1.5529217333e+00   1.8878869346e-01
   1.4214203417e-01   1.4178721178e-01  -8.4048870050e-01   1.7248080084e+00   1.1165391425e-01
   1.4288739243e-01   1.4249685655e-01  -9.3469097553e-01   1.8787589053e+00   1.4241946592e-02
   1.4374478474e-01   1.4327792831e-01  -1.0294567373e+00   2.0158038089e+00  -1.0955982668e-01
   1.4481683936e-01   1.4421164117e-01  -1.1194054333e+00   2.1287812121e+00  -2.6826084626e-01
   1.4616839209e-01   1.4542203755e-01  -1.1757855531e+00   2.1904661958e+00  -4.4954942716e-01
   1.4771458328e-01   1.4691474662e-01  -1.1477795992e+00   2.1737276799e+00  -5.9338008785e-01
   1.4894457297e-01   1.4851441994e-01  -1.0520621695e+00   2.1139474627e+00  -6.3895228155e-01
   1.4970328622e-01   1.4937472600e-01  -9.5684651257e-01   2.0611553691e+00  -6.2676749493e-01
   1.5031068433e-01   1.5003184644e-01  -8.6258172599e-01   2.0128971929e+00  -5.9409258594e-01
   1.5083789015e-01   1.5058952223e-01  -7.6839503528e-01   1.9673737706e+00  -5.4913722708e-01
   1.5131392948e-01   1.5108625807e-01  -6.7425971504e-01   1.9237492230e+00  -4.9552408597e-01
   1.5175437207e-01   1.5154160089e-01  -5.8028295174e-01   1.8814655368e+00  -4.3537742528e-01
   1.5216877585e-01   1.5196714325e-01  -4.8623066428e-01   1.8399376966e+00  -3.6983770159e-01
   1.5256354057e-01   1.5237040845e-01  -3.9193083448e-01   1.7986845998e+00  -2.9964170171e-01
   1.5294331025e-01   1.5275667269e-01  -2.9791369620e-01   1.7575725516e+00  -2.2583132570e-01
   1.5331165705e-01   1.5312994782e-01  -2.0444996362e-01   1.7163867286e+00  -1.4916926053e-01
   1.5367134924e-01   1.5349336629e-01  -1.0948924944e-01   1.6738860421e+00  -6.8293930025e-02
   1.5402473134e-01   1.5384933219e-01  -1.6467884060e-02   1.6312940502e+00   1.3538368568e-02
   1.5437385859e-01   1.5420013049e-01   7.8603655090e-02   1.5864427135e+00   9.9584714864e-02
   1.5472056038e-01   1.5454758670e-01   1.7203612560e-01   1.5407128651e+00   1.8631442313e-01
   1.5506660433e-01   1.5489353406e-01   2.6591148838e-01   1.4927483312e+00   2.7542836201e-01
   1.5541372361e-01   1.5523967460e-01   3.6055999699e-01   1.4419087535e+00   3.6712871584e-01
   1.5576369691e-01   1.5558777262e-01   4.5373468060e-01   1.3889645211e+00   4.5907781053e-01
   1.5611848708e-01   1.5593962121e-01   5.4871212866e-01   1.3314719290e+00   5.5439459636e-01
   1.5648027080e-01   1.5629735296e-01   6.4191759928e-01   1.2709435702e+00   6.4938041003e-01
   1.5685163295e-01   1.5666318865e-01   7.3641979158e-01   1.2046182549e+00   7.4704247283e-01
   1.5723581482e-01   1.5704007724e-01   8.3044457719e-01   1.1326277058e+00   8.4547081102e-01
   1.5763691586e-01   1.5743155240e-01   9.2417996814e-01   1.0535997748e+00   9.4474127108e-01
   1.5808033200e-01   1.5784227931e-01   1.0226735297e+00   9.6065207519e-01   1.0501778877e+00