# time = 2.7
# Grid points = 474
# Pressure (Pa) = 101325
#             1_pos             2_posf             3_uvel             4_vvel             5_wvel
  -1.2940714062e-01  -1.2962013032e-01   1.1688650431e+00   9.4209820971e-01   1.2613319462e+00
  -1.2897414121e-01  -1.2919415092e-01   1.2705013306e+00   8.0452792902e-01   1.3771328668e+00
  -1.2849564113e-01  -1.2875413150e-01   1.3685769251e+00   6.4289890537e-01   1.4894410489e+00
  -1.2790373638e-01  -1.2823715077e-01   1.4666842486e+00   4.3100075233e-01   1.6017629164e+00
  -1.2721096961e-01  -1.2757032200e-01   1.5473060784e+00   1.6982446855e-01   1.6927919189e+00
  -1.2650051647e-01  -1.2685161723e-01   1.5896987099e+00  -1.0776541793e-01   1.7375048714e+00
  -1.2579644474e-01  -1.2614941571e-01   1.5903562566e+00  -3.8529407517e-01   1.7313801643e+00
  -1.2507649137e-01  -1.2544347377e-01   1.5493442735e+00  -6.6294630023e-01   1.6743498857e+00
  -1.2436076958e-01  -1.2470950898e-01   1.4694294763e+00  -9.2370043323e-01   1.5706466610e+00
  -1.2373902321e-01  -1.2401203019e-01   1.3715481906e+00  -1.1299781561e+00   1.4473496636e+00
  -1.2323149083e-01  -1.2346601624e-01   1.2732416437e+00  -1.2804000507e+00   1.3260814307e+00
  -1.2278516516e-01  -1.2299696543e-01   1.1754568293e+00  -1.3956894118e+00   1.2075740443e+00
  -1.2237649155e-01  -1.2257336490e-01   1.0777957308e+00  -1.4859429423e+00   1.0912076999e+00
  -1.2199308049e-01  -1.2217961820e-01   9.7989141361e-01  -1.5563155055e+00   9.7655334419e-01
  -1.2162723785e-01  -1.2180654278e-01   8.8258355637e-01  -1.6091987087e+00   8.6464370118e-01
  -1.2127371546e-01  -1.2144793292e-01   7.8436923046e-01  -1.6471288920e+00   7.5386874102e-01
  -1.2092862905e-01  -1.2109949800e-01   6.8707567063e-01  -1.6705538362e+00   6.4642860954e-01
  -1.2058886521e-01  -1.2075776010e-01   5.8957215814e-01  -1.6806753813e+00   5.4121192346e-01
  -1.2025184141e-01  -1.2041997031e-01   4.9149537992e-01  -1.6777389812e+00   4.3807319678e-01
  -1.1991522443e-01  -1.2008371251e-01   3.9379745970e-01  -1.6618966401e+00   3.3827166984e-01
  -1.1957680402e-01  -1.1974673636e-01   2.9629367507e-01  -1.6332293224e+00   2.4187684811e-01
  -1.1923438604e-01  -1.1940687168e-01   1.9894339129e-01  -1.5915889354e+00   1.4916953844e-01
  -1.1888561878e-01  -1.1906190040e-01   1.0076863366e-01  -1.5359529423e+00   5.9687156589e-02
  -1.1852793097e-01  -1.1870933717e-01   3.6297771418e-03  -1.4668170328e+00  -2.4393260337e-02
  -1.1815829530e-01  -1.1834652478e-01  -9.4503211752e-02  -1.3818545764e+00  -1.0420306617e-01
  -1.1777302460e-01  -1.1797006581e-01  -1.9190694318e-01  -1.2813083165e+00  -1.7754051179e-01
  -1.1736742515e-01  -1.1757598339e-01  -2.8971248356e-01  -1.1625328389e+00  -2.4429968465e-01
  -1.1693515276e-01  -1.1715886690e-01  -3.8726528595e-01  -1.0241367894e+00  -3.0271265566e-01
  -1.1646713259e-01  -1.1671143863e-01  -4.8507108457e-01  -8.6238782724e-01  -3.5128918222e-01
  -1.1594938005e-01  -1.1622282655e-01  -5.8271508536e-01  -6.7350894984e-01  -3.8722823545e-01
  -1.1535787749e-01  -1.1567593355e-01  -6.8055569863e-01  -4.4970833152e-01  -4.0662598858e-01
  -1.1467559687e-01  -1.1503982143e-01  -7.7494637983e-01  -1.8911392087e-01  -4.0303455091e-01
  -1.1392718858e-01  -1.1431137231e-01  -8.5574574209e-01   8.8067365274e-02  -3.7256132067e-01
  -1.1311608771e-01  -1.1354300485e-01  -9.1735068994e-01   3.6636917412e-01  -3.1628324130e-01
  -1.1216941399e-01  -1.1268917057e-01  -9.5664737857e-01   6.4530919069e-01  -2.3448653284e-01
  -1.1084058279e-01  -1.1164965742e-01  -9.5672286313e-01   9.2902633480e-01  -1.2375996070e-01
  -1.0931383352e-01  -1.1003150817e-01  -8.9004355053e-01   1.0986862157e+00  -4.6472731913e-02
  -1.0811519869e-01  -1.0859615886e-01  -7.9049958874e-01   1.1201134701e+00  -4.6564056118e-02
  -1.0724240468e-01  -1.0763423853e-01  -6.9251665802e-01   1.0829315852e+00  -8.5145165678e-02
  -1.0650877368e-01  -1.0685057083e-01  -5.9486996887e-01   1.0255463230e+00  -1.3961417320e-01
  -1.0585758535e-01  -1.0616697654e-01  -4.9710892012e-01   9.5914345419e-01  -2.0142468179e-01
  -1.0526110132e-01  -1.0554819415e-01  -3.9959056879e-01   8.8876642521e-01  -2.6556454863e-01
  -1.0470270773e-01  -1.0497400850e-01  -3.0193947329e-01   8.1630672022e-01  -3.2930098210e-01
  -1.0417116766e-01  -1.0443140697e-01  -2.0435517318e-01   7.4277164136e-01  -3.9049635891e-01
  -1.0365802684e-01  -1.0391092834e-01  -1.0670896289e-01   6.6819760074e-01  -4.4778091078e-01
  -1.0315633535e-01  -1.0340512533e-01  -9.2130695624e-03   5.9240384441e-01  -4.9991766618e-01
  -1.0265981541e-01  -1.0290754537e-01   8.8511339943e-02   5.1436908198e-01  -5.4615307362e-01
  -1.0216219164e-01  -1.0241208545e-01   1.8621074611e-01   4.3318194933e-01  -5.8544797079e-01
  -1.0165648153e-01  -1.0191229783e-01   2.8377239301e-01   3.4738219177e-01  -6.1684052371e-01
  -1.0113397743e-01  -1.0140066523e-01   3.8143837559e-01   2.5450996663e-01  -6.3927890468e-01
  -1.0058233970e-01  -1.0086728964e-01   4.7918198053e-01   1.5113191989e-01  -6.5115727475e-01
  -9.9981318144e-02  -1.0029738976e-01   5.7695705591e-01   3.1497909040e-02  -6.4996146728e-01
  -9.9289504699e-02  -9.9665246531e-02   6.7516513157e-01  -1.1670734215e-01  -6.3073411099e-01
  -9.8408031779e-02  -9.8913762867e-02   7.7204453035e-01  -3.2301689587e-01  -5.8108743185e-01
  -9.7389648062e-02  -9.7902300692e-02   8.3873918879e-01  -5.8482938153e-01  -4.9685071850e-01
  -9.6396382500e-02  -9.6876995433e-02   8.5060731331e-01  -8.6158825799e-01  -3.9663925752e-01
  -9.5448054345e-02  -9.5915769566e-02   8.1005341601e-01  -1.1388345464e+00  -2.9502312093e-01
  -9.4562863844e-02  -9.4980339124e-02   7.2838488897e-01  -1.3992901590e+00  -2.0399141966e-01
  -9.3819627177e-02  -9.4145388565e-02   6.3010254298e-01  -1.6118708928e+00  -1.3529227186e-01
  -9.3211763241e-02  -9.3493865789e-02   5.3218182530e-01  -1.7758646109e+00  -8.6894550387e-02
  -9.2672123026e-02  -9.2929660692e-02   4.3431115865e-01  -1.9107354356e+00  -5.0672357169e-02
  -9.2171722579e-02  -9.2414585360e-02   3.3638239521e-01  -2.0240678912e+00  -2.3148605643e-02
  -9.1694390376e-02  -9.1928859799e-02   2.3891611011e-01  -2.1189959244e+00  -2.4837245223e-03
  -9.1229263821e-02  -9.1459920954e-02   1.4123005499e-01  -2.1979848032e+00   1.2734849924e-02
  -9.0767799545e-02  -9.0998606688e-02   4.3500449374e-02  -2.2613653572e+00   2.3333571539e-02
  -9.0302072926e-02  -9.0536992402e-02  -5.4373467745e-02  -2.3087711787e+00   3.0005266988e-02
  -8.9823593789e-02  -9.0067153450e-02  -1.5187290313e-01  -2.3386816093e+00   3.3343281247e-02
  -8.9321738607e-02  -8.9580034128e-02  -2.4965647008e-01  -2.3486623617e+00   3.3997570815e-02
  -8.8780977491e-02  -8.9063443087e-02  -3.4748454198e-01  -2.3336979222e+00   3.2721289180e-02
  -8.8174326272e-02  -8.8498511896e-02  -4.4538683409e-01  -2.2843668287e+00   3.0731542675e-02
  -8.7440149557e-02  -8.7850140649e-02  -5.4383964129e-01  -2.1782149025e+00   3.0691580477e-02
  -8.6516562019e-02  -8.7030158466e-02  -6.3235390556e-01  -1.9750827225e+00   3.9874265705e-02
  -8.5585567804e-02  -8.6002965573e-02  -6.8039589974e-01  -1.7007184463e+00   6.4688814012e-02
  -8.4805509888e-02  -8.5168170035e-02  -6.8707466411e-01  -1.4225555307e+00   1.0111019714e-01
  -8.4110366265e-02  -8.4442849741e-02  -6.6853298603e-01  -1.1444574649e+00   1.4643438762e-01
  -8.3462392745e-02  -8.3777882788e-02  -6.3238378391e-01  -8.6720035816e-01   1.9878391082e-01
  -8.2839665493e-02  -8.3146902702e-02  -5.8228078486e-01  -5.8904485241e-01   2.5705814008e-01
  -8.2226246521e-02  -8.2532428284e-02  -5.2074300546e-01  -3.1208051206e-01   3.1942287077e-01
  -8.1607703878e-02  -8.1920064757e-02  -4.4817118470e-01  -3.3689091597e-02   3.8491451548e-01
  -8.0967863939e-02  -8.1295342998e-02  -3.6518340784e-01   2.4367515230e-01   4.5097126028e-01
  -8.0299306160e-02  -8.0640384880e-02  -2.7223318380e-01   5.1585376694e-01   5.1373452961e-01
  -7.9623390224e-02  -7.9958227440e-02  -1.7477107578e-01   7.6419467612e-01   5.6514994311e-01
  -7.8952366286e-02  -7.9288553009e-02  -7.7302655831e-02   9.7592639703e-01   5.9857226776e-01
  -7.8270566985e-02  -7.8616179563e-02   2.0454944870e-02   1.1492754826e+00   6.0929422749e-01
  -7.7560808353e-02  -7.7924954407e-02   1.1788784716e-01   1.2774942815e+00   5.9063700826e-01
  -7.6801108149e-02  -7.7196662298e-02   2.1551846194e-01   1.3511845621e+00   5.3287405109e-01
  -7.5955950673e-02  -7.6405554000e-02   3.1320474864e-01   1.3520015994e+00   4.2040329723e-01
  -7.5064096357e-02  -7.5506347347e-02   4.0151391662e-01   1.2626946019e+00   2.4929571788e-01
  -7.4250272524e-02  -7.4621845368e-02   4.6661290151e-01   1.1067719780e+00   5.2855199514e-02
  -7.3539274581e-02  -7.3878699679e-02   5.0982938230e-01   9.1889983008e-01  -1.4357975671e-01
  -7.2872368811e-02  -7.3199849482e-02   5.3743177798e-01   7.0895346010e-01  -3.3938356478e-01
  -7.2213589775e-02  -7.2544888140e-02   5.5148121854e-01   4.7884212867e-01  -5.3529788246e-01
  -7.1527962210e-02  -7.1882291409e-02   5.5101079777e-01   2.2652188379e-01  -7.3168054807e-01
  -7.0790617078e-02  -7.1173633010e-02   5.3216474636e-01  -4.4738547959e-02  -9.2143814702e-01
  -6.9985118627e-02  -7.0407601146e-02   4.8860232543e-01  -3.2325905501e-01  -1.0881285149e+00
  -6.9107350240e-02  -6.9562636108e-02   4.1285375687e-01  -5.8485984975e-01  -1.2044432038e+00
  -6.8289390339e-02  -6.8652064372e-02   3.1626059755e-01  -7.7376638430e-01  -1.2403363968e+00
  -6.7618970892e-02  -6.7926716305e-02   2.1819806673e-01  -8.7936107025e-01  -1.2100397968e+00
  -6.7036341074e-02  -6.7311225479e-02   1.2061262258e-01  -9.3137649749e-01  -1.1389539491e+00
  -6.6508185963e-02  -6.6761456668e-02   2.2716821883e-02  -9.4602965628e-01  -1.0387976128e+00
  -6.6016254018e-02  -6.6254915257e-02  -7.4749786845e-02  -9.3208988283e-01  -9.1723903128e-01
  -6.5548827631e-02  -6.5777592778e-02  -1.7259161174e-01  -8.9505485939e-01  -7.7765481640e-01
  -6.5097533780e-02  -6.5320062484e-02  -2.7009169875e-01  -8.3887601286e-01  -6.2395974760e-01
  -6.4655670783e-02  -6.4875005075e-02  -3.6805846368e-01  -7.6558530297e-01  -4.5687300923e-01
  -6.4217318158e-02  -6.4436336490e-02  -4.6561063220e-01  -6.7751018995e-01  -2.7927255480e-01
  -6.3776916482e-02  -6.3998299827e-02  -5.6312157497e-01  -5.7544801374e-01  -9.1471157774e-02
  -6.3335595488e-02  -6.3555533137e-02  -6.5896985755e-01  -4.6181943034e-01   1.0269773258e-01
  -6.2896404381e-02  -6.3115657839e-02  -7.5124543534e-01  -3.3956830474e-01   2.9866392787e-01
  -6.2454469630e-02  -6.2677150923e-02  -8.3941427735e-01  -2.0979404767e-01   4.9477417348e-01
  -6.2001010040e-02  -6.2231788338e-02  -9.2316903060e-01  -7.2616843476e-02   6.9029838921e-01
  -6.1524992769e-02  -6.1770231742e-02  -1.0027456290e+00   7.4168460217e-02   8.8668463236e-01
  -6.1010069916e-02  -6.1279753795e-02  -1.0765680448e+00   2.3185647786e-01   1.0824055774e+00
  -6.0426316063e-02  -6.0740386037e-02  -1.1430791526e+00   4.0705664829e-01   1.2791841195e+00
  -5.9697073963e-02  -6.0112246090e-02  -1.1961677933e+00   6.1427676013e-01   1.4773766841e+00
  -5.8706379208e-02  -5.9281901836e-02  -1.2093100899e+00   8.6800658070e-01   1.6498975460e+00
  -5.7643327182e-02  -5.8130856580e-02  -1.1472025283e+00   1.1010731996e+00   1.7095143321e+00
  -5.6841997232e-02  -5.7155797785e-02  -1.0469219251e+00   1.2486887663e+00   1.6683989236e+00
  -5.6274808662e-02  -5.6528196678e-02  -9.4853859859e-01   1.3389329085e+00   1.5971493510e+00
  -5.5800512629e-02  -5.6021420645e-02  -8.5063700435e-01   1.4062564637e+00   1.5148104906e+00
  -5.5379268154e-02  -5.5579604612e-02  -7.5283792892e-01   1.4604310883e+00   1.4268710162e+00
  -5.4992728001e-02  -5.5178931695e-02  -6.5509638446e-01   1.5058270786e+00   1.3360048022e+00
  -5.4630471972e-02  -5.4806524307e-02  -5.5746225139e-01   1.5448468714e+00   1.2438237707e+00
  -5.4285824495e-02  -5.4454419637e-02  -4.5994759562e-01   1.5789715595e+00   1.1513536363e+00
  -5.3954165000e-02  -5.4117229353e-02  -3.6196601801e-01   1.6093376084e+00   1.0587620311e+00
  -5.3632044033e-02  -5.3791100648e-02  -2.6420165182e-01   1.6363585470e+00   9.6725456985e-01
  -5.3316717050e-02  -5.3472987418e-02  -1.6637144279e-01   1.6605598193e+00   8.7701959502e-01
  -5.3005916678e-02  -5.3160446682e-02  -6.8819135445e-02   1.6821549391e+00   7.8875842444e-01
  -5.2697671813e-02  -5.2851386675e-02   2.8594508742e-02   1.7013693041e+00   7.0268125983e-01
  -5.2390193431e-02  -5.2543956952e-02   1.2598025536e-01   1.7183140729e+00   6.1901603394e-01
  -5.2081749876e-02  -5.2236429909e-02   2.2440262996e-01   1.7331263424e+00   5.3724253629e-01
  -5.1770597271e-02  -5.1927069842e-02   3.2185846897e-01   1.7454224397e+00   4.5938318197e-01
  -5.1454911645e-02  -5.1614124701e-02   4.1940930897e-01   1.7552183782e+00   3.8491095603e-01
  -5.1132673801e-02  -5.1295698590e-02   5.1705100071e-01   1.7622490319e+00   3.1426250643e-01
  -5.0801559080e-02  -5.0969649013e-02   6.1462768177e-01   1.7661320083e+00   2.4803647449e-01
  -5.0458767539e-02  -5.0633469146e-02   7.1227236764e-01   1.7663511804e+00   1.8671996988e-01
  -5.0100745361e-02  -5.0284065932e-02   8.1016734812e-01   1.7621536977e+00   1.3093823472e-01
  -4.9722832488e-02  -4.9917424790e-02   9.0777831745e-01   1.7525219840e+00   8.1904855079e-02
  -4.9318531958e-02  -4.9528240186e-02   1.0055337513e+00   1.7359097738e+00   4.0593918793e-02
  -4.8878108770e-02  -4.9108823730e-02   1.1032923106e+00   1.7099798090e+00   8.7991482005e-03
  -4.8385631635e-02  -4.8647393811e-02   1.2010933675e+00   1.6708082783e+00  -1.0851991387e-02
  -4.7810982838e-02  -4.8123869459e-02   1.2990367481e+00   1.6109344423e+00  -1.3768705693e-02
  -4.7078845132e-02  -4.7498096217e-02   1.3978337288e+00   1.5115134128e+00   1.0522535463e-02
  -4.6031372416e-02  -4.6659594048e-02   1.4879102257e+00   1.3240996638e+00   8.8107784566e-02
  -4.4856823574e-02  -4.5403150784e-02   1.5245737522e+00   1.0577468775e+00   2.0945392321e-01
  -4.3834174953e-02  -4.4310496363e-02   1.5035611426e+00   7.8055884992e-01   3.2401151179e-01
  -4.2922085019e-02  -4.3357853543e-02   1.4477081040e+00   5.0314409553e-01   4.1706466415e-01
  -4.2075549203e-02  -4.2486316495e-02   1.3683992334e+00   2.2643468661e-01   4.8531933125e-01
  -4.1298357828e-02  -4.1664781911e-02   1.2746044320e+00  -4.0591030111e-02   5.2723742744e-01
  -4.0612418438e-02  -4.0931933745e-02   1.1768981604e+00  -2.8253805264e-01   5.4473381163e-01
  -4.0003662246e-02  -4.0292903131e-02   1.0792338668e+00  -5.0018193764e-01   5.4381297641e-01
  -3.9446583600e-02  -3.9714421361e-02   9.8152663909e-01  -6.9973851871e-01   5.2909486122e-01
  -3.8926774235e-02  -3.9178745839e-02   8.8401484070e-01  -8.8400030691e-01   5.0355873564e-01
  -3.8434941428e-02  -3.8674802631e-02   7.8632990462e-01  -1.0555611883e+00   4.6910776100e-01
  -3.7964494709e-02  -3.8195080226e-02   6.8879648930e-01  -1.2149591670e+00   4.2726472290e-01
  -3.7510368427e-02  -3.7733909191e-02   5.9108765501e-01  -1.3633474734e+00   3.7890703406e-01
  -3.7068421034e-02  -3.7286827663e-02   4.9349367799e-01  -1.5005212525e+00   3.2488535879e-01
  -3.6635031958e-02  -3.6850014405e-02   3.9611706791e-01  -1.6263546795e+00   2.6576266540e-01
  -3.6206879260e-02  -3.6420049511e-02   2.9806581683e-01  -1.7415378629e+00   2.0120374625e-01
  -3.5780696521e-02  -3.5993709008e-02   2.0073095247e-01  -1.8437740513e+00   1.3217780151e-01
  -3.5353065686e-02  -3.5567684034e-02   1.0303250783e-01  -1.9332514051e+00   5.7796020979e-02
  -3.4920188016e-02  -3.5138447338e-02   5.2649444064e-03  -2.0080492399e+00  -2.2173266172e-02
  -3.4477555656e-02  -3.4701928693e-02  -9.2279851602e-02  -2.0658157977e+00  -1.0818641028e-01
  -3.4019431509e-02  -3.4253182619e-02  -1.8990705447e-01  -2.1036203127e+00  -2.0164239025e-01
  -3.3537892312e-02  -3.3785680399e-02  -2.8764773376e-01  -2.1166447451e+00  -3.0442628418e-01
  -3.3021007081e-02  -3.3290104225e-02  -3.8538143644e-01  -2.0973005377e+00  -4.1941884195e-01
  -3.2448572584e-02  -3.2751909936e-02  -4.8310854025e-01  -2.0325372542e+00  -5.5190970429e-01
  -3.1781946828e-02  -3.2145235232e-02  -5.8106109875e-01  -1.8953489248e+00  -7.1322770779e-01
  -3.1052105289e-02  -3.1418658423e-02  -6.6601946859e-01  -1.6685897514e+00  -8.9662626871e-01
  -3.0388474954e-02  -3.0685552155e-02  -7.2190442646e-01  -1.3931790720e+00  -1.0690527171e+00
  -2.9836706216e-02  -3.0091397754e-02  -7.5213875646e-01  -1.1144191739e+00  -1.2161018942e+00
  -2.9353341535e-02  -2.9582014679e-02  -7.6670844984e-01  -8.3634985333e-01  -1.3467991916e+00
  -2.8913345134e-02  -2.9124668392e-02  -7.7080838622e-01  -5.5871572918e-01  -1.4667049632e+00
  -2.8502754122e-02  -2.8702021876e-02  -7.6730809853e-01  -2.8010795421e-01  -1.5793520732e+00
  -2.8112555690e-02  -2.8303486368e-02  -7.5807960347e-01  -2.8027837059e-03  -1.6856525364e+00
  -2.7736294701e-02  -2.7921625013e-02  -7.4435891690e-01   2.7503010493e-01  -1.7875401282e+00
  -2.7368977722e-02  -2.7550964388e-02  -7.2701694765e-01   5.5377097999e-01  -1.8859324462e+00
  -2.7006313353e-02  -2.7186991057e-02  -7.0701477304e-01   8.3013890069e-01  -1.9802789805e+00
  -2.6644290109e-02  -2.6825635649e-02  -6.8456337370e-01   1.1093251811e+00  -2.0727292602e+00
  -2.6278793173e-02  -2.6462944568e-02  -6.6053760673e-01   1.3866451825e+00  -2.1619448791e+00
  -2.5905143034e-02  -2.6094641778e-02  -6.3525324111e-01   1.6642074345e+00  -2.2487259815e+00
  -2.5517405754e-02  -2.5715644289e-02  -6.0912968415e-01   1.9426277007e+00  -2.3331652743e+00
  -2.5107251768e-02  -2.5319167218e-02  -5.8288146517e-01   2.2201718931e+00  -2.4144213924e+00
  -2.4661250017e-02  -2.4895336318e-02  -5.5705356180e-01   2.4988520004e+00  -2.4923339403e+00
  -2.4153299675e-02  -2.4427163716e-02  -5.3289615986e-01   2.7783813138e+00  -2.5650532744e+00
  -2.3511307245e-02  -2.3879435633e-02  -5.1320957701e-01   3.0602031123e+00  -2.6278036022e+00
  -2.2311334624e-02  -2.3143178856e-02  -5.1974934360e-01   3.3166207249e+00  -2.6342408116e+00
  -2.1008547197e-02  -2.1479490393e-02  -5.8634250352e-01   3.2145764494e+00  -2.4813277944e+00
  -2.0248803615e-02  -2.0537604002e-02  -6.5715706830e-01   2.9340925970e+00  -2.2947845390e+00
  -1.9733309022e-02  -1.9960003228e-02  -7.1657023971e-01   2.6535581066e+00  -2.1261148551e+00
  -1.9311755024e-02  -1.9506614816e-02  -7.7047388182e-01   2.3746778732e+00  -1.9640110506e+00
  -1.8941889083e-02  -1.9116895232e-02  -8.2094705806e-01   2.0953874458e+00  -1.8040961183e+00
  -1.8605358952e-02  -1.8766882935e-02  -8.6827499155e-01   1.8183270099e+00  -1.6464810635e+00
  -1.8292058025e-02  -1.8443834970e-02  -9.1326065301e-01   1.5412961287e+00  -1.4891405938e+00
  -1.7995823845e-02  -1.8140281081e-02  -9.5656537511e-01   1.2613232936e+00  -1.3298939258e+00
  -1.7712345933e-02  -1.7851366610e-02  -9.9725105791e-01   9.8542552704e-01  -1.1723822766e+00
  -1.7438434375e-02  -1.7573325256e-02  -1.0363059457e+00   7.0761302755e-01  -1.0129196004e+00
  -1.7171716370e-02  -1.7303543495e-02  -1.0736550650e+00   4.2831723074e-01  -8.5149496906e-01
  -1.6910203253e-02  -1.7039889246e-02  -1.1088391858e+00   1.5099483436e-01  -6.8989231114e-01
  -1.6652189917e-02  -1.6780517261e-02  -1.1421233903e+00  -1.2650198995e-01  -5.2666726886e-01
  -1.6396174744e-02  -1.6523862574e-02  -1.1734700379e+00  -4.0442998890e-01  -3.6144679410e-01
  -1.6140742822e-02  -1.6268486913e-02  -1.2027887476e+00  -6.8291776694e-01  -1.9390760589e-01
  -1.5884498945e-02  -1.6012998730e-02  -1.2298088266e+00  -9.6051727536e-01  -2.4664639610e-02
  -1.5626006996e-02  -1.5755999160e-02  -1.2544609667e+00  -1.2380150609e+00   1.4704555514e-01
  -1.5363715564e-02  -1.5496014833e-02  -1.2765321941e+00  -1.5153163023e+00   3.2151461012e-01
  -1.5095829640e-02  -1.5231416296e-02  -1.2958935199e+00  -1.7947548772e+00   5.0069682126e-01
  -1.4820220995e-02  -1.4960242985e-02  -1.3119041391e+00  -2.0724637030e+00   6.8268172823e-01
  -1.4534311099e-02  -1.4680199004e-02  -1.3241427584e+00  -2.3478889256e+00   8.6771143072e-01
  -1.4235089425e-02  -1.4388423195e-02  -1.3321729346e+00  -2.6281597790e+00   1.0616611337e+00
  -1.3923284851e-02  -1.4081755655e-02  -1.3347520438e+00  -2.8995164033e+00   1.2562476365e+00
  -1.3600557638e-02  -1.3764814046e-02  -1.3311262123e+00  -3.1608474815e+00   1.4518038334e+00
  -1.3264428787e-02  -1.3436301231e-02  -1.3203356325e+00  -3.4083276298e+00   1.6469774332e+00
  -1.2910426399e-02  -1.3092556344e-02  -1.3007756122e+00  -3.6421026683e+00   1.8442177527e+00
  -1.2532329240e-02  -1.2728296454e-02  -1.2709420123e+00  -3.8534171579e+00   2.0393784344e+00
  -1.2120669820e-02  -1.2336362025e-02  -1.2275829028e+00  -4.0398501343e+00   2.2353767737e+00
  -1.1659168629e-02  -1.1904977615e-02  -1.1658212411e+00  -4.1907244557e+00   2.4314226458e+00
  -1.1146826428e-02  -1.1413359643e-02  -1.0813326760e+00  -4.2848396686e+00   2.6182817560e+00
  -1.0647167430e-02  -1.0880293212e-02  -9.8400518601e-01  -4.3021251172e+00   2.7674223333e+00
  -1.0204294335e-02  -1.0414041648e-02  -8.8634537066e-01  -4.2555746328e+00   2.8704611159e+00
  -9.8007553621e-03  -9.9945470229e-03  -7.8852073236e-01  -4.1639029887e+00   2.9404646363e+00
  -9.4245770926e-03  -9.6069637013e-03  -6.9072287714e-01  -4.0380642474e+00   2.9848359455e+00
  -9.0681434839e-03  -9.2421904840e-03  -5.9322027949e-01  -3.8854894199e+00   3.0083183802e+00
  -8.7262055050e-03  -8.8940964837e-03  -4.9566416261e-01  -3.7103936152e+00   3.0141575640e+00
  -8.3949051921e-03  -8.5583145262e-03  -3.9782369841e-01  -3.5155750217e+00   3.0043645926e+00
  -8.0711863565e-03  -8.2314958581e-03  -2.9997054782e-01  -3.3039553443e+00   2.9803196882e+00
  -7.7524757215e-03  -7.9108768550e-03  -2.0221785303e-01  -3.0777059408e+00   2.9430391311e+00
  -7.4365006499e-03  -7.5940745881e-03  -1.0457088271e-01  -2.8383579005e+00   2.8931628946e+00
  -7.1211408646e-03  -7.2789267118e-03  -6.9744743022e-03  -2.5869400701e+00   2.8309613070e+00
  -6.8042957617e-03  -6.9633550173e-03   9.0641355427e-02  -2.3241348254e+00   2.7563522108e+00
  -6.4848488889e-03  -6.6452365060e-03   1.8797558203e-01  -2.0514254780e+00   2.6692602922e+00
  -6.1656316651e-03  -6.3244612718e-03   2.8342095326e-01  -1.7740860884e+00   2.5708793417e+00
  -5.8484080441e-03  -6.0068020585e-03   3.7582741822e-01  -1.4963900176e+00   2.4623417789e+00
  -5.5305212337e-03  -5.6900140298e-03   4.6541437767e-01  -1.2185243727e+00   2.3432238738e+00
  -5.2088244399e-03  -5.3710284377e-03   5.5240685116e-01  -9.4034090936e-01   2.2125694916e+00
  -4.8798645163e-03  -5.0466204421e-03   6.3683158199e-01  -6.6203187071e-01   2.0691003287e+00
  -4.5395450255e-03  -4.7131085906e-03   7.1845290285e-01  -3.8441586659e-01   1.9113265877e+00
  -4.1826505575e-03  -4.3659814604e-03   7.9738460726e-01  -1.0677322869e-01   1.7359854934e+00
  -3.8149868503e-03  -3.9993196546e-03   8.7081951971e-01   1.6132196041e-01   1.5460237546e+00
  -3.4538865073e-03  -3.6306540461e-03   9.3520348716e-01   4.0655449590e-01   1.3489728868e+00
  -3.1062648632e-03  -3.2771189684e-03   9.8821566774e-01   6.1857614132e-01   1.1541275339e+00
  -2.7692678008e-03  -2.9354107579e-03   1.0317324003e+00   8.0304872971e-01   9.5852557497e-01
  -2.4406929929e-03  -2.6031248438e-03   1.0662756295e+00   9.6087259053e-01   7.6258510353e-01
  -2.1186817513e-03  -2.2782611421e-03   1.0923324212e+00   1.0929877749e+00   5.6664788179e-01
  -1.8016152569e-03  -1.9591023604e-03   1.1103628708e+00   1.2003954450e+00   3.7088727533e-01
  -1.4880369897e-03  -1.6441281535e-03   1.1207746743e+00   1.2840471633e+00   1.7534393297e-01
  -1.1765881517e-03  -1.3319458259e-03   1.1239054583e+00   1.3447608174e+00  -2.0040276272e-02
  -8.6594969560e-04  -1.0212304775e-03   1.1200118363e+00   1.3831602087e+00  -2.1538858993e-01
  -5.5477650638e-04  -7.1066891365e-04   1.1091455159e+00   1.3995946965e+00  -4.1216389111e-01
  -2.4164467761e-04  -3.9888409910e-04   1.0915487200e+00   1.3939990233e+00  -6.0781155023e-01
   7.5001901383e-05  -8.4405256119e-05   1.0672825559e+00   1.3666671838e+00  -8.0331274164e-01
   3.9694381568e-04   2.3440905888e-04   1.0363006906e+00   1.3173699347e+00  -9.9893467350e-01
   7.2630351394e-04   5.5947857248e-04   9.9853043223e-01   1.2456736470e+00  -1.1944750725e+00
   1.0657264936e-03   8.9312845540e-04   9.5369479475e-01   1.1506024278e+00  -1.3902061090e+00
   1.4186999575e-03   1.2383245317e-03   9.0123643010e-01   1.0303207067e+00  -1.5866572216e+00
   1.7899703902e-03   1.5990753834e-03   8.4099643382e-01   8.8371346331e-01  -1.7821705801e+00
   2.1864530924e-03   1.9808653970e-03   7.7180973286e-01   7.0701370596e-01  -1.9776120012e+00
   2.6194012496e-03   2.3920407879e-03   6.9152384147e-01   4.9321160455e-01  -2.1740383465e+00
   3.0957218634e-03   2.8467617114e-03   5.9980027402e-01   2.3953075657e-01  -2.3657459300e+00
   3.5889227841e-03   3.3446820155e-03   5.0371394193e-01  -3.5401432598e-02  -2.5340851468e+00
   4.0750824641e-03   3.8331635526e-03   4.0929884758e-01  -3.1394177507e-01  -2.6684186662e+00
   4.5627755561e-03   4.3170013755e-03   3.1779994546e-01  -5.9142473451e-01  -2.7682001207e+00
   5.0651399935e-03   4.8085497367e-03   2.2841150269e-01  -8.6953014557e-01  -2.8333135628e+00
   5.5991023565e-03   5.3217302504e-03   1.4101505151e-01  -1.1481192367e+00  -2.8589932543e+00
   6.1928072061e-03   5.8764744626e-03   5.5556236244e-02  -1.4267024298e+00  -2.8343275274e+00
   6.9006645886e-03   6.5091399495e-03  -2.7958585841e-02  -1.7035008616e+00  -2.7329474754e+00
   7.6220833403e-03   7.2921892277e-03  -9.1573960229e-02  -1.9132625967e+00  -2.5565035137e+00
   8.2159802474e-03   7.9519774528e-03  -1.2670019446e-01  -2.0216520462e+00  -2.3591721671e+00
   8.7105303070e-03   8.4799830420e-03  -1.4416932938e-01  -2.0634702551e+00  -2.1628555569e+00
   9.1512100308e-03   8.9410775720e-03  -1.5117361928e-01  -2.0621682035e+00  -1.9661449567e+00
   9.5580732269e-03   9.3613424896e-03  -1.5090704981e-01  -2.0283278068e+00  -1.7707097328e+00
   9.9423384580e-03   9.7548039641e-03  -1.4520916355e-01  -1.9675394968e+00  -1.5749942651e+00
   1.0311106088e-02   1.0129872952e-02  -1.3519502313e-01  -1.8831941852e+00  -1.3794439865e+00
   1.0669401238e-02   1.0492339225e-02  -1.2151868040e-01  -1.7765817713e+00  -1.1828664780e+00
   1.1021092817e-02   1.0846463252e-02  -1.0489346692e-01  -1.6503185462e+00  -9.8768918721e-01
   1.1369370606e-02   1.1195722382e-02  -8.5575776310e-02  -1.5040579646e+00  -7.9212904512e-01
   1.1717021608e-02   1.1543018830e-02  -6.3747802571e-02  -1.3372309879e+00  -5.9553883664e-01
   1.2066661730e-02   1.1891024387e-02  -3.9955520777e-02  -1.1522811203e+00  -4.0084851462e-01
   1.2420924784e-02   1.2242299073e-02  -1.3857699639e-02  -9.4488036640e-01  -2.0412327555e-01
   1.2782574304e-02   1.2599550495e-02   1.3913953289e-02  -7.1844291104e-01  -9.4465222556e-03
   1.3154730286e-02   1.2965598114e-02   4.3857900982e-02  -4.6726920650e-01   1.8699562331e-01
   1.3534370268e-02   1.3343862458e-02   7.5082887795e-02  -1.9729238343e-01   3.7950955528e-01
   1.3908412914e-02   1.3724878078e-02   1.0623332994e-01   8.0406782311e-02   5.6079182082e-01
   1.4270599919e-02   1.4091947751e-02   1.3635429883e-01   3.5700833859e-01   7.2691911162e-01
   1.4624783579e-02   1.4449252088e-02   1.6594395845e-01   6.3655282754e-01   8.8200197964e-01
   1.4974319845e-02   1.4800315071e-02   1.9445931396e-01   9.1329223845e-01   1.0242693608e+00
   1.5322257265e-02   1.5148324620e-02   2.2233402540e-01   1.1907442368e+00   1.1567975393e+00
   1.5671542657e-02   1.5496189910e-02   2.4969975265e-01   1.4697819551e+00   1.2807429316e+00
   1.6025254298e-02   1.5846895405e-02   2.7615402409e-01   1.7457549072e+00   1.3948415753e+00
   1.6386933362e-02   1.6203613192e-02   3.0239108736e-01   2.0255267154e+00   1.5024788767e+00
   1.6760901909e-02   1.6570253532e-02   3.2782447554e-01   2.3026090216e+00   1.6015625214e+00
   1.7152842931e-02   1.6951550286e-02   3.5276241949e-01   2.5801768614e+00   1.6937133939e+00
   1.7571128088e-02   1.7354135577e-02   3.7721553640e-01   2.8586938573e+00   1.7792654547e+00
   1.8029249092e-02   1.7788120598e-02   4.0093602496e-01   3.1363698532e+00   1.8577927614e+00
   1.8553185721e-02   1.8270377585e-02   4.2390666890e-01   3.4160170837e+00   1.9299454711e+00
   1.9210969812e-02   1.8835993857e-02   4.4526976784e-01   3.6971782119e+00   1.9948367206e+00
   2.0097995291e-02   1.9585945766e-02   4.5920523470e-01   3.9407053600e+00   2.0425976751e+00
   2.1122094342e-02   2.0610044817e-02   4.5157294022e-01   4.0174787967e+00   2.0497365100e+00
   2.2159314388e-02   2.1634143867e-02   4.1409855291e-01   3.8602794073e+00   2.0105859125e+00
   2.3005457176e-02   2.2684484909e-02   3.6107627627e-01   3.5709518758e+00   1.9491912062e+00
   2.3586080860e-02   2.3326429443e-02   3.1241257964e-01   3.2911751820e+00   1.8919133501e+00
   2.4073412752e-02   2.3845732276e-02   2.6452310710e-01   3.0126185124e+00   1.8349602625e+00
   2.4509061244e-02   2.4301093228e-02   2.1669624241e-01   2.7337156518e+00   1.7772802132e+00
   2.4911986064e-02   2.4717029260e-02   1.6912013773e-01   2.4563689165e+00   1.7188301771e+00
   2.5292991810e-02   2.5106942868e-02   1.2149944876e-01   2.1790009248e+00   1.6589584315e+00
   2.5659012503e-02   2.5479040752e-02   7.3623164194e-02   1.9001954590e+00   1.5970553716e+00
   2.6015080418e-02   2.5838984255e-02   2.6141803371e-02   1.6233297444e+00   1.5336022084e+00
   2.6365146438e-02   2.6191176582e-02  -2.1537502427e-02   1.3443394252e+00   1.4673857984e+00
   2.6712535140e-02   2.6539116295e-02  -6.8495867703e-02   1.0678093950e+00   1.3992000635e+00
   2.7060307560e-02   2.6885953985e-02  -1.1531808019e-01   7.8926610828e-01   1.3276124426e+00
   2.7411475269e-02   2.7234661136e-02  -1.6131256742e-01   5.1146451069e-01   1.2529153239e+00
   2.7769238854e-02   2.7588289402e-02  -2.0626179011e-01   2.3399124871e-01   1.1745463299e+00
   2.8137243433e-02   2.7950188305e-02  -2.4980791008e-01  -4.3259692601e-02   1.0919112967e+00
   2.8520010336e-02   2.8324298561e-02  -2.9166756957e-01  -3.2189483939e-01   1.0037252524e+00
   2.8923512984e-02   2.8715722111e-02  -3.3083402391e-01  -6.0025736328e-01   9.0943024374e-01
   2.9356136388e-02   2.9131303856e-02  -3.6613051186e-01  -8.7760562030e-01   8.0785097453e-01
   2.9830992631e-02   2.9580968920e-02  -3.9602050973e-01  -1.1554859224e+00   6.9616544357e-01
   3.0371540963e-02   3.0081016342e-02  -4.1735149857e-01  -1.4342919033e+00   5.7013933106e-01
   3.1029602674e-02   3.0662065583e-02  -4.2317390302e-01  -1.7143060194e+00   4.2102996069e-01
   3.1871929706e-02   3.1397139765e-02  -3.9689224450e-01  -1.9735146426e+00   2.4166186291e-01
   3.2816919756e-02   3.2346719648e-02  -3.2404689707e-01  -2.1373578777e+00   6.0102554567e-02
   3.3645180129e-02   3.3287119865e-02  -2.2628024031e-01  -2.1769917195e+00  -7.7886529746e-02
   3.4312455933e-02   3.4003240393e-02  -1.2816824828e-01  -2.1442381311e+00  -1.7307807137e-01
   3.4907880712e-02   3.4621671473e-02  -3.0332412161e-02  -2.0737241398e+00  -2.4598444057e-01
   3.5471212617e-02   3.5194089952e-02   6.7692011642e-02  -1.9769476919e+00  -3.0515356542e-01
   3.6027091797e-02   3.5748335281e-02   1.6528606215e-01  -1.8591837175e+00  -3.5460203374e-01
   3.6597906716e-02   3.6305848313e-02   2.6319475206e-01  -1.7202021086e+00  -3.9758988818e-01
   3.7213614608e-02   3.6889965119e-02   3.6120024512e-01  -1.5566964081e+00  -4.3637841238e-01
   3.7936931246e-02   3.7537264097e-02   4.5988932279e-01  -1.3550829072e+00  -4.7425395742e-01
   3.8837395669e-02   3.8336598395e-02   5.4792876008e-01  -1.1036346920e+00  -5.1377776895e-01
   3.9886567463e-02   3.9338192943e-02   5.9047457250e-01  -8.2624435155e-01  -5.5466317045e-01
   4.1010048717e-02   4.0434941983e-02   5.5463556292e-01  -5.6456215039e-01  -5.9613360366e-01
   4.1957362554e-02   4.1585155452e-02   4.6120623769e-01  -3.7844933811e-01  -6.2925365164e-01
   4.2620259993e-02   4.2329569656e-02   3.6245600503e-01  -2.6966660550e-01  -6.4980600304e-01
   4.3163857099e-02   4.2910950329e-02   2.6441272632e-01  -1.9378341971e-01  -6.6364240402e-01
   4.3648370571e-02   4.3416763869e-02   1.6659143984e-01  -1.3611890926e-01  -6.7268089694e-01
   4.4098920345e-02   4.3879977273e-02   6.8686614871e-02  -9.0714178500e-02  -6.7751355506e-01
   4.4529717212e-02   4.4317863417e-02  -2.9022027783e-02  -5.4729717074e-02  -6.7823936259e-01
   4.4950517850e-02   4.4741571006e-02  -1.2657583227e-01  -2.6432104934e-02  -6.7474437079e-01
   4.5369199769e-02   4.5159464693e-02  -2.2440693418e-01  -4.8078556898e-03  -6.6664443358e-01
   4.5793274172e-02   4.5578934844e-02  -3.2198237008e-01   1.0424303966e-02  -6.5340373492e-01
   4.6231220086e-02   4.6007613499e-02  -4.1989987859e-01   1.9279659042e-02  -6.3402444820e-01
   4.6694260467e-02   4.6454826673e-02  -5.1760122979e-01   2.1084843882e-02  -6.0718707457e-01
   4.7200151594e-02   4.6933694261e-02  -6.1560409877e-01   1.4340946583e-02  -5.7032765118e-01
   4.7784050030e-02   4.7466608926e-02  -7.1372483460e-01  -4.4772525241e-03  -5.1867656943e-01
   4.8556541263e-02   4.8101491135e-02  -8.1366831584e-01  -4.7054157038e-02  -4.3705229432e-01
   4.9771362724e-02   4.9011591390e-02  -8.8866753654e-01  -1.5044773004e-01  -2.8998338617e-01
   5.1137992450e-02   5.0531134057e-02  -8.5456029420e-01  -3.0409425003e-01  -1.2522782904e-01
   5.2096265282e-02   5.1744850844e-02  -7.5413062559e-01  -4.2544312930e-01  -3.0235153487e-02
   5.2726846582e-02   5.2447679721e-02  -6.5560628193e-01  -5.0555500702e-01   1.3791554387e-02
   5.3249445273e-02   5.3006013443e-02  -5.5746520022e-01  -5.6906015689e-01   3.6137495265e-02
   5.3715049525e-02   5.3492877103e-02  -4.5981111314e-01  -6.2130796743e-01   4.3760844683e-02
   5.4145626208e-02   5.3937221947e-02  -3.6195857403e-01  -6.6487937894e-01   3.9780619034e-02
   5.4553360003e-02   5.4354030469e-02  -2.6439249537e-01  -7.0059830796e-01   2.5848003729e-02
   5.4946168406e-02   5.4752689537e-02  -1.6658194421e-01  -7.2913989170e-01   2.8589530916e-03
   5.5329782029e-02   5.5139647275e-02  -6.8841538986e-02  -7.5050929899e-01  -2.8569517494e-02
   5.5708822329e-02   5.5519916783e-02   2.8785457800e-02  -7.6458713195e-01  -6.8071398889e-02
   5.6087363351e-02   5.5897727875e-02   1.2638784983e-01  -7.7103780036e-01  -1.1553241516e-01
   5.6469367147e-02   5.6276998827e-02   2.2406731583e-01  -7.6924138272e-01  -1.7105301213e-01
   5.6859086475e-02   5.6661735467e-02   3.2182677358e-01  -7.5824573722e-01  -2.3487578680e-01
   5.7261514994e-02   5.7056437483e-02   4.1945473139e-01  -7.3674651573e-01  -3.0727082962e-01
   5.7683107846e-02   5.7466592504e-02   5.1721356451e-01  -7.0271620989e-01  -3.8912942275e-01
   5.8133064416e-02   5.7899623188e-02   6.1495434643e-01  -6.5318456290e-01  -4.8146267552e-01
   5.8626092846e-02   5.8366505645e-02   7.1278080471e-01  -5.8313227111e-01  -5.8626810321e-01
   5.9189831163e-02   5.8885680047e-02   8.1071006739e-01  -4.8326778778e-01  -7.0710853499e-01
   5.9895171974e-02   5.9493982280e-02   9.0974466087e-01  -3.2930273080e-01  -8.5402790448e-01
   6.0783390486e-02   6.0296361668e-02   9.9311853995e-01  -9.6779262157e-02  -1.0192669430e+00
   6.1709209380e-02   6.1270419304e-02   1.0295851701e+00   1.8075761211e-01  -1.1550220969e+00
   6.2569783729e-02   6.2147999456e-02   1.0154269139e+00   4.5867191012e-01  -1.2351752802e+00
   6.3421131101e-02   6.2991568002e-02   9.5815173701e-01   7.3650329158e-01  -1.2631940354e+00
   6.4225188427e-02   6.3850694199e-02   8.6935841794e-01   9.8662914530e-01  -1.2409138730e+00
   6.4909605195e-02   6.4599682654e-02   7.7103436177e-01   1.1793233889e+00  -1.1846953028e+00
   6.5497650998e-02   6.5219527736e-02   6.7323386078e-01   1.3225808649e+00  -1.1105791398e+00
   6.6036352982e-02   6.5775774260e-02   5.7540349163e-01   1.4314584432e+00  -1.0237136207e+00
   6.6548301494e-02   6.6296931704e-02   4.7753244266e-01   1.5117378855e+00  -9.2652510015e-01
   6.7047813312e-02   6.6799671284e-02   3.7994775037e-01   1.5657481060e+00  -8.2060134936e-01
   6.7546001447e-02   6.7295955340e-02   2.8240775705e-01   1.5943228651e+00  -7.0626058271e-01
   6.8053349806e-02   6.7796047555e-02   1.8462181943e-01   1.5964174400e+00  -5.8313142601e-01
   6.8581855882e-02   6.8310652056e-02   8.6705875184e-02   1.5691141374e+00  -4.5078728661e-01
   6.9147772935e-02   6.8853059707e-02  -1.0915298676e-02   1.5075511300e+00  -3.0865482395e-01
   6.9777685931e-02   6.9442486162e-02  -1.0875302355e-01   1.4020639054e+00  -1.5366700211e-01
   7.0526768533e-02   7.0112885700e-02  -2.0703550333e-01   1.2321080786e+00   1.9725832138e-02
   7.1401662274e-02   7.0940651365e-02  -2.9403152397e-01   9.8848315982e-01   1.9806439411e-01
   7.2299832717e-02   7.1862673183e-02  -3.5158395132e-01   7.0992992274e-01   3.4610904295e-01
   7.3196344851e-02   7.2736992252e-02  -3.7814857036e-01   4.3107963765e-01   4.5109600138e-01
   7.4218896734e-02   7.3655697449e-02  -3.7755527319e-01   1.5014847638e-01   5.1515824050e-01
   7.5897168130e-02   7.4782096019e-02  -3.3697137072e-01  -1.2017536579e-01   4.9766725173e-01
   7.7931505647e-02   7.7012240241e-02  -2.9765050828e-01  -7.8620591910e-02   3.5496197646e-01
   7.9423766330e-02   7.8850771053e-02  -3.1880856634e-01   1.9946208684e-01   2.2899234611e-01
   8.0511917167e-02   7.9996761606e-02  -3.7327937657e-01   4.8004001448e-01   1.6833391064e-01
   8.1566843191e-02   8.1027072728e-02  -4.5299973734e-01   7.5511874470e-01   1.5906549513e-01
   8.2626123040e-02   8.2106613654e-02  -5.4871880575e-01   9.8594225726e-01   2.1204687301e-01
   8.3701826340e-02   8.3145632426e-02  -6.4629622161e-01   1.1323329929e+00   3.3653899477e-01
   8.4740015235e-02   8.4258020254e-02  -7.2385687232e-01   1.1688504968e+00   5.1837915972e-01
   8.5636988012e-02   8.5222010217e-02  -7.6473215851e-01   1.1113149848e+00   7.1510896972e-01
   8.6443566086e-02   8.6051965807e-02  -7.7246220807e-01   9.9426939984e-01   9.1111904223e-01
   8.7231419086e-02   8.6835166366e-02  -7.4874096985e-01   8.3101637053e-01   1.1072215580e+00
   8.8056185779e-02   8.7627671807e-02  -6.8825968230e-01   6.2335906833e-01   1.3022884779e+00
   8.8843922284e-02   8.8484699752e-02  -5.9769763987e-01   4.0664085760e-01   1.4646347047e+00
   8.9497819551e-02   8.9203144816e-02  -4.9942808406e-01   2.2364533249e-01   1.5716376354e+00
   9.0053498230e-02   8.9792494285e-02  -4.0152634995e-01   7.2575136115e-02   1.6367845309e+00
   9.0555621274e-02   9.0314502174e-02  -3.0393237405e-01  -5.6420951267e-02   1.6719598300e+00
   9.1025761471e-02   9.0796740374e-02  -2.0600706886e-01  -1.6908220393e-01   1.6825285550e+00
   9.1477031357e-02   9.1254782567e-02  -1.0823537125e-01  -2.6783382792e-01   1.6708215386e+00
   9.1918896140e-02   9.1699280146e-02  -1.0471103608e-02  -3.5497200479e-01   1.6378222175e+00
   9.2359216455e-02   9.2138512134e-02   8.7119913777e-02  -4.3197941192e-01   1.5834677414e+00
   9.2805581545e-02   9.2579920777e-02   1.8478853460e-01  -5.0039218504e-01   1.5063927549e+00
   9.3266507486e-02   9.3031242314e-02   2.8247501413e-01  -5.6138566847e-01   1.4040406745e+00
   9.3753101361e-02   9.3501772659e-02   3.8030048102e-01  -6.1637124533e-01   1.2717207515e+00
   9.4275824479e-02   9.4004430063e-02   4.7694080699e-01  -6.6649238370e-01   1.1041484225e+00
   9.4799278390e-02   9.4547218894e-02   5.6357581498e-01  -7.1024612973e-01   9.1205434129e-01
   9.5283304144e-02   9.5051337885e-02   6.3267679801e-01  -7.4718270054e-01   7.1638243584e-01
   9.5734046529e-02   9.5515270404e-02   6.8695651080e-01  -7.8094566840e-01   5.2025591544e-01
   9.6162998197e-02   9.5952822654e-02   7.2874363350e-01  -8.1410361092e-01   3.2517395603e-01
   9.6578018888e-02   9.6373173739e-02   7.6028018152e-01  -8.4916453885e-01   1.2832131489e-01
   9.6985115905e-02   9.6782864037e-02   7.8215839161e-01  -8.8714673651e-01  -6.6976961581e-02
   9.7389426265e-02   9.7187367772e-02   7.9547009787e-01  -9.2975424462e-01  -2.6244815551e-01
   9.7795747353e-02   9.7591484759e-02   8.0067292647e-01  -9.7843208937e-01  -4.5829171423e-01
   9.8209137245e-02   9.8000009948e-02   7.9796947176e-01  -1.0347182112e+00  -6.5455007309e-01
   9.8635452737e-02   9.8418264542e-02   7.8744776572e-01  -1.0999073208e+00  -8.4989002761e-01
   9.9082281424e-02   9.8852640931e-02   7.6880906407e-01  -1.1766764412e+00  -1.0459102523e+00
   9.9560571149e-02   9.9311921917e-02   7.4152758039e-01  -1.2675958122e+00  -1.2414505219e+00
   1.0008855916e-01   9.9809220381e-02   7.0398675991e-01  -1.3783015989e+00  -1.4382126779e+00
   1.0070260514e-01   1.0036789794e-01   6.5358329494e-01  -1.5166746556e+00  -1.6345024462e+00
   1.0149878926e-01   1.0103731234e-01   5.8172567550e-01  -1.7061279598e+00  -1.8316772897e+00
   1.0250554099e-01   1.0196026619e-01   4.8992343281e-01  -1.9420007860e+00  -1.9792390790e+00
   1.0369310336e-01   1.0305081578e-01   3.9195848068e-01  -2.1784091661e+00  -2.0006172563e+00
   1.0489193716e-01   1.0433539093e-01   3.1210130693e-01  -2.3266389704e+00  -1.8669655582e+00
   1.0583294515e-01   1.0544848339e-01   2.6339012411e-01  -2.3510455721e+00  -1.6664852597e+00
   1.0654404902e-01   1.0621740691e-01   2.3294183812e-01  -2.3027473614e+00  -1.4697857850e+00
   1.0716964202e-01   1.0687069112e-01   2.0832160623e-01  -2.2097002278e+00  -1.2734188992e+00
   1.0775427977e-01   1.0746859292e-01   1.8529300343e-01  -2.0800043610e+00  -1.0778585252e+00
   1.0832175335e-01   1.0803996662e-01   1.6096055803e-01  -1.9147003564e+00  -8.8161852032e-01
   1.0888948026e-01   1.0860354007e-01   1.3309268734e-01  -1.7136840817e+00  -6.8597143532e-01
   1.0947320477e-01   1.0917542045e-01   9.8988384764e-02  -1.4728489573e+00  -4.9062357588e-01
   1.1005588302e-01   1.0977098908e-01   5.7924655466e-02  -1.2024453953e+00  -3.0670780086e-01
   1.1060677858e-01   1.1034077695e-01   1.1610709100e-02  -9.2474971395e-01  -1.4803055651e-01
   1.1112733488e-01   1.1087278020e-01  -3.9683606210e-02  -6.4673606363e-01  -1.4768016658e-02
   1.1163024297e-01   1.1138188955e-01  -9.6352328022e-02  -3.6922452614e-01   9.5648461152e-02
   1.1212492825e-01   1.1187859639e-01  -1.5904731450e-01  -9.1541267314e-02   1.8510503981e-01
   1.1261940022e-01   1.1237126012e-01  -2.2845177372e-01   1.8662059929e-01   2.5420858294e-01
   1.1312144155e-01   1.1286754031e-01  -3.0492181341e-01   4.6398145903e-01   3.0251083020e-01
   1.1363966531e-01   1.1337534280e-01  -3.8966520775e-01   7.4181669393e-01   3.2928119341e-01
   1.1417890546e-01   1.1390398782e-01  -4.8245852271e-01   1.0162032106e+00   3.3257808549e-01
   1.1472414671e-01   1.1445382310e-01  -5.8006433495e-01   1.2761848715e+00   3.1157856261e-01
   1.1526423610e-01   1.1499447031e-01  -6.7759489281e-01   1.5102461932e+00   2.6854564735e-01
   1.1580977628e-01   1.1553400189e-01  -7.7523146398e-01   1.7215901291e+00   2.0508913631e-01
   1.1637605468e-01   1.1608555068e-01  -8.7303072825e-01   1.9121456410e+00   1.2129549667e-01
   1.1698630241e-01   1.1666655867e-01  -9.7087993847e-01   2.0828177368e+00   1.5474129790e-02
   1.1768827586e-01   1.1730604614e-01  -1.0693143881e+00   2.2347476123e+00  -1.1901529008e-01
   1.1856599995e-01   1.1807050558e-01  -1.1627451506e+00   2.3599959370e+00  -2.9141685325e-01
   1.1967255773e-01   1.1906149432e-01  -1.2213074850e+00   2.4283808337e+00  -4.8835610127e-01
   1.2093847201e-01   1.2028362114e-01  -1.1922163998e+00   2.4098244855e+00  -6.4460396334e-01
   1.2194550240e-01   1.2159332288e-01  -1.0927923722e+00   2.3435515835e+00  -6.9411085795e-01
   1.2256668426e-01   1.2229768191e-01  -9.9388979728e-01   2.2850257671e+00  -6.8087454228e-01
   1.2306397978e-01   1.2283568662e-01  -8.9597499592e-01   2.2315262987e+00  -6.4537916548e-01
   1.2349561939e-01   1.2329227294e-01  -7.9814136339e-01   2.1810586087e+00  -5.9654315401e-01
   1.2388536744e-01   1.2369896585e-01  -7.0036112512e-01   2.1326960320e+00  -5.3830192439e-01
   1.2424597133e-01   1.2407176902e-01  -6.0274561013e-01   2.0858199482e+00  -4.7296312857e-01
   1.2458525644e-01   1.2442017363e-01  -5.0505166927e-01   2.0397818022e+00  -4.0176568078e-01
   1.2490846246e-01   1.2475033925e-01  -4.0710062124e-01   1.9940482373e+00  -3.2550997593e-01
   1.2521939158e-01   1.2506658567e-01  -3.0944322832e-01   1.9484710369e+00  -2.4532786003e-01
   1.2552096844e-01   1.2537219749e-01  -2.1236068499e-01   1.9028120441e+00  -1.6204786232e-01
   1.2581545949e-01   1.2566973938e-01  -1.1372321490e-01   1.8556953745e+00  -7.4190868509e-02
   1.2610478428e-01   1.2596117961e-01  -1.7100198205e-02   1.8084774750e+00   1.4705718879e-02
   1.2639062550e-01   1.2624838896e-01   8.1652356208e-02   1.7587548343e+00   1.0818015055e-01
   1.2667448091e-01   1.2653286204e-01   1.7870236417e-01   1.7080582559e+00   2.0239694822e-01
   1.2695779774e-01   1.2681609978e-01   2.7621239633e-01   1.6548842703e+00   2.9920381019e-01
   1.2724199497e-01   1.2709949569e-01   3.7452549198e-01   1.5985229674e+00   3.9882037464e-01
   1.2752852888e-01   1.2738449425e-01   4.7130768168e-01   1.5398284068e+00   4.9870716296e-01
   1.2781900650e-01   1.2767256351e-01   5.6996241539e-01   1.4760914681e+00   6.0225237524e-01
   1.2811520996e-01   1.2796544949e-01   6.6677654461e-01   1.4089890263e+00   7.0543805325e-01
   1.2841925556e-01   1.2826497042e-01   7.6493757805e-01   1.3354599916e+00   8.1153102368e-01
   1.2873379708e-01   1.2857354070e-01   8.6260269503e-01   1.2556503899e+00   9.1845643054e-01
   1.2906219083e-01   1.2889405346e-01   9.5996718326e-01   1.1680390371e+00   1.0262966686e+00
   1.2942522927e-01   1.2923032821e-01   1.0622740229e+00   1.0649960260e+00   1.1408353859e+00