# time = 0.3
# Grid points = 474
# Pressure (Pa) = 101325
#             1_pos             2_posf             3_uvel             4_vvel             5_wvel
  -4.2964683751e-01  -4.3035398821e-01   1.2842860877e+00   5.2265124935e-01   8.9747011619e-01
  -4.2820922883e-01  -4.2893968680e-01   1.3959615065e+00   4.4632916184e-01   9.7986454322e-01
  -4.2662055263e-01  -4.2747877086e-01   1.5037249064e+00   3.5665975086e-01   1.0597737127e+00
  -4.2465535965e-01  -4.2576233440e-01   1.6115238191e+00   2.3910195235e-01   1.1396924305e+00
  -4.2235529297e-01  -4.2354838490e-01   1.7001110322e+00   9.4205657759e-02   1.2044606262e+00
  -4.1999650547e-01  -4.2116220105e-01   1.7466937983e+00  -5.9796374503e-02   1.2362738811e+00
  -4.1765890501e-01  -4.1883080990e-01   1.7474197774e+00  -2.1376419125e-01   1.2319150359e+00
  -4.1526857565e-01  -4.1648700012e-01   1.7023609991e+00  -3.6780031540e-01   1.1913357704e+00
  -4.1289229562e-01  -4.1405015118e-01   1.6145572079e+00  -5.1246145680e-01   1.1175477461e+00
  -4.1082802498e-01  -4.1173444006e-01   1.5070119093e+00  -6.2689997473e-01   1.0298185110e+00
  -4.0914295812e-01  -4.0992160989e-01   1.3989986644e+00  -7.1035069615e-01   9.4353297339e-01
  -4.0766110471e-01  -4.0836430636e-01   1.2915582531e+00  -7.7431053048e-01   8.5921195133e-01
  -4.0630426054e-01  -4.0695790307e-01   1.1842534800e+00  -8.2438094066e-01   7.7641440361e-01
  -4.0503129099e-01  -4.0565061800e-01   1.0766812394e+00  -8.6342174769e-01   6.9483502990e-01
  -4.0381665064e-01  -4.0441196397e-01   9.6976416677e-01  -8.9275977621e-01   6.1520862668e-01
  -4.0264291498e-01  -4.0322133731e-01   8.6185094210e-01  -9.1380213134e-01   5.3638961118e-01
  -4.0149718776e-01  -4.0206449265e-01   7.5494926090e-01  -9.2679724442e-01   4.5994343354e-01
  -4.0036913206e-01  -4.0092988286e-01   6.4781675549e-01  -9.3241186662e-01   3.8507931346e-01
  -3.9925017365e-01  -3.9980838127e-01   5.4005423988e-01  -9.3078216804e-01   3.1169373092e-01
  -3.9813256592e-01  -3.9869196603e-01   4.3270787167e-01  -9.2199248297e-01   2.4068266132e-01
  -3.9700897059e-01  -3.9757316581e-01   3.2557469075e-01  -9.0608772693e-01   1.7209555637e-01
  -3.9587210286e-01  -3.9644477536e-01   2.1861005212e-01  -8.8298573935e-01   1.0613221383e-01
  -3.9471415479e-01  -3.9529943036e-01   1.1073939476e-01  -8.5211922730e-01   4.2463492271e-02
  -3.9352658944e-01  -3.9412887922e-01   4.0068269309e-03  -8.1376320160e-01  -1.7361600143e-02
  -3.9229935578e-01  -3.9292429967e-01  -1.0381817928e-01  -7.6662687368e-01  -7.4148049552e-02
  -3.9102021203e-01  -3.9167441189e-01  -2.1084202974e-01  -7.1084492292e-01  -1.2632926542e-01
  -3.8967357440e-01  -3.9036601216e-01  -3.1830750660e-01  -6.4494971028e-01  -1.7382989203e-01
  -3.8823837956e-01  -3.8898113664e-01  -4.2549542493e-01  -5.6816933855e-01  -2.1539201288e-01
  -3.8668449785e-01  -3.8749562247e-01  -5.3296148289e-01  -4.7843316318e-01  -2.4995529282e-01
  -3.8496549888e-01  -3.8587337324e-01  -6.4024993812e-01  -3.7364576703e-01  -2.7552674530e-01
  -3.8300164122e-01  -3.8405762452e-01  -7.4775463612e-01  -2.4948437106e-01  -2.8932872234e-01
  -3.8073638978e-01  -3.8194565791e-01  -8.5146890011e-01  -1.0491041005e-01  -2.8677342047e-01
  -3.7825158676e-01  -3.7952712166e-01  -9.4024965229e-01   4.8865600570e-02  -2.6509116896e-01
  -3.7555863703e-01  -3.7697605185e-01  -1.0079403552e+00   2.0326315175e-01  -2.2504822370e-01
  -3.7241556961e-01  -3.7414122221e-01  -1.0511196969e+00   3.5801463107e-01  -1.6684820165e-01
  -3.6800369465e-01  -3.7068991700e-01  -1.0512047308e+00   5.1541607372e-01  -8.8063765145e-02
  -3.6293470854e-01  -3.6531747230e-01  -9.7794251045e-01   6.0953984312e-01  -3.3071546906e-02
  -3.5895510079e-01  -3.6055194478e-01  -8.6856972511e-01   6.2142626786e-01  -3.3135354905e-02
  -3.5605732261e-01  -3.5735825680e-01  -7.6091189854e-01   6.0079730012e-01  -6.0585374094e-02
  -3.5362158193e-01  -3.5475638842e-01  -6.5362347919e-01   5.6895981740e-01  -9.9339915170e-02
  -3.5145956050e-01  -3.5248677544e-01  -5.4620939603e-01   5.3211950526e-01  -1.4331806064e-01
  -3.4947916381e-01  -3.5043234557e-01  -4.3906195629e-01   4.9307439643e-01  -1.8895359184e-01
  -3.4762523180e-01  -3.4852598205e-01  -3.3176863233e-01   4.5287385737e-01  -2.3430208144e-01
  -3.4586045660e-01  -3.4672448155e-01  -2.2454864913e-01   4.1207673045e-01  -2.7784258158e-01
  -3.4415676907e-01  -3.4499643165e-01  -1.1726057351e-01   3.7070321999e-01  -3.1860048313e-01
  -3.4249109468e-01  -3.4331710650e-01  -1.0137568248e-02   3.2865305364e-01  -3.5569566803e-01
  -3.4084259044e-01  -3.4166508287e-01   9.7236630232e-02   2.8535963709e-01  -3.8859197450e-01
  -3.3919042134e-01  -3.4002009801e-01   2.0458349615e-01   2.4031736862e-01  -4.1655003151e-01
  -3.3751140463e-01  -3.3836074467e-01   3.1177917254e-01   1.9271613042e-01  -4.3888548863e-01
  -3.3577662994e-01  -3.3666206459e-01   4.1908970590e-01   1.4119124833e-01  -4.5484996365e-01
  -3.3394512817e-01  -3.3489119529e-01   5.2648581255e-01   8.3837966788e-02  -4.6330089489e-01
  -3.3194966633e-01  -3.3299906104e-01   6.3391689369e-01   1.7466222056e-02  -4.6244944287e-01
  -3.2965276480e-01  -3.3090027162e-01   7.4182435677e-01  -6.4756260742e-02  -4.4876841664e-01
  -3.2672617164e-01  -3.2840525799e-01   8.4827313304e-01  -1.7921381836e-01  -4.1344388744e-01
  -3.2334501863e-01  -3.2504708530e-01   9.2155789892e-01  -3.2446294741e-01  -3.5350864699e-01
  -3.2004726083e-01  -3.2164295196e-01   9.3460290753e-01  -4.7800343944e-01  -2.8220782620e-01
  -3.1689870047e-01  -3.1845156969e-01   8.9004970095e-01  -6.3181379590e-01  -2.0990813646e-01
  -3.1395976451e-01  -3.1534583125e-01   8.0032178372e-01  -7.7630861071e-01  -1.4513979432e-01
  -3.1149213188e-01  -3.1257369777e-01   6.9233863934e-01  -8.9424323365e-01  -9.6261350505e-02
  -3.0947395253e-01  -3.1041056598e-01   5.8475191285e-01  -9.8522275125e-01  -6.1827443613e-02
  -3.0768228393e-01  -3.0853733909e-01   4.7721962911e-01  -1.0600454679e+00  -3.6056470206e-02
  -3.0602089593e-01  -3.0682722876e-01   3.6962310932e-01  -1.1229191244e+00  -1.6474468574e-02
  -3.0443609721e-01  -3.0521456310e-01   2.6253439767e-01  -1.1755823755e+00  -1.7725663771e-03
  -3.0289182266e-01  -3.0365763131e-01   1.5520393173e-01  -1.2194028946e+00   9.0542767485e-03
  -3.0135970731e-01  -3.0212601401e-01   4.7825347214e-02  -1.2545642184e+00   1.6594093941e-02
  -2.9981344048e-01  -3.0059340061e-01  -5.9712061032e-02  -1.2808630674e+00   2.1339840489e-02
  -2.9822483380e-01  -2.9903348035e-01  -1.6683828468e-01  -1.2974558115e+00   2.3713700321e-02
  -2.9655861592e-01  -2.9741618725e-01  -2.7427699163e-01  -1.3029919438e+00   2.4178127736e-02
  -2.9476322579e-01  -2.9570104459e-01  -3.8176494842e-01  -1.2946889494e+00   2.3269022561e-02
  -2.9274907281e-01  -2.9382540698e-01  -4.8933490906e-01  -1.2673199700e+00   2.1852406638e-02
  -2.9031152027e-01  -2.9167273863e-01  -5.9751045117e-01  -1.2084278265e+00   2.1823295082e-02
  -2.8724510166e-01  -2.8895030191e-01  -6.9476722958e-01  -1.0957328932e+00   2.8356688855e-02
  -2.8415409201e-01  -2.8553990140e-01  -7.4755615202e-01  -9.4352006401e-01   4.6013063940e-02
  -2.8156420852e-01  -2.8276828261e-01  -7.5489746858e-01  -7.8920020250e-01   7.1928317179e-02
  -2.7925625041e-01  -2.8036013443e-01  -7.3452791530e-01  -6.3491654540e-01   1.0417830727e-01
  -2.7710490256e-01  -2.7815236640e-01  -6.9481213686e-01  -4.8109959246e-01   1.4142710080e-01
  -2.7503737528e-01  -2.7605743873e-01  -6.3976467242e-01  -3.2678434626e-01   1.8289155442e-01
  -2.7300075257e-01  -2.7401731182e-01  -5.7215326864e-01  -1.7313003937e-01   2.2726657267e-01
  -2.7094711867e-01  -2.7198419331e-01  -4.9241828164e-01  -1.8684116751e-02   2.7386655631e-01
  -2.6882277526e-01  -2.6991004403e-01  -4.0123883192e-01   1.3519184241e-01   3.2086872603e-01
  -2.6660308527e-01  -2.6773550649e-01  -2.9911320962e-01   2.8619079601e-01   3.6552763544e-01
  -2.6435896533e-01  -2.6547066404e-01  -1.9203004697e-01   4.2396494282e-01   4.0211236026e-01
  -2.6213108740e-01  -2.6324726662e-01  -8.4939731469e-02   5.4142892189e-01   4.2589463499e-01
  -2.5986743400e-01  -2.6101490817e-01   2.2468492468e-02   6.3759883771e-01   4.3352516905e-01
  -2.5751095235e-01  -2.5871995983e-01   1.2952012267e-01   7.0873120011e-01   4.2025186891e-01
  -2.5498865885e-01  -2.5630194487e-01   2.3678913675e-01   7.4961200314e-01   3.7915413407e-01
  -2.5218263721e-01  -2.5367537283e-01   3.4411948412e-01   7.5006387697e-01   2.9913083004e-01
  -2.4922157661e-01  -2.5068990160e-01   4.4114713533e-01   7.0051648289e-01   1.7738623444e-01
  -2.4651958632e-01  -2.4775325161e-01   5.1267330091e-01   6.1401211374e-01   3.7616424575e-02
  -2.4415899002e-01  -2.4528592103e-01   5.6015666871e-01   5.0978296152e-01  -1.0214978761e-01
  -2.4194478489e-01  -2.4303205901e-01   5.9048449075e-01   3.9330759982e-01  -2.4146718388e-01
  -2.3975756146e-01  -2.4085751077e-01   6.0592138046e-01   2.6564522748e-01  -3.8086343345e-01
  -2.3748119778e-01  -2.3865761215e-01   6.0540497939e-01   1.2566190623e-01  -5.2059316111e-01
  -2.3503312573e-01  -2.3630478341e-01   5.8469885317e-01  -2.4828869772e-02  -6.5560934179e-01
  -2.3235877669e-01  -2.3376146805e-01   5.3683625295e-01  -1.7934706600e-01  -7.7421319112e-01
  -2.2944448302e-01  -2.3095608533e-01   4.5360990074e-01  -3.2447800748e-01  -8.5697439070e-01
  -2.2672876051e-01  -2.2793288070e-01   3.4748093961e-01  -4.2927901130e-01  -8.8251462430e-01
  -2.2450288956e-01  -2.2552464031e-01   2.3973738340e-01  -4.8785988445e-01  -8.6095967789e-01
  -2.2256849044e-01  -2.2348113880e-01   1.3251790930e-01  -5.1671583090e-01  -8.1038245434e-01
  -2.2081495372e-01  -2.2165584207e-01   2.4957363985e-02  -5.2484377193e-01  -7.3912106992e-01
  -2.1918168214e-01  -2.1997406536e-01  -8.2131675740e-02  -5.1710880873e-01  -6.5263160256e-01
  -2.1762977188e-01  -2.1838929892e-01  -1.8963302324e-01  -4.9656095797e-01  -5.5331658420e-01
  -2.1613142353e-01  -2.1687024485e-01  -2.9675893608e-01  -4.6539241985e-01  -4.4396143741e-01
  -2.1466438672e-01  -2.1539260221e-01  -4.0439763804e-01  -4.2473048248e-01  -3.2507788751e-01
  -2.1320900475e-01  -2.1393617122e-01  -5.1158084745e-01  -3.7586639726e-01  -1.9871363427e-01
  -2.1174681969e-01  -2.1248183828e-01  -6.1871879622e-01  -3.1924251097e-01  -6.5091227092e-02
  -2.1028158239e-01  -2.1101180110e-01  -7.2402997059e-01  -2.5620178931e-01   7.3061794593e-02
  -2.0882341656e-01  -2.0955136368e-01  -8.2541575261e-01  -1.8837747026e-01   2.1249369325e-01
  -2.0735614152e-01  -2.0809546945e-01  -9.2228938967e-01  -1.1637949802e-01   3.5202815883e-01
  -2.0585060266e-01  -2.0661681359e-01  -1.0143131892e+00  -4.0274554420e-02   4.9114573288e-01
  -2.0427016966e-01  -2.0508439173e-01  -1.1017463894e+00   4.1160746062e-02   6.3087673235e-01
  -2.0256056559e-01  -2.0345594760e-01  -1.1828573822e+00   1.2864461006e-01   7.7013446779e-01
  -2.0062243454e-01  -2.0166518357e-01  -1.2559353502e+00   2.2584382271e-01   9.1014484296e-01
  -1.9820126550e-01  -1.9957968551e-01  -1.3142658935e+00   3.4080697655e-01   1.0511615808e+00
  -1.9491204308e-01  -1.9682284550e-01  -1.3287067055e+00   4.8157235891e-01   1.1739131869e+00
  -1.9138258606e-01  -1.9300124066e-01  -1.2604687294e+00   6.1087300267e-01   1.2163328485e+00
  -1.8872207693e-01  -1.8976393146e-01  -1.1502887834e+00   6.9276622531e-01   1.1870803644e+00
  -1.8683894456e-01  -1.8768022240e-01  -1.0421931402e+00   7.4283075003e-01   1.1363868011e+00
  -1.8526422628e-01  -1.8599766672e-01  -9.3462665737e-01   7.8017932052e-01   1.0778029766e+00
  -1.8386564537e-01  -1.8453078583e-01  -8.2717272573e-01   8.1023308757e-01   1.0152341930e+00
  -1.8258228686e-01  -1.8320050490e-01  -7.1978193378e-01   8.3541662008e-01   9.5058296327e-01
  -1.8137955449e-01  -1.8196406883e-01  -6.1250909534e-01   8.5706275212e-01   8.8499619883e-01
  -1.8023528457e-01  -1.8079504015e-01  -5.0536747230e-01   8.7599317034e-01   8.1920371429e-01
  -1.7913413627e-01  -1.7967552899e-01  -3.9771277602e-01   8.9283835955e-01   7.5332479267e-01
  -1.7806465699e-01  -1.7859274355e-01  -2.9029668016e-01   9.0782774930e-01   6.8821723834e-01
  -1.7701773454e-01  -1.7753657044e-01  -1.8280818542e-01   9.2125284393e-01   6.2401506444e-01
  -1.7598584097e-01  -1.7649889865e-01  -7.5624970902e-02   9.3323210307e-01   5.6121726458e-01
  -1.7496243198e-01  -1.7547278329e-01   3.1405950594e-02   9.4389057252e-01   4.9997340235e-01
  -1.7394156779e-01  -1.7445208066e-01   1.3840628361e-01   9.5328992066e-01   4.4044565645e-01
  -1.7291749913e-01  -1.7343105492e-01   2.4654565717e-01   9.6150619356e-01   3.8226390265e-01
  -1.7188443610e-01  -1.7240394333e-01   3.5362314644e-01   9.6832656435e-01   3.2686709170e-01
  -1.7083632291e-01  -1.7136492887e-01   4.6080509783e-01   9.7375990425e-01   2.7388025744e-01
  -1.6976645559e-01  -1.7030771695e-01   5.6808696204e-01   9.7765912772e-01   2.2361407942e-01
  -1.6866711600e-01  -1.6922519423e-01   6.7529750005e-01   9.7981209429e-01   1.7649449542e-01
  -1.6752900801e-01  -1.6810903777e-01   7.8258287510e-01   9.7993246648e-01   1.3286808972e-01
  -1.6634033251e-01  -1.6694897824e-01   8.9014339518e-01   9.7760257717e-01   9.3179729199e-02
  -1.6508561759e-01  -1.6573168679e-01   9.9739202691e-01   9.7225790355e-01   5.8292886160e-02
  -1.6374329256e-01  -1.6443954839e-01   1.1047995881e+00   9.6304060508e-01   2.8900635398e-02
  -1.6228103608e-01  -1.6304703672e-01   1.2122108395e+00   9.4865402189e-01   6.2792228906e-03
  -1.6064595441e-01  -1.6151503544e-01   1.3196691292e+00   9.2692130474e-01  -7.7018906127e-03
  -1.5873805321e-01  -1.5977687338e-01   1.4272843021e+00   8.9370338803e-01  -9.7763234120e-03
  -1.5630727043e-01  -1.5769923305e-01   1.5358382601e+00   8.3854550512e-01   7.5079116686e-03
  -1.5282953853e-01  -1.5491530781e-01   1.6348125602e+00   7.3457116145e-01   6.2711086571e-02
  -1.4892989905e-01  -1.5074376926e-01   1.6751014677e+00   5.8680359768e-01   1.4904981079e-01
  -1.4553458606e-01  -1.4711602883e-01   1.6520192650e+00   4.3302540900e-01   2.3055772287e-01
  -1.4250634083e-01  -1.4395314328e-01   1.5906561399e+00   2.7912171708e-01   2.9676457197e-01
  -1.3969574294e-01  -1.4105953838e-01   1.5035207607e+00   1.2560948992e-01   3.4532672828e-01
  -1.3711537671e-01  -1.3833194751e-01   1.4004685905e+00  -2.2530348536e-02   3.7514995626e-01
  -1.3483797773e-01  -1.3589880591e-01   1.2931180538e+00  -1.5675703634e-01   3.8759687618e-01
  -1.3281683600e-01  -1.3377714955e-01   1.1858130632e+00  -2.7750085716e-01   3.8693980147e-01
  -1.3096726976e-01  -1.3185652244e-01   1.0784604685e+00  -3.8821022366e-01   3.7646585367e-01
  -1.2924144188e-01  -1.3007801707e-01   9.7132224802e-01  -4.9043436135e-01   3.5829481318e-01
  -1.2760849946e-01  -1.2840486670e-01   8.6399350263e-01  -5.8561229985e-01   3.3378078978e-01
  -1.2604656135e-01  -1.2681213222e-01   7.5683097665e-01  -6.7404251191e-01   3.0400726636e-01
  -1.2453880899e-01  -1.2528099047e-01   6.4947547530e-01  -7.5636478194e-01   2.6959852536e-01
  -1.2307149197e-01  -1.2379662752e-01   5.4224594653e-01  -8.3246546020e-01   2.3115982925e-01
  -1.2163258957e-01  -1.2234635643e-01   4.3525502837e-01  -9.0227474033e-01   1.8909173873e-01
  -1.2021107255e-01  -1.2091882271e-01   3.2752263898e-01  -9.6617547395e-01   1.4315573695e-01
  -1.1879609603e-01  -1.1950332239e-01   2.2057714205e-01  -1.0228934765e+00   9.4041446063e-02
  -1.1737631166e-01  -1.1808886966e-01   1.1323192303e-01  -1.0725331279e+00   4.1116453744e-02
  -1.1593910718e-01  -1.1666375365e-01   5.8104907231e-03  -1.1140288718e+00  -1.5784066303e-02
  -1.1446951599e-01  -1.1521446071e-01  -1.0136648435e-01  -1.1460760006e+00  -7.6984801111e-02
  -1.1294849026e-01  -1.1372457127e-01  -2.0863436765e-01  -1.1670485815e+00  -1.4348113433e-01
  -1.1134972382e-01  -1.1217240924e-01  -3.1602738580e-01  -1.1742736610e+00  -2.1661430528e-01
  -1.0963360441e-01  -1.1052703840e-01  -4.2341333136e-01  -1.1635412588e+00  -2.9843397434e-01
  -1.0773305496e-01  -1.0874017043e-01  -5.3079286360e-01  -1.1276112522e+00  -3.9270373926e-01
  -1.0551977950e-01  -1.0672593948e-01  -6.3842146030e-01  -1.0515012645e+00  -5.0748411266e-01
  -1.0309662026e-01  -1.0431361952e-01  -7.3177427895e-01  -9.2569923414e-01  -6.3797460483e-01
  -1.0089328995e-01  -1.0187962099e-01  -7.9318341209e-01  -7.7290650322e-01  -7.6065779751e-01
  -9.9061353227e-02  -9.9906958910e-02  -8.2640882247e-01  -6.1825586003e-01  -8.6528444439e-01
  -9.7456525970e-02  -9.8215747544e-02  -8.4242260751e-01  -4.6398843882e-01  -9.5827635142e-01
  -9.5995686472e-02  -9.6697304397e-02  -8.4693267860e-01  -3.0996252546e-01  -1.0435898372e+00
  -9.4632476304e-02  -9.5294068546e-02  -8.4309197870e-01  -1.5539650061e-01  -1.1237386057e+00
  -9.3336971889e-02  -9.3970884062e-02  -8.3295735342e-01  -1.5531728357e-03  -1.1993715963e+00
  -9.2087741409e-02  -9.2703059715e-02  -8.1788691570e-01   1.5258289291e-01  -1.2718647214e+00
  -9.0868206094e-02  -9.1472423103e-02  -7.9883758705e-01   3.0722266813e-01  -1.3418708715e+00
  -8.9664117984e-02  -9.0263989085e-02  -7.7686529251e-01   4.6054595913e-01  -1.4089983748e+00
  -8.8462158485e-02  -8.9064246883e-02  -7.5220194304e-01   6.1543280583e-01  -1.4747766312e+00
  -8.7248665923e-02  -8.7860070087e-02  -7.2580870057e-01   7.6928427070e-01  -1.5382533751e+00
  -8.6008103772e-02  -8.6637261759e-02  -6.9803255223e-01   9.2327012754e-01  -1.5999979146e+00
  -8.4720770667e-02  -8.5378945784e-02  -6.6933432746e-01   1.0777319946e+00  -1.6600762144e+00
  -8.3359011478e-02  -8.4062595549e-02  -6.4049907468e-01   1.2317078421e+00  -1.7178896467e+00
  -8.1878233517e-02  -8.2655427406e-02  -6.1212560713e-01   1.3863138905e+00  -1.7733240864e+00
  -8.0191778989e-02  -8.1101039627e-02  -5.8558752557e-01   1.5413910986e+00  -1.8250635034e+00
  -7.8060289059e-02  -7.9282518352e-02  -5.6396160537e-01   1.6977402165e+00  -1.8697098854e+00
  -7.4076239656e-02  -7.6838059767e-02  -5.7115052819e-01   1.8399960300e+00  -1.8742891479e+00
  -6.9750833072e-02  -7.1314419544e-02  -6.4431568606e-01   1.7833849740e+00  -1.7654906984e+00
  -6.7228395548e-02  -6.8187246600e-02  -7.2211628702e-01   1.6277790901e+00  -1.6327646235e+00
  -6.5516893225e-02  -6.6269544496e-02  -7.8738995986e-01   1.4721449325e+00  -1.5127556980e+00
  -6.4117284663e-02  -6.4764241955e-02  -8.4661020012e-01   1.3174284463e+00  -1.3974184131e+00
  -6.2889286494e-02  -6.3470327370e-02  -9.0206127165e-01   1.1624843489e+00  -1.2836385026e+00
  -6.1771967111e-02  -6.2308245618e-02  -9.5405659661e-01   1.0087773693e+00  -1.1714949416e+00
  -6.0731771402e-02  -6.1235688604e-02  -1.0034783748e+00   8.5508676115e-01  -1.0595467255e+00
  -5.9748239287e-02  -6.0227854199e-02  -1.0510531702e+00   6.9976400070e-01  -9.4624221767e-01
  -5.8807059473e-02  -5.9268624374e-02  -1.0957503964e+00   5.4670198016e-01  -8.3417215394e-01
  -5.7897641076e-02  -5.8345494572e-02  -1.1386557482e+00   3.9257769129e-01  -7.2071389889e-01
  -5.7012106114e-02  -5.7449787580e-02  -1.1796868545e+00   2.3763048588e-01  -6.0585967464e-01
  -5.6143851989e-02  -5.6574424647e-02  -1.2183392106e+00   8.3778065123e-02  -4.9087875110e-01
  -5.5287217545e-02  -5.5713279330e-02  -1.2549040246e+00  -7.0171138739e-02  -3.7474346023e-01
  -5.4437217234e-02  -5.4861155760e-02  -1.2893399309e+00  -2.2435956311e-01  -2.5718837411e-01
  -5.3589153387e-02  -5.4013278709e-02  -1.3215476177e+00  -3.7885855513e-01  -1.3798347370e-01
  -5.2738393756e-02  -5.3165028066e-02  -1.3512296912e+00  -5.3286476902e-01  -1.7566284949e-02
  -5.1880170263e-02  -5.2311759445e-02  -1.3783099787e+00  -6.8681456444e-01   1.0460639465e-01
  -5.1009332041e-02  -5.1448581081e-02  -1.4025544739e+00  -8.4065533736e-01   2.2874206749e-01
  -5.0119919451e-02  -5.0570083000e-02  -1.4238213935e+00  -9.9568187454e-01   3.5623123269e-01
  -4.9204866523e-02  -4.9669755902e-02  -1.4414067358e+00  -1.1497488032e+00   4.8571459493e-01
  -4.8255612242e-02  -4.8739977144e-02  -1.4548476120e+00  -1.3025488586e+00   6.1736441792e-01
  -4.7262161296e-02  -4.7771247340e-02  -1.4636643083e+00  -1.4580371921e+00   7.5536096290e-01
  -4.6226933652e-02  -4.6753075253e-02  -1.4664917983e+00  -1.6085801291e+00   8.9381069227e-01
  -4.5155441574e-02  -4.5700792052e-02  -1.4625017796e+00  -1.7535611380e+00   1.0329504771e+00
  -4.4039454487e-02  -4.4610091096e-02  -1.4506397405e+00  -1.8908579808e+00   1.1718181698e+00
  -4.2864125166e-02  -4.3468817879e-02  -1.4291425029e+00  -2.0205515638e+00   1.3121565075e+00
  -4.1608798389e-02  -4.2259432453e-02  -1.3963575792e+00  -2.1377845606e+00   1.4510153535e+00
  -4.0242040984e-02  -4.0958164326e-02  -1.3487119293e+00  -2.2412138878e+00   1.5904704452e+00
  -3.8709803069e-02  -3.9525917643e-02  -1.2808470947e+00  -2.3249161167e+00   1.7299596925e+00
  -3.7008767057e-02  -3.7893688496e-02  -1.1880121377e+00  -2.3771297034e+00   1.8629129041e+00
  -3.5349840763e-02  -3.6123845618e-02  -1.0810720552e+00  -2.3867198180e+00   1.9690293280e+00
  -3.3879450307e-02  -3.4575835908e-02  -9.7376831594e-01  -2.3608951005e+00   2.0423439808e+00
  -3.2539653733e-02  -3.3183064706e-02  -8.6628453347e-01  -2.3100381141e+00   2.0921537949e+00
  -3.1290697895e-02  -3.1896242761e-02  -7.5883098601e-01  -2.2402259427e+00   2.1237260920e+00
  -3.0107296639e-02  -3.0685153029e-02  -6.5170249381e-01  -2.1555811545e+00   2.1404357857e+00
  -2.8972022568e-02  -2.9529440248e-02  -5.4451574063e-01  -2.0584422064e+00   2.1445921668e+00
  -2.7872066793e-02  -2.8414604889e-02  -4.3701704122e-01  -1.9503614770e+00   2.1376261474e+00
  -2.6797282409e-02  -2.7329528698e-02  -3.2950482320e-01  -1.8329598666e+00   2.1205197592e+00
  -2.5739125836e-02  -2.6265036120e-02  -2.2210335798e-01  -1.7074419999e+00   2.0939960892e+00
  -2.4690051654e-02  -2.5213215552e-02  -1.1481840556e-01  -1.5746572945e+00   2.0585104808e+00
  -2.3643020294e-02  -2.4166887755e-02  -7.5893393632e-03  -1.4351765353e+00   2.0142552727e+00
  -2.2591057506e-02  -2.3119152832e-02   9.9660741735e-02  -1.2893782929e+00   1.9611720070e+00
  -2.1530456537e-02  -2.2062962179e-02   2.0660110787e-01  -1.1380854784e+00   1.8992070882e+00
  -2.0470618031e-02  -2.0997950896e-02   3.1146588985e-01  -9.8422402252e-01   1.8292098758e+00
  -1.9417398518e-02  -1.9943285166e-02   4.1299155068e-01  -8.3016469166e-01   1.7519860723e+00
  -1.8361977140e-02  -1.8891511871e-02   5.1141915144e-01  -6.7601129306e-01   1.6672341900e+00
  -1.7293906170e-02  -1.7832442408e-02   6.0699591487e-01  -5.2168158916e-01   1.5742739299e+00
  -1.6201720761e-02  -1.6755369932e-02   6.9975120923e-01  -3.6728223781e-01   1.4721957621e+00
  -1.5071820261e-02  -1.5648071590e-02   7.8942608647e-01  -2.1326739154e-01   1.3599396713e+00
  -1.3886888898e-02  -1.4495568931e-02   8.7614552045e-01  -5.9237804451e-02   1.2351841550e+00
  -1.2666202402e-02  -1.3278208865e-02   9.5682531736e-01   8.9495038068e-02   1.1000257675e+00
  -1.1467307042e-02  -1.2054195939e-02   1.0275606620e+00   2.2554416893e-01   9.5982318914e-01
  -1.0313162539e-02  -1.0880418145e-02   1.0858018159e+00   3.4316863411e-01   8.2118961316e-01
  -9.1942928891e-03  -9.7459069325e-03   1.1336102745e+00   4.4550948448e-01   6.8201749471e-01
  -8.1033861091e-03  -8.6426788457e-03   1.1715595144e+00   5.3306620239e-01   5.4260432168e-01
  -7.0342711363e-03  -7.5640933724e-03   1.2001846875e+00   6.0636030708e-01   4.0319327113e-01
  -5.9815733028e-03  -6.5044489001e-03   1.2199913093e+00   6.6594722086e-01   2.6390770371e-01
  -4.9404567912e-03  -5.4586977055e-03   1.2314273204e+00   7.1235484897e-01   1.2477654960e-01
  -3.9064102337e-03  -4.4222158769e-03   1.2348636738e+00   7.4603693676e-01  -1.4241545338e-02
  -2.8750542386e-03  -3.3906045905e-03   1.2305823114e+00   7.6733955467e-01  -1.5323426104e-01
  -1.8419228672e-03  -2.3595038867e-03   1.2186400211e+00   7.7645651499e-01  -2.9324245562e-01
  -8.0228858342e-04  -1.3243418476e-03   1.1993029806e+00   7.7335162081e-01  -4.3244847511e-01
   2.4901508202e-04  -2.8023531921e-04   1.1726383132e+00   7.5818797075e-01  -5.7155043583e-01
   1.3178998798e-03   7.7826548324e-04   1.1385951099e+00   7.3083838446e-01  -7.1073846115e-01
   2.4114125877e-03   1.8575342764e-03   1.0970935098e+00   6.9106229392e-01  -8.4986863346e-01
   3.5383365663e-03   2.9652908990e-03   1.0478291856e+00   6.3831829366e-01  -9.8913461214e-01
   4.7102497373e-03   4.1113822336e-03   9.9018977219e-01   5.7158804680e-01  -1.1289131125e+00
   5.9429109836e-03   5.3091172411e-03   9.2400071270e-01   4.9025296819e-01  -1.2680245733e+00
   7.2592799129e-03   6.5767047262e-03   8.4798192968e-01   3.9222320903e-01  -1.4070850608e+00
   8.6967184163e-03   7.9418550996e-03   7.5976847378e-01   2.7360986298e-01  -1.5468465959e+00
   1.0278158547e-02   9.4515817329e-03   6.5898855402e-01   1.3287265689e-01  -1.6832509470e+00
   1.1915643270e-02   1.1104735361e-02   5.5341569235e-01  -1.9654273774e-02  -1.8030285348e+00
   1.3529750251e-02   1.2726551179e-02   4.4967961964e-01  -1.7418283722e-01  -1.8986106303e+00
   1.5148948338e-02   1.4332949322e-02   3.4914816619e-01  -3.2812469064e-01  -1.9696084549e+00
   1.6816857009e-02   1.5964947355e-02   2.5093606340e-01  -4.8241176667e-01  -2.0159395255e+00
   1.8589674486e-02   1.7668766663e-02   1.5491321190e-01  -6.3696705917e-01  -2.0342129595e+00
   2.0560844004e-02   1.9510582309e-02   6.1020037939e-02  -7.9151891980e-01  -2.0166649647e+00
   2.2911013279e-02   2.1611105699e-02  -3.0736121014e-02  -9.4508037380e-01  -1.9445337207e+00
   2.5306207884e-02   2.4210920859e-02  -1.0062773335e-01  -1.0614510393e+00  -1.8189930769e+00
   2.7278015056e-02   2.6401494910e-02  -1.3921816505e-01  -1.1215824452e+00  -1.6785900987e+00
   2.8919979078e-02   2.8154535202e-02  -1.5840888835e-01  -1.1447815376e+00  -1.5389086744e+00
   3.0383087287e-02   2.9685422954e-02  -1.6610200660e-01  -1.1440584094e+00  -1.3989466442e+00
   3.1733920669e-02   3.1080751619e-02  -1.6580677061e-01  -1.1252836858e+00  -1.2598918585e+00
   3.3009726166e-02   3.2387089719e-02  -1.5954426730e-01  -1.0915588108e+00  -1.1206375147e+00
   3.4234077816e-02   3.3632362612e-02  -1.4853962448e-01  -1.0447649900e+00  -9.8150056904e-01
   3.5423659607e-02   3.4835793020e-02  -1.3351144229e-01  -9.8561782480e-01  -8.4163261238e-01
   3.6591316767e-02   3.6011526193e-02  -1.1524348827e-01  -9.1556878669e-01  -7.0276082215e-01
   3.7747639749e-02   3.7171107341e-02  -9.4017451805e-02  -8.3442560972e-01  -5.6361652357e-01
   3.8901881726e-02   3.8324172157e-02  -7.0033515100e-02  -7.4187259756e-01  -4.2373921467e-01
   4.0062727810e-02   3.9479591294e-02  -4.3891573630e-02  -6.3926536621e-01  -2.8521360949e-01
   4.1238922571e-02   4.0645864326e-02  -1.5216702467e-02  -5.2420281298e-01  -1.4524002507e-01
   4.2439641264e-02   4.1831980817e-02   1.5297001241e-02  -3.9857907283e-01  -6.7238744020e-03
   4.3675242636e-02   4.3047301710e-02   4.8197199895e-02  -2.5923213315e-01   1.3304849232e-01
   4.4935691766e-02   4.4303183562e-02   8.2504629811e-02  -1.0945359675e-01   2.7002596978e-01
   4.6177557085e-02   4.5568199969e-02   1.1672989450e-01   4.4609113838e-02   3.9901200154e-01
   4.7380060290e-02   4.6786914201e-02   1.4982383278e-01   1.9806284738e-01   5.1721506000e-01
   4.8555991453e-02   4.7973206379e-02   1.8233380423e-01   3.5314923180e-01   6.2755987599e-01
   4.9716492725e-02   4.9138776528e-02   2.1366324718e-01   5.0667937587e-01   7.2878628728e-01
   5.0871685641e-02   5.0294208923e-02   2.4428864010e-01   6.6060482216e-01   8.2308312719e-01
   5.2031353982e-02   5.1449162358e-02   2.7435464829e-01   8.1540997124e-01   9.1127320570e-01
   5.3205717987e-02   5.2613545606e-02   3.0341910177e-01   9.6851481865e-01   9.9245717535e-01
   5.4406534767e-02   5.3797890367e-02   3.3224475847e-01   1.1237271807e+00   1.0690438295e+00
   5.5648154069e-02   5.5015179167e-02   3.6018729715e-01   1.2774474342e+00   1.1395444288e+00
   5.6949444090e-02   5.6281128972e-02   3.8758536576e-01   1.4314370332e+00   1.2051122687e+00
   5.8338199715e-02   5.7617759208e-02   4.1445062862e-01   1.5859531880e+00   1.2659849681e+00
   5.9859215013e-02   5.9058640223e-02   4.4051083328e-01   1.7400027538e+00   1.3218594541e+00
   6.1598745883e-02   6.0659789804e-02   4.6574703637e-01   1.8951459093e+00   1.3731983322e+00
   6.3782665974e-02   6.2537701963e-02   4.8921684034e-01   2.0511289379e+00   1.4193705769e+00
   6.6727694280e-02   6.5027629986e-02   5.0452584126e-01   2.1862333424e+00   1.4533541750e+00
   7.0127822868e-02   6.8427758574e-02   4.9613903176e-01   2.2288259351e+00   1.4584337528e+00
   7.3571514696e-02   7.1827887162e-02   4.5496585140e-01   2.1416148534e+00   1.4305766009e+00
   7.6380807686e-02   7.5315142230e-02   3.9671095623e-01   1.9811015919e+00   1.3868918140e+00
   7.8308546203e-02   7.7446473141e-02   3.4324494800e-01   1.8258869292e+00   1.3461363022e+00
   7.9926545065e-02   7.9170619265e-02   2.9062960060e-01   1.6713491067e+00   1.3056118806e+00
   8.1372948996e-02   8.0682470866e-02   2.3808303717e-01   1.5166192205e+00   1.2645702157e+00
   8.2710706510e-02   8.2063427125e-02   1.8581196301e-01   1.3627526387e+00   1.2229807039e+00
   8.3975690136e-02   8.3357985895e-02   1.3349188228e-01   1.2088742597e+00   1.1803796272e+00
   8.5190921633e-02   8.4593394376e-02   8.0890957783e-02   1.0541983918e+00   1.1363332362e+00
   8.6373108743e-02   8.5788448890e-02   2.8723905137e-02   9.0059865263e-01   1.0911839386e+00
   8.7535368861e-02   8.6957768595e-02  -2.3660649679e-02   7.4582021407e-01   1.0440685454e+00
   8.8688739968e-02   8.8112969126e-02  -7.5253137247e-02   5.9240668417e-01   9.9555196960e-01
   8.9843385066e-02   8.9264510810e-02  -1.2669605050e-01   4.3787622304e-01   9.4461490238e-01
   9.1009302917e-02   9.0422259321e-02  -1.7722956171e-01   2.8375721782e-01   8.9146539974e-01
   9.2197119850e-02   9.1596346513e-02  -2.2661465410e-01   1.2982034331e-01   8.3570332359e-01
   9.3418938082e-02   9.2797893186e-02  -2.7445816320e-01  -2.3993221397e-02   7.7690592230e-01
   9.4689768954e-02   9.4039982978e-02  -3.2044874961e-01  -1.7857475492e-01   7.1415891906e-01
   9.6029444922e-02   9.5339554930e-02  -3.6348029077e-01  -3.3300509172e-01   6.4706534023e-01
   9.7465805209e-02   9.6719334915e-02  -4.0225985680e-01  -4.8687279762e-01   5.7478896327e-01
   9.9042383457e-02   9.8212275502e-02  -4.3509922583e-01  -6.4103576388e-01   4.9532190929e-01
   1.0083706712e-01   9.9872491411e-02  -4.5853465020e-01  -7.9571241862e-01   4.0565143877e-01
   1.0302190894e-01   1.0180164283e-01  -4.6493046518e-01  -9.5105956603e-01   2.9955710097e-01
   1.0581853318e-01   1.0424217506e-01  -4.3605291986e-01  -1.0948646464e+00   1.7193372230e-01
   1.0895601064e-01   1.0739489130e-01  -3.5601519122e-01  -1.1857632512e+00   4.2752138208e-02
   1.1170593192e-01   1.1051712997e-01  -2.4859637769e-01  -1.2077528720e+00  -5.5427935003e-02
   1.1392136560e-01   1.1289473386e-01  -1.4079845763e-01  -1.1895831304e+00  -1.2315673413e-01
   1.1589824549e-01   1.1494799735e-01  -3.3304132932e-02  -1.1504645304e+00  -1.7502920956e-01
   1.1776857328e-01   1.1684849363e-01   7.4397256506e-02  -1.0967759560e+00  -2.1712735939e-01
   1.1961415715e-01   1.1868865293e-01   1.8162564377e-01  -1.0314438492e+00  -2.5230906374e-01
   1.2150932943e-01   1.2053966138e-01   2.8919955568e-01  -9.5434056980e-01  -2.8289387554e-01
   1.2355355162e-01   1.2247899747e-01   3.9687957155e-01  -8.6363176195e-01  -3.1049071687e-01
   1.2595504743e-01   1.2462810576e-01   5.0531018976e-01  -7.5178145197e-01  -3.3743781089e-01
   1.2894469459e-01   1.2728198909e-01   6.0203893944e-01  -6.1228365694e-01  -3.6555759645e-01
   1.3242806762e-01   1.3060740010e-01   6.4878160845e-01  -4.5839318671e-01  -3.9464657094e-01
   1.3615815675e-01   1.3424873515e-01   6.0939982965e-01  -3.1321650096e-01  -4.2415272014e-01
   1.3930334945e-01   1.3806757835e-01   5.0674228857e-01  -2.0996369997e-01  -4.4771837870e-01
   1.4150424645e-01   1.4053912055e-01   3.9823962664e-01  -1.4961210365e-01  -4.6234231024e-01
   1.4330905241e-01   1.4246937236e-01   2.9051424576e-01  -1.0751255332e-01  -4.7218787353e-01
   1.4491769378e-01   1.4414873245e-01   1.8303308110e-01  -7.5520373714e-02  -4.7861973020e-01
   1.4641357171e-01   1.4568665511e-01   7.5460347840e-02  -5.0329678241e-02  -4.8205912883e-01
   1.4784386768e-01   1.4714048831e-01  -3.1896651370e-02  -3.0365162067e-02  -4.8257648418e-01
   1.4924097500e-01   1.4854724705e-01  -1.3908336387e-01  -1.4665154843e-02  -4.8009071422e-01
   1.5063104792e-01   1.4993470295e-01  -2.4657460255e-01  -2.6673871790e-03  -4.7432849500e-01
   1.5203902452e-01   1.5132739290e-01  -3.5378477446e-01   5.7841826212e-03  -4.6490857970e-01
   1.5349305617e-01   1.5275065615e-01  -4.6137062571e-01   1.0698044091e-02  -4.5112100842e-01
   1.5503040437e-01   1.5423545618e-01  -5.6871877851e-01   1.1700625348e-02  -4.3202693733e-01
   1.5671002206e-01   1.5582535256e-01  -6.7639796797e-01   7.9603721343e-03  -4.0580208546e-01
   1.5864863314e-01   1.5759469156e-01  -7.8420629566e-01  -2.4784273663e-03  -3.6905282669e-01
   1.6121339436e-01   1.5970257472e-01  -8.9401661465e-01  -2.6097993422e-02  -3.1097736783e-01
   1.6524674365e-01   1.6272421399e-01  -9.7641792459e-01  -8.3457549468e-02  -2.0633717352e-01
   1.6978411413e-01   1.6776927331e-01  -9.3893855286e-01  -1.6869757109e-01  -8.9111697709e-02
   1.7296569198e-01   1.7179895495e-01  -8.2858940250e-01  -2.3602038571e-01  -2.1522554659e-02
   1.7505929562e-01   1.7413242900e-01  -7.2033497101e-01  -2.8046583364e-01   9.8037865365e-03
   1.7679438438e-01   1.7598616224e-01  -6.1250216899e-01  -3.1569824822e-01   2.5704043725e-02
   1.7834024493e-01   1.7760260651e-01  -5.0520480349e-01  -3.4468534580e-01   3.1129026301e-02
   1.7976980987e-01   1.7907788335e-01  -3.9768966810e-01  -3.6885898043e-01   2.8297952010e-02
   1.8112353374e-01   1.8046173638e-01  -2.9048952202e-01  -3.8867623497e-01   1.8385651929e-02
   1.8242770356e-01   1.8178533110e-01  -1.8302098580e-01  -4.0451166536e-01   2.0296122597e-03
   1.8370134565e-01   1.8307007603e-01  -7.5629734839e-02  -4.1636813372e-01  -2.0331156143e-02
   1.8495980376e-01   1.8433261526e-01   3.1636700220e-02  -4.2417939859e-01  -4.8436233130e-02
   1.8621660421e-01   1.8558699226e-01   1.3887588894e-01  -4.2775928117e-01  -8.2204307682e-02
   1.8748490148e-01   1.8684621617e-01   2.4619954047e-01  -4.2676386184e-01  -1.2170684483e-01
   1.8877881522e-01   1.8812358679e-01   3.5361084493e-01  -4.2066491076e-01  -1.6711645183e-01
   1.9011492495e-01   1.8943404364e-01   4.6087740693e-01  -4.0873879839e-01  -2.1862529888e-01
   1.9151466252e-01   1.9079580627e-01   5.6828747006e-01  -3.8986070632e-01  -2.7686753409e-01
   1.9300857094e-01   1.9223351877e-01   6.7567734974e-01  -3.6238279284e-01  -3.4256256511e-01
   1.9464548297e-01   1.9378362311e-01   7.8316092233e-01  -3.2352044892e-01  -4.1713162951e-01
   1.9651716010e-01   1.9550734283e-01   8.9075683608e-01  -2.6811890843e-01  -5.0310969052e-01
   1.9885897406e-01   1.9752697737e-01   9.9956615073e-01  -1.8270347039e-01  -6.0764303262e-01
   2.0180796337e-01   2.0019097075e-01   1.0911671135e+00  -5.3705177017e-02  -7.2521092857e-01
   2.0488179035e-01   2.0342495599e-01   1.1312289809e+00   1.0026631122e-01  -8.2180100838e-01
   2.0773899781e-01   2.0633862471e-01   1.1156679806e+00   2.5444790493e-01  -8.7883012935e-01
   2.1056557063e-01   2.0913937091e-01   1.0527333816e+00   4.0858412640e-01  -8.9876541184e-01
   2.1323513496e-01   2.1199177034e-01   9.5516957229e-01   5.4735033410e-01  -8.8291282206e-01
   2.1550747866e-01   2.1447849958e-01   8.4713517513e-01   6.5425476102e-01  -8.4291294265e-01
   2.1745985948e-01   2.1653645773e-01   7.3967692452e-01   7.3373263822e-01  -7.9017887810e-01
   2.1924841305e-01   2.1838326123e-01   6.3218648315e-01   7.9413722714e-01  -7.2837361375e-01
   2.2094814197e-01   2.2011356488e-01   5.2465186238e-01   8.3867613410e-01  -6.5922351032e-01
   2.2260657961e-01   2.2178271906e-01   4.1743233800e-01   8.6864138883e-01  -5.8385827491e-01
   2.2426062247e-01   2.2343044016e-01   3.1026237535e-01   8.8449554754e-01  -5.0250432062e-01
   2.2594507834e-01   2.2509080478e-01   2.0282265148e-01   8.8565902158e-01  -4.1489741710e-01
   2.2769978031e-01   2.2679935190e-01   9.5240595747e-02   8.7051312881e-01  -3.2073404793e-01
   2.2957869109e-01   2.2860020872e-01  -1.2017000689e-02   8.3636061464e-01  -2.1960628766e-01
   2.3167007589e-01   2.3055717346e-01  -1.1951177900e-01   7.7783980177e-01  -1.0933194310e-01
   2.3415711771e-01   2.3278297832e-01  -2.2749413124e-01   6.8355306588e-01   1.4037554979e-02
   2.3706186723e-01   2.3553125711e-01  -3.2307456036e-01   5.4839597634e-01   1.4092584755e-01
   2.4004389812e-01   2.3859247735e-01  -3.8630407619e-01   3.9386088888e-01   2.4625982516e-01
   2.4302042322e-01   2.4149531889e-01  -4.1548661592e-01   2.3916053312e-01   3.2095804474e-01
   2.4641541503e-01   2.4454552756e-01  -4.1483018679e-01   8.3305320952e-02   3.6653809380e-01
   2.5198747230e-01   2.4828530251e-01  -3.7023572591e-01  -6.6665847184e-02   3.5409245835e-01
   2.5874171071e-01   2.5568964208e-01  -3.2703483978e-01  -4.3612936542e-02   2.5255642107e-01
   2.6369619066e-01   2.6179377934e-01  -3.5028746616e-01   1.1066197998e-01   1.6292823742e-01
   2.6730897867e-01   2.6559860197e-01  -4.1014129208e-01   2.6632178943e-01   1.1976944699e-01
   2.7081145641e-01   2.6901935536e-01  -4.9773703947e-01   4.1893118783e-01   1.1317501437e-01
   2.7432838936e-01   2.7260355746e-01  -6.0290976863e-01   5.4698899274e-01   1.5087176223e-01
   2.7789985010e-01   2.7605322127e-01  -7.1012222956e-01   6.2820532217e-01   2.3944897848e-01
   2.8134675862e-01   2.7974647892e-01  -7.9533920450e-01   6.4846600543e-01   3.6882986452e-01
   2.8432481311e-01   2.8294703831e-01  -8.4024702400e-01   6.1654748435e-01   5.0880497037e-01
   2.8700274662e-01   2.8570258791e-01  -8.4873604233e-01   5.5161352811e-01   6.4826811253e-01
   2.8961851070e-01   2.8830290534e-01  -8.2266763172e-01   4.6104421044e-01   7.8779719949e-01
   2.9235683256e-01   2.9093411607e-01  -7.5620887590e-01   3.4583983914e-01   9.2658968198e-01
   2.9497220986e-01   2.9377954905e-01  -6.5669950041e-01   2.2560821732e-01   1.0421012690e+00
   2.9714322524e-01   2.9616487067e-01  -5.4872278617e-01   1.2408504388e-01   1.1182356060e+00
   2.9898814342e-01   2.9812157981e-01  -4.4115122219e-01   4.0273309278e-02   1.1645889561e+00
   3.0065525064e-01   2.9985470704e-01  -3.3391851744e-01  -3.1292219974e-02   1.1896172128e+00
   3.0221617106e-01   3.0145579424e-01  -2.2632232938e-01  -9.3795574961e-02   1.1971376431e+00
   3.0371443985e-01   3.0297654788e-01  -1.1889541360e-01  -1.4858220204e-01   1.1888086499e+00
   3.0518148259e-01   3.0445233182e-01  -1.1477115002e-02  -1.9692597844e-01   1.1653299539e+00
   3.0664339752e-01   3.0591063337e-01   9.5750391121e-02  -2.3964946480e-01   1.1266568289e+00
   3.0812538181e-01   3.0737616168e-01   2.0306272853e-01  -2.7760488837e-01   1.0718178041e+00
   3.0965570983e-01   3.0887460195e-01   3.1039423202e-01  -3.1144431705e-01   9.9899383255e-01
   3.1127125839e-01   3.1043681771e-01   4.1787794213e-01  -3.4195077818e-01   9.0484738277e-01
   3.1300676026e-01   3.1210569906e-01   5.2405892395e-01  -3.6975865207e-01   7.8561840166e-01
   3.1474468844e-01   3.1390782145e-01   6.1924621784e-01  -3.9403399885e-01   6.4894179545e-01
   3.1635171054e-01   3.1558155544e-01   6.9516801478e-01  -4.1452713527e-01   5.0971935538e-01
   3.1784822796e-01   3.1712186565e-01   7.5480502214e-01  -4.3325946481e-01   3.7017330068e-01
   3.1927239765e-01   3.1857459028e-01   8.0071591161e-01  -4.5165600556e-01   2.3137032998e-01
   3.2065031488e-01   3.1997020503e-01   8.3536407054e-01  -4.7110818876e-01   9.1307377272e-02
   3.2200192457e-01   3.2133042472e-01   8.5940027445e-01  -4.9218093398e-01  -4.7649741874e-02
   3.2334428224e-01   3.2267342442e-01   8.7402416404e-01  -5.1581962900e-01  -1.8673000519e-01
   3.2469331576e-01   3.2401514006e-01   8.7973856796e-01  -5.4282595316e-01  -3.2607532242e-01
   3.2606581853e-01   3.2537149146e-01   8.7676610431e-01  -5.7405312972e-01  -4.6571589045e-01
   3.2748123581e-01   3.2676014561e-01   8.6520353319e-01  -6.1021943642e-01  -6.0470312117e-01
   3.2896475930e-01   3.2820232601e-01   8.4472262382e-01  -6.5281003911e-01  -7.4417450528e-01
   3.3055273711e-01   3.2972719259e-01   8.1474572271e-01  -7.0325084984e-01  -8.8330454308e-01
   3.3230571903e-01   3.3137828163e-01   7.7349670308e-01  -7.6466869868e-01  -1.0233041555e+00
   3.3434442348e-01   3.3323315644e-01   7.1811532935e-01  -8.4143570584e-01  -1.1629679030e+00
   3.3698784787e-01   3.3545569052e-01   6.3916203825e-01  -9.4654087674e-01  -1.3032618200e+00
   3.4033038130e-01   3.3852000521e-01   5.3829607289e-01  -1.0773983619e+00  -1.4082558091e+00
   3.4427322723e-01   3.4214075739e-01   4.3066068793e-01  -1.2085524490e+00  -1.4234686177e+00
   3.4825349563e-01   3.4640569707e-01   3.4292213357e-01  -1.2907863185e+00  -1.3283751615e+00
   3.5137775218e-01   3.5010129419e-01   2.8940431520e-01  -1.3043254365e+00  -1.1857314963e+00
   3.5373870015e-01   3.5265421016e-01   2.5595170119e-01  -1.2775294644e+00  -1.0457774617e+00
   3.5581574208e-01   3.5482319015e-01   2.2890202702e-01  -1.2259076748e+00  -9.0605983599e-01
   3.5775680776e-01   3.5680829400e-01   2.0360065560e-01  -1.1539538622e+00  -7.6691589828e-01
   3.5964088639e-01   3.5870532152e-01   1.7686624715e-01  -1.0622452946e+00  -6.2728827476e-01
   3.6152580613e-01   3.6057645126e-01   1.4624685011e-01  -9.5072418318e-01  -4.8808242550e-01
   3.6346383973e-01   3.6247516099e-01   1.0877470794e-01  -8.1711224430e-01  -3.4908939735e-01
   3.6539839965e-01   3.6445251847e-01   6.3655410493e-02  -6.6709625017e-01  -2.1823040795e-01
   3.6722743732e-01   3.6634428082e-01   1.2767028797e-02  -5.1303475877e-01  -1.0532898516e-01
   3.6895574511e-01   3.6811059383e-01  -4.3593856095e-02  -3.5879690364e-01  -1.0510502225e-02
   3.7062545877e-01   3.6980089639e-01  -1.0586014233e-01  -2.0483763786e-01   6.8052655349e-02
   3.7226787175e-01   3.7145002116e-01  -1.7474803527e-01  -5.0783117247e-02   1.3170251193e-01
   3.7390957648e-01   3.7308572235e-01  -2.5100819920e-01   1.0353692233e-01   1.8087085238e-01
   3.7557641243e-01   3.7473343062e-01  -3.3503189419e-01   2.5741257630e-01   2.1523872506e-01
   3.7729697589e-01   3.7641939425e-01  -4.2814617858e-01   4.1155141288e-01   2.3428629873e-01
   3.7908731625e-01   3.7817455754e-01  -5.3010553301e-01   5.6377696291e-01   2.3663209708e-01
   3.8089758092e-01   3.8000007496e-01  -6.3735273660e-01   7.0801092682e-01   2.2169057925e-01
   3.8269074086e-01   3.8179508689e-01  -7.4451723331e-01   8.3786468455e-01   1.9107192481e-01
   3.8450199806e-01   3.8358639482e-01  -8.5179820800e-01   9.5511518315e-01   1.4592153468e-01
   3.8638210853e-01   3.8541760130e-01  -9.5925796083e-01   1.0608325760e+00   8.6300937996e-02
   3.8840820235e-01   3.8734661576e-01  -1.0667726476e+00   1.1555189378e+00   1.1007256887e-02
   3.9073883629e-01   3.8946978894e-01  -1.1749305268e+00   1.2398073645e+00  -8.4684186699e-02
   3.9365298289e-01   3.9200788364e-01  -1.2775908427e+00   1.3092931716e+00  -2.0735064968e-01
   3.9732688410e-01   3.9529808214e-01  -1.3419393892e+00   1.3472317507e+00  -3.4747582098e-01
   4.0152986753e-01   3.9935568607e-01  -1.3099777967e+00   1.3369361744e+00  -4.5864791991e-01
   4.0487332616e-01   4.0370404899e-01  -1.2007363564e+00   1.3001679923e+00  -4.9387186834e-01
   4.0693572259e-01   4.0604260332e-01  -1.0920670645e+00   1.2676979800e+00  -4.8445319864e-01
   4.0858680184e-01   4.0782884186e-01  -9.8448282834e-01   1.2380165824e+00  -4.5919691481e-01
   4.1001989583e-01   4.0934476183e-01  -8.7698762498e-01   1.2100172082e+00  -4.2444858867e-01
   4.1131390490e-01   4.1069502984e-01  -7.6955098140e-01   1.1831857462e+00  -3.8300832246e-01
   4.1251115199e-01   4.1193277996e-01  -6.6229524426e-01   1.1571789900e+00  -3.3651804355e-01
   4.1363761824e-01   4.1308952401e-01  -5.5495326480e-01   1.1316371265e+00  -2.8585925499e-01
   4.1471070001e-01   4.1418571247e-01  -4.4732872296e-01   1.1062642543e+00  -2.3160144804e-01
   4.1574302104e-01   4.1523568754e-01  -3.4002677824e-01   1.0809781473e+00  -1.7454995215e-01
   4.1674429146e-01   4.1625035454e-01  -2.3335639935e-01   1.0556466803e+00  -1.1529428043e-01
   4.1772203620e-01   4.1723822838e-01  -1.2497747413e-01   1.0295065215e+00  -5.2782006044e-02
   4.1868262833e-01   4.1820584401e-01  -1.8811895966e-02   1.0033102266e+00   1.0469930000e-02
   4.1963165460e-01   4.1915941265e-01   8.9693590895e-02   9.7572434188e-01   7.6979074537e-02
   4.2057408776e-01   4.2010389655e-01   1.9632844280e-01   9.4759815456e-01   1.4401639966e-01
   4.2151473274e-01   4.2104427897e-01   3.0346881125e-01   9.1809755187e-01   2.1289658427e-01
   4.2245830078e-01   4.2198518652e-01   4.1149162001e-01   8.8682868605e-01   2.8377590485e-01
   4.2340962685e-01   4.2293141504e-01   5.1783239321e-01   8.5426538848e-01   3.5484746760e-01
   4.2437404652e-01   4.2388783867e-01   6.2623072526e-01   8.1890466622e-01   4.2852204719e-01
   4.2535747664e-01   4.2486025438e-01   7.3260674755e-01   7.8167684246e-01   5.0194078074e-01
   4.2636694360e-01   4.2585469889e-01   8.4046279374e-01   7.4088365989e-01   5.7742808049e-01
   4.2741125821e-01   4.2687918831e-01   9.4777404920e-01   6.9660614240e-01   6.5350764029e-01
   4.2850156387e-01   4.2794332812e-01   1.0547551054e+00   6.4800036348e-01   7.3023808150e-01
   4.2970689391e-01   4.2905979961e-01   1.1671668225e+00   5.9083335790e-01   8.1173457213e-01