# time = 1.4
# Grid points = 474
# Pressure (Pa) = 101325
#             1_pos             2_posf             3_uvel             4_vvel             5_wvel
  -2.4788466143e-01  -2.4829265190e-01   1.1196559414e+00   6.7666315542e-01   9.9315263781e-01
  -2.4705523338e-01  -2.4747667097e-01   1.2170152544e+00   5.7785165069e-01   1.0843318524e+00
  -2.4613864694e-01  -2.4663379579e-01   1.3109639604e+00   4.6175978117e-01   1.1727608871e+00
  -2.4500482923e-01  -2.4564349810e-01   1.4049434795e+00   3.0956170573e-01   1.2612005809e+00
  -2.4367780619e-01  -2.4436616036e-01   1.4821739094e+00   1.2196930819e-01   1.3328745595e+00
  -2.4231690419e-01  -2.4298945203e-01   1.5227844092e+00  -7.7412092076e-02   1.3680801125e+00
  -2.4096822605e-01  -2.4164435635e-01   1.5234165202e+00  -2.7674929715e-01   1.3632570504e+00
  -2.3958912598e-01  -2.4029209574e-01   1.4841330381e+00  -4.7617503970e-01   1.3183519014e+00
  -2.3821813167e-01  -2.3888615621e-01   1.4075840905e+00  -6.6346338826e-01   1.2366973869e+00
  -2.3702715111e-01  -2.3755010712e-01   1.3138244632e+00  -8.1162351939e-01   1.1396152111e+00
  -2.3605495211e-01  -2.3650419509e-01   1.2196570364e+00  -9.1966474544e-01   1.0441305534e+00
  -2.3519999706e-01  -2.3560570912e-01   1.1259891119e+00  -1.0024717451e+00   9.5081979697e-01
  -2.3441716607e-01  -2.3479428501e-01   1.0324395090e+00  -1.0672965546e+00   8.5919489721e-01
  -2.3368272653e-01  -2.3404004714e-01   9.3865678124e-01  -1.1178416938e+00   7.6891801347e-01
  -2.3298194002e-01  -2.3332540593e-01   8.4544528402e-01  -1.1558249582e+00   6.8080228751e-01
  -2.3230475345e-01  -2.3263847410e-01   7.5136537302e-01  -1.1830680863e+00   5.9358000435e-01
  -2.3164372634e-01  -2.3197103280e-01   6.5816737524e-01  -1.1998927096e+00   5.0898351653e-01
  -2.3099289483e-01  -2.3131641989e-01   5.6476817872e-01  -1.2071620529e+00   4.2613773664e-01
  -2.3034731198e-01  -2.3066936976e-01   4.7081976821e-01  -1.2050524130e+00   3.4492810857e-01
  -2.2970250842e-01  -2.3002525420e-01   3.7723419341e-01  -1.1936729726e+00   2.6634613318e-01
  -2.2905425030e-01  -2.2937976263e-01   2.8383451116e-01  -1.1730818835e+00   1.9044653499e-01
  -2.2839833468e-01  -2.2872873797e-01   1.9058179958e-01  -1.1431727760e+00   1.1745041342e-01
  -2.2773025676e-01  -2.2806793139e-01   9.6539248122e-02  -1.1032111982e+00   4.6993534285e-02
  -2.2704509116e-01  -2.2739258213e-01   3.4889287448e-03  -1.0535531928e+00  -1.9209944783e-02
  -2.2633703893e-01  -2.2669760019e-01  -9.0513749062e-02  -9.9252762534e-01  -8.2050836956e-02
  -2.2559903718e-01  -2.2597647767e-01  -1.8381793251e-01  -9.2030885679e-01  -1.3979552794e-01
  -2.2482209486e-01  -2.2522159670e-01  -2.7750708507e-01  -8.3499678795e-01  -1.9236063118e-01
  -2.2399405947e-01  -2.2442259303e-01  -3.7095421144e-01  -7.3559206874e-01  -2.3835411800e-01
  -2.2309754771e-01  -2.2356552591e-01  -4.6464376619e-01  -6.1941390782e-01  -2.7660260946e-01
  -2.2210577158e-01  -2.2262956952e-01  -5.5817842040e-01  -4.8374943974e-01  -3.0490063974e-01
  -2.2097272427e-01  -2.2158197364e-01  -6.5190151466e-01  -3.2300211127e-01  -3.2017442958e-01
  -2.1966578789e-01  -2.2036347491e-01  -7.4231998642e-01  -1.3582732081e-01  -3.1734704475e-01
  -2.1823218126e-01  -2.1896810088e-01  -8.1971924224e-01   6.3261079306e-02  -2.9335349591e-01
  -2.1667848442e-01  -2.1749626164e-01  -8.7873198943e-01   2.6315420971e-01  -2.4904171392e-01
  -2.1486509227e-01  -2.1586070721e-01  -9.1637549173e-01   4.6350561825e-01  -1.8463702802e-01
  -2.1231966185e-01  -2.1386947732e-01  -9.1644892495e-01   6.6728798987e-01  -9.7453334415e-02
  -2.0939511127e-01  -2.1076984637e-01  -8.5257771358e-01   7.8914720574e-01  -3.6598397719e-02
  -2.0709907734e-01  -2.0802037618e-01  -7.5722525918e-01   8.0453670673e-01  -3.6669179576e-02
  -2.0542720476e-01  -2.0617777850e-01  -6.6336805086e-01   7.7782964690e-01  -6.7045905127e-02
  -2.0402190464e-01  -2.0467663103e-01  -5.6983293622e-01   7.3661131520e-01  -1.0993237195e-01
  -2.0277452679e-01  -2.0336717825e-01  -4.7618828425e-01   6.8891599739e-01  -1.5859935305e-01
  -2.0163193729e-01  -2.0218187533e-01  -3.8277610382e-01   6.3836620372e-01  -2.0910041815e-01
  -2.0056231157e-01  -2.0108199926e-01  -2.8923674651e-01   5.8632051114e-01  -2.5928383440e-01
  -1.9954412485e-01  -2.0004262388e-01  -1.9576133461e-01   5.3350242905e-01  -3.0746649624e-01
  -1.9856118266e-01  -1.9904562582e-01  -1.0222656666e-01   4.7993811283e-01  -3.5256988462e-01
  -1.9760017214e-01  -1.9807673949e-01  -8.8357184948e-03   4.2549773908e-01  -3.9362004510e-01
  -1.9664906792e-01  -1.9712360478e-01   8.4774109144e-02   3.6944775645e-01  -4.3002365043e-01
  -1.9569584927e-01  -1.9617453107e-01   1.7836009054e-01   3.1113357480e-01  -4.6096249784e-01
  -1.9472714090e-01  -1.9521716747e-01   2.7181424041e-01   2.4950635757e-01  -4.8567927048e-01
  -1.9372626298e-01  -1.9423711433e-01   3.6536849259e-01   1.8279930352e-01  -5.0334579149e-01
  -1.9266957837e-01  -1.9321541162e-01   4.5899730527e-01   1.0854638247e-01  -5.1269767602e-01
  -1.9151829704e-01  -1.9212374512e-01   5.5265654607e-01   2.2617514555e-02  -5.1175535274e-01
  -1.9019310014e-01  -1.9091284896e-01   6.4673099692e-01  -8.3832838013e-02  -4.9661554912e-01
  -1.8850460278e-01  -1.8947335132e-01   7.3953354261e-01  -2.3201699160e-01  -4.5752456266e-01
  -1.8655384719e-01  -1.8753585423e-01   8.0342313766e-01  -4.2006625048e-01  -3.9119879622e-01
  -1.8465120645e-01  -1.8557184014e-01   8.1479499028e-01  -6.1885039920e-01  -3.1229558257e-01
  -1.8283464515e-01  -1.8373057275e-01   7.7595208531e-01  -8.1798421289e-01  -2.3228693327e-01
  -1.8113902660e-01  -1.8193871755e-01   6.9772543472e-01  -1.0050576844e+00  -1.6061257993e-01
  -1.7971532642e-01  -1.8033933566e-01   6.0358384381e-01  -1.1577445585e+00  -1.0652232869e-01
  -1.7855093823e-01  -1.7909131718e-01   5.0978802059e-01  -1.2755334682e+00  -6.8416741397e-02
  -1.7751723537e-01  -1.7801055928e-01   4.1603976080e-01  -1.3724046544e+00  -3.9897759588e-02
  -1.7655869788e-01  -1.7702391145e-01   3.2223557266e-01  -1.4538057535e+00  -1.8227640407e-02
  -1.7564434856e-01  -1.7609348431e-01   2.2887415919e-01  -1.5219877482e+00  -1.9579580404e-03
  -1.7475337965e-01  -1.7519521281e-01   1.3530203480e-01  -1.5787213280e+00   1.0023487970e-02
  -1.7386942599e-01  -1.7431154649e-01   4.1688011257e-02  -1.6242441135e+00   1.8367425621e-02
  -1.7297730763e-01  -1.7342730548e-01  -5.2064425136e-02  -1.6582929270e+00   2.3619367198e-02
  -1.7206076131e-01  -1.7252730979e-01  -1.4545833113e-01  -1.6797755463e+00   2.6246505232e-02
  -1.7109943722e-01  -1.7159421284e-01  -2.3912460195e-01  -1.6869435182e+00   2.6760596006e-02
  -1.7006358722e-01  -1.7060466161e-01  -3.3283373400e-01  -1.6761944098e+00   2.5754665948e-02
  -1.6890152205e-01  -1.6952251284e-01  -4.2661425641e-01  -1.6407611774e+00   2.4187052429e-02
  -1.6749517657e-01  -1.6828053125e-01  -5.2092256728e-01  -1.5645159170e+00   2.4154771077e-02
  -1.6572600693e-01  -1.6670982190e-01  -6.0571150729e-01  -1.4186138690e+00   3.1384479326e-02
  -1.6394264950e-01  -1.6474219197e-01  -6.5173269353e-01  -1.2215490840e+00   5.0922885833e-02
  -1.6244841672e-01  -1.6314310703e-01  -6.5813216203e-01  -1.0217561998e+00   7.9600647859e-02
  -1.6111684072e-01  -1.6175372640e-01  -6.4037300153e-01  -8.2201007575e-01   1.1528850585e-01
  -1.5987562099e-01  -1.6047995505e-01  -6.0574760092e-01  -6.2286810202e-01   1.5650810433e-01
  -1.5868276151e-01  -1.5927128693e-01  -5.5775587297e-01  -4.2308094393e-01   2.0239280494e-01
  -1.5750773243e-01  -1.5809423610e-01  -4.9881077350e-01  -2.2414943199e-01   2.5149837373e-01
  -1.5632288874e-01  -1.5692122876e-01  -4.2929620095e-01  -2.4192989380e-02   3.0306611041e-01
  -1.5509724921e-01  -1.5572454872e-01  -3.4980422421e-01   1.7502559341e-01   3.5507890130e-01
  -1.5381659949e-01  -1.5446994970e-01  -2.6076926569e-01   3.7051946909e-01   4.0449859634e-01
  -1.5252185492e-01  -1.5316324928e-01  -1.6741232564e-01   5.4889165926e-01   4.4498329741e-01
  -1.5123648117e-01  -1.5188046056e-01  -7.4049235653e-02   7.0096896463e-01   4.7130065381e-01
  -1.4993046677e-01  -1.5059250177e-01   1.9590924758e-02   8.2547757947e-01   4.7974428571e-01
  -1.4857089513e-01  -1.4926843177e-01   1.1292010534e-01   9.1757093867e-01   4.6505545765e-01
  -1.4711565837e-01  -1.4787335850e-01   2.0643868999e-01   9.7049866030e-01   4.1957573036e-01
  -1.4549672472e-01  -1.4635795825e-01   3.0001059679e-01   9.7108446357e-01   3.3102043085e-01
  -1.4378834137e-01  -1.4463549119e-01   3.8460030552e-01   9.0693789544e-01   1.9629580880e-01
  -1.4222942858e-01  -1.4294119154e-01   4.4695737471e-01   7.9494424628e-01   4.1624327108e-02
  -1.4086748300e-01  -1.4151766563e-01   4.8835357604e-01   6.6000277010e-01  -1.1304308552e-01
  -1.3958999776e-01  -1.4021730036e-01   5.1479331939e-01   5.0920643308e-01  -2.6721376939e-01
  -1.3832807962e-01  -1.3896269517e-01   5.2825092600e-01   3.4392655880e-01  -4.2147165860e-01
  -1.3701473203e-01  -1.3769346408e-01   5.2780021458e-01   1.6269506923e-01  -5.7609852030e-01
  -1.3560231732e-01  -1.3633599998e-01   5.0974781649e-01  -3.2140199345e-02  -7.2550923038e-01
  -1.3405935215e-01  -1.3486863467e-01   4.6802005862e-01  -2.3218982447e-01  -8.5675772539e-01
  -1.3237795097e-01  -1.3325006964e-01   3.9546178479e-01  -4.2008635699e-01  -9.4834211443e-01
  -1.3081111538e-01  -1.3150583230e-01   3.0293688382e-01  -5.5576930173e-01  -9.7660490173e-01
  -1.2952689956e-01  -1.3011639846e-01   2.0900452711e-01  -6.3161267835e-01  -9.5275150191e-01
  -1.2841084835e-01  -1.2893740066e-01   1.1552917971e-01  -6.6897223224e-01  -8.9678164888e-01
  -1.2739914568e-01  -1.2788429605e-01   2.1756557828e-02  -6.7949596751e-01  -8.1792241501e-01
  -1.2645682995e-01  -1.2691399530e-01  -7.1604941827e-02  -6.6948255385e-01  -7.2221157511e-01
  -1.2556145562e-01  -1.2599966460e-01  -1.6532584954e-01  -6.4288074700e-01  -6.1230780127e-01
  -1.2469698382e-01  -1.2512324664e-01  -2.5871940978e-01  -6.0252870579e-01  -4.9129348381e-01
  -1.2385057721e-01  -1.2427072100e-01  -3.5255999088e-01  -5.4988589681e-01  -3.5973490201e-01
  -1.2301089486e-01  -1.2343043342e-01  -4.4600343769e-01  -4.8662405073e-01  -2.1989807263e-01
  -1.2216728747e-01  -1.2259135631e-01  -5.3940739684e-01  -4.1331586108e-01  -7.2029270711e-02
  -1.2132191909e-01  -1.2174321863e-01  -6.3121872771e-01  -3.3170000526e-01   8.0853163871e-02
  -1.2048063059e-01  -1.2090061954e-01  -7.1960783544e-01  -2.4389096375e-01   2.3515080516e-01
  -1.1963408653e-01  -1.2006064164e-01  -8.0406318392e-01  -1.5067840518e-01   3.8956192948e-01
  -1.1876546617e-01  -1.1920753142e-01  -8.8429036859e-01  -5.2148657075e-02   5.4351169495e-01
  -1.1785363565e-01  -1.1832340092e-01  -9.6051539139e-01   5.3282154181e-02   6.9814026435e-01
  -1.1686727991e-01  -1.1738387039e-01  -1.0312286118e+00   1.6654387968e-01   8.5224508389e-01
  -1.1574907557e-01  -1.1635068942e-01  -1.0949385033e+00   2.9238379345e-01   1.0071827456e+00
  -1.1435218255e-01  -1.1514746171e-01  -1.1457913364e+00   4.4122218303e-01   1.1632339888e+00
  -1.1245446630e-01  -1.1355690339e-01  -1.1583804549e+00   6.2346616560e-01   1.2990725836e+00
  -1.1041814674e-01  -1.1135202920e-01  -1.0988892280e+00   7.9086777583e-01   1.3460144011e+00
  -1.0888316650e-01  -1.0948426427e-01  -1.0028326642e+00   8.9689294476e-01   1.3136426928e+00
  -1.0779669364e-01  -1.0828206873e-01  -9.0859335087e-01   9.6171057326e-01   1.2575440247e+00
  -1.0688816022e-01  -1.0731131855e-01  -8.1481541937e-01   1.0100652845e+00   1.1927139002e+00
  -1.0608124923e-01  -1.0646500190e-01  -7.2113564312e-01   1.0489756587e+00   1.1234739756e+00
  -1.0534081578e-01  -1.0569749656e-01  -6.2751093500e-01   1.0815807020e+00   1.0519295965e+00
  -1.0464689957e-01  -1.0498413501e-01  -5.3398907718e-01   1.1096059883e+00   9.7934995039e-01
  -1.0398671326e-01  -1.0430966413e-01  -4.4058162836e-01   1.1341153265e+00   9.0654266009e-01
  -1.0335140595e-01  -1.0366376238e-01  -3.4672688754e-01   1.1559249879e+00   8.3363972333e-01
  -1.0273437009e-01  -1.0303904953e-01  -2.5308017225e-01   1.1753320013e+00   7.6159040140e-01
  -1.0213034838e-01  -1.0242969065e-01  -1.5937034859e-01   1.1927137691e+00   6.9054299418e-01
  -1.0153499758e-01  -1.0183100611e-01  -6.5926681527e-02   1.2082236537e+00   6.2104969669e-01
  -1.0094454195e-01  -1.0123898905e-01   2.7384205265e-02   1.2220235483e+00   5.5327601797e-01
  -1.0035555456e-01  -1.0065009486e-01   1.2066841519e-01   1.2341932928e+00   4.8740142742e-01
  -9.9764718333e-02  -1.0006101425e-01   2.1494564466e-01   1.2448313487e+00   4.2301633751e-01
  -9.9168692816e-02  -9.9468422414e-02   3.0829709980e-01   1.2536621605e+00   3.6171311935e-01
  -9.8563984109e-02  -9.8868963218e-02   4.0173961484e-01   1.2606972202e+00   3.0307682747e-01
  -9.7946724363e-02  -9.8259005001e-02   4.9526922236e-01   1.2657461000e+00   2.4745126571e-01
  -9.7312460595e-02  -9.7634443724e-02   5.8873663248e-01   1.2685341460e+00   1.9530778508e-01
  -9.6655829403e-02  -9.6990477465e-02   6.8226926984e-01   1.2686906458e+00   1.4702992250e-01
  -9.5970023303e-02  -9.6321181341e-02   7.7604176218e-01   1.2656748588e+00   1.0310997651e-01
  -9.5246115765e-02  -9.5618865265e-02   8.6954232297e-01   1.2587559094e+00   6.4503483012e-02
  -9.4471661592e-02  -9.4873366265e-02   9.6318141068e-01   1.2468231790e+00   3.1977412834e-02
  -9.3628012995e-02  -9.4069956919e-02   1.0568236770e+00   1.2281979185e+00   6.9440862972e-03
  -9.2684652935e-02  -9.3186069070e-02   1.1505068987e+00   1.2000618247e+00  -8.5277118871e-03
  -9.1583889701e-02  -9.2183236799e-02   1.2443268126e+00   1.1570561711e+00  -1.0823333730e-02
  -9.0181450034e-02  -9.0984542604e-02   1.3389650217e+00   1.0856454844e+00   8.3037522034e-03
  -8.8174973278e-02  -8.9378357464e-02   1.4252512596e+00   9.5103351293e-01   6.9392765137e-02
  -8.5925077015e-02  -8.6971589093e-02   1.4603746471e+00   7.5972347231e-01   1.6493713032e-01
  -8.3966151829e-02  -8.4878564938e-02   1.4402503832e+00   5.6063137842e-01   2.5513573149e-01
  -8.2219006320e-02  -8.3053738720e-02   1.3867524168e+00   3.6137666533e-01   3.2840195870e-01
  -8.0597432401e-02  -8.1384273920e-02   1.3107859486e+00   1.6262870282e-01   3.8214229402e-01
  -7.9108690591e-02  -7.9810590883e-02   1.2209431071e+00  -2.9163814803e-02   4.1514580912e-01
  -7.7794745683e-02  -7.8406790298e-02   1.1273530049e+00  -2.0294338396e-01   4.2892036076e-01
  -7.6628648343e-02  -7.7182701067e-02   1.0338027031e+00  -3.5926707225e-01   4.2819376091e-01
  -7.5561541451e-02  -7.6074595618e-02   9.4021096886e-01  -5.0259944073e-01   4.1660360659e-01
  -7.4565825389e-02  -7.5048487284e-02   8.4680618594e-01  -6.3494622793e-01   3.9649568820e-01
  -7.3623699567e-02  -7.4083163493e-02   7.5323534902e-01  -7.5817050598e-01   3.6936849225e-01
  -7.2722539667e-02  -7.3164235640e-02   6.5980946834e-01  -8.7265869983e-01   3.3642102019e-01
  -7.1852642233e-02  -7.2280843694e-02   5.6621538954e-01  -9.7923912172e-01   2.9834411628e-01
  -7.1006073958e-02  -7.1424440772e-02   4.7273117454e-01  -1.0777646334e+00   2.5580757365e-01
  -7.0175899488e-02  -7.0587707143e-02   3.7945502211e-01  -1.1681448596e+00   2.0925465934e-01
  -6.9355755513e-02  -6.9764091834e-02   2.8553248454e-01  -1.2508754699e+00   1.5842142892e-01
  -6.8539385077e-02  -6.8947419193e-02   1.9229601162e-01  -1.3243068132e+00   1.0407102410e-01
  -6.7720240753e-02  -6.8131350961e-02   9.8711100282e-02  -1.3885740306e+00   4.5503608249e-02
  -6.6891045901e-02  -6.7309130545e-02   5.0597949547e-03  -1.4422975779e+00  -1.7463222180e-02
  -6.6043165544e-02  -6.6472961257e-02  -8.8378332882e-02  -1.4837882895e+00  -8.5188776186e-02
  -6.5165610036e-02  -6.5613369831e-02  -1.8189564827e-01  -1.5109411201e+00  -1.5877456750e-01
  -6.4243202043e-02  -6.4717850241e-02  -2.7552197401e-01  -1.5202954780e+00  -2.3970484354e-01
  -6.3253087278e-02  -6.3768553845e-02  -3.6914202460e-01  -1.5064008287e+00  -3.3024780802e-01
  -6.2156565628e-02  -6.2737620711e-02  -4.6275633035e-01  -1.4598836038e+00  -4.3456834723e-01
  -6.0879616774e-02  -6.1575510545e-02  -5.5658752712e-01  -1.3613465730e+00  -5.6158641305e-01
  -5.9481575508e-02  -6.0183723002e-02  -6.3797265595e-01  -1.1984747192e+00  -7.0598974980e-01
  -5.8210364507e-02  -5.8779428014e-02  -6.9150880055e-01  -1.0006587380e+00  -8.4175352232e-01
  -5.7153428960e-02  -5.7641300999e-02  -7.2047408724e-01  -8.0043730038e-01  -9.5753564967e-01
  -5.6227524179e-02  -5.6665556922e-02  -7.3443411186e-01  -6.0071196322e-01  -1.0604425925e+00
  -5.5384693107e-02  -5.5789491436e-02  -7.3836508673e-01  -4.0129926831e-01  -1.1548524749e+00
  -5.4598189260e-02  -5.4979894778e-02  -7.3501577375e-01  -2.0118728496e-01  -1.2435470039e+00
  -5.3850748233e-02  -5.4216483741e-02  -7.2617935902e-01  -2.0109389386e-03  -1.3272443002e+00
  -5.3130004944e-02  -5.3485012724e-02  -7.1303985264e-01   1.9754441910e-01  -1.4074669741e+00
  -5.2426394276e-02  -5.2774997165e-02  -6.9643150705e-01   3.9775192475e-01  -1.4849375251e+00
  -5.1731695869e-02  -5.2077791387e-02  -6.7727489952e-01   5.9625502493e-01  -1.5592225148e+00
  -5.1038225564e-02  -5.1385600351e-02  -6.5577219483e-01   7.9678241935e-01  -1.6320144132e+00
  -5.0338101260e-02  -5.0690850777e-02  -6.3276135976e-01   9.9596933876e-01  -1.7022594167e+00
  -4.9622359162e-02  -4.9985351744e-02  -6.0854489439e-01   1.1953302522e+00  -1.7705875351e+00
  -4.8879632572e-02  -4.9259366581e-02  -5.8352455292e-01   1.3953074398e+00  -1.8370717665e+00
  -4.8093965866e-02  -4.8499898562e-02  -5.5838475527e-01   1.5946553868e+00  -1.9010496550e+00
  -4.7239631302e-02  -4.7688033169e-02  -5.3364754765e-01   1.7948192247e+00  -1.9623949109e+00
  -4.6266631682e-02  -4.6791229434e-02  -5.1051045327e-01   1.9955930372e+00  -2.0196511901e+00
  -4.5036868971e-02  -4.5742033929e-02  -4.9165583998e-01   2.1980135041e+00  -2.0690581928e+00
  -4.2738272423e-02  -4.4331704013e-02  -4.9792246307e-01   2.3821875501e+00  -2.0741261483e+00
  -4.0242729915e-02  -4.1144840833e-02  -5.6170912781e-01   2.3088943148e+00  -1.9537276304e+00
  -3.8787410063e-02  -3.9340618996e-02  -6.2953758481e-01   2.1074355324e+00  -1.8068500546e+00
  -3.7799959123e-02  -3.8234201131e-02  -6.8644490781e-01   1.9059402464e+00  -1.6740455109e+00
  -3.6992455228e-02  -3.7365717115e-02  -7.3807476943e-01   1.7056330846e+00  -1.5464106955e+00
  -3.6283961918e-02  -3.6619193341e-02  -7.8641862711e-01   1.5050312653e+00  -1.4204993012e+00
  -3.5639324712e-02  -3.5948730495e-02  -8.3174971786e-01   1.3060311247e+00  -1.2963987278e+00
  -3.5039183994e-02  -3.5329918929e-02  -8.7483716196e-01   1.1070521927e+00  -1.1725143296e+00
  -3.4471735327e-02  -3.4748449060e-02  -9.1631439714e-01   9.0596016966e-01  -1.0471290323e+00
  -3.3928721812e-02  -3.4195021594e-02  -9.5528292197e-01   7.0779507234e-01  -9.2310980317e-01
  -3.3404033040e-02  -3.3662422030e-02  -9.9268927894e-01   5.0825469418e-01  -7.9755437617e-01
  -3.2893123812e-02  -3.3145644051e-02  -1.0284616549e+00   3.0764891668e-01  -6.7045414509e-01
  -3.2392184759e-02  -3.2640603573e-02  -1.0621602048e+00   1.0846053297e-01  -5.4321371287e-01
  -3.1897949679e-02  -3.2143765945e-02  -1.0940388151e+00  -9.0853146462e-02  -4.1469584004e-01
  -3.1407542161e-02  -3.1652133413e-02  -1.1240614239e+00  -2.9047653145e-01  -2.8460679904e-01
  -3.0918251885e-02  -3.1162950909e-02  -1.1521414510e+00  -4.9050199314e-01  -1.5269204671e-01
  -3.0427406277e-02  -3.0673552862e-02  -1.1780196202e+00  -6.8988946251e-01  -1.9435759860e-02
  -2.9932254396e-02  -3.0181259692e-02  -1.2016295264e+00  -8.8920388190e-01   1.1576318014e-01
  -2.9429824448e-02  -2.9683249099e-02  -1.2227671606e+00  -1.0883771461e+00   2.5313439858e-01
  -2.8916678024e-02  -2.9176399798e-02  -1.2413089236e+00  -1.2890855781e+00   3.9421664989e-01
  -2.8388738410e-02  -2.8656956249e-02  -1.2566410454e+00  -1.4885516243e+00   5.3750570645e-01
  -2.7841066333e-02  -2.8120520571e-02  -1.2683599733e+00  -1.6863774774e+00   6.8319219668e-01
  -2.7267894998e-02  -2.7561612094e-02  -1.2760475151e+00  -1.8876837567e+00   8.3590208238e-01
  -2.6670620605e-02  -2.6974177902e-02  -1.2785135760e+00  -2.0825873616e+00   9.8911344610e-01
  -2.6052423454e-02  -2.6367063309e-02  -1.2750360300e+00  -2.2702900849e+00   1.1430884105e+00
  -2.5408554916e-02  -2.5737783599e-02  -1.2646955294e+00  -2.4480443248e+00   1.2967622378e+00
  -2.4730448887e-02  -2.5079326233e-02  -1.2459549196e+00  -2.6159548251e+00   1.4520634696e+00
  -2.4006188341e-02  -2.4381571541e-02  -1.2173735132e+00  -2.7677329428e+00   1.6057274153e+00
  -2.3217637915e-02  -2.3630805141e-02  -1.1758362912e+00  -2.9016398200e+00   1.7600511131e+00
  -2.2333613541e-02  -2.2804470689e-02  -1.1166716585e+00  -3.0100065551e+00   1.9144125181e+00
  -2.1352201136e-02  -2.1862756392e-02  -1.0357376228e+00  -3.0776058079e+00   2.0615408986e+00
  -2.0395083925e-02  -2.0841645880e-02  -9.4250631474e-01  -3.0900216552e+00   2.1789710680e+00
  -1.9546742430e-02  -1.9948521971e-02  -8.4895772545e-01  -3.0565869400e+00   2.2601021133e+00
  -1.8773747051e-02  -1.9144962890e-02  -7.5525200139e-01  -2.9907436672e+00   2.3152222149e+00
  -1.8053162217e-02  -1.8402531213e-02  -6.6157250626e-01  -2.9003596613e+00   2.3501603025e+00
  -1.7370399087e-02  -1.7703793222e-02  -5.6817629493e-01  -2.7907722926e+00   2.3686511279e+00
  -1.6715402927e-02  -1.7037004952e-02  -4.7472920427e-01  -2.6650090923e+00   2.3732501992e+00
  -1.6080783651e-02  -1.6393800902e-02  -3.8101007928e-01  -2.5250798790e+00   2.3655409933e+00
  -1.5460687005e-02  -1.5767766400e-02  -2.8727910261e-01  -2.3730831851e+00   2.3466102495e+00
  -1.4850183771e-02  -1.5153607609e-02  -1.9364462299e-01  -2.2105786027e+00   2.3172581522e+00
  -1.4244920620e-02  -1.4546759932e-02  -1.0011166728e-01  -2.0386658475e+00   2.2779885952e+00
  -1.3640836075e-02  -1.3943081308e-02  -6.6273839209e-03  -1.8580838966e+00   2.2290144257e+00
  -1.3033906344e-02  -1.3338590843e-02   8.6875268447e-02  -1.6693228728e+00   2.1702709542e+00
  -1.2421992817e-02  -1.2729221846e-02   1.8010795165e-01  -1.4734481741e+00   2.1016988742e+00
  -1.1810519191e-02  -1.2114763788e-02   2.7153114473e-01  -1.2742479213e+00   2.0242381135e+00
  -1.1202864393e-02  -1.1506274595e-02   3.6004326847e-01  -1.0747914785e+00   1.9387802857e+00
  -1.0593939229e-02  -1.0899454192e-02   4.4585448250e-01  -8.7521323955e-01   1.8449917594e+00
  -9.9777158857e-03  -1.0288424266e-02   5.2918031988e-01  -6.7540673072e-01   1.7421197034e+00
  -9.3475797211e-03  -9.6670075053e-03   6.1004638511e-01  -4.7551003541e-01   1.6291576166e+00
  -8.6956838414e-03  -9.0281519368e-03   6.8822692382e-01  -2.7611112822e-01   1.5049324695e+00
  -8.0120379163e-03  -8.3632157461e-03   7.6383089555e-01  -7.6693110020e-02   1.3668752460e+00
  -7.3077630740e-03  -7.6608600866e-03   8.3416943485e-01   1.1586738674e-01   1.2173060506e+00
  -6.6160606234e-03  -6.9546660614e-03   8.9583823322e-01   2.9200665511e-01   1.0621549206e+00
  -5.9501771711e-03  -6.2774551855e-03   9.4661435943e-01   4.4429203115e-01   9.0874015200e-01
  -5.3046455390e-03  -5.6228991567e-03   9.8829506792e-01   5.7679015006e-01   7.5472948636e-01
  -4.6752470791e-03  -4.9863919212e-03   1.0213803240e+00   6.9014767748e-01   6.0045212658e-01
  -4.0584213982e-03  -4.3641022369e-03   1.0463366812e+00   7.8503980955e-01   4.4617717419e-01
  -3.4510675828e-03  -3.7527405596e-03   1.0636048563e+00   8.6218563583e-01   2.9204113977e-01
  -2.8503956089e-03  -3.1493946061e-03   1.0735753716e+00   9.2226862046e-01   1.3807603567e-01
  -2.2538026436e-03  -2.5513966116e-03   1.0765716304e+00   9.6587621499e-01  -1.5763903286e-02
  -1.6587619978e-03  -1.9562086756e-03   1.0728394346e+00   9.9345646744e-01  -1.6957570670e-01
  -1.0626970489e-03  -1.3613153200e-03   1.0624282954e+00   1.0052603041e+00  -3.2451120684e-01
  -4.6288024607e-04  -7.6407877787e-04   1.0455702662e+00   1.0012408572e+00  -4.7855895667e-01
   1.4366920435e-04  -1.6168171428e-04   1.0223238678e+00   9.8160928809e-01  -6.3249150436e-01
   7.6036208576e-04   4.4902012298e-04   9.9264471681e-01   9.4620094072e-01  -7.8651924324e-01
   1.3912640352e-03   1.0717040485e-03   9.5646318823e-01   8.9470435851e-01  -9.4048291070e-01
   2.0414426110e-03   1.7108240219e-03   9.1351396353e-01   8.2641860021e-01  -1.0945968114e+00
   2.7175776928e-03   2.3720612001e-03   8.6326317140e-01   7.4002525584e-01  -1.2492778209e+00
   3.4287613651e-03   3.0630941855e-03   8.0555862604e-01   6.3472345824e-01  -1.4032206139e+00
   4.1882401692e-03   3.7944285447e-03   7.3928433188e-01   5.0780754265e-01  -1.5571069319e+00
   5.0175700412e-03   4.5820517938e-03   6.6237848091e-01   3.5424265714e-01  -1.7117689580e+00
   5.9299816247e-03   5.4530882886e-03   5.7451692685e-01   1.7203464416e-01  -1.8627157777e+00
   6.8747281250e-03   6.4068749607e-03   4.8247674376e-01  -2.5437226502e-02  -1.9952630893e+00
   7.8059868416e-03   7.3425812894e-03   3.9203784273e-01  -2.2550061731e-01  -2.1010352472e+00
   8.7401828714e-03   8.2693923938e-03   3.0439272618e-01  -4.2480447806e-01  -2.1796020324e+00
   9.7024824623e-03   9.2109733490e-03   2.1876960222e-01  -6.2455535674e-01  -2.2308721636e+00
   1.0725309170e-02   1.0193991576e-02   1.3505504358e-01  -8.2465356764e-01  -2.2510932318e+00
   1.1862575049e-02   1.1256626764e-02   5.3197101765e-02  -1.0247474419e+00  -2.2316736912e+00
   1.3218504767e-02   1.2468523335e-02  -2.6797852222e-02  -1.2235592358e+00  -2.1518513910e+00
   1.4600411840e-02   1.3968486199e-02  -8.7730947339e-02  -1.3742213707e+00  -2.0129254773e+00
   1.5738045614e-02   1.5232337482e-02  -1.2137505828e-01  -1.4520722275e+00  -1.8575528725e+00
   1.6685376445e-02   1.6243753746e-02  -1.3810609494e-01  -1.4821079000e+00  -1.7029788978e+00
   1.7529516449e-02   1.7126999145e-02  -1.4481326784e-01  -1.4811721822e+00  -1.5480944931e+00
   1.8308879513e-02   1.7932033753e-02  -1.4455600926e-01  -1.4568655977e+00  -1.3942141303e+00
   1.9044955252e-02   1.8685725272e-02  -1.3909634313e-01  -1.4132035011e+00  -1.2401129901e+00
   1.9751344705e-02   1.9404185232e-02  -1.2950235869e-01  -1.3526214339e+00  -1.0861418140e+00
   2.0437673693e-02   2.0098504177e-02  -1.1640054457e-01  -1.2760458687e+00  -9.3136173425e-01
   2.1111353270e-02   2.0776843209e-02  -1.0047420272e-01  -1.1853559774e+00  -7.7768406965e-01
   2.1778493596e-02   2.1445863332e-02  -8.1968914088e-02  -1.0803028450e+00  -6.2370488305e-01
   2.2444433285e-02   2.2111123859e-02  -6.1059198827e-02  -9.6047775188e-01  -4.6891457584e-01
   2.3114183213e-02   2.2777742711e-02  -3.8268056075e-02  -8.2763576701e-01  -3.1562012332e-01
   2.3792788558e-02   2.3450623715e-02  -1.3268614141e-02  -6.7866826661e-01  -1.6072335644e-01
   2.4485542980e-02   2.4134953400e-02   1.3334000301e-02  -5.1602752068e-01  -7.4394482457e-03
   2.5198422957e-02   2.4836132559e-02   4.2017257519e-02  -3.3561977853e-01   1.4723456182e-01
   2.5925638843e-02   2.5560713356e-02   7.1927414054e-02  -1.4170656486e-01   2.9881566281e-01
   2.6642132804e-02   2.6290564331e-02   1.0176597391e-01   5.7753258156e-02   4.4155327793e-01
   2.7335916800e-02   2.6993701277e-02   1.3061824567e-01   2.5642468771e-01   5.7235827211e-01
   2.8014370062e-02   2.7678132323e-02   1.5896143041e-01   4.5720988109e-01   6.9446719484e-01
   2.8683921051e-02   2.8350607800e-02   1.8627542437e-01   6.5598028376e-01   8.0648554017e-01
   2.9350409384e-02   2.9017234301e-02   2.1297563338e-01   8.5526249079e-01   9.1083550177e-01
   3.0019479814e-02   2.9683584467e-02   2.3918817943e-01   1.0556836382e+00   1.0084276136e+00
   3.0697028904e-02   3.0355375161e-02   2.6452756176e-01   1.2539034773e+00   1.0982666512e+00
   3.1389839917e-02   3.1038682646e-02   2.8965877719e-01   1.4548518621e+00   1.1830182136e+00
   3.2106191938e-02   3.1740997188e-02   3.1402008288e-01   1.6538684773e+00   1.2610348485e+00
   3.2856970969e-02   3.2471386688e-02   3.3790672319e-01   1.8532338189e+00   1.3335928066e+00
   3.3658213264e-02   3.3242555249e-02   3.6132886817e-01   2.0532808882e+00   1.4009550401e+00
   3.4535762752e-02   3.4073871278e-02   3.8404916044e-01   2.2527238921e+00   1.4627861668e+00
   3.5539384757e-02   3.4997654225e-02   4.0605109240e-01   2.4535827424e+00   1.5195981091e+00
   3.6799397039e-02   3.6081115289e-02   4.2651307127e-01   2.6555289581e+00   1.5706925649e+00
   3.8498530562e-02   3.7517678790e-02   4.3986028270e-01   2.8304442855e+00   1.6082989333e+00
   4.0460234106e-02   3.9479382334e-02   4.3254878679e-01   2.8855875001e+00   1.6139199501e+00
   4.2447071453e-02   4.1441085878e-02   3.9665314325e-01   2.7726779865e+00   1.5830930846e+00
   4.4067892511e-02   4.3453057028e-02   3.4586511305e-01   2.5648664474e+00   1.5347513494e+00
   4.5180100883e-02   4.4682727994e-02   2.9925211002e-01   2.3639148487e+00   1.4896511771e+00
   4.6113605020e-02   4.5677473772e-02   2.5338072560e-01   2.1638395368e+00   1.4448067299e+00
   4.6948107493e-02   4.6549736267e-02   2.0756930764e-01   1.9635155683e+00   1.3993898929e+00
   4.7719926437e-02   4.7346478719e-02   1.6199806971e-01   1.7643092954e+00   1.3533667960e+00
   4.8449758500e-02   4.8093374156e-02   1.1638410893e-01   1.5650877521e+00   1.3062242839e+00
   4.9150886082e-02   4.8806142845e-02   7.0525303662e-02   1.3648337289e+00   1.2574823651e+00
   4.9832948711e-02   4.9495629320e-02   2.5044760136e-02   1.1659729407e+00   1.2075199467e+00
   5.0503514466e-02   5.0170268102e-02  -2.0625407126e-02   9.6558613347e-01   1.1553818172e+00
   5.1168951707e-02   5.0836760829e-02  -6.5605031964e-02   7.6696643830e-01   1.1016931094e+00
   5.1835123978e-02   5.1501142585e-02  -1.1045425816e-01   5.6690069651e-01   1.0453258475e+00
   5.2507800061e-02   5.2169105370e-02  -1.5451065186e-01   3.6736766512e-01   9.8651026389e-01
   5.3193110815e-02   5.2846494752e-02  -1.9756583617e-01   1.6807044661e-01   9.2480355939e-01
   5.3898038612e-02   5.3539726878e-02  -2.3927704561e-01  -3.1067109351e-02   8.5973790947e-01
   5.4631244243e-02   5.4256350347e-02  -2.7937285427e-01  -2.3119890827e-01   7.9030156220e-01
   5.5404170039e-02   5.5006138138e-02  -3.1688892688e-01  -4.3113492921e-01   7.1605521532e-01
   5.6232877834e-02   5.5802201939e-02  -3.5069806948e-01  -6.3034249255e-01   6.3607348762e-01
   5.7142484355e-02   5.6663553728e-02  -3.7932847294e-01  -8.2993226809e-01   5.4813442649e-01
   5.8177926754e-02   5.7621414982e-02  -3.9976040030e-01  -1.0301870213e+00   4.4890407897e-01
   5.9438470831e-02   5.8734438527e-02  -4.0533698598e-01  -1.2313097045e+00   3.3149877827e-01
   6.1051982652e-02   6.0142503134e-02  -3.8016177340e-01  -1.4174890019e+00   1.9026898871e-01
   6.2862149676e-02   6.1961462170e-02  -3.1038427111e-01  -1.5351717214e+00   4.7314624765e-02
   6.4448716237e-02   6.3762837182e-02  -2.1673532690e-01  -1.5636401461e+00  -6.1333194300e-02
   6.5726910284e-02   6.5134595293e-02  -1.2275571197e-01  -1.5401156222e+00  -1.3628324200e-01
   6.6867470759e-02   6.6319225275e-02  -2.9040690491e-02  -1.4894693324e+00  -1.9368647758e-01
   6.7946556022e-02   6.7415716243e-02   6.4854913000e-02  -1.4199597922e+00  -2.4027332449e-01
   6.9011365288e-02   6.8477395801e-02   1.5833819802e-01  -1.3353757668e+00  -2.7920635162e-01
   7.0104784571e-02   6.9545334775e-02   2.5212276971e-01  -1.2355519928e+00  -3.1305241770e-01
   7.1284198177e-02   7.0664234367e-02   3.4599991087e-01  -1.1181135843e+00  -3.4359198947e-01
   7.2669740729e-02   7.1904161987e-02   4.4053154589e-01  -9.7330394551e-01  -3.7341261086e-01
   7.4394617096e-02   7.3435319471e-02   5.2486151172e-01  -7.9270004189e-01  -4.0453103086e-01
   7.6404348504e-02   7.5353914721e-02   5.6561314281e-01  -5.9346263774e-01  -4.3672195991e-01
   7.8556422718e-02   7.7454782286e-02   5.3128049220e-01  -4.0550710509e-01  -4.6937440932e-01
   8.0371041050e-02   7.9658063149e-02   4.4178310821e-01  -2.7182941270e-01  -4.9545279389e-01
   8.1640848159e-02   8.1084018950e-02   3.4718964260e-01  -1.9369459926e-01  -5.1163595936e-01
   8.2682130611e-02   8.2197677368e-02   2.5327371485e-01  -1.3919013958e-01  -5.2253124030e-01
   8.3610235949e-02   8.3166583855e-02   1.5957063846e-01  -9.7771380431e-02  -5.2964882124e-01
   8.4473282436e-02   8.4053888043e-02   6.5787690704e-02  -6.5158296104e-02  -5.3345487376e-01
   8.5298491423e-02   8.4892676830e-02  -2.7807210181e-02  -3.9311387952e-02  -5.3402732565e-01
   8.6104552226e-02   8.5704306017e-02  -1.2125368074e-01  -1.8985612523e-02  -5.3127645326e-01
   8.6906554536e-02   8.6504798436e-02  -2.1496566553e-01  -3.4530207376e-03  -5.2489979290e-01
   8.7718886370e-02   8.7308310636e-02  -3.0843263801e-01   7.4884111831e-03  -5.1447545149e-01
   8.8557789651e-02   8.8129462103e-02  -4.0222715777e-01   1.3849668898e-02  -4.9921777438e-01
   8.9444762405e-02   8.8986117198e-02  -4.9581447886e-01   1.5147100692e-02  -4.7808782029e-01
   9.0413817513e-02   8.9903407613e-02  -5.8969043819e-01   1.0304111105e-02  -4.4906680496e-01
   9.1532298809e-02   9.0924227413e-02  -6.8367903445e-01  -3.2113076768e-03  -4.0839927692e-01
   9.3012037304e-02   9.2140370205e-02  -7.7941309357e-01  -3.3791523735e-02  -3.4413176160e-01
   9.5339077413e-02   9.3883704403e-02  -8.5125193385e-01  -1.0805384895e-01  -2.2833482719e-01
   9.7956912453e-02   9.6794450422e-02  -8.1857765157e-01  -2.1841158872e-01  -9.8610854275e-02
   9.9792523187e-02   9.9119374483e-02  -7.2237452173e-01  -3.0557197993e-01  -2.3815450798e-02
   1.0100042741e-01   1.0046567189e-01  -6.2799740985e-01  -3.6311366587e-01   1.0850836811e-02
   1.0200148654e-01   1.0153518293e-01  -5.3398780497e-01  -4.0872748308e-01   2.8446323525e-02
   1.0289337050e-01   1.0246779015e-01  -4.4044494916e-01  -4.4625565595e-01   3.4449670461e-02
   1.0371815771e-01   1.0331895084e-01  -3.4671220009e-01  -4.7755196389e-01   3.1316706128e-02
   1.0449918845e-01   1.0411736459e-01  -2.5325402742e-01  -5.0320818387e-01   2.0347521030e-02
   1.0525162898e-01   1.0488101231e-01  -1.5956183758e-01  -5.2370924079e-01   2.2475689421e-03
   1.0598645654e-01   1.0562224565e-01  -6.5936994921e-02  -5.3905884328e-01  -2.2497332721e-02
   1.0671252371e-01   1.0635066742e-01   2.7579062746e-02  -5.4917123166e-01  -5.3598998694e-02
   1.0743763449e-01   1.0707437999e-01   1.2107139848e-01  -5.5380536601e-01  -9.0967449535e-02
   1.0816937836e-01   1.0780088899e-01   2.1463740347e-01  -5.5251598377e-01  -1.3468177096e-01
   1.0891590164e-01   1.0853786773e-01   3.0827986198e-01  -5.4461920205e-01  -1.8493297489e-01
   1.0968676990e-01   1.0929393556e-01   4.0179617330e-01  -5.2917816123e-01  -2.4193372232e-01
   1.1049434822e-01   1.1007960425e-01   4.9543763833e-01  -5.0473659134e-01  -3.0638577658e-01
   1.1135625841e-01   1.1090909220e-01   5.8906156496e-01  -4.6916108271e-01  -3.7908525186e-01
   1.1230067449e-01   1.1180342461e-01   6.8276724890e-01  -4.1884648563e-01  -4.6160492359e-01
   1.1338053826e-01   1.1279792437e-01   7.7657097931e-01  -3.4711908043e-01  -5.5675004299e-01
   1.1473164738e-01   1.1396315214e-01   8.7143275510e-01  -2.3653357284e-01  -6.7242885790e-01
   1.1643306620e-01   1.1550014262e-01   9.5129235302e-01  -6.9522772403e-02  -8.0253205933e-01
   1.1820651009e-01   1.1736598979e-01   9.8621970044e-01   1.2981971102e-01  -9.0942086859e-01
   1.1985497540e-01   1.1904703040e-01   9.7265435849e-01   3.2943381504e-01  -9.7253077207e-01
   1.2148576605e-01   1.2066292039e-01   9.1778813276e-01   5.2898882849e-01  -9.9459193674e-01
   1.2302597068e-01   1.2230861170e-01   8.3273164205e-01   7.0864449218e-01  -9.7704953171e-01
   1.2433699895e-01   1.2374332966e-01   7.3854656998e-01   8.4704959524e-01  -9.3278520075e-01
   1.2546342469e-01   1.2493066823e-01   6.4486362290e-01   9.4994638020e-01  -8.7442891025e-01
   1.2649533034e-01   1.2599618115e-01   5.5115249584e-01   1.0281495573e+00  -8.0603421004e-01
   1.2747598861e-01   1.2699447952e-01   4.5740275678e-01   1.0858119178e+00  -7.2951153134e-01
   1.2843282390e-01   1.2795749771e-01   3.6392763495e-01   1.1246062166e+00  -6.4611103225e-01
   1.2938712361e-01   1.2890815008e-01   2.7049563718e-01   1.1451313102e+00  -5.5608326664e-01
   1.3035897010e-01   1.2986609714e-01   1.7682837071e-01   1.1466368210e+00  -4.5913583031e-01
   1.3137134507e-01   1.3085184307e-01   8.3036920798e-02   1.1270270927e+00  -3.5493284155e-01
   1.3245538229e-01   1.3189084707e-01  -1.0471773821e-02   1.0828100766e+00  -2.4302287461e-01
   1.3366200635e-01   1.3301991751e-01  -1.0418738999e-01   1.0070441702e+00  -1.2099105832e-01
   1.3509690466e-01   1.3430409520e-01  -1.9832828895e-01   8.8497321874e-01   1.5532200363e-02
   1.3677279935e-01   1.3588971413e-01  -2.8165727715e-01   7.0998877180e-01   1.5594953879e-01
   1.3849328150e-01   1.3765588456e-01  -3.3678245156e-01   5.0991647459e-01   2.7251452594e-01
   1.4021058710e-01   1.3933067844e-01  -3.6222504959e-01   3.0963047325e-01   3.5517741427e-01
   1.4216932698e-01   1.4109049575e-01  -3.6165366577e-01   1.0784955445e-01   4.0561760064e-01
   1.4538412436e-01   1.4324815820e-01  -3.2277649762e-01  -8.6313079912e-02   3.9184549092e-01
   1.4928098093e-01   1.4752009052e-01  -2.8511320218e-01  -5.6466673098e-02   2.7948383140e-01
   1.5213946720e-01   1.5104187135e-01  -3.0538413346e-01   1.4326832224e-01   1.8029925154e-01
   1.5422386456e-01   1.5323706305e-01  -3.5756446088e-01   3.4479596696e-01   1.3253854346e-01
   1.5624461843e-01   1.5521066607e-01  -4.3393057584e-01   5.4237408927e-01   1.2524062815e-01
   1.5827371223e-01   1.5727857079e-01  -5.2562069894e-01   7.0816581756e-01   1.6695620020e-01
   1.6033426582e-01   1.5926885367e-01  -6.1908941412e-01   8.1331320559e-01   2.6497713482e-01
   1.6232295903e-01   1.6139967797e-01  -6.9338261325e-01   8.3954323497e-01   4.0815229088e-01
   1.6404114701e-01   1.6324624010e-01  -7.3253414241e-01   7.9821867156e-01   5.6305131854e-01
   1.6558618024e-01   1.6483605392e-01  -7.3993553546e-01   7.1415025374e-01   7.1738386442e-01
   1.6709534483e-01   1.6633630657e-01  -7.1720951910e-01   5.9689271678e-01   8.7178942973e-01
   1.6867521911e-01   1.6785438310e-01  -6.5927088646e-01   4.4774115798e-01   1.0253798893e+00
   1.7018416054e-01   1.6949605512e-01  -5.7251834974e-01   2.9208121294e-01   1.1532072852e+00
   1.7143672746e-01   1.7087226597e-01  -4.7838373038e-01   1.6064266847e-01   1.2374590643e+00
   1.7250115265e-01   1.7200118894e-01  -3.8460218259e-01   5.2134654197e-02   1.2887546311e+00
   1.7346298985e-01   1.7300111637e-01  -2.9111595599e-01  -4.0518520650e-02   1.3164514411e+00
   1.7436356259e-01   1.7392486333e-01  -1.9731276381e-01  -1.2143912865e-01   1.3247737578e+00
   1.7522798848e-01   1.7480226185e-01  -1.0365707805e-01  -1.9236908426e-01   1.3155568034e+00
   1.7607439851e-01   1.7565371511e-01  -1.0008845710e-02  -2.5495763721e-01   1.2895749051e+00
   1.7691785006e-01   1.7649508192e-01   8.3473106511e-02  -3.1026973127e-01   1.2467785710e+00
   1.7777288061e-01   1.7734061819e-01   1.7702906754e-01  -3.5940871339e-01   1.1860927572e+00
   1.7865580307e-01   1.7820514303e-01   2.7060178931e-01  -4.0321878947e-01   1.1055044773e+00
   1.7958789350e-01   1.7910646311e-01   3.6430725942e-01  -4.4271370855e-01   1.0013203638e+00
   1.8058919098e-01   1.8006932389e-01   4.5687705257e-01  -4.7871477731e-01   8.6937948085e-01
   1.8159188832e-01   1.8110905806e-01   5.3986247579e-01  -5.1014239184e-01   7.1813075633e-01
   1.8251905941e-01   1.8207471857e-01   6.0605205207e-01  -5.3667338353e-01   5.6406477869e-01
   1.8338247485e-01   1.8296340025e-01   6.5804438036e-01  -5.6092479193e-01   4.0964069721e-01
   1.8420414929e-01   1.8380154945e-01   6.9807012935e-01  -5.8474153368e-01   2.5603894066e-01
   1.8499913837e-01   1.8460674912e-01   7.2827690308e-01  -6.0992503207e-01   1.0104288331e-01
   1.8577894932e-01   1.8539152761e-01   7.4923204788e-01  -6.3720667505e-01  -5.2729421405e-02
   1.8655342233e-01   1.8616637103e-01   7.6198142068e-01  -6.6781041626e-01  -2.0663797975e-01
   1.8733174696e-01   1.8694047362e-01   7.6696338899e-01  -7.0277416148e-01  -3.6083982944e-01
   1.8812361218e-01   1.8772302030e-01   7.6437202927e-01  -7.4320255052e-01  -5.1536838429e-01
   1.8894023691e-01   1.8852420405e-01   7.5429169268e-01  -7.9002551727e-01  -6.6917391807e-01
   1.8979615550e-01   1.8935626976e-01   7.3643621806e-01  -8.4516585646e-01  -8.2351519227e-01
   1.9071233900e-01   1.9023604124e-01   7.1030199189e-01  -9.1046965645e-01  -9.7747868925e-01
   1.9172372159e-01   1.9118863675e-01   6.7434055289e-01  -9.8998512901e-01  -1.1324044225e+00
   1.9289995173e-01   1.9225880642e-01   6.2605829130e-01  -1.0893727364e+00  -1.2869584137e+00
   1.9442507493e-01   1.9354109704e-01   5.5722562557e-01  -1.2254489721e+00  -1.4422096389e+00
   1.9635354896e-01   1.9530905282e-01   4.6928905610e-01  -1.3948661282e+00  -1.5583972428e+00
   1.9862837317e-01   1.9739804510e-01   3.7545068212e-01  -1.5646676104e+00  -1.5752314339e+00
   2.0092478827e-01   1.9985870124e-01   2.9895865824e-01  -1.6711339106e+00  -1.4699989955e+00
   2.0272732749e-01   2.0199087530e-01   2.5230093042e-01  -1.6886632970e+00  -1.3121469448e+00
   2.0408947598e-01   2.0346377968e-01   2.2313648478e-01  -1.6539720231e+00  -1.1572714440e+00
   2.0528782492e-01   2.0471517227e-01   1.9955432363e-01  -1.5871395235e+00  -1.0026576476e+00
   2.0640772240e-01   2.0586047757e-01   1.7749646022e-01  -1.4939837917e+00  -8.4867877392e-01
   2.0749474121e-01   2.0695496723e-01   1.5418936293e-01  -1.3752522171e+00  -6.9416470918e-01
   2.0858224529e-01   2.0803451518e-01   1.2749539534e-01  -1.2308699909e+00  -5.4011744832e-01
   2.0970039341e-01   2.0912997540e-01   9.4827246491e-02  -1.0578875071e+00  -3.8630576422e-01
   2.1081653739e-01   2.1027081142e-01   5.5492324037e-02  -8.6366722636e-01  -2.4149539315e-01
   2.1187180033e-01   2.1136226335e-01   1.1127901902e-02  -6.6420933848e-01  -1.1655718170e-01
   2.1286894718e-01   2.1238133731e-01  -3.8007477518e-02  -4.6452308548e-01  -1.1629857549e-02
   2.1383228816e-01   2.1335655705e-01  -9.2291225000e-02  -2.6519748865e-01   7.5309051061e-02
   2.1477987802e-01   2.1430801927e-01  -1.5234773647e-01  -6.5748551655e-02   1.4574465107e-01
   2.1572705925e-01   2.1525173677e-01  -2.1883144908e-01   1.3404415603e-01   2.0015476341e-01
   2.1668873994e-01   2.1620238174e-01  -2.9208347087e-01   3.3326154274e-01   2.3818643350e-01
   2.1768141870e-01   2.1717509813e-01  -3.7326074123e-01   5.3281966981e-01   2.5926440636e-01
   2.1871435523e-01   2.1818773926e-01  -4.6214922289e-01   7.2990073771e-01   2.6185992343e-01
   2.1975878709e-01   2.1924097119e-01  -5.5564772286e-01   9.1663538480e-01   2.4532503102e-01
   2.2079335037e-01   2.2027660299e-01  -6.4907416799e-01   1.0847524890e+00   2.1144159644e-01
   2.2183835487e-01   2.2131009776e-01  -7.4260220233e-01   1.2365526022e+00   1.6147713443e-01
   2.2292308425e-01   2.2236661199e-01  -8.3628613432e-01   1.3734212175e+00   9.5499730712e-02
   2.2409203870e-01   2.2347955652e-01  -9.3001799060e-01   1.4960083594e+00   1.2178258062e-02
   2.2543669751e-01   2.2470452088e-01  -1.0243106101e+00   1.6051336897e+00  -9.3715695184e-02
   2.2711801383e-01   2.2616887413e-01  -1.1138104271e+00   1.6950946547e+00  -2.2946062776e-01
   2.2923767044e-01   2.2806715353e-01  -1.1699097618e+00   1.7442126706e+00  -3.8452560930e-01
   2.3166258093e-01   2.3040818735e-01  -1.1420451657e+00   1.7308838322e+00  -5.0755057653e-01
   2.3359158875e-01   2.3291697451e-01  -1.0468074179e+00   1.6832818791e+00  -5.4653001456e-01
   2.3478148798e-01   2.3426620299e-01  -9.5206852668e-01   1.6412444811e+00  -5.3610717460e-01
   2.3573407785e-01   2.3529677298e-01  -8.5827561041e-01   1.6028173569e+00  -5.0815816551e-01
   2.3656090115e-01   2.3617138272e-01  -7.6456032078e-01   1.5665678634e+00  -4.6970510409e-01
   2.3730747944e-01   2.3695041959e-01  -6.7089608915e-01   1.5318304065e+00  -4.2384663014e-01
   2.3799823092e-01   2.3766453929e-01  -5.7738957774e-01   1.4981606526e+00  -3.7239972750e-01
   2.3864814541e-01   2.3833192255e-01  -4.8380788380e-01   1.4650927672e+00  -3.1633988180e-01
   2.3926725973e-01   2.3896436827e-01  -3.8997985395e-01   1.4322436592e+00  -2.5629730114e-01
   2.3986285716e-01   2.3957015119e-01  -2.9643307198e-01   1.3995068726e+00  -1.9316317600e-01
   2.4044053993e-01   2.4015556312e-01  -2.0343689991e-01   1.3667113496e+00  -1.2758987094e-01
   2.4100464958e-01   2.4072551675e-01  -1.0895120810e-01   1.3328688368e+00  -5.8412752535e-02
   2.4155886303e-01   2.4128378240e-01  -1.6395138012e-02   1.2989536333e+00   1.1582891070e-02
   2.4210640355e-01   2.4183394365e-01   7.8200877358e-02   1.2632393728e+00   8.5183019614e-02
   2.4265014018e-01   2.4237886345e-01   1.7116604897e-01   1.2268255891e+00   1.5936764595e-01
   2.4319284513e-01   2.4292141691e-01   2.6457192513e-01   1.1886323900e+00   2.3559161636e-01
   2.4373723653e-01   2.4346427334e-01   3.5874710976e-01   1.1481498747e+00   3.1402786995e-01
   2.4428610393e-01   2.4401019971e-01   4.5145587023e-01   1.1059914913e+00   3.9267686838e-01
   2.4484252567e-01   2.4456200814e-01   5.4595841394e-01   1.0602113727e+00   4.7420641699e-01
   2.4540991549e-01   2.4512304320e-01   6.3869787643e-01   1.0120139684e+00   5.5545285059e-01
   2.4599232726e-01   2.4569678778e-01   7.3272761772e-01   9.5920060813e-01   6.3898840532e-01
   2.4659484438e-01   2.4628786675e-01   8.2628238510e-01   9.0187618601e-01   7.2317937749e-01
   2.4722389602e-01   2.4690182201e-01   9.1954925728e-01   8.3894809813e-01   8.0809064106e-01
   2.4791931096e-01   2.4754597003e-01   1.0175505859e+00   7.6493607365e-01   8.9827611911e-01