# time = 2.1
# Grid points = 474
# Pressure (Pa) = 101325
#             1_pos             2_posf             3_uvel             4_vvel             5_wvel
  -1.7468136853e-01  -1.7496887456e-01   1.1128764940e+00   8.0734442709e-01   1.1169160089e+00
  -1.7409688046e-01  -1.7439386251e-01   1.2096453805e+00   6.8945081488e-01   1.2194580384e+00
  -1.7345097292e-01  -1.7379989842e-01   1.3030242232e+00   5.5093964323e-01   1.3189072035e+00
  -1.7265198508e-01  -1.7310204743e-01   1.3964334885e+00   3.6934944109e-01   1.4183684299e+00
  -1.7171684775e-01  -1.7220192273e-01   1.4731949490e+00   1.4552951221e-01   1.4989746891e+00
  -1.7075783632e-01  -1.7123177278e-01   1.5135582949e+00  -9.2356238632e-02   1.5385678935e+00
  -1.6980743890e-01  -1.7028389987e-01   1.5141854853e+00  -3.3018939961e-01   1.5331441612e+00
  -1.6883560350e-01  -1.6933097792e-01   1.4751389351e+00  -5.6812833624e-01   1.4826433564e+00
  -1.6786948014e-01  -1.6834022908e-01   1.3990527792e+00  -7.9158603921e-01   1.3908134997e+00
  -1.6703021033e-01  -1.6739873120e-01   1.3058604342e+00  -9.6835915373e-01   1.2816333350e+00
  -1.6634511327e-01  -1.6666168945e-01   1.2122629741e+00  -1.0972656121e+00   1.1742496997e+00
  -1.6574263663e-01  -1.6602853709e-01   1.1191621214e+00  -1.1960646161e+00   1.0693108337e+00
  -1.6519098496e-01  -1.6545673618e-01   1.0261789648e+00  -1.2734087149e+00   9.6626788701e-01
  -1.6467343416e-01  -1.6492523373e-01   9.3296416639e-01  -1.3337154598e+00   8.6474092536e-01
  -1.6417959825e-01  -1.6442163459e-01   8.4031719796e-01  -1.3790343840e+00   7.6564442693e-01
  -1.6370239294e-01  -1.6393756191e-01   7.4680712679e-01  -1.4115390451e+00   6.6755270033e-01
  -1.6323657501e-01  -1.6346722397e-01   6.5417367277e-01  -1.4316131818e+00   5.7241398251e-01
  -1.6277794179e-01  -1.6300592605e-01   5.6134028041e-01  -1.4402867292e+00   4.7924413673e-01
  -1.6232300725e-01  -1.6254995753e-01   4.6796104058e-01  -1.4377700319e+00   3.8791433288e-01
  -1.6186862186e-01  -1.6209605697e-01   3.7494247568e-01  -1.4241933551e+00   2.9953963227e-01
  -1.6141180209e-01  -1.6164118675e-01   2.8210871282e-01  -1.3996260821e+00   2.1418158073e-01
  -1.6094958616e-01  -1.6118241742e-01   1.8942106486e-01  -1.3639413015e+00   1.3208883231e-01
  -1.6047879961e-01  -1.6071675490e-01   9.5948397907e-02  -1.3162627286e+00   5.2851764499e-02
  -1.5999597157e-01  -1.6024084432e-01   3.4619846210e-03  -1.2570151589e+00  -2.1601848372e-02
  -1.5949701560e-01  -1.5975109882e-01  -8.9970980471e-02  -1.1842047374e+00  -9.2273828309e-02
  -1.5897695455e-01  -1.5924293237e-01  -1.8270964876e-01  -1.0980394922e+00  -1.5721451906e-01
  -1.5842945255e-01  -1.5871097674e-01  -2.7583091576e-01  -9.9625238341e-01  -2.1633013898e-01
  -1.5784594587e-01  -1.5814792837e-01  -3.6871158451e-01  -8.7765106595e-01  -2.6805518350e-01
  -1.5721418472e-01  -1.5754396338e-01  -4.6183316985e-01  -7.3903703958e-01  -3.1107004342e-01
  -1.5651529189e-01  -1.5688440606e-01  -5.5480074672e-01  -5.7717353302e-01  -3.4289440427e-01
  -1.5571684695e-01  -1.5614617772e-01  -6.4795556595e-01  -3.8538319577e-01  -3.6007142552e-01
  -1.5479586445e-01  -1.5528751617e-01  -7.3782573244e-01  -1.6206174795e-01  -3.5689148372e-01
  -1.5378561892e-01  -1.5430421272e-01  -8.1475555313e-01   7.5474092967e-02  -3.2990764667e-01
  -1.5269074727e-01  -1.5326702513e-01  -8.7341027861e-01   3.1397013418e-01  -2.8007353034e-01
  -1.5141287142e-01  -1.5211446941e-01  -9.1082522641e-01   5.5301303378e-01  -2.0764256403e-01
  -1.4961913692e-01  -1.5071127343e-01  -9.1089763000e-01   7.9614964571e-01  -1.0959399715e-01
  -1.4755824096e-01  -1.4852700041e-01  -8.4741271178e-01   9.4154252441e-01  -4.1155655919e-02
  -1.4594025319e-01  -1.4658948151e-01  -7.5263729960e-01   9.5990457353e-01  -4.1235899806e-02
  -1.4476210450e-01  -1.4529102487e-01  -6.5934812444e-01   9.2804043441e-01  -7.5398877771e-02
  -1.4377180624e-01  -1.4423318413e-01  -5.6637909421e-01   8.7886263271e-01  -1.2363059502e-01
  -1.4289279393e-01  -1.4331042835e-01  -4.7330118870e-01   8.2195702283e-01  -1.7836321209e-01
  -1.4208762472e-01  -1.4247515950e-01  -3.8045435189e-01   7.6164568361e-01  -2.3515847903e-01
  -1.4133387221e-01  -1.4170008993e-01  -2.8748111846e-01   6.9954955780e-01  -2.9159650777e-01
  -1.4061636816e-01  -1.4096765449e-01  -1.9457146077e-01   6.3653187428e-01  -3.4578443557e-01
  -1.3992370050e-01  -1.4026508183e-01  -1.0160283048e-01   5.7262383804e-01  -3.9650933346e-01
  -1.3924648783e-01  -1.3958231917e-01  -8.7772801614e-03   5.0767055108e-01  -4.4267586614e-01
  -1.3857625602e-01  -1.3891065649e-01   8.4265884979e-02   4.4079679955e-01  -4.8361676356e-01
  -1.3790453419e-01  -1.3824185555e-01   1.7728529994e-01   3.7122157592e-01  -5.1841185133e-01
  -1.3722189694e-01  -1.3756721283e-01   2.7017362218e-01   2.9769349035e-01  -5.4620942896e-01
  -1.3651659018e-01  -1.3687658105e-01   3.6316136638e-01   2.1810453680e-01  -5.6607810566e-01
  -1.3577195713e-01  -1.3615659932e-01   4.5622312319e-01   1.2951244302e-01  -5.7659591706e-01
  -1.3496066289e-01  -1.3538731494e-01   5.4931499115e-01   2.6989524484e-02  -5.7553657847e-01
  -1.3402681242e-01  -1.3453401084e-01   6.4281934796e-01  -1.0001801130e-01  -5.5851035524e-01
  -1.3283694843e-01  -1.3351961400e-01   7.3505910666e-01  -2.7681902920e-01  -5.1454793277e-01
  -1.3146227420e-01  -1.3215428287e-01   7.9856051102e-01  -5.0118411161e-01  -4.3995632196e-01
  -1.3012150594e-01  -1.3077026554e-01   8.0986189918e-01  -7.3835752172e-01  -3.5121943862e-01
  -1.2884139682e-01  -1.2947274633e-01   7.7125245010e-01  -9.7594840542e-01  -2.6123903286e-01
  -1.2764651463e-01  -1.2821004731e-01   6.9349775144e-01  -1.1991500575e+00  -1.8063136007e-01
  -1.2664325007e-01  -1.2708298195e-01   5.9992474754e-01  -1.3813244303e+00  -1.1979918176e-01
  -1.2582271958e-01  -1.2620351819e-01   5.0669571947e-01  -1.5218613148e+00  -7.6943834282e-02
  -1.2509428148e-01  -1.2544192097e-01   4.1351414735e-01  -1.6374408284e+00  -4.4869868829e-02
  -1.2441881153e-01  -1.2474664200e-01   3.2027711725e-01  -1.7345626607e+00  -2.0498338754e-02
  -1.2377448045e-01  -1.2409098107e-01   2.2748029164e-01  -1.8159125035e+00  -2.2003063547e-03
  -1.2314662528e-01  -1.2345797984e-01   1.3447412296e-01  -1.8836030078e+00   1.1275044922e-02
  -1.2252371366e-01  -1.2283527072e-01   4.1426395682e-02  -1.9379176838e+00   2.0659539631e-02
  -1.2189504848e-01  -1.2221215661e-01  -5.1758821798e-02  -1.9785425306e+00   2.6566674750e-02
  -1.2124916920e-01  -1.2157794036e-01  -1.4458759088e-01  -2.0041743945e+00   2.9521861387e-02
  -1.2057173557e-01  -1.2092039805e-01  -2.3768698170e-01  -2.0127271656e+00   3.0100634031e-02
  -1.1984178441e-01  -1.2022307308e-01  -3.3082886323e-01  -1.9999027099e+00   2.8969916324e-02
  -1.1902289092e-01  -1.1946049574e-01  -4.2404155994e-01  -1.9576271353e+00   2.7207464975e-02
  -1.1803185602e-01  -1.1858528610e-01  -5.1777863003e-01  -1.8666579265e+00   2.7171606552e-02
  -1.1678514324e-01  -1.1747842593e-01  -6.0205359978e-01  -1.6925797844e+00   3.5302561290e-02
  -1.1552843250e-01  -1.1609186056e-01  -6.4779525209e-01  -1.4574581752e+00   5.7275836365e-02
  -1.1447546445e-01  -1.1496500445e-01  -6.5415504472e-01  -1.2190814153e+00   8.9527202844e-02
  -1.1353711871e-01  -1.1398592446e-01  -6.3650247648e-01  -9.8076032594e-01   1.2966214613e-01
  -1.1266244595e-01  -1.1308831296e-01  -6.0208579196e-01  -7.4315997786e-01   1.7601811801e-01
  -1.1182185208e-01  -1.1223657893e-01  -5.5438370768e-01  -5.0478978278e-01   2.2762049492e-01
  -1.1099382308e-01  -1.1140712523e-01  -4.9579457391e-01  -2.6744042181e-01   2.8284507332e-01
  -1.1015887785e-01  -1.1058052093e-01  -4.2669995000e-01  -2.8868142006e-02   3.4083859833e-01
  -1.0929518427e-01  -1.0973723476e-01  -3.4768831812e-01   2.0882383715e-01   3.9933258032e-01
  -1.0839272566e-01  -1.0885313378e-01  -2.5919146845e-01   4.4207185270e-01   4.5491024786e-01
  -1.0748033458e-01  -1.0793231755e-01  -1.6639883517e-01   6.5489168787e-01   5.0043940295e-01
  -1.0657454701e-01  -1.0702835162e-01  -7.3600145732e-02   8.3633860331e-01   5.3003565819e-01
  -1.0565421422e-01  -1.0612074240e-01   1.9473897437e-02   9.8489280521e-01   5.3953072604e-01
  -1.0469614028e-01  -1.0518768604e-01   1.1223881007e-01   1.0947717681e+00   5.2301051346e-01
  -1.0367065227e-01  -1.0420459452e-01   2.0519195905e-01   1.1579214957e+00   4.7186215675e-01
  -1.0252980900e-01  -1.0313671001e-01   2.9819809142e-01   1.1586211306e+00   3.7227003022e-01
  -1.0132593160e-01  -1.0192290799e-01   3.8227632537e-01   1.0820873333e+00   2.2075490721e-01
  -1.0022738433e-01  -1.0072895521e-01   4.4425634412e-01   9.4846615161e-01   4.6807282123e-02
  -9.9267637496e-02  -9.9725813454e-02   4.8540223294e-01   7.8746534566e-01  -1.2713558576e-01
  -9.8367408869e-02  -9.8809461537e-02   5.1168209635e-01   6.0754770653e-01  -3.0051969181e-01
  -9.7478150184e-02  -9.7925356201e-02   5.2505831736e-01   4.1034939975e-01  -4.7400175850e-01
  -9.6552649777e-02  -9.7030944167e-02   5.2461031401e-01   1.9411882772e-01  -6.4789865937e-01
  -9.5557337957e-02  -9.6074355386e-02   5.0666704912e-01  -3.8342791457e-02  -8.1592920393e-01
  -9.4470028778e-02  -9.5040320527e-02   4.6519157440e-01  -2.7702593165e-01  -9.6353390051e-01
  -9.3285165390e-02  -9.3899737028e-02   3.9307199942e-01  -5.0120922847e-01  -1.0665311692e+00
  -9.2181035013e-02  -9.2670593751e-02   3.0110653103e-01  -6.6309569833e-01  -1.0983153442e+00
  -9.1276063418e-02  -9.1691476275e-02   2.0774212534e-01  -7.5358650667e-01  -1.0714884522e+00
  -9.0489595426e-02  -9.0860650562e-02   1.1483197176e-01  -7.9816156576e-01  -1.0085426672e+00
  -8.9776660598e-02  -9.0118540290e-02   2.1626345968e-02  -8.1071832571e-01  -9.1985495945e-01
  -8.9112621929e-02  -8.9434780905e-02  -7.1170639342e-02  -7.9877183800e-01  -8.1221555447e-01
  -8.8481662304e-02  -8.8790462953e-02  -1.6432485580e-01  -7.6703344029e-01  -6.8861444913e-01
  -8.7872479324e-02  -8.8172861655e-02  -2.5715370053e-01  -7.1888938608e-01  -5.5251817600e-01
  -8.7276026666e-02  -8.7572096992e-02  -3.5042685952e-01  -6.5608099704e-01  -4.0456357914e-01
  -8.6684312515e-02  -8.6979956339e-02  -4.4330528167e-01  -5.8060283888e-01  -2.4729908021e-01
  -8.6089832433e-02  -8.6388668691e-02  -5.3614445055e-01  -4.9313820510e-01  -8.1001642893e-02
  -8.5494111402e-02  -8.5790996175e-02  -6.2740061631e-01  -3.9576153140e-01   9.0934225173e-02
  -8.4901265419e-02  -8.5197226630e-02  -7.1525524644e-01  -2.9099562883e-01   2.6446163588e-01
  -8.4304715903e-02  -8.4605304208e-02  -7.9919989699e-01  -1.7978266123e-01   4.3811663624e-01
  -8.3692609481e-02  -8.4004127599e-02  -8.7894194205e-01  -6.2225624848e-02   6.1125274286e-01
  -8.3050053375e-02  -8.3381091362e-02  -9.5470601412e-01   6.3565227755e-02   7.8515220977e-01
  -8.2354980227e-02  -8.2719015387e-02  -1.0249915969e+00   1.9869933122e-01   9.5846260308e-01
  -8.1566994947e-02  -8.1990945067e-02  -1.0883161733e+00   3.4884075789e-01   1.1327095612e+00
  -8.0582621075e-02  -8.1143044827e-02  -1.1388613872e+00   5.2642219155e-01   1.3082087517e+00
  -7.9245323035e-02  -8.0022197324e-02  -1.1513741613e+00   7.4386075504e-01   1.4609759741e+00
  -7.7810352895e-02  -7.8468448746e-02  -1.0922423697e+00   9.4359117217e-01   1.5137672045e+00
  -7.6728670603e-02  -7.7152257044e-02  -9.9676638810e-01   1.0700925050e+00   1.4773603319e+00
  -7.5963046117e-02  -7.6305084162e-02  -9.0309673659e-01   1.1474283422e+00   1.4142696170e+00
  -7.5322813439e-02  -7.5621008071e-02  -8.0988571068e-01   1.2051219614e+00   1.3413593223e+00
  -7.4754192874e-02  -7.5024618808e-02  -7.1677227066e-01   1.2515473633e+00   1.2634896751e+00
  -7.4232418245e-02  -7.4483766941e-02  -6.2371358612e-01   1.2904497543e+00   1.1830283934e+00
  -7.3743423753e-02  -7.3981069548e-02  -5.3075714851e-01   1.3238879477e+00   1.1014028344e+00
  -7.3278198321e-02  -7.3505777958e-02  -4.3791444583e-01   1.3531311935e+00   1.0195212689e+00
  -7.2830504831e-02  -7.3050618684e-02  -3.4462717304e-01   1.3791534042e+00   9.3753213959e-01
  -7.2395687006e-02  -7.2610390979e-02  -2.5154668581e-01   1.4023089649e+00   8.5650301339e-01
  -7.1970040101e-02  -7.2180983034e-02  -1.5840349013e-01   1.4230481631e+00   7.7660066955e-01
  -7.1550503482e-02  -7.1759097169e-02  -6.5524860765e-02   1.4415539758e+00   6.9844612233e-01
  -7.1134416436e-02  -7.1341909795e-02   2.7221771166e-02   1.4580195611e+00   6.2222550618e-01
  -7.0719364033e-02  -7.0926923077e-02   1.1994186616e-01   1.4725401782e+00   5.4814065609e-01
  -7.0303008784e-02  -7.0511804989e-02   2.1364895202e-01   1.4852333095e+00   4.7573093287e-01
  -6.9882996700e-02  -7.0094212578e-02   3.0643583668e-01   1.4957701706e+00   4.0678717011e-01
  -6.9456865677e-02  -6.9671780822e-02   3.9931320262e-01   1.5041644793e+00   3.4084270314e-01
  -6.9021890085e-02  -6.9241950532e-02   4.9227710314e-01   1.5101890316e+00   2.7828418286e-01
  -6.8574931962e-02  -6.8801829639e-02   5.8517914734e-01   1.5135161308e+00   2.1964170406e-01
  -6.8112211782e-02  -6.8348034285e-02   6.7814598402e-01   1.5137034726e+00   1.6534660197e-01
  -6.7628932392e-02  -6.7876389279e-02   7.7135117772e-01   1.5101058883e+00   1.1595252797e-01
  -6.7118803372e-02  -6.7381475505e-02   8.6428602922e-01   1.5018513513e+00   7.2534106672e-02
  -6.6573054740e-02  -6.6856131239e-02   9.5735850139e-01   1.4876147609e+00   3.5953892488e-02
  -6.5978545621e-02  -6.6289978241e-02   1.0504340465e+00   1.4653931648e+00   7.8002208538e-03
  -6.5313771023e-02  -6.5667113002e-02   1.1435501833e+00   1.4318239854e+00  -9.6002951225e-03
  -6.4538076283e-02  -6.4960429044e-02   1.2368020153e+00   1.3805136131e+00  -1.2182520584e-02
  -6.3549793752e-02  -6.4115723521e-02   1.3308668902e+00   1.2953125928e+00   9.3278255342e-03
  -6.2135853480e-02  -6.2983863983e-02   1.4166297156e+00   1.1347047334e+00   7.8029798205e-02
  -6.0550378381e-02  -6.1287842978e-02   1.4515388144e+00   9.0644892789e-01   1.8548157396e-01
  -5.9169947133e-02  -5.9812913784e-02   1.4315346441e+00   6.6890790410e-01   2.8692173739e-01
  -5.7938754502e-02  -5.8526980483e-02   1.3783588779e+00   4.3117270527e-01   3.6931953877e-01
  -5.6796050675e-02  -5.7350528522e-02   1.3028507321e+00   1.9404203568e-01   4.2975817126e-01
  -5.5746952052e-02  -5.6241572828e-02   1.2135503750e+00  -3.4789989302e-02   4.6687572612e-01
  -5.4821030725e-02  -5.5252331276e-02   1.1205256645e+00  -2.4213038956e-01   4.8236788973e-01
  -5.3999295818e-02  -5.4389730174e-02   1.0275407062e+00  -4.2864380212e-01   4.8155165587e-01
  -5.3247318302e-02  -5.3608861462e-02   9.3451471020e-01  -5.9965699126e-01   4.6851796773e-01
  -5.2545649051e-02  -5.2885775141e-02   8.4167465133e-01  -7.5756304694e-01   4.4590496313e-01
  -5.1881744206e-02  -5.2205522962e-02   7.4866964062e-01  -9.0458484251e-01   4.1539788395e-01
  -5.1246707558e-02  -5.1557965449e-02   6.5580879593e-01  -1.0411834300e+00   3.7834515633e-01
  -5.0633701197e-02  -5.0935449666e-02   5.6278084914e-01  -1.1683470883e+00   3.3552372487e-01
  -5.0037134616e-02  -5.0331952727e-02   4.6986217564e-01  -1.2859002636e+00   2.8768685379e-01
  -4.9452120555e-02  -4.9742316504e-02   3.7715037749e-01  -1.3937351278e+00   2.3533305156e-01
  -4.8874174864e-02  -4.9161924605e-02   2.8379617750e-01  -1.4924430785e+00   1.7816548611e-01
  -4.8298888340e-02  -4.8586425122e-02   1.9112396507e-01  -1.5800558782e+00   1.1704239397e-01
  -4.7721647091e-02  -4.8011351558e-02   9.8105502320e-02  -1.6567347706e+00   5.1176728080e-02
  -4.7137323355e-02  -4.7431942624e-02   5.0211355645e-03  -1.7208337925e+00  -1.9636651836e-02
  -4.6539832166e-02  -4.6842704086e-02  -8.7851243974e-02  -1.7703375644e+00  -9.5801839011e-02
  -4.5921429251e-02  -4.6236960246e-02  -1.8080221272e-01  -1.8027345146e+00  -1.7855762608e-01
  -4.5271419325e-02  -4.5605898257e-02  -2.7386138381e-01  -1.8138957394e+00  -2.6957324210e-01
  -4.4573697243e-02  -4.4936940393e-02  -3.6691412397e-01  -1.7973180927e+00  -3.7139957822e-01
  -4.3800991496e-02  -4.4210454092e-02  -4.5996088031e-01  -1.7418177756e+00  -4.8872059003e-01
  -4.2901140847e-02  -4.3391528900e-02  -5.5322277369e-01  -1.6242515507e+00  -6.3156791923e-01
  -4.1915957818e-02  -4.2410752795e-02  -6.3411345380e-01  -1.4299260673e+00  -7.9396737504e-01
  -4.1020150566e-02  -4.1421162842e-02  -6.8732356693e-01  -1.1939079150e+00  -9.4665080828e-01
  -4.0275340675e-02  -4.0619138290e-02  -7.1611165571e-01  -9.5501966933e-01  -1.0768625404e+00
  -3.9622866603e-02  -3.9931543060e-02  -7.2998538955e-01  -7.1672327388e-01  -1.1925946095e+00
  -3.9028933585e-02  -3.9314190147e-02  -7.3389083234e-01  -4.7879985974e-01  -1.2987707332e+00
  -3.8474693691e-02  -3.8743677024e-02  -7.3056008506e-01  -2.4004208192e-01  -1.3985192740e+00
  -3.7947980902e-02  -3.8205710359e-02  -7.2177548496e-01  -2.4006112859e-03  -1.4926478337e+00
  -3.7440081691e-02  -3.7690251445e-02  -7.0871385848e-01   2.3569308291e-01  -1.5828687736e+00
  -3.6944255633e-02  -3.7189911937e-02  -6.9220440245e-01   4.7456488102e-01  -1.6699946300e+00
  -3.6454709940e-02  -3.6698599329e-02  -6.7316213839e-01   7.1140312677e-01  -1.7535379365e+00
  -3.5966029675e-02  -3.6210820550e-02  -6.5178797538e-01   9.5065660815e-01  -1.8354020939e+00
  -3.5472660417e-02  -3.5721238800e-02  -6.2891483422e-01   1.1883107454e+00  -1.9144019558e+00
  -3.4968285485e-02  -3.5224082034e-02  -6.0484337140e-01   1.4261724810e+00  -1.9912460484e+00
  -3.4444894903e-02  -3.4712488937e-02  -5.7997290652e-01   1.6647695064e+00  -2.0660164654e+00
  -3.3891244933e-02  -3.4177300869e-02  -5.5498372830e-01   1.9026157678e+00  -2.1379681854e+00
  -3.3289205541e-02  -3.3605188996e-02  -5.3039471587e-01   2.1414354773e+00  -2.2069591793e+00
  -3.2603544298e-02  -3.2973222086e-02  -5.0739615495e-01   2.3809829422e+00  -2.2713515978e+00
  -3.1736945162e-02  -3.2233866510e-02  -4.8865419667e-01   2.6224950234e+00  -2.3269164976e+00
  -3.0117151552e-02  -3.1240023815e-02  -4.9488181709e-01   2.8422367073e+00  -2.3326163864e+00
  -2.8358572469e-02  -2.8994279289e-02  -5.5828360284e-01   2.7547884931e+00  -2.1972126130e+00
  -2.7333025903e-02  -2.7722865649e-02  -6.2570361347e-01   2.5144233451e+00  -2.0320295328e+00
  -2.6637180986e-02  -2.6943186157e-02  -6.8226850012e-01   2.2740147335e+00  -1.8826734098e+00
  -2.6068142609e-02  -2.6331175815e-02  -7.3358782745e-01   2.0350237365e+00  -1.7391313301e+00
  -2.5568875811e-02  -2.5805109403e-02  -7.8164103015e-01   1.7956811993e+00  -1.5975274738e+00
  -2.5114607650e-02  -2.5332642220e-02  -8.2669968017e-01   1.5582496774e+00  -1.4579601348e+00
  -2.4691695634e-02  -2.4896573080e-02  -8.6952826191e-01   1.3208434727e+00  -1.3186359264e+00
  -2.4291821317e-02  -2.4486818189e-02  -9.1075640233e-01   1.0809161031e+00  -1.1776237748e+00
  -2.3909166160e-02  -2.4096824445e-02  -9.4949099121e-01   8.4448092333e-01  -1.0381479601e+00
  -2.3539424232e-02  -2.3721507876e-02  -9.8667288514e-01   6.0640487427e-01  -8.9694450559e-01
  -2.3179392584e-02  -2.3357340588e-02  -1.0222307040e+00   3.6705768203e-01  -7.5400373362e-01
  -2.2826386800e-02  -2.3001444579e-02  -1.0557272416e+00   1.2940162170e-01  -6.1090530407e-01
  -2.2478105225e-02  -2.2651329020e-02  -1.0874148640e+00  -1.0840392395e-01  -4.6637024390e-01
  -2.2132520888e-02  -2.2304881430e-02  -1.1172577305e+00  -3.4657897835e-01  -3.2006821953e-01
  -2.1787723859e-02  -2.1960160346e-02  -1.1451697871e+00  -5.8523375136e-01  -1.7171296566e-01
  -2.1441830804e-02  -2.1615287371e-02  -1.1708933178e+00  -8.2312731360e-01  -2.1849003538e-02
  -2.1092903171e-02  -2.1268374238e-02  -1.1943623266e+00  -1.0609337098e+00   1.3019970076e-01
  -2.0738846771e-02  -2.0917432104e-02  -1.2153740404e+00  -1.2985716817e+00   2.8469138819e-01
  -2.0377238597e-02  -2.0560261439e-02  -1.2338056274e+00  -1.5380412859e+00   4.4335658354e-01
  -2.0005205840e-02  -2.0194215756e-02  -1.2490470073e+00  -1.7760285616e+00   6.0450358477e-01
  -1.9619267850e-02  -1.9816195923e-02  -1.2606970687e+00  -2.0120588752e+00   7.6834677403e-01
  -1.9215360837e-02  -1.9422339776e-02  -1.2683402096e+00  -2.2522417463e+00   9.4008863269e-01
  -1.8794468686e-02  -1.9008381897e-02  -1.2707934403e+00  -2.4847854316e+00   1.1123944197e+00
  -1.8358832516e-02  -1.8580555474e-02  -1.2673390025e+00  -2.7087375708e+00   1.2855589185e+00
  -1.7905106026e-02  -1.8137109558e-02  -1.2570630907e+00  -2.9208199382e+00   1.4583846868e+00
  -1.7427252784e-02  -1.7673102494e-02  -1.2384378670e+00  -3.1211575012e+00   1.6330406014e+00
  -1.6916875003e-02  -1.7181403073e-02  -1.2100313073e+00  -3.3022471403e+00   1.8058550866e+00
  -1.6361192910e-02  -1.6652346933e-02  -1.1687472517e+00  -3.4620141773e+00   1.9794114262e+00
  -1.5738231462e-02  -1.6070038887e-02  -1.1099423328e+00  -3.5913086661e+00   2.1530100073e+00
  -1.5046641830e-02  -1.5406424038e-02  -1.0294994950e+00  -3.6719625270e+00   2.3184739233e+00
  -1.4372172731e-02  -1.4686859622e-02  -9.3683331068e-01  -3.6867758429e+00   2.4505382890e+00
  -1.3774356583e-02  -1.4057485840e-02  -8.4385127081e-01  -3.6468838669e+00   2.5417796462e+00
  -1.3229635946e-02  -1.3491227327e-02  -7.5071269529e-01  -3.5683245437e+00   2.6037683714e+00
  -1.2721848396e-02  -1.2968044566e-02  -6.5759992027e-01  -3.4604851437e+00   2.6430598434e+00
  -1.2240713350e-02  -1.2475652226e-02  -5.6476849918e-01  -3.3297337987e+00   2.6638542711e+00
  -1.1779145358e-02  -1.2005774474e-02  -4.7188632514e-01  -3.1796827191e+00   2.6690256477e+00
  -1.1331936712e-02  -1.1552516241e-02  -3.7873360335e-01  -3.0127298617e+00   2.6603547939e+00
  -1.0894961991e-02  -1.1111357184e-02  -2.8556896058e-01  -2.8313790308e+00   2.6390638900e+00
  -1.0464747633e-02  -1.0678566798e-02  -1.9250010378e-01  -2.6374910089e+00   2.6060528479e+00
  -1.0038225900e-02  -1.0250928468e-02  -9.9532038873e-02  -2.4323778895e+00   2.5618883611e+00
  -9.6125347160e-03  -9.8255233316e-03  -6.6122397349e-03  -2.2169213612e+00   2.5068098045e+00
  -9.1848385632e-03  -9.3995461004e-03   8.6325926862e-02  -1.9917061985e+00   2.4407444272e+00
  -8.7536303885e-03  -8.9701310260e-03   1.7899586230e-01  -1.7580035507e+00   2.3636255354e+00
  -8.3227322075e-03  -8.5371297509e-03   2.6986733623e-01  -1.5203331101e+00   2.2765102135e+00
  -7.8945251087e-03  -8.1083346640e-03   3.5784541371e-01  -1.2823570040e+00   2.1804012059e+00
  -7.4654227979e-03  -7.6807155534e-03   4.4313898376e-01  -1.0442355785e+00   2.0749233013e+00
  -7.0311775473e-03  -7.2501300424e-03   5.2596228039e-01  -8.0584179483e-01   1.9592298451e+00
  -6.5871280971e-03  -6.8122250522e-03   6.0634075889e-01  -5.6734040091e-01   1.8321889007e+00
  -6.1277448350e-03  -6.3620311420e-03   6.8405003559e-01  -3.2943291975e-01   1.6924812524e+00
  -5.6459876940e-03  -5.8934585280e-03   7.5919843013e-01  -9.1502622894e-02   1.5372177178e+00
  -5.1496936007e-03  -5.3985168600e-03   8.2911329776e-01   1.3824582338e-01   1.3690075765e+00
  -4.6622591222e-03  -4.9008703414e-03   8.9041084236e-01   3.4840173947e-01   1.1945199396e+00
  -4.1930189842e-03  -4.4236479030e-03   9.4088149767e-01   5.3009703926e-01   1.0219851771e+00
  -3.7381205315e-03  -3.9623900654e-03   9.8231167822e-01   6.8818372064e-01   8.4878035257e-01
  -3.2945909331e-03  -3.5138509976e-03   1.0151983247e+00   8.2343333532e-01   6.7527569125e-01
  -2.8599212224e-03  -3.0753308687e-03   1.0400051690e+00   9.3665147525e-01   5.0177382720e-01
  -2.4319262224e-03  -2.6445115761e-03   1.0571702634e+00   1.0286961026e+00   3.2842827937e-01
  -2.0086398366e-03  -2.2193408688e-03   1.0670817702e+00   1.1003826742e+00   1.5527504576e-01
  -1.5882278795e-03  -1.7979388044e-03   1.0700611390e+00   1.1524120919e+00  -1.7737345585e-02
  -1.1689098235e-03  -1.3785169547e-03   1.0663526871e+00   1.1853189323e+00  -1.9071801909e-01
  -7.4886995337e-04  -9.5930269237e-04   1.0560056350e+00   1.1994025832e+00  -3.6496235526e-01
  -3.2618619637e-04  -5.3843721437e-04   1.0392506180e+00   1.1946071230e+00  -5.3820823132e-01
   1.0124197717e-04  -1.1393517838e-04   1.0161458090e+00   1.1711844942e+00  -7.1132447527e-01
   5.3581810571e-04   3.1641913271e-04   9.8664709392e-01   1.1289382426e+00  -8.8454770013e-01
   9.8040719527e-04   7.5521707871e-04   9.5068526611e-01   1.0674967627e+00  -1.0576987941e+00
   1.4385802938e-03   1.2055973118e-03   9.0799661042e-01   9.8602374626e-01  -1.2310187664e+00
   1.9150446330e-03   1.6715632758e-03   8.5805048211e-01   8.8294617023e-01  -1.4049764398e+00
   2.4162072965e-03   2.1585259902e-03   8.0069560349e-01   7.5730850056e-01  -1.5781038099e+00
   2.9514029641e-03   2.6738886027e-03   7.3482272280e-01   6.0588255012e-01  -1.7511675675e+00
   3.5358218474e-03   3.2289173256e-03   6.5838248829e-01   4.2266112744e-01  -1.9251035834e+00
   4.1787874232e-03   3.8427263692e-03   5.7105267516e-01   2.0526495258e-01  -2.0948612556e+00
   4.8445390298e-03   4.5148484772e-03   4.7956931886e-01  -3.0342894624e-02  -2.2439263180e+00
   5.5007859557e-03   5.1742295824e-03   3.8967736422e-01  -2.6904278182e-01  -2.3628793709e+00
   6.1591027714e-03   5.8273423291e-03   3.0256211210e-01  -5.0683649877e-01  -2.4512365936e+00
   6.8372238319e-03   6.4908632137e-03   2.1745643451e-01  -7.4516360632e-01  -2.5088953215e+00
   7.5579976305e-03   7.1835844500e-03   1.3424756692e-01  -9.8390517575e-01  -2.5316355000e+00
   8.3594153507e-03   7.9324108109e-03   5.2883821470e-02  -1.2226416418e+00  -2.5097948601e+00
   9.3149228731e-03   8.7864198906e-03  -2.6628596984e-02  -1.4598485457e+00  -2.4200237650e+00
   1.0288736329e-02   9.8434258556e-03  -8.7194641967e-02  -1.6396071511e+00  -2.2637834733e+00
   1.1090413300e-02   1.0734046802e-02  -1.2063656735e-01  -1.7324930580e+00  -2.0890471410e+00
   1.1757986054e-02   1.1446779797e-02  -1.3726751110e-01  -1.7683296241e+00  -1.9152091746e+00
   1.2352841460e-02   1.2069192310e-02  -1.4393508851e-01  -1.7672135548e+00  -1.7410222185e+00
   1.2902049329e-02   1.2636490610e-02  -1.4368024878e-01  -1.7382132001e+00  -1.5679645258e+00
   1.3420753135e-02   1.3167608047e-02  -1.3825438163e-01  -1.6861193714e+00  -1.3946586142e+00
   1.3918537369e-02   1.3673898224e-02  -1.2871912309e-01  -1.6138379668e+00  -1.2214989245e+00
   1.4402185233e-02   1.4163176515e-02  -1.1569718124e-01  -1.5224743846e+00  -1.0474295767e+00
   1.4876919208e-02   1.4641193951e-02  -9.9867720480e-02  -1.4142707019e+00  -8.7460007986e-01
   1.5347045049e-02   1.5112644464e-02  -8.1474843075e-02  -1.2889299375e+00  -7.0143152972e-01
   1.5816324817e-02   1.5581445634e-02  -6.0692013872e-02  -1.1459644421e+00  -5.2735081854e-01
   1.6288289614e-02   1.6051203999e-02  -3.8039061445e-02  -9.8746822127e-01  -3.5495242208e-01
   1.6766494718e-02   1.6525375229e-02  -1.3191095080e-02  -8.0973231896e-01  -1.8075206963e-01
   1.7254670508e-02   1.7007614207e-02   1.3250428157e-02  -6.1568258392e-01  -8.3656171308e-03
   1.7757028538e-02   1.7501726809e-02   4.1760092230e-02  -4.0043468445e-01   1.6558412929e-01
   1.8269488911e-02   1.8012330266e-02   7.1489326075e-02  -1.6907312581e-01   3.3605547644e-01
   1.8774393672e-02   1.8526647556e-02   1.0114748533e-01   6.8906220186e-02   4.9658120498e-01
   1.9263294991e-02   1.9022139787e-02   1.2982539912e-01   3.0594493724e-01   6.4368721442e-01
   1.9741392924e-02   1.9504450194e-02   1.5799737558e-01   5.4550564283e-01   7.8101340108e-01
   2.0213217531e-02   1.9978335653e-02   1.8514644467e-01   7.8266247657e-01   9.0699148014e-01
   2.0682883921e-02   2.0448099409e-02   2.1168549648e-01   1.0204299665e+00   1.0243455039e+00
   2.1154369884e-02   2.0917668434e-02   2.3773988726e-01   1.2595563600e+00   1.1340994799e+00
   2.1631830658e-02   2.1391071335e-02   2.6292643713e-01   1.4960563398e+00   1.2351341629e+00
   2.2120046328e-02   2.1872589981e-02   2.8790612849e-01   1.7358118109e+00   1.3304473382e+00
   2.2624851065e-02   2.2367502674e-02   3.1212060287e-01   1.9732624589e+00   1.4181862530e+00
   2.3153916106e-02   2.2882199456e-02   3.3586332224e-01   2.2111291878e+00   1.4997862041e+00
   2.3718542008e-02   2.3425632756e-02   3.5914439528e-01   2.4498093075e+00   1.5755429136e+00
   2.4336940680e-02   2.4011451260e-02   3.8172789612e-01   2.6877687124e+00   1.6450792065e+00
   2.5044181154e-02   2.4662430101e-02   4.0359742518e-01   2.9274173979e+00   1.7089707993e+00
   2.5932096803e-02   2.5425932208e-02   4.2393636513e-01   3.1683634437e+00   1.7664323700e+00
   2.7129455959e-02   2.6438261397e-02   4.3720353530e-01   3.3770583885e+00   1.8087249978e+00
   2.8511845082e-02   2.7820650520e-02   4.2993656792e-01   3.4428507998e+00   1.8150464688e+00
   2.9911945697e-02   2.9203039643e-02   3.9425774840e-01   3.3081360824e+00   1.7803782581e+00
   3.1054118992e-02   3.0620851750e-02   3.4377625737e-01   3.0601918287e+00   1.7260126722e+00
   3.1837878985e-02   3.1487386233e-02   2.9744454147e-01   2.8204323225e+00   1.6752925894e+00
   3.2495708232e-02   3.2188371736e-02   2.5184995876e-01   2.5817183351e+00   1.6248600947e+00
   3.3083772185e-02   3.2803044727e-02   2.0631498187e-01   2.3427076719e+00   1.5737838763e+00
   3.3627663803e-02   3.3364499643e-02   1.6101874155e-01   2.1050305563e+00   1.5220258387e+00
   3.4141967765e-02   3.3890827962e-02   1.1568004414e-01   1.8673352232e+00   1.4690088789e+00
   3.4636044021e-02   3.4393107568e-02   7.0097988744e-02   1.6284080197e+00   1.4141931896e+00
   3.5116685432e-02   3.4878980475e-02   2.4891921416e-02   1.3911431173e+00   1.3580048902e+00
   3.5589225133e-02   3.5354390390e-02  -2.0502616427e-02   1.1520574946e+00   1.2993697356e+00
   3.6058150831e-02   3.5824059876e-02  -6.5210771368e-02   9.1508025543e-01   1.2389907533e+00
   3.6527594496e-02   3.6292241787e-02  -1.0978930770e-01   6.7637771552e-01   1.1755994036e+00
   3.7001621320e-02   3.6762947205e-02  -1.5357979131e-01   4.3831077239e-01   1.1094546033e+00
   3.7484551646e-02   3.7240295435e-02  -1.9637510535e-01   2.0052519376e-01   1.0400583685e+00
   3.7981305869e-02   3.7728807857e-02  -2.3783455635e-01  -3.7069873965e-02   9.6688456988e-01
   3.8497987144e-02   3.8233803881e-02  -2.7768836117e-01  -2.7585117477e-01   8.8879536629e-01
   3.9042658747e-02   3.8762170408e-02  -3.1497801169e-01  -5.1439886480e-01   8.0529669872e-01
   3.9626639260e-02   3.9323147087e-02  -3.4858312739e-01  -7.5207738528e-01   7.1534785176e-01
   4.0267628142e-02   3.9930131433e-02  -3.7704079925e-01  -9.9021188565e-01   6.1644995427e-01
   4.0997292068e-02   4.0605124851e-02  -3.9734954750e-01  -1.2291397153e+00   5.0485353975e-01
   4.1885582465e-02   4.1389459286e-02  -4.0289275431e-01  -1.4691029699e+00   3.7281702051e-01
   4.3022605029e-02   4.2381705645e-02  -3.7787005188e-01  -1.6912367546e+00   2.1398665193e-01
   4.4298208171e-02   4.3663504413e-02  -3.0851462112e-01  -1.8316456616e+00   5.3216357806e-02
   4.5416242730e-02   4.4932911929e-02  -2.1543195131e-01  -1.8656111611e+00  -6.8972264773e-02
   4.6316970851e-02   4.5899573531e-02  -1.2202053724e-01  -1.8375429092e+00  -1.5326363105e-01
   4.7120710233e-02   4.6734368171e-02  -2.8872075867e-02  -1.7771151776e+00  -2.1782146303e-01
   4.7881128766e-02   4.7507052296e-02   6.4455910872e-02  -1.6941813489e+00  -2.7021495088e-01
   4.8631487174e-02   4.8255205236e-02   1.5737411020e-01  -1.5932618707e+00  -3.1400078794e-01
   4.9402006720e-02   4.9007769112e-02   2.5059182571e-01  -1.4741595548e+00  -3.5206573326e-01
   5.0233125440e-02   4.9796244328e-02   3.4390162844e-01  -1.3340408752e+00  -3.8641214830e-01
   5.1209500774e-02   5.0670006553e-02   4.3786211359e-01  -1.1612650356e+00  -4.1995007395e-01
   5.2425000607e-02   5.1748994996e-02   5.2168288675e-01  -9.4578240249e-01  -4.5494754502e-01
   5.3841234393e-02   5.3101006218e-02   5.6218919934e-01  -7.0806801020e-01  -4.9115094671e-01
   5.5357775460e-02   5.4581462569e-02   5.2806562410e-01  -4.8381465905e-01  -5.2787288296e-01
   5.6636515386e-02   5.6134088351e-02   4.3911085586e-01  -3.2432159608e-01  -5.5720099588e-01
   5.7531333332e-02   5.7138942420e-02   3.4509047250e-01  -2.3109789257e-01  -5.7540054874e-01
   5.8265112674e-02   5.7923724244e-02   2.5174335830e-01  -1.6606804004e-01  -5.8765316885e-01
   5.8919137452e-02   5.8606501105e-02   1.5860770871e-01  -1.1665100299e-01  -5.9565726660e-01
   5.9527316032e-02   5.9231773798e-02   6.5392599941e-02  -7.7740198496e-02  -5.9993711720e-01
   6.0108830977e-02   5.9822858266e-02  -2.7635659349e-02  -4.6902258616e-02  -6.0058036614e-01
   6.0676852425e-02   6.0394803688e-02  -1.2051643947e-01  -2.2651697706e-02  -5.9748611022e-01
   6.1242013900e-02   6.0958901161e-02  -2.1366117738e-01  -4.1199881981e-03  -5.9031419001e-01
   6.1814454468e-02   6.1525126639e-02  -3.0656243817e-01   8.9339104621e-03  -5.7859013753e-01
   6.2405619619e-02   6.2103782298e-02  -3.9978932098e-01   1.6523100691e-02  -5.6143038211e-01
   6.3030658755e-02   6.2707456940e-02  -4.9281032594e-01   1.8070528880e-02  -5.3766650653e-01
   6.3713540348e-02   6.3353860570e-02  -5.8611830806e-01   1.2291680734e-02  -5.0502812964e-01
   6.4501720795e-02   6.4073220125e-02  -6.7953836996e-01  -3.8344392105e-03  -4.5929177173e-01
   6.5544474889e-02   6.4930221466e-02  -7.7469357977e-01  -4.0320965362e-02  -3.8701422561e-01
   6.7184312338e-02   6.6158728312e-02  -8.4609878011e-01  -1.2892545527e-01  -2.5678545567e-01
   6.9029069511e-02   6.8209896363e-02  -8.1362372764e-01  -2.6059554803e-01  -1.1089457997e-01
   7.0322602533e-02   6.9848242659e-02  -7.1800385422e-01  -3.6458795844e-01  -2.6778214944e-02
   7.1173798254e-02   7.0796962408e-02  -6.2419851875e-01  -4.3324163197e-01   1.2207883223e-02
   7.1879232700e-02   7.1550634101e-02  -5.3075828768e-01  -4.8766389577e-01   3.1995705208e-02
   7.2507732701e-02   7.2207831300e-02  -4.3778185972e-01  -5.3243899576e-01   3.8746700260e-02
   7.3088950429e-02   7.2807634102e-02  -3.4461659331e-01  -5.6977871429e-01   3.5222754790e-02
   7.3639333483e-02   7.3370266756e-02  -2.5172415866e-01  -6.0038911747e-01   2.2885987611e-02
   7.4169569366e-02   7.3908400210e-02  -1.5859904784e-01  -6.2484877743e-01   2.5297676114e-03
   7.4687393593e-02   7.4430738521e-02  -6.5540804322e-02  -6.4316212167e-01  -2.5299540736e-02
   7.5199044480e-02   7.4944048665e-02   2.7409383488e-02  -6.5522682945e-01  -6.0277836911e-02
   7.5710021413e-02   7.5454040296e-02   1.2033606458e-01  -6.6075531094e-01  -1.0230392880e-01
   7.6225672601e-02   7.5966002531e-02   2.1333604371e-01  -6.5921631389e-01  -1.5146675972e-01
   7.6751738669e-02   7.6485342672e-02   3.0641209337e-01  -6.4979388361e-01  -2.0798114796e-01
   7.7294960349e-02   7.7018134665e-02   3.9936284580e-01  -6.3137023501e-01  -2.7208625804e-01
   7.7864051174e-02   7.7571786033e-02   4.9243809367e-01  -6.0220786065e-01  -3.4457131535e-01
   7.8471429014e-02   7.8156316315e-02   5.8549602573e-01  -5.5976134629e-01  -4.2633165348e-01
   7.9136947782e-02   7.8786541712e-02   6.7863536728e-01  -4.9972931253e-01  -5.1913606347e-01
   7.9897914915e-02   7.9487353851e-02   7.7187236481e-01  -4.1414920616e-01  -6.2613941553e-01
   8.0850025420e-02   8.0308475979e-02   8.6616135662e-01  -2.8220667895e-01  -7.5623556697e-01
   8.2048995002e-02   8.1391574862e-02   9.4553938506e-01  -8.2942069210e-02  -9.0255376797e-01
   8.3298719790e-02   8.2706415141e-02   9.8025715156e-01   1.5489781573e-01  -1.0227642563e+00
   8.4460373655e-02   8.3891024439e-02   9.6677545252e-01   3.9306141747e-01  -1.0937395716e+00
   8.5609572403e-02   8.5029722871e-02   9.1224258031e-01   6.3115420352e-01  -1.1185501740e+00
   8.6694936266e-02   8.6189421935e-02   8.2770180296e-01   8.4550443168e-01  -1.0988213675e+00
   8.7618802268e-02   8.7200450597e-02   7.3408728932e-01   1.0106376921e+00  -1.0490402648e+00
   8.8412581075e-02   8.8037153940e-02   6.4097156942e-01   1.1334052476e+00  -9.8341091866e-01
   8.9139752693e-02   8.8788008210e-02   5.4782763543e-01   1.2267103490e+00  -9.0649207240e-01
   8.9830810901e-02   8.9491497176e-02   4.5464515433e-01   1.2955077776e+00  -8.2043225373e-01
   9.0505081328e-02   9.0170124626e-02   3.6173547707e-01   1.3417933351e+00  -7.2663742747e-01
   9.1177564970e-02   9.0840038030e-02   2.6886851662e-01   1.3662815278e+00  -6.2538937258e-01
   9.1862413620e-02   9.1515091911e-02   1.7576755908e-01   1.3680770637e+00  -5.1635924060e-01
   9.2575822202e-02   9.2209735329e-02   8.2543003349e-02   1.3446795732e+00  -3.9916928687e-01
   9.3339730320e-02   9.2941909075e-02  -1.0400697547e-02   1.2919226252e+00  -2.7331182202e-01
   9.4190023926e-02   9.3737551565e-02  -1.0355031152e-01   1.2015240484e+00  -1.3607100351e-01
   9.5201179674e-02   9.4642496287e-02  -1.9712298990e-01   1.0558779716e+00   1.7467355071e-02
   9.6382162696e-02   9.5759863061e-02  -2.7994952182e-01   8.4709980562e-01   1.7538513370e-01
   9.7594565980e-02   9.7004462331e-02  -3.3474293303e-01   6.0838903329e-01   3.0647782668e-01
   9.8804730779e-02   9.8184669628e-02  -3.6003320553e-01   3.6942352071e-01   3.9944317347e-01
   1.0018503145e-01   9.9424791930e-02  -3.5946674745e-01   1.2867460296e-01   4.5616989228e-01
   1.0245046087e-01   1.0094527096e-01  -3.2082589444e-01  -1.0298444414e-01   4.4068157995e-01
   1.0519652929e-01   1.0395565078e-01  -2.8338966149e-01  -6.7373664710e-02   3.1431651652e-01
   1.0721087051e-01   1.0643740779e-01  -3.0353612876e-01   1.7093421142e-01   2.0277075117e-01
   1.0867972050e-01   1.0798433323e-01  -3.5539918132e-01   4.1138065048e-01   1.4905777162e-01
   1.1010372169e-01   1.0937510777e-01  -4.3130191970e-01   6.4711461877e-01   1.4085043388e-01
   1.1153359992e-01   1.1083233560e-01  -5.2243641402e-01   8.4492342420e-01   1.8776506572e-01
   1.1298564750e-01   1.1223486424e-01  -6.1533944349e-01   9.7037613893e-01   2.9800226693e-01
   1.1438705592e-01   1.1373643075e-01  -6.8918375749e-01   1.0016710015e+00   4.5902108608e-01
   1.1559784252e-01   1.1503768109e-01  -7.2809955750e-01   9.5236531033e-01   6.3322478165e-01
   1.1668660904e-01   1.1615800395e-01  -7.3545762987e-01   8.5206125607e-01   8.0679128242e-01
   1.1775009935e-01   1.1721521413e-01  -7.1287082973e-01   7.1215877259e-01   9.8043977833e-01
   1.1886341794e-01   1.1828498458e-01  -6.5528471585e-01   5.3420309623e-01   1.1531714262e+00
   1.1992675099e-01   1.1944185130e-01  -5.6905896623e-01   3.4848234801e-01   1.2969291110e+00
   1.2080941998e-01   1.2041165069e-01  -4.7549539496e-01   1.9166076358e-01   1.3916804591e+00
   1.2155950774e-01   1.2120718927e-01  -3.8228241476e-01   6.2198115171e-02   1.4493683733e+00
   1.2223730295e-01   1.2191182621e-01  -2.8936272550e-01  -4.8347763099e-02   1.4805164986e+00
   1.2287192584e-01   1.2256277969e-01  -1.9612779706e-01  -1.4489524167e-01   1.4898755531e+00
   1.2348107647e-01   1.2318107198e-01  -1.0303931193e-01  -2.2952263958e-01   1.4795094806e+00
   1.2407753154e-01   1.2378108095e-01  -9.9580791379e-03  -3.0419771021e-01   1.4502891114e+00
   1.2467190179e-01   1.2437398212e-01   8.2958030236e-02  -3.7019105988e-01   1.4021587889e+00
   1.2527443164e-01   1.2496982147e-01   1.7594785149e-01  -4.2881911019e-01   1.3339094924e+00
   1.2589661658e-01   1.2557904182e-01   2.6895449137e-01  -4.8108909617e-01   1.2432773687e+00
   1.2655344961e-01   1.2621419135e-01   3.6209325368e-01  -5.2821053366e-01   1.1261087644e+00
   1.2725905201e-01   1.2689270787e-01   4.5410341278e-01  -5.7116333855e-01   9.7772419597e-01
   1.2796564089e-01   1.2762539616e-01   5.3658736343e-01  -6.0865947820e-01   8.0762559287e-01
   1.2861900731e-01   1.2830588562e-01   6.0237717153e-01  -6.4031344759e-01   6.3435873296e-01
   1.2922744589e-01   1.2893212901e-01   6.5405567700e-01  -6.6924767910e-01   4.6068922646e-01
   1.2980647008e-01   1.2952276277e-01   6.9384002913e-01  -6.9766336941e-01   2.8794460293e-01
   1.3036668941e-01   1.3009017739e-01   7.2386483759e-01  -7.2770981589e-01   1.1363197902e-01
   1.3091621291e-01   1.3064320144e-01   7.4469399366e-01  -7.6025965426e-01  -5.9304318332e-02
   1.3146197481e-01   1.3118922437e-01   7.5736702606e-01  -7.9677319926e-01  -2.3239379071e-01
   1.3201045091e-01   1.3173472525e-01   7.6231964419e-01  -8.3848879413e-01  -4.0581304737e-01
   1.3256846889e-01   1.3228617657e-01   7.5974474381e-01  -8.8672440538e-01  -5.7959966530e-01
   1.3314393462e-01   1.3285076122e-01   7.4972615346e-01  -9.4258955727e-01  -7.5257309448e-01
   1.3374709026e-01   1.3343710801e-01   7.3197944133e-01  -1.0083783734e+00  -9.2614896413e-01
   1.3439271385e-01   1.3405707250e-01   7.0600402569e-01  -1.0862934630e+00  -1.0992999022e+00
   1.3510542312e-01   1.3472835521e-01   6.7026080331e-01  -1.1811648338e+00  -1.2735329035e+00
   1.3593429849e-01   1.3548249103e-01   6.2227121659e-01  -1.2997461122e+00  -1.4473477149e+00
   1.3700903464e-01   1.3638610595e-01   5.5385540623e-01  -1.4621014336e+00  -1.6219464465e+00
   1.3836800732e-01   1.3763196333e-01   4.6645087831e-01  -1.6642366550e+00  -1.7526130520e+00
   1.3997104885e-01   1.3910405131e-01   3.7317961988e-01  -1.8668306595e+00  -1.7715442605e+00
   1.4158930522e-01   1.4083804639e-01   2.9714928644e-01  -1.9938583552e+00  -1.6531964939e+00
   1.4285953314e-01   1.4234056405e-01   2.5077283498e-01  -2.0147735962e+00  -1.4756717549e+00
   1.4381942296e-01   1.4337850223e-01   2.2178410031e-01  -1.9733832282e+00  -1.3014947381e+00
   1.4466388519e-01   1.4426034369e-01   1.9834404611e-01  -1.8936444944e+00  -1.1276121423e+00
   1.4545306360e-01   1.4506742669e-01   1.7641921653e-01  -1.7824989802e+00  -9.5444366053e-01
   1.4621907281e-01   1.4583870052e-01   1.5325285518e-01  -1.6408384285e+00  -7.8067333385e-01
   1.4698542398e-01   1.4659944510e-01   1.2672027081e-01  -1.4685735935e+00  -6.0742801764e-01
   1.4777336965e-01   1.4737140287e-01   9.4249827573e-02  -1.2621852563e+00  -4.3444765757e-01
   1.4855990301e-01   1.4817533643e-01   5.5153140418e-02  -1.0304577009e+00  -2.7159040258e-01
   1.4930353424e-01   1.4894446960e-01   1.1057553708e-02  -7.9248103972e-01  -1.3108185906e-01
   1.5000621175e-01   1.4966259888e-01  -3.7779982413e-02  -5.5423189719e-01  -1.3078035041e-02
   1.5068506666e-01   1.5034982462e-01  -9.1734610867e-02  -3.1641305251e-01   8.4695595960e-02
   1.5135282195e-01   1.5102030871e-01  -1.5142695527e-01  -7.8447046532e-02   1.6390922572e-01
   1.5202028928e-01   1.5168533519e-01  -2.1750749359e-01   1.5992911615e-01   2.2510022747e-01
   1.5269797421e-01   1.5235524338e-01  -2.9031527219e-01   3.9761884785e-01   2.6787166363e-01
   1.5339750311e-01   1.5304070504e-01  -3.7100021905e-01   6.3571511429e-01   2.9157659344e-01
   1.5412540118e-01   1.5375430118e-01  -4.5934959838e-01   8.7085594724e-01   2.9449574078e-01
   1.5486139987e-01   1.5449650118e-01  -5.5228102769e-01   1.0936522738e+00   2.7590039693e-01
   1.5559044430e-01   1.5522629857e-01  -6.4514083083e-01   1.2942356764e+00   2.3779448194e-01
   1.5632684652e-01   1.5595459002e-01  -7.3810159608e-01   1.4753509857e+00   1.8160347132e-01
   1.5709124240e-01   1.5669910302e-01  -8.3121729576e-01   1.6386512605e+00   1.0740393348e-01
   1.5791499067e-01   1.5748338177e-01  -9.2438059775e-01   1.7849120612e+00   1.3698847091e-02
   1.5886255572e-01   1.5834659957e-01  -1.0181011984e+00   1.9151113505e+00  -1.0539179013e-01
   1.6004735931e-01   1.5937851187e-01  -1.1070579199e+00   2.0224453431e+00  -2.5805358426e-01
   1.6154105608e-01   1.6071620675e-01  -1.1628164239e+00   2.0810490279e+00  -4.3244332319e-01
   1.6324986162e-01   1.6236590540e-01  -1.1351197574e+00   2.0651465330e+00  -5.7080046066e-01
   1.6460921045e-01   1.6413381783e-01  -1.0404584608e+00   2.0083523074e+00  -6.1463823238e-01
   1.6544771827e-01   1.6508460307e-01  -9.4629329068e-01   1.9581971590e+00  -6.0291696218e-01
   1.6611899700e-01   1.6581083347e-01  -8.5306846333e-01   1.9123494589e+00  -5.7148532068e-01
   1.6670164954e-01   1.6642716053e-01  -7.5992084867e-01   1.8690999112e+00  -5.2824056049e-01
   1.6722775436e-01   1.6697613854e-01  -6.6682402251e-01   1.8276543889e+00  -4.7666748902e-01
   1.6771451870e-01   1.6747937019e-01  -5.7388399221e-01   1.7874827520e+00  -4.1880953062e-01
   1.6817250570e-01   1.6794966722e-01  -4.8086926097e-01   1.7480292072e+00  -3.5576374161e-01
   1.6860878819e-01   1.6839534419e-01  -3.8760970942e-01   1.7088366833e+00  -2.8823887025e-01
   1.6902849860e-01   1.6882223219e-01  -2.9462972291e-01   1.6697781645e+00  -2.1723716828e-01
   1.6943558478e-01   1.6923476501e-01  -2.0219702984e-01   1.6306495581e+00  -1.4349229930e-01
   1.6983310612e-01   1.6963640454e-01  -1.0828386181e-01   1.5902717682e+00  -6.5694498136e-02
   1.7022365374e-01   1.7002980770e-01  -1.6288642007e-02   1.5498072372e+00   1.3023849629e-02
   1.7060949903e-01   1.7041749978e-01   7.7734142552e-02   1.5071962196e+00   9.5795882898e-02
   1.7099266376e-01   1.7080149828e-01   1.7013594644e-01   1.4637505766e+00   1.7922526901e-01
   1.7137510147e-01   1.7118382924e-01   2.6297576418e-01   1.4181818762e+00   2.6494815384e-01
   1.7175872760e-01   1.7156637370e-01   3.5658020678e-01   1.3698817470e+00   3.5315902801e-01
   1.7214550792e-01   1.7195108151e-01   4.4872709004e-01   1.3195820976e+00   4.4160917321e-01
   1.7253761170e-01   1.7233993434e-01   5.4265686034e-01   1.2649612882e+00   5.3329885392e-01
   1.7293744454e-01   1.7273528906e-01   6.3483420882e-01   1.2074563581e+00   6.2467015256e-01
   1.7334786318e-01   1.7313960003e-01   7.2829398562e-01   1.1444440418e+00   7.1861585590e-01
   1.7377244982e-01   1.7355612634e-01   8.2128163360e-01   1.0760494841e+00   8.1329867055e-01
   1.7421573502e-01   1.7398877330e-01   9.1398309255e-01   1.0009690786e+00   9.0879155645e-01
   1.7470578565e-01   1.7444269674e-01   1.0113902554e+00   9.1266422387e-01   1.0102159497e+00