# time = 1
# Grid points = 474
# Pressure (Pa) = 101325
#             1_pos             2_posf             3_uvel             4_vvel             5_wvel
  -3.0276700918e-01  -3.0326532986e-01   1.1583694562e+00   6.1366658301e-01   9.4416784340e-01
  -3.0175394347e-01  -3.0226868850e-01   1.2590954578e+00   5.2405396139e-01   1.0308497003e+00
  -3.0063442227e-01  -3.0123919844e-01   1.3562929614e+00   4.1876972279e-01   1.1149170074e+00
  -2.9924957418e-01  -3.0002964610e-01   1.4535224257e+00   2.8074064244e-01   1.1989944123e+00
  -2.9762874459e-01  -2.9846950226e-01   1.5334237339e+00   1.1061235154e-01   1.2671330097e+00
  -2.9596653513e-01  -2.9678798692e-01   1.5754389008e+00  -7.0207379568e-02   1.3006019174e+00
  -2.9431925592e-01  -2.9514508334e-01   1.5760933123e+00  -2.5098697913e-01   1.2960165586e+00
  -2.9263481929e-01  -2.9349342851e-01   1.5354519354e+00  -4.3184682303e-01   1.2533260992e+00
  -2.9096028306e-01  -2.9177621008e-01   1.4562565067e+00  -6.0169917491e-01   1.1756988900e+00
  -2.8950561612e-01  -2.9014435604e-01   1.3592552045e+00  -7.3606598888e-01   1.0834050000e+00
  -2.8831816958e-01  -2.8886687621e-01   1.2618319144e+00  -8.3404882805e-01   9.9262986895e-01
  -2.8727392513e-01  -2.8776946296e-01   1.1649253440e+00  -9.0914665997e-01   9.0392143671e-01
  -2.8631777320e-01  -2.8677838731e-01   1.0681411485e+00  -9.6793638065e-01   8.1681572375e-01
  -2.8542072672e-01  -2.8585715909e-01   9.7111573770e-01  -1.0137758177e+00   7.3099154921e-01
  -2.8456478414e-01  -2.8498429435e-01   8.7468128368e-01  -1.0482228466e+00   6.4722194622e-01
  -2.8373766660e-01  -2.8414527393e-01   7.7734836685e-01  -1.0729296064e+00   5.6430172571e-01
  -2.8293028627e-01  -2.8333005927e-01   6.8092783743e-01  -1.0881877878e+00   4.8387779440e-01
  -2.8213535886e-01  -2.8253051326e-01   5.8429913413e-01  -1.0947802510e+00   4.0511822595e-01
  -2.8134684219e-01  -2.8174020445e-01   4.8710220893e-01  -1.0928668793e+00   3.2791411393e-01
  -2.8055927734e-01  -2.8095347993e-01   3.9028064863e-01  -1.0825466921e+00   2.5320805474e-01
  -2.7976749308e-01  -2.8016507474e-01   2.9365139232e-01  -1.0638724271e+00   1.8105207320e-01
  -2.7896635593e-01  -2.7936991143e-01   1.9717417252e-01  -1.0367476166e+00   1.1165636300e-01
  -2.7815036372e-01  -2.7856280044e-01   9.9879785205e-02  -1.0005061821e+00   4.4674654902e-02
  -2.7731350057e-01  -2.7773792700e-01   3.6119232087e-03  -9.5547102244e-01  -1.8263441832e-02
  -2.7644868362e-01  -2.7688907414e-01  -9.3641245571e-02  -9.0012657627e-01  -7.8004802692e-02
  -2.7554728625e-01  -2.7600829310e-01  -1.9017178486e-01  -8.3463097433e-01  -1.3290132151e-01
  -2.7459832676e-01  -2.7508627940e-01  -2.8710062412e-01  -7.5726100757e-01  -1.8287372492e-01
  -2.7358696205e-01  -2.7411037412e-01  -3.8377908876e-01  -6.6711036205e-01  -2.2659864427e-01
  -2.7249196012e-01  -2.7306354997e-01  -4.8070838776e-01  -5.6174781668e-01  -2.6296057610e-01
  -2.7128060201e-01  -2.7192037026e-01  -5.7747745624e-01  -4.3871306321e-01  -2.8986283637e-01
  -2.6989669491e-01  -2.7064083377e-01  -6.7444151315e-01  -2.9293056459e-01  -3.0438325592e-01
  -2.6830039920e-01  -2.6915255605e-01  -7.6798671349e-01  -1.2318089988e-01  -3.0169531388e-01
  -2.6654938811e-01  -2.6744824236e-01  -8.4806253344e-01   5.7373249644e-02  -2.7888519882e-01
  -2.6465169851e-01  -2.6565053385e-01  -9.0911607716e-01   2.3865719035e-01  -2.3675901829e-01
  -2.6243681633e-01  -2.6365286317e-01  -9.4806147697e-01   4.2035671664e-01  -1.7553098198e-01
  -2.5932782059e-01  -2.6122076949e-01  -9.4813775097e-01   6.0516773277e-01  -9.2647446233e-02
  -2.5575576646e-01  -2.5743487170e-01  -8.8205829362e-01   7.1568218844e-01  -3.4793957985e-02
  -2.5295138427e-01  -2.5407666121e-01  -7.8340896906e-01   7.2963876439e-01  -3.4861058393e-02
  -2.5090935450e-01  -2.5182610733e-01  -6.8630655069e-01   7.0541779881e-01  -6.3739298087e-02
  -2.4919291705e-01  -2.4999260167e-01  -5.8953735292e-01   6.6803649953e-01  -1.0451024767e-01
  -2.4766936630e-01  -2.4839323244e-01  -4.9265482645e-01   6.2478119345e-01  -1.5077659232e-01
  -2.4627380434e-01  -2.4694550017e-01  -3.9601280637e-01   5.7893715217e-01  -1.9878655753e-01
  -2.4496736054e-01  -2.4560210851e-01  -2.9923920814e-01   5.3173647507e-01  -2.4649454325e-01
  -2.4372374447e-01  -2.4433261256e-01  -2.0253176085e-01   4.8383531739e-01  -2.9230046318e-01
  -2.4252317616e-01  -2.4311487638e-01  -1.0576289777e-01   4.3525740033e-01  -3.3517899625e-01
  -2.4134939526e-01  -2.4193147594e-01  -9.1429211432e-03   3.8588498800e-01  -3.7420422909e-01
  -2.4018771395e-01  -2.4076731457e-01   8.7703618685e-02   3.3505281997e-01  -4.0881210052e-01
  -2.3902345006e-01  -2.3960811333e-01   1.8452550306e-01   2.8216724751e-01  -4.3822476692e-01
  -2.3784026699e-01  -2.3843878679e-01   2.8121101680e-01   2.2627707819e-01  -4.6172226756e-01
  -2.3661779193e-01  -2.3724174718e-01   3.7800011862e-01   1.6577999418e-01  -4.7851727691e-01
  -2.3532715444e-01  -2.3599383667e-01   4.7486639157e-01   9.8439545579e-02  -4.8740777872e-01
  -2.3392097625e-01  -2.3466047220e-01   5.7176419039e-01   2.0510150886e-02  -4.8651184870e-01
  -2.3230237710e-01  -2.3318148029e-01   6.6909162861e-01  -7.6030235424e-02  -4.7211875228e-01
  -2.3024004176e-01  -2.3142327390e-01   7.6510332371e-01  -2.1041912224e-01  -4.3495591493e-01
  -2.2785738350e-01  -2.2905680961e-01   8.3120251562e-01  -3.8096171742e-01  -3.7190175267e-01
  -2.2553349285e-01  -2.2665795739e-01   8.4296816005e-01  -5.6123969008e-01  -2.9689063603e-01
  -2.2331473987e-01  -2.2440902832e-01   8.0278282488e-01  -7.4183466074e-01  -2.2082870212e-01
  -2.2124370670e-01  -2.2222045143e-01   7.2185196928e-01  -9.1149198520e-01  -1.5269003319e-01
  -2.1950479537e-01  -2.2026696198e-01   6.2445578769e-01  -1.0499639681e+00  -1.0126812116e-01
  -2.1808260843e-01  -2.1874262877e-01   5.2741721997e-01  -1.1567868843e+00  -6.5042390267e-02
  -2.1682004090e-01  -2.1742258809e-01   4.3042779483e-01  -1.2446394550e+00  -3.7930382293e-02
  -2.1564928057e-01  -2.1621749371e-01   3.3338045966e-01  -1.3184621574e+00  -1.7329399835e-02
  -2.1453249178e-01  -2.1508106743e-01   2.3679116843e-01  -1.3802964150e+00  -1.8624623714e-03
  -2.1344425990e-01  -2.1398391614e-01   1.3998384672e-01  -1.4317480698e+00   9.5277680303e-03
  -2.1236459646e-01  -2.1290460367e-01   4.3133144908e-02  -1.4730326204e+00   1.7459922111e-02
  -2.1127496064e-01  -2.1182458926e-01  -5.3860787369e-02  -1.5039113892e+00   2.2452604702e-02
  -2.1015548844e-01  -2.1072533203e-01  -1.5048382617e-01  -1.5233938369e+00   2.4949965928e-02
  -2.0898132454e-01  -2.0958564484e-01  -2.4738868357e-01  -1.5298942833e+00   2.5438520126e-02
  -2.0771613450e-01  -2.0837700424e-01  -3.4433792775e-01  -1.5201456698e+00   2.4482046513e-02
  -2.0629678488e-01  -2.0705526476e-01  -4.4136108789e-01  -1.4880109400e+00   2.2991618836e-02
  -2.0457907064e-01  -2.0553830501e-01  -5.3893037530e-01  -1.4188636397e+00   2.2960831944e-02
  -2.0241820197e-01  -2.0361983628e-01  -6.2665129520e-01  -1.2865443748e+00   2.9833921262e-02
  -2.0024000428e-01  -2.0121656766e-01  -6.7426412148e-01  -1.1078255239e+00   4.8408700632e-02
  -1.9841494424e-01  -1.9926344091e-01  -6.8088525923e-01  -9.2663263089e-01   7.5672109780e-02
  -1.9678855365e-01  -1.9756644756e-01  -6.6251244640e-01  -7.4548219244e-01   1.0959988434e-01
  -1.9527252444e-01  -1.9601065973e-01  -6.2669021489e-01  -5.6487969256e-01   1.4878657517e-01
  -1.9381556258e-01  -1.9453438915e-01  -5.7703949488e-01  -3.8369209834e-01   1.9240828590e-01
  -1.9238037882e-01  -1.9309673602e-01  -5.1605667178e-01  -2.0328051408e-01   2.3909201388e-01
  -1.9093320747e-01  -1.9166402162e-01  -4.4413892339e-01  -2.1939438106e-02   2.8811648308e-01
  -1.8943620797e-01  -1.9020239332e-01  -3.6189878970e-01   1.5873244820e-01   3.3756407165e-01
  -1.8787201887e-01  -1.8867002262e-01  -2.6978571254e-01   3.3602636080e-01   3.8454648334e-01
  -1.8629061428e-01  -1.8707401512e-01  -1.7320119472e-01   4.9779253969e-01   4.2303461304e-01
  -1.8472065523e-01  -1.8550721344e-01  -7.6610280796e-02   6.3571178361e-01   4.4805418016e-01
  -1.8312548565e-01  -1.8393409703e-01   2.0267313068e-02   7.4862886953e-01   4.5608162228e-01
  -1.8146490109e-01  -1.8231687427e-01   1.1682320546e-01   8.3214842713e-01   4.4211758660e-01
  -1.7968747090e-01  -1.8061292792e-01   2.1357508269e-01   8.8014850325e-01   3.9888138262e-01
  -1.7771010088e-01  -1.7876201388e-01   3.1038216484e-01   8.8067947200e-01   3.1469426888e-01
  -1.7562347674e-01  -1.7665818787e-01   3.9789654209e-01   8.2250440642e-01   1.8661506629e-01
  -1.7371941636e-01  -1.7458876560e-01   4.6240963615e-01   7.2093668985e-01   3.9572800192e-02
  -1.7205593227e-01  -1.7285006713e-01   5.0523717185e-01   5.9855755771e-01  -1.0746565864e-01
  -1.7049560828e-01  -1.7126179740e-01   5.3259115226e-01   4.6179963226e-01  -2.5403193305e-01
  -1.6895429798e-01  -1.6972941916e-01   5.4651415852e-01   3.1190656651e-01  -4.0068114949e-01
  -1.6735017161e-01  -1.6817917680e-01   5.4604798851e-01   1.4754695728e-01  -5.4768118000e-01
  -1.6562504439e-01  -1.6652116641e-01   5.2737157677e-01  -2.9149920847e-02  -6.8972239265e-01
  -1.6374046248e-01  -1.6472892237e-01   4.8420125189e-01  -2.1057564548e-01  -8.1449729486e-01
  -1.6168679443e-01  -1.6275200258e-01   4.0913446149e-01  -3.8097958025e-01  -9.0156457818e-01
  -1.5977305713e-01  -1.6062158629e-01   3.1341067689e-01  -5.0403072623e-01  -9.2843359960e-01
  -1.5820451238e-01  -1.5892452797e-01   2.1623073299e-01  -5.7281310863e-01  -9.0575702215e-01
  -1.5684136436e-01  -1.5748449679e-01   1.1952357205e-01  -6.0669434993e-01  -8.5254810522e-01
  -1.5560566791e-01  -1.5619823192e-01   2.2508839504e-02  -6.1623807230e-01  -7.7757880630e-01
  -1.5445472089e-01  -1.5501310391e-01  -7.4080571291e-02  -6.0715656836e-01  -6.8658909023e-01
  -1.5336110821e-01  -1.5389633787e-01  -1.7104182842e-01  -5.8303097910e-01  -5.8210649475e-01
  -1.5230523998e-01  -1.5282587856e-01  -2.6766443037e-01  -5.4643524504e-01  -4.6706137198e-01
  -1.5127143661e-01  -1.5178460139e-01  -3.6474951774e-01  -4.9869296025e-01  -3.4199207218e-01
  -1.5024584627e-01  -1.5075827182e-01  -4.6142374831e-01  -4.4132022713e-01  -2.0905284035e-01
  -1.4921546187e-01  -1.4973342072e-01  -5.5805713384e-01  -3.7483642282e-01  -6.8477805168e-02
  -1.4818292660e-01  -1.4869750303e-01  -6.5304283398e-01  -3.0081836630e-01   7.6863575039e-02
  -1.4715537451e-01  -1.4766835017e-01  -7.4448799569e-01  -2.2118369480e-01   2.2355036890e-01
  -1.4612140326e-01  -1.4664239885e-01  -8.3186339663e-01  -1.3664856396e-01   3.7034506075e-01
  -1.4506046796e-01  -1.4560040767e-01  -9.1486445377e-01  -4.7291265725e-02   5.1670116340e-01
  -1.4394675565e-01  -1.4452052824e-01  -9.9372498479e-01   4.8324621935e-02   6.6370260194e-01
  -1.4274201801e-01  -1.4337298305e-01  -1.0668831562e+00   1.5104237957e-01   8.1020614257e-01
  -1.4137624015e-01  -1.4211105298e-01  -1.1327958787e+00   2.6516732421e-01   9.5750147045e-01
  -1.3967007117e-01  -1.4064142733e-01  -1.1854070476e+00   4.0014963735e-01   1.1058554984e+00
  -1.3735219530e-01  -1.3869871501e-01  -1.1984316097e+00   5.6542749087e-01   1.2349939753e+00
  -1.3486502898e-01  -1.3600567560e-01  -1.1368837086e+00   7.1724449602e-01   1.2796206495e+00
  -1.3299019988e-01  -1.3372438236e-01  -1.0375061956e+00   8.1339883597e-01   1.2488459651e+00
  -1.3166317893e-01  -1.3225601740e-01  -9.4000871650e-01   8.7218189724e-01   1.1955146154e+00
  -1.3055349371e-01  -1.3107034045e-01  -8.4298855077e-01   9.1603467492e-01   1.1338824736e+00
  -1.2956793040e-01  -1.3003664696e-01  -7.4606992081e-01   9.5132234698e-01   1.0680580368e+00
  -1.2866356295e-01  -1.2909921383e-01  -6.4920825295e-01   9.8089169074e-01   1.0000428070e+00
  -1.2781601177e-01  -1.2822791206e-01  -5.5245298303e-01   1.0063076363e+00   9.3104337032e-01
  -1.2700965838e-01  -1.2740411148e-01  -4.5581607036e-01   1.0285349566e+00   8.6182751437e-01
  -1.2623369229e-01  -1.2661520529e-01  -3.5871639414e-01   1.0483139297e+00   7.9252072790e-01
  -1.2548004298e-01  -1.2585217929e-01  -2.6183192910e-01   1.0659139344e+00   7.2402544873e-01
  -1.2474228920e-01  -1.2510790668e-01  -1.6488216719e-01   1.0816772377e+00   6.5648266268e-01
  -1.2401512609e-01  -1.2437667173e-01  -6.8207757350e-02   1.0957429260e+00   5.9041732716e-01
  -1.2329394196e-01  -1.2365358045e-01   2.8329288288e-02   1.1082578203e+00   5.2598678783e-01
  -1.2257455113e-01  -1.2293430347e-01   1.2483874192e-01   1.1192943281e+00   4.6336166198e-01
  -1.2185290214e-01  -1.2221479879e-01   2.2237555597e-01   1.1289417413e+00   4.0215256708e-01
  -1.2112491493e-01  -1.2149100549e-01   3.1895459597e-01   1.1369501638e+00   3.4387332630e-01
  -1.2038632205e-01  -1.2075882437e-01   4.1562785339e-01   1.1433300150e+00   2.8812946336e-01
  -1.1963239929e-01  -1.2001381972e-01   5.1239122470e-01   1.1479085956e+00   2.3524782369e-01
  -1.1885770777e-01  -1.1925097886e-01   6.0909025970e-01   1.1504368219e+00   1.8567650823e-01
  -1.1805569662e-01  -1.1846443669e-01   7.0585679039e-01   1.1505784936e+00   1.3978013572e-01
  -1.1721805116e-01  -1.1764695656e-01   8.0287148459e-01   1.1478432112e+00   9.8026721710e-02
  -1.1633386850e-01  -1.1678914577e-01   8.9960486370e-01   1.1415681435e+00   6.1324668409e-02
  -1.1538794804e-01  -1.1587859123e-01   9.9648158212e-01   1.1307460662e+00   3.0403115251e-02
  -1.1435751331e-01  -1.1489730484e-01   1.0933616182e+00   1.1138545178e+00   6.6047175814e-03
  -1.1320529073e-01  -1.1381772178e-01   1.1902840651e+00   1.0883375715e+00  -8.1037859489e-03
  -1.1186081548e-01  -1.1259285968e-01   1.2873479888e+00   1.0493353833e+00  -1.0286045926e-02
  -1.1014787181e-01  -1.1112877129e-01   1.3852586054e+00   9.8457259243e-01   7.8976946457e-03
  -1.0769715556e-01  -1.0916697233e-01   1.4745286950e+00   8.6249240038e-01   6.5973501442e-02
  -1.0494912606e-01  -1.0622733880e-01   1.5108671209e+00   6.8899268473e-01   1.5680499137e-01
  -1.0255648944e-01  -1.0367091332e-01   1.4900476612e+00   5.0843551770e-01   2.4255428947e-01
  -1.0042252109e-01  -1.0144206555e-01   1.4347005392e+00   3.2773092939e-01   3.1220634602e-01
  -9.8441926236e-02  -9.9402976637e-02   1.3561080072e+00   1.4748594637e-01   3.6329558974e-01
  -9.6623572882e-02  -9.7480875835e-02   1.2631592583e+00  -2.6451108982e-02   3.9467084377e-01
  -9.5018716947e-02  -9.5766269929e-02   1.1663336068e+00  -1.8405217021e-01   4.0776561892e-01
  -9.3594442440e-02  -9.4271163966e-02   1.0695490653e+00  -3.2582244772e-01   4.0707453301e-01
  -9.2291075140e-02  -9.2917720914e-02   9.7272160894e-01  -4.5581086344e-01   3.9605575304e-01
  -9.1074904794e-02  -9.1664429365e-02   8.7608752715e-01  -5.7583642672e-01   3.7693936114e-01
  -8.9924189717e-02  -9.0485380224e-02   7.7928161609e-01  -6.8758876175e-01   3.5114992809e-01
  -8.8823510530e-02  -8.9362999210e-02   6.8262564259e-01  -7.9141831820e-01   3.1982731447e-01
  -8.7761015405e-02  -8.8284021850e-02   5.8579562784e-01  -8.8807629387e-01   2.8362828707e-01
  -8.6727014578e-02  -8.7238008959e-02   4.8907924894e-01  -9.7742924853e-01   2.4318960195e-01
  -8.5713037191e-02  -8.6216020197e-02   3.9257810058e-01  -1.0593952203e+00   1.9893266216e-01
  -8.4711311078e-02  -8.5210054186e-02   2.9540819233e-01  -1.1344237321e+00   1.5060654034e-01
  -8.3714193975e-02  -8.4212567970e-02   1.9894804241e-01  -1.2010187118e+00   9.8936740096e-02
  -8.2713688838e-02  -8.3215819981e-02   1.0212737777e-01  -1.2593027177e+00   4.3257942412e-02
  -8.1700907959e-02  -8.2211557696e-02   5.2379913590e-03  -1.3080246373e+00  -1.6603257291e-02
  -8.0665304553e-02  -8.1190258222e-02  -9.1430883409e-02  -1.3456525615e+00  -8.0988442820e-02
  -7.9593455835e-02  -8.0140350883e-02  -1.8818172721e-01  -1.3702774180e+00  -1.5094479391e-01
  -7.8466824168e-02  -7.9046560786e-02  -2.8504540466e-01  -1.3787607857e+00  -2.2788334372e-01
  -7.7257495264e-02  -7.7887087551e-02  -3.8190266071e-01  -1.3661595586e+00  -3.1396041065e-01
  -7.5918200696e-02  -7.6627902976e-02  -4.7875407309e-01  -1.3239728197e+00  -4.1313543761e-01
  -7.4358531843e-02  -7.5208498415e-02  -5.7583003622e-01  -1.2346091626e+00  -5.3388837878e-01
  -7.2650960386e-02  -7.3508565271e-02  -6.6002977497e-01  -1.0869000797e+00  -6.7116897152e-01
  -7.1098299762e-02  -7.1793355500e-02  -7.1541768680e-01  -9.0750010228e-01  -8.0023606327e-01
  -6.9807355770e-02  -7.0403244024e-02  -7.4538514741e-01  -7.2591864402e-01  -9.1030706231e-01
  -6.8676453117e-02  -6.9211467517e-02  -7.5982849915e-01  -5.4478712214e-01  -1.0081379217e+00
  -6.7647016921e-02  -6.8141438717e-02  -7.6389602036e-01  -3.6393915084e-01  -1.0978908223e+00
  -6.6686378952e-02  -6.7152595125e-02  -7.6043152154e-01  -1.8245700326e-01  -1.1822102667e+00
  -6.5773452420e-02  -6.6220162779e-02  -7.5129018762e-01  -1.8233958204e-03  -1.2617789591e+00
  -6.4893134580e-02  -6.5326742062e-02  -7.3769697280e-01   1.7915393262e-01  -1.3380444076e+00
  -6.4033742569e-02  -6.4459527099e-02  -7.2051497660e-01   3.6072269085e-01  -1.4116934752e+00
  -6.3185236019e-02  -6.3607958039e-02  -7.0069660000e-01   5.4074571530e-01  -1.4823141074e+00
  -6.2338229475e-02  -6.2762513998e-02  -6.7845100944e-01   7.2260457531e-01  -1.5515152890e+00
  -6.1483095720e-02  -6.1913944952e-02  -6.5464513563e-01   9.0324775306e-01  -1.6182952004e+00
  -6.0608886347e-02  -6.1052246488e-02  -6.2959194249e-01   1.0840487257e+00  -1.6832527753e+00
  -5.9701718041e-02  -6.0165526207e-02  -6.0370707643e-01   1.2654085996e+00  -1.7464574114e+00
  -5.8742102559e-02  -5.9237909874e-02  -5.7769861778e-01   1.4461978151e+00  -1.8072793309e+00
  -5.7698615966e-02  -5.8246295244e-02  -5.5210666608e-01   1.6277269685e+00  -1.8655984730e+00
  -5.6510191547e-02  -5.7150936689e-02  -5.2817014690e-01   1.8098093175e+00  -1.9200303307e+00
  -5.5008155980e-02  -5.5869446405e-02  -5.0866416901e-01   1.9933850404e+00  -1.9670000858e+00
  -5.2200643816e-02  -5.4146865555e-02  -5.1514789522e-01   2.1604131221e+00  -1.9718178928e+00
  -4.9152581314e-02  -5.0254422078e-02  -5.8113965659e-01   2.0939434986e+00  -1.8573582530e+00
  -4.7375049633e-02  -4.8050740550e-02  -6.5131261842e-01   1.9112401370e+00  -1.7177257755e+00
  -4.6168974331e-02  -4.6699358717e-02  -7.1018686330e-01   1.7285036318e+00  -1.5914721540e+00
  -4.5182686847e-02  -4.5638589945e-02  -7.6360118567e-01   1.5468446235e+00  -1.4701332518e+00
  -4.4317331163e-02  -4.4726783748e-02  -8.1361588979e-01   1.3649183801e+00  -1.3504327569e+00
  -4.3529969502e-02  -4.3907878578e-02  -8.6051366459e-01   1.1844446961e+00  -1.2324537563e+00
  -4.2796955974e-02  -4.3152060425e-02  -9.0509021691e-01   1.0039902410e+00  -1.1146802641e+00
  -4.2103872607e-02  -4.2441851523e-02  -9.4800087813e-01   8.2161941414e-01  -9.9547990412e-01
  -4.1440634402e-02  -4.1765893691e-02  -9.8831609706e-01   6.4190301929e-01  -8.7757822310e-01
  -4.0799778089e-02  -4.1115375114e-02  -1.0270151287e+00   4.6093937552e-01  -7.5821611609e-01
  -4.0175752148e-02  -4.0484181064e-02  -1.0640236775e+00   2.7900951528e-01  -6.3738540092e-01
  -3.9563903807e-02  -3.9867323232e-02  -1.0988866985e+00   9.8365089775e-02  -5.1642139486e-01
  -3.8960243718e-02  -3.9260484383e-02  -1.1318668512e+00  -8.2392969696e-02  -3.9424295507e-01
  -3.8361258622e-02  -3.8660003052e-02  -1.1629268257e+00  -2.6343190484e-01  -2.7057084230e-01
  -3.7763638130e-02  -3.8062514193e-02  -1.1919770474e+00  -4.4483548730e-01  -1.4516306873e-01
  -3.7164117950e-02  -3.7464762068e-02  -1.2187492788e+00  -6.2566047599e-01  -1.8479927505e-02
  -3.6559338077e-02  -3.6863473833e-02  -1.2431748163e+00  -8.0641921860e-01   1.1005004922e-01
  -3.5945668753e-02  -3.6255202320e-02  -1.2650425969e+00  -9.8704995053e-01   2.4064516085e-01
  -3.5318910295e-02  -3.5636135187e-02  -1.2842247410e+00  -1.1690729336e+00   3.7476826093e-01
  -3.4674083395e-02  -3.5001685403e-02  -1.3000862662e+00  -1.3499691978e+00   5.1098932212e-01
  -3.4005155209e-02  -3.4346481386e-02  -1.3122096670e+00  -1.5293779710e+00   6.4948957117e-01
  -3.3305082160e-02  -3.3663829031e-02  -1.3201622716e+00  -1.7119431569e+00   7.9466678882e-01
  -3.2575569569e-02  -3.2946335288e-02  -1.3227128711e+00  -1.8887017467e+00   9.4032076486e-01
  -3.1820501863e-02  -3.2204803850e-02  -1.3191143725e+00  -2.0589298451e+00   1.0867006947e+00
  -3.1034079055e-02  -3.1436199876e-02  -1.3084156492e+00  -2.2201356456e+00   1.2327943637e+00
  -3.0205838481e-02  -3.0631958233e-02  -1.2890263938e+00  -2.3724141422e+00   1.3804351901e+00
  -2.9321224653e-02  -2.9779718728e-02  -1.2594561265e+00  -2.5100621497e+00   1.5265195238e+00
  -2.8358086987e-02  -2.8862730577e-02  -1.2164821228e+00  -2.6315026967e+00   1.6732311086e+00
  -2.7278337178e-02  -2.7853443398e-02  -1.1552712813e+00  -2.7297808411e+00   1.8199785983e+00
  -2.6079637360e-02  -2.6703230958e-02  -1.0715384443e+00  -2.7910868724e+00   1.9598499143e+00
  -2.4910611759e-02  -2.5456043762e-02  -9.7508332541e-01  -2.8023469416e+00   2.0714879685e+00
  -2.3874445118e-02  -2.4365179757e-02  -8.7830012666e-01  -2.7720250151e+00   2.1486174082e+00
  -2.2930306429e-02  -2.3383710478e-02  -7.8135448208e-01  -2.7123116828e+00   2.2010189331e+00
  -2.2050182126e-02  -2.2476902380e-02  -6.8443606662e-01  -2.6303422955e+00   2.2342339513e+00
  -2.1216253355e-02  -2.1623461871e-02  -5.8781080402e-01  -2.5309573284e+00   2.2518129912e+00
  -2.0416239239e-02  -2.0809044839e-02  -4.9113296547e-01  -2.4169024579e+00   2.2561855076e+00
  -1.9641113505e-02  -2.0023433639e-02  -3.9417374183e-01  -2.2900003945e+00   2.2488568703e+00
  -1.8883725750e-02  -1.9258793371e-02  -2.9720230501e-01  -2.1521543028e+00   2.2308602123e+00
  -1.8138055417e-02  -1.8508658130e-02  -2.0033074499e-01  -2.0047785811e+00   2.2029562470e+00
  -1.7398785335e-02  -1.7767452703e-02  -1.0356425898e-01  -1.8488705648e+00   2.1656240124e+00
  -1.6660954806e-02  -1.7030117967e-02  -6.8481659585e-03  -1.6851004347e+00   2.1190658563e+00
  -1.5919649158e-02  -1.6291791645e-02   8.9886894448e-02  -1.5139126850e+00   2.0632202798e+00
  -1.5172256288e-02  -1.5547506672e-02   1.8634261680e-01  -1.3362735284e+00   1.9980308999e+00
  -1.4425400715e-02  -1.4797005905e-02   2.8092626006e-01  -1.1556184199e+00   1.9243912759e+00
  -1.3683209469e-02  -1.4053795526e-02   3.7249816545e-01  -9.7473097326e-01   1.8431490371e+00
  -1.2939466594e-02  -1.3312623412e-02   4.6127575875e-01  -7.9373307134e-01   1.7539870089e+00
  -1.2186809703e-02  -1.2566309776e-02   5.4748202367e-01  -6.1252815401e-01   1.6561894941e+00
  -1.1417159653e-02  -1.1807309630e-02   6.3114344844e-01  -4.3124145064e-01   1.5487996376e+00
  -1.0620932228e-02  -1.1027009677e-02   7.1202647219e-01  -2.5040619804e-01   1.4307022687e+00
  -9.7859252095e-03  -1.0214854779e-02   7.9024381586e-01  -6.9553621414e-02   1.2994550895e+00
  -8.9257219745e-03  -9.3569956396e-03   8.6301366382e-01   1.0507984610e-01   1.1572637531e+00
  -8.0808746936e-03  -8.4944483094e-03   9.2681403298e-01   2.6482085946e-01   1.0097657804e+00
  -7.2675628084e-03  -7.6673010778e-03   9.7934516258e-01   4.0292872253e-01   8.6391847908e-01
  -6.4791086924e-03  -6.8678245389e-03   1.0224664353e+00   5.2309147432e-01   7.1750463731e-01
  -5.7103596774e-03  -6.0903928459e-03   1.0566951024e+00   6.2589557733e-01   5.7083722150e-01
  -4.9569670896e-03  -5.3303265090e-03   1.0825138480e+00   7.1195336844e-01   4.2417206122e-01
  -4.2151434643e-03  -4.5836076701e-03   1.1003786256e+00   7.8191699159e-01   2.7763893514e-01
  -3.4814810585e-03  -3.8466792584e-03   1.1106934587e+00   8.3640628189e-01   1.3126827797e-01
  -2.7528007652e-03  -3.1162828586e-03   1.1137929312e+00   8.7595400039e-01  -1.4983416902e-02
  -2.0260164792e-03  -2.3893186719e-03   1.1099313427e+00   9.0096648272e-01  -1.6120839218e-01
  -1.2979811067e-03  -1.6627142866e-03   1.0991599136e+00   9.1167129351e-01  -3.0850166535e-01
  -5.6536320925e-04  -9.3324792674e-04   1.0817187244e+00   9.0802592980e-01  -4.5495100416e-01
   1.7547796246e-04  -1.9747849176e-04   1.0576683177e+00   8.9022189349e-01  -6.0129085033e-01
   9.2870834875e-04   5.4843441668e-04   1.0269627753e+00   8.5810985742e-01  -7.4772121972e-01
   1.6992937299e-03   1.3089822808e-03   9.8953006590e-01   8.1140736086e-01  -8.9409070583e-01
   2.4934236357e-03   2.0896051790e-03   9.4509569854e-01   7.4947871817e-01  -1.0406030438e+00
   3.3192568895e-03   2.8972420923e-03   8.9310734497e-01   6.7112825962e-01  -1.1876545491e+00
   4.1878985884e-03   3.7412716867e-03   8.3340756167e-01   5.7562967768e-01  -1.3340042830e+00
   5.1155280946e-03   4.6345254901e-03   7.6484177133e-01   4.6052919757e-01  -1.4803003645e+00
   6.1284738876e-03   5.5965306990e-03   6.8527688680e-01   3.2126069866e-01  -1.6273339379e+00
   7.2428959122e-03   6.6604170762e-03   5.9437756697e-01   1.5601567781e-01  -1.7708356068e+00
   8.3968118935e-03   7.8253747482e-03   4.9915520679e-01  -2.3072160264e-02  -1.8968453509e+00
   9.5342538584e-03   8.9682490388e-03   4.0558955018e-01  -2.0451023409e-01  -1.9974006324e+00
   1.0675283466e-02   1.0100258678e-02   3.1491432470e-01  -3.8525946701e-01  -2.0720924475e+00
   1.1850638840e-02   1.1250308254e-02   2.2633105591e-01  -5.6641407972e-01  -2.1208340201e+00
   1.3099922202e-02   1.2450969427e-02   1.3972240141e-01  -7.4788366295e-01  -2.1400580297e+00
   1.4488981884e-02   1.3748874977e-02   5.5034631693e-02  -9.2934927842e-01  -2.1215967106e+00
   1.6145118181e-02   1.5229088792e-02  -2.7725626310e-02  -1.1096521156e+00  -2.0457120092e+00
   1.7832983292e-02   1.7061147570e-02  -9.0764942644e-02  -1.2462878471e+00  -1.9136389133e+00
   1.9222492321e-02   1.8604819014e-02  -1.2557186634e-01  -1.3168908267e+00  -1.7659302416e+00
   2.0379564811e-02   1.9840165629e-02  -1.4288103976e-01  -1.3441300909e+00  -1.6189807293e+00
   2.1410599740e-02   2.0918963994e-02  -1.4981983432e-01  -1.3432813176e+00  -1.4717360502e+00
   2.2362515936e-02   2.1902235486e-02  -1.4955345035e-01  -1.3212374421e+00  -1.3254458525e+00
   2.3261560874e-02   2.2822796386e-02  -1.4390482406e-01  -1.2816399979e+00  -1.1789457386e+00
   2.4124346900e-02   2.3700325362e-02  -1.3397897006e-01  -1.2266977839e+00  -1.0325691540e+00
   2.4962631019e-02   2.4548368437e-02  -1.2042403460e-01  -1.1572510190e+00  -8.8542354298e-01
   2.5785465113e-02   2.5376893601e-02  -1.0394694472e-01  -1.0750039309e+00  -7.3932595108e-01
   2.6600312146e-02   2.6194036625e-02  -8.4801770549e-02  -9.7973077581e-01  -5.9294169093e-01
   2.7413692720e-02   2.7006587668e-02  -6.3169066425e-02  -8.7106088364e-01  -4.4578629993e-01
   2.8231727129e-02   2.7820797772e-02  -3.9589914989e-02  -7.5058593351e-01  -3.0005296390e-01
   2.9060577569e-02   2.8642656487e-02  -1.3726143957e-02  -6.1548670156e-01  -1.5279632814e-01
   2.9906709730e-02   2.9478498651e-02   1.3796196752e-02  -4.6798716167e-01  -7.0729799564e-03
   3.0777423301e-02   3.0334920810e-02   4.3471082675e-02  -3.0437467543e-01   1.3997192430e-01
   3.1665646790e-02   3.1219925793e-02   7.4415252702e-02  -1.2851403667e-01   2.8407649360e-01
   3.2540774490e-02   3.2111367788e-02   1.0528532148e-01   5.2376832544e-02   4.1977378964e-01
   3.3388164176e-02   3.2970181192e-02   1.3513497992e-01   2.3255269550e-01   5.4412704184e-01
   3.4216828862e-02   3.3806147161e-02   1.6445792819e-01   4.1464553071e-01   6.6021315976e-01
   3.5034620286e-02   3.4627510563e-02   1.9271608625e-01   5.9491113770e-01   7.6670641679e-01
   3.5848670975e-02   3.5441730010e-02   2.2033922173e-01   7.7564089566e-01   8.6590953452e-01
   3.6665875443e-02   3.6255611940e-02   2.4745781768e-01   9.5740355699e-01   9.5868813540e-01
   3.7493435770e-02   3.7076138947e-02   2.7367305003e-01   1.1371698386e+00   1.0440960808e+00
   3.8339637053e-02   3.7910732594e-02   2.9967290224e-01   1.3194106431e+00   1.1246674943e+00
   3.9214591387e-02   3.8768541512e-02   3.2487621621e-01   1.4998995143e+00   1.1988361791e+00
   4.0131594966e-02   3.9660641263e-02   3.4958844185e-01   1.6807046424e+00   1.2678154372e+00
   4.1110234515e-02   4.0602548670e-02   3.7382010058e-01   1.8621280275e+00   1.3318552510e+00
   4.2182075880e-02   4.1617920360e-02   3.9732563045e-01   2.0430035798e+00   1.3906367795e+00
   4.3407902566e-02   4.2746231400e-02   4.2008794946e-01   2.2251631648e+00   1.4446466961e+00
   4.4946885043e-02   4.4069573732e-02   4.4125705688e-01   2.4083088829e+00   1.4932211411e+00
   4.7022211413e-02   4.5824196354e-02   4.5506543320e-01   2.5669401988e+00   1.5289727625e+00
   4.9418241533e-02   4.8220226473e-02   4.4750102007e-01   2.6169497909e+00   1.5343165621e+00
   5.1844970149e-02   5.0616256593e-02   4.1036444884e-01   2.5145518172e+00   1.5050100627e+00
   5.3824645459e-02   5.3073683705e-02   3.5782075536e-01   2.3260868883e+00   1.4590524982e+00
   5.5183099832e-02   5.4575607213e-02   3.0959643515e-01   2.1438432566e+00   1.4161766201e+00
   5.6323284360e-02   5.5790592451e-02   2.6213937423e-01   1.9623943309e+00   1.3735438556e+00
   5.7342547983e-02   5.6855976269e-02   2.1474435267e-01   1.7807198970e+00   1.3303669345e+00
   5.8285249770e-02   5.7829119696e-02   1.6759781194e-01   1.6000591040e+00   1.2866136589e+00
   5.9176668665e-02   5.8741379843e-02   1.2040706912e-01   1.4193844612e+00   1.2417961835e+00
   6.0033027827e-02   5.9611957486e-02   7.2963015464e-02   1.2377734577e+00   1.1954581911e+00
   6.0866101003e-02   6.0454098169e-02   2.5910296880e-02   1.0574259819e+00   1.1479599026e+00
   6.1685131865e-02   6.1278103838e-02  -2.1338602436e-02   8.7569455240e-01   1.0983932186e+00
   6.2497898747e-02   6.2092159893e-02  -6.7873090039e-02   6.9556571982e-01   1.0473524421e+00
   6.3311563396e-02   6.2903637602e-02  -1.1427267202e-01   5.1412545968e-01   9.9376523066e-01
   6.4133171819e-02   6.3719489189e-02  -1.5985201430e-01   3.3316831223e-01   9.3785046366e-01
   6.4970212264e-02   6.4546854449e-02  -2.0439553529e-01   1.5242501918e-01   8.7918718310e-01
   6.5831213021e-02   6.5393570079e-02  -2.4754861875e-01  -2.8173481690e-02   8.1733064060e-01
   6.6726752400e-02   6.6268855962e-02  -2.8903045322e-01  -2.0967367285e-01   7.5131898855e-01
   6.7670806099e-02   6.7184648838e-02  -3.2784336408e-01  -3.9099632285e-01   6.8073459631e-01
   6.8682992085e-02   6.8156963360e-02  -3.6282118647e-01  -5.7165834617e-01   6.0469772994e-01
   6.9793987999e-02   6.9209020811e-02  -3.9244122361e-01  -7.5266701855e-01   5.2109603684e-01
   7.1058680202e-02   7.0378955188e-02  -4.1357933369e-01  -9.3427879103e-01   4.2676001741e-01
   7.2598312213e-02   7.1738405215e-02  -4.1934849575e-01  -1.1166777437e+00   3.1514555556e-01
   7.4569060002e-02   7.3458219211e-02  -3.9330266398e-01  -1.2855245814e+00   1.8088182521e-01
   7.6780002998e-02   7.5679900794e-02  -3.2111253331e-01  -1.3922517405e+00   4.4978734940e-02
   7.8717839772e-02   7.7880105202e-02  -2.2422572133e-01  -1.4180701704e+00  -5.8309858046e-02
   8.0279029506e-02   7.9555574342e-02  -1.2699686106e-01  -1.3967359851e+00  -1.2956277925e-01
   8.1672113216e-02   8.1002484670e-02  -3.0041771953e-02  -1.3508049594e+00  -1.8413436320e-01
   8.2990110933e-02   8.2341741763e-02   6.7100120136e-02  -1.2877667773e+00  -2.2842306078e-01
   8.4290671907e-02   8.3638480103e-02   1.6381541735e-01  -1.2110574844e+00  -2.6543545115e-01
   8.5626177236e-02   8.4942863712e-02   2.6084239330e-01  -1.1205272071e+00  -2.9761178057e-01
   8.7066716267e-02   8.6309490759e-02   3.5796510545e-01  -1.0140221543e+00  -3.2664469186e-01
   8.8759021761e-02   8.7823941774e-02   4.5576488030e-01  -8.8269404001e-01  -3.5499408699e-01
   9.0865790513e-02   8.9694101748e-02   5.4301016932e-01  -7.1890396269e-01  -3.8457724988e-01
   9.3320481998e-02   9.2037479279e-02   5.8517031525e-01  -5.3821500272e-01  -4.1518008159e-01
   9.5949031379e-02   9.4603484717e-02   5.4965009107e-01  -3.6775744170e-01  -4.4622181794e-01
   9.8165411214e-02   9.7294578040e-02   4.5705789407e-01  -2.4652450884e-01  -4.7101391168e-01
   9.9716357120e-02   9.9036244388e-02   3.5919355813e-01  -1.7566358170e-01  -4.8639893472e-01
   1.0098818238e-01   1.0039646985e-01   2.6203025016e-01  -1.2623309958e-01  -4.9675692160e-01
   1.0212177280e-01   1.0157989491e-01   1.6508718989e-01  -8.8670080817e-02  -5.0352355705e-01
   1.0317590016e-01   1.0266365069e-01   6.8061522804e-02  -5.9092955234e-02  -5.0714201492e-01
   1.0418381269e-01   1.0368814963e-01  -2.8769574106e-02  -3.5652095219e-02  -5.0768637669e-01
   1.0516833758e-01   1.0467947576e-01  -1.2544708983e-01  -1.7218366425e-02  -5.0507134320e-01
   1.0614790541e-01   1.0565719940e-01  -2.2239928256e-01  -3.1315881117e-03  -4.9900936991e-01
   1.0714008975e-01   1.0663861142e-01  -3.1909797348e-01   6.7914550420e-03  -4.8909937257e-01
   1.0816472854e-01   1.0764156809e-01  -4.1613551756e-01   1.2560728033e-02  -4.7459445022e-01
   1.0924807951e-01   1.0868788898e-01  -5.1295867645e-01   1.3737605282e-02  -4.5450690711e-01
   1.1043168609e-01   1.0980827003e-01  -6.1008042491e-01   9.3457217875e-03  -4.2691753802e-01
   1.1179780223e-01   1.1105510215e-01  -7.0731866347e-01  -2.9112057000e-03  -3.8825613229e-01
   1.1360515891e-01   1.1254050231e-01  -8.0636263334e-01  -3.0644229062e-02  -3.2715883492e-01
   1.1644741211e-01   1.1466981550e-01  -8.8068498851e-01  -9.7992709868e-02  -2.1707381989e-01
   1.1964484305e-01   1.1822500872e-01  -8.4688046869e-01  -1.9807646770e-01  -9.3748565065e-02
   1.2188686306e-01   1.2106467738e-01  -7.4735068342e-01  -2.7712266812e-01  -2.2642374063e-02
   1.2336220062e-01   1.2270904875e-01  -6.4971019438e-01  -3.2930759877e-01   1.0314106161e-02
   1.2458489700e-01   1.2401535249e-01  -5.5244997809e-01  -3.7067512043e-01   2.7041818338e-02
   1.2567424652e-01   1.2515444151e-01  -4.5567268912e-01  -4.0470975393e-01   3.2749183208e-02
   1.2668164390e-01   1.2619405153e-01  -3.5869897227e-01  -4.3309269721e-01   2.9770894268e-02
   1.2763559699e-01   1.2716923628e-01  -2.6200935294e-01  -4.5636063252e-01   1.9342913278e-02
   1.2855462994e-01   1.2810195771e-01  -1.6507765006e-01  -4.7495334037e-01   2.1358977754e-03
   1.2945215034e-01   1.2900730216e-01  -6.8215646998e-02  -4.8887418294e-01  -2.1388298455e-02
   1.3033897079e-01   1.2989699852e-01   2.8533785998e-02  -4.9804538414e-01  -5.0955704952e-02
   1.3122462310e-01   1.3078094305e-01   1.2525865275e-01  -5.0224834412e-01  -8.6480780141e-02
   1.3211837708e-01   1.3166830314e-01   2.2205971070e-01  -5.0107925306e-01  -1.2803870819e-01
   1.3303018267e-01   1.3256845101e-01   3.1893983844e-01  -4.9391789540e-01  -1.7581107865e-01
   1.3397172329e-01   1.3349191434e-01   4.1568942762e-01  -4.7991462972e-01  -2.3000006237e-01
   1.3495810168e-01   1.3445153224e-01   5.1256846353e-01  -4.5774876103e-01  -2.9127280614e-01
   1.3601084115e-01   1.3546467112e-01   6.0942931398e-01  -4.2548549328e-01  -3.6038615377e-01
   1.3716435357e-01   1.3655701119e-01   7.0637469681e-01  -3.7985530564e-01  -4.3883529938e-01
   1.3848330215e-01   1.3777169594e-01   8.0342144401e-01  -3.1480578169e-01  -5.2928711782e-01
   1.4013355055e-01   1.3919490835e-01   9.0156269300e-01  -2.1451573431e-01  -6.3925976157e-01
   1.4221166820e-01   1.4107219276e-01   9.8418289386e-01  -6.3053376131e-02  -7.6294527704e-01
   1.4437775746e-01   1.4335114364e-01   1.0203172368e+00   1.1773082019e-01  -8.6456150690e-01
   1.4639119753e-01   1.4540437128e-01   1.0062822884e+00   2.9876150265e-01  -9.2455832575e-01
   1.4838304973e-01   1.4737802377e-01   9.4951851377e-01   4.7973872925e-01  -9.4553122151e-01
   1.5026425992e-01   1.4938807568e-01   8.6152073470e-01   6.4266927453e-01  -9.2885407910e-01
   1.5186555345e-01   1.5114044416e-01   7.6407888803e-01   7.6818959214e-01  -8.8677313424e-01
   1.5324137297e-01   1.5259066275e-01   6.6715663477e-01   8.6150730729e-01  -8.3129535357e-01
   1.5450174537e-01   1.5389208318e-01   5.7020530199e-01   9.3243031494e-01  -7.6627433479e-01
   1.5569952409e-01   1.5511140755e-01   4.7321408399e-01   9.8472479374e-01  -6.9352627253e-01
   1.5686820534e-01   1.5628764063e-01   3.7650703408e-01   1.0199077691e+00  -6.1423965830e-01
   1.5803378965e-01   1.5744877006e-01   2.7984465316e-01   1.0385223460e+00  -5.2865268716e-01
   1.5922080564e-01   1.5861880924e-01   1.8293892501e-01   1.0398880057e+00  -4.3648737907e-01
   1.6045732321e-01   1.5982280204e-01   8.5904781171e-02   1.0221041902e+00  -3.3742442164e-01
   1.6178136926e-01   1.6109184439e-01  -1.0836760538e-02   9.8200394803e-01  -2.3103465851e-01
   1.6325514322e-01   1.6247089414e-01  -1.0779228774e-01   9.1329191982e-01  -1.1502234041e-01
   1.6500773197e-01   1.6403939231e-01  -2.0518767005e-01   8.0258570299e-01   1.4766579408e-02
   1.6705467436e-01   1.6597607164e-01  -2.9139718149e-01   6.4389203549e-01   1.4825747011e-01
   1.6915607601e-01   1.6813327708e-01  -3.4842769163e-01   4.6244602363e-01   2.5907256006e-01
   1.7125359780e-01   1.7017887494e-01  -3.7474938345e-01   2.8080610245e-01   3.3765783540e-01
   1.7364600810e-01   1.7232832066e-01  -3.7415769073e-01   9.7810345082e-02   3.8560984833e-01
   1.7757257049e-01   1.7496369553e-01  -3.3393588991e-01  -7.8276513668e-02   3.7251693138e-01
   1.8233220185e-01   1.8018144544e-01  -2.9497062537e-01  -5.1208900768e-02   2.6569763890e-01
   1.8582356486e-01   1.8448295827e-01  -3.1594308272e-01   1.2993139806e-01   1.7140552441e-01
   1.8836945354e-01   1.8716417146e-01  -3.6992814369e-01   3.1269757933e-01   1.2600072888e-01
   1.9083760789e-01   1.8957473563e-01  -4.4893515558e-01   4.9188201962e-01   1.1906283992e-01
   1.9331594866e-01   1.9210048016e-01  -5.4379585500e-01   6.4223935322e-01   1.5872077566e-01
   1.9583271450e-01   1.9453141716e-01  -6.4049640056e-01   7.3759818656e-01   2.5190673404e-01
   1.9826170988e-01   1.9713401184e-01  -7.1735815426e-01   7.6138659849e-01   3.8801962731e-01
   2.0036030941e-01   1.9938940792e-01  -7.5786300458e-01   7.2390945134e-01   5.3527810698e-01
   2.0224741726e-01   2.0133121090e-01  -7.6551983027e-01   6.4766768416e-01   6.8199806282e-01
   2.0409071505e-01   2.0316362362e-01  -7.4200748596e-01   5.4132652339e-01   8.2878745893e-01
   2.0602037785e-01   2.0501780648e-01  -6.8206494333e-01   4.0606048483e-01   9.7480198773e-01
   2.0786340308e-01   2.0702294922e-01  -5.9231226045e-01   2.6489187817e-01   1.0963242693e+00
   2.0939329177e-01   2.0870385695e-01  -4.9492238815e-01   1.4568968302e-01   1.1764203502e+00
   2.1069338364e-01   2.1008272658e-01  -3.9789790859e-01   4.7283232523e-02   1.2251858147e+00
   2.1186817424e-01   2.1130404069e-01  -3.0117904113e-01  -3.6744432412e-02   1.2515165523e+00
   2.1296813627e-01   2.1243230778e-01  -2.0413231135e-01  -1.1013181211e-01   1.2594284609e+00
   2.1402394844e-01   2.1350396476e-01  -1.0723824348e-01  -1.7445865191e-01   1.2506662371e+00
   2.1505775599e-01   2.1454393212e-01  -1.0351936844e-02  -2.3122066158e-01   1.2259660128e+00
   2.1608795003e-01   2.1557157986e-01   8.6362292597e-02  -2.8138364195e-01   1.1852807361e+00
   2.1713228670e-01   2.1660432020e-01   1.8315304251e-01  -3.2594822376e-01   1.1275883893e+00
   2.1821069063e-01   2.1766025321e-01   2.7996108361e-01  -3.6568002209e-01   1.0509752761e+00
   2.1934914846e-01   2.1876112805e-01   3.7690640932e-01  -4.0149841328e-01   9.5193020438e-01
   2.2057213595e-01   2.1993716886e-01   4.7267673142e-01  -4.3414824444e-01   8.2649747464e-01
   2.2179683325e-01   2.2120710304e-01   5.5853124829e-01  -4.6265039168e-01   6.8270925462e-01
   2.2292928258e-01   2.2238656345e-01   6.2700916884e-01  -4.8671173981e-01   5.3624271724e-01
   2.2398386058e-01   2.2347200171e-01   6.8079895167e-01  -5.0870569437e-01   3.8943571580e-01
   2.2498745600e-01   2.2449571946e-01   7.2220839945e-01  -5.3030542045e-01   2.4341045637e-01
   2.2595845786e-01   2.2547919255e-01   7.5345937172e-01  -5.5314464203e-01   9.6059651029e-02
   2.2691092111e-01   2.2643772317e-01   7.7513883788e-01  -5.7788665605e-01  -5.0127782644e-02
   2.2785686457e-01   2.2738411905e-01   7.8832881669e-01  -6.0564147394e-01  -1.9644476753e-01
   2.2880751243e-01   2.2832961009e-01   7.9348283470e-01  -6.3735037716e-01  -3.4304059564e-01
   2.2977469879e-01   2.2928541476e-01   7.9080168120e-01  -6.7401516779e-01  -4.8994703337e-01
   2.3077212648e-01   2.3026398281e-01   7.8037262795e-01  -7.1647920522e-01  -6.3616613329e-01
   2.3181754782e-01   2.3128027016e-01   7.6189962152e-01  -7.6648627917e-01  -7.8289457055e-01
   2.3293657687e-01   2.3235482547e-01   7.3486164136e-01  -8.2571061144e-01  -9.2926388977e-01
   2.3417188235e-01   2.3351832826e-01   6.9765669332e-01  -8.9782353699e-01  -1.0765480147e+00
   2.3560853309e-01   2.3482543644e-01   6.4770496398e-01  -9.8795854146e-01  -1.2234787762e+00
   2.3747132277e-01   2.3639162974e-01   5.7649236214e-01  -1.1113665427e+00  -1.3710724542e+00
   2.3982676627e-01   2.3855101580e-01   4.8551546862e-01  -1.2650114574e+00  -1.4815294023e+00
   2.4260524284e-01   2.4110251674e-01   3.8843289522e-01  -1.4190048075e+00  -1.4975335821e+00
   2.4541009057e-01   2.4410796893e-01   3.0929652169e-01  -1.5155591833e+00  -1.3974920068e+00
   2.4761171695e-01   2.4671221221e-01   2.6102588982e-01  -1.5314563832e+00  -1.2474261531e+00
   2.4927544887e-01   2.4851122169e-01   2.3085326331e-01  -1.4999945300e+00  -1.1001899465e+00
   2.5073911557e-01   2.5003967605e-01   2.0645586068e-01  -1.4393837020e+00  -9.5320249374e-01
   2.5210696145e-01   2.5143855510e-01   1.8363539883e-01  -1.3549002487e+00  -8.0681861723e-01
   2.5343464922e-01   2.5277536780e-01   1.5952245240e-01  -1.2472219727e+00  -6.5992592516e-01
   2.5476292970e-01   2.5409393064e-01   1.3190547206e-01  -1.1162810259e+00  -5.1347699268e-01
   2.5612863890e-01   2.5543192877e-01   9.8107681744e-02  -9.5940239433e-01  -3.6725199982e-01
   2.5749190023e-01   2.5682534903e-01   5.7412542500e-02  -7.8326312582e-01  -2.2958431912e-01
   2.5878080130e-01   2.5815845143e-01   1.1513954842e-02  -6.0237386172e-01  -1.1080860260e-01
   2.5999871921e-01   2.5940315117e-01  -3.9320588341e-02  -4.2127750145e-01  -1.1056739613e-02
   2.6117534654e-01   2.6059428725e-01  -9.5481542078e-02  -2.4050822759e-01   7.1593981379e-02
   2.6233273541e-01   2.6175640583e-01  -1.5761488974e-01  -5.9627099339e-02   1.3855541335e-01
   2.6348962518e-01   2.6290906499e-01  -2.2639769592e-01   1.2156579445e-01   1.9028180761e-01
   2.6466422462e-01   2.6407018537e-01  -3.0218286136e-01   3.0223692683e-01   2.2643761762e-01
   2.6587668520e-01   2.6525826386e-01  -3.8616733091e-01   4.8321707900e-01   2.4647596179e-01
   2.6713831672e-01   2.6649510653e-01  -4.7812966320e-01   6.6195077692e-01   2.4894348559e-01
   2.6841398868e-01   2.6778152691e-01  -5.7486142171e-01   8.3130126198e-01   2.3322419374e-01
   2.6967760713e-01   2.6904645045e-01  -6.7151862388e-01   9.8376741642e-01   2.0101206290e-01
   2.7095397851e-01   2.7030876381e-01  -7.6828092055e-01   1.1214356203e+00   1.5351208928e-01
   2.7227886996e-01   2.7159919321e-01  -8.6520450093e-01   1.2455623823e+00   9.0789001522e-02
   2.7370663415e-01   2.7295854672e-01  -9.6217766235e-01   1.3567372101e+00   1.1577331431e-02
   2.7534900412e-01   2.7445472157e-01  -1.0597309872e+00   1.4557034541e+00  -8.9093440000e-02
   2.7740256852e-01   2.7624328668e-01  -1.1523258056e+00   1.5372894293e+00  -2.1814279343e-01
   2.7999152295e-01   2.7856185037e-01  -1.2103652298e+00   1.5818347000e+00  -3.6555920833e-01
   2.8295331532e-01   2.8142119554e-01  -1.1815373859e+00   1.5697465468e+00  -4.8251589861e-01
   2.8530941079e-01   2.8448543509e-01  -1.0830066630e+00   1.5265759195e+00  -5.1957253779e-01
   2.8676275699e-01   2.8613338648e-01  -9.8499196600e-01   1.4884518559e+00  -5.0966367481e-01
   2.8792625288e-01   2.8739212750e-01  -8.8795592767e-01   1.4536019815e+00  -4.8309312379e-01
   2.8893613714e-01   2.8846037825e-01  -7.9100018546e-01   1.4207270182e+00  -4.4653663359e-01
   2.8984800992e-01   2.8941189603e-01  -6.9409725631e-01   1.3892233335e+00  -4.0294000338e-01
   2.9069169568e-01   2.9028412381e-01  -5.9735749277e-01   1.3586879582e+00  -3.5403059445e-01
   2.9148550303e-01   2.9109926756e-01  -5.0053993998e-01   1.3286984238e+00  -3.0073577636e-01
   2.9224169097e-01   2.9187173851e-01  -4.0346752709e-01   1.2989073028e+00  -2.4365467209e-01
   2.9296915531e-01   2.9261164343e-01  -3.0668608102e-01   1.2692180502e+00  -1.8363451499e-01
   2.9367473865e-01   2.9332666719e-01  -2.1047427805e-01   1.2394755330e+00  -1.2129549223e-01
   2.9436374372e-01   2.9402281011e-01  -1.1272144466e-01   1.2087834973e+00  -5.5530413474e-02
   2.9504066156e-01   2.9470467733e-01  -1.6964949892e-02   1.1780255432e+00   1.1012812899e-02
   2.9570942907e-01   2.9537664579e-01   8.0902034074e-02   1.1456360172e+00   8.0982734009e-02
   2.9637355049e-01   2.9604221234e-01   1.7708178892e-01   1.1126120955e+00   1.5150831872e-01
   2.9703641181e-01   2.9670488863e-01   2.7371749395e-01   1.0779744169e+00   2.2397265538e-01
   2.9770133296e-01   2.9736793498e-01   3.7114911637e-01   1.0412605500e+00   2.9854015291e-01
   2.9837172112e-01   2.9803473095e-01   4.6706361577e-01   1.0030268361e+00   3.7330989725e-01
   2.9905133617e-01   2.9870871129e-01   5.6483393382e-01   9.6150855697e-01   4.5081810759e-01
   2.9974434766e-01   2.9939396105e-01   6.6078021536e-01   9.1779803689e-01   5.2805716203e-01
   3.0045570701e-01   3.0009473426e-01   7.5806140311e-01   8.6990128987e-01   6.0747242391e-01
   3.0119162308e-01   3.0081667975e-01   8.5485120575e-01   8.1791344713e-01   6.8751076926e-01
   3.0195994848e-01   3.0156656640e-01   9.5134317300e-01   7.6084362210e-01   7.6823387140e-01
   3.0280933021e-01   3.0235333057e-01   1.0527333302e+00   6.9372173155e-01   8.5397103375e-01