# time = 0
# Grid points = 474
# Pressure (Pa) = 101325
#             1_pos             2_posf             3_uvel             4_vvel             5_wvel
  -4.9917840810e-01  -5.0000000000e-01   1.3598232245e+00   4.9103320187e-01   8.9295029671e-01
  -4.9750814511e-01  -4.9835681619e-01   1.4780670164e+00   4.1932830088e-01   9.7492971440e-01
  -4.9566236670e-01  -4.9665947403e-01   1.5921687010e+00   3.3508353353e-01   1.0544363850e+00
  -4.9337913820e-01  -4.9466525936e-01   1.7063079939e+00   2.2463751005e-01   1.1339525409e+00
  -4.9070684198e-01  -4.9209301703e-01   1.8001056308e+00   8.8506852165e-02   1.1983944617e+00
  -4.8796632188e-01  -4.8932066692e-01   1.8494282724e+00  -5.6178691894e-02   1.2300474058e+00
  -4.8525041762e-01  -4.8661197685e-01   1.8501969959e+00  -2.0083209889e-01   1.2257104210e+00
  -4.8247325112e-01  -4.8388885839e-01   1.8024880677e+00  -3.4554968957e-01   1.1853354301e+00
  -4.7971240761e-01  -4.8105764385e-01   1.7095200158e+00  -4.8145945265e-01   1.1119189332e+00
  -4.7731406729e-01  -4.7836717138e-01   1.5956493223e+00  -5.8897493804e-01   1.0246314561e+00
  -4.7535629892e-01  -4.7626096320e-01   1.4812831492e+00  -6.6737725879e-01   9.3878042572e-01
  -4.7363463088e-01  -4.7445163464e-01   1.3675234948e+00  -7.2746780910e-01   8.5488403059e-01
  -4.7205820286e-01  -4.7281762713e-01   1.2539074506e+00  -7.7450918686e-01   7.7250344746e-01
  -4.7057922324e-01  -4.7129877858e-01   1.1400082026e+00  -8.1118820584e-01   6.9133491206e-01
  -4.6916801250e-01  -4.6985966791e-01   1.0268026526e+00  -8.3875142316e-01   6.1210951957e-01
  -4.6780432622e-01  -4.6847635709e-01   9.1254235593e-01  -8.5852082015e-01   5.3368745622e-01
  -4.6647318109e-01  -4.6713229535e-01   7.9935309368e-01  -8.7072979873e-01   4.5762628800e-01
  -4.6516256736e-01  -4.6581406684e-01   6.8591942642e-01  -8.7600477453e-01   3.8313921719e-01
  -4.6386252316e-01  -4.6451106789e-01   5.7181868919e-01  -8.7447367987e-01   3.1012324547e-01
  -4.6256404824e-01  -4.6321397844e-01   4.5815857070e-01  -8.6621574694e-01   2.3946983599e-01
  -4.6125861670e-01  -4.6191411803e-01   3.4472417315e-01  -8.5127317401e-01   1.7122819182e-01
  -4.5993776484e-01  -4.6060311536e-01   2.3146822531e-01  -8.2956877073e-01   1.0559710501e-01
  -4.5859242112e-01  -4.5927241432e-01   1.1725296336e-01  -8.0056956298e-01   4.2249093081e-02
  -4.5721266704e-01  -4.5791242792e-01   4.2427228544e-03  -7.6453392422e-01  -1.7274637227e-02
  -4.5578682495e-01  -4.5651290616e-01  -1.0992421757e-01  -7.2024915312e-01  -7.3775015363e-02
  -4.5430067193e-01  -4.5506074373e-01  -2.2324288947e-01  -6.6784178113e-01  -1.2569334043e-01
  -4.5273610223e-01  -4.5354060013e-01  -3.3702917298e-01  -6.0593295494e-01  -1.7295463333e-01
  -4.5106864371e-01  -4.5193160433e-01  -4.5052158457e-01  -5.3379747340e-01  -2.1430731091e-01
  -4.4926329074e-01  -4.5020568309e-01  -5.6430850941e-01  -4.4948995666e-01  -2.4869637403e-01
  -4.4726609887e-01  -4.4832089838e-01  -6.7790740309e-01  -3.5104175063e-01  -2.7413886889e-01
  -4.4498442178e-01  -4.4621129935e-01  -7.9173528158e-01  -2.3439158487e-01  -2.8787112792e-01
  -4.4235257510e-01  -4.4375754422e-01  -9.0154981228e-01  -9.8563721508e-02  -2.8532844947e-01
  -4.3946564586e-01  -4.4094760599e-01  -9.9555250955e-01   4.5909512426e-02  -2.6375512951e-01
  -4.3633688466e-01  -4.3798368573e-01  -1.0672247197e+00   1.9096669116e-01  -2.2391358071e-01
  -4.3268516130e-01  -4.3469008358e-01  -1.1129438968e+00   3.3635639080e-01  -1.6600640051e-01
  -4.2755929390e-01  -4.3068023901e-01  -1.1130340939e+00   4.8423574294e-01  -8.7618499121e-02
  -4.2166997226e-01  -4.2443834879e-01  -1.0354628720e+00   5.7266542813e-01  -3.2903189879e-02
  -4.1704632770e-01  -4.1890159573e-01  -9.1965704079e-01   5.8383274825e-01  -3.2966842881e-02
  -4.1367958978e-01  -4.1519105967e-01  -8.0566698736e-01   5.6445170770e-01  -6.0278853171e-02
  -4.1084966285e-01  -4.1216811989e-01  -6.9206804837e-01   5.3454021479e-01  -9.8838481159e-02
  -4.0833775233e-01  -4.0953120581e-01  -5.7833604492e-01   4.9992854002e-01  -1.4259541957e-01
  -4.0603685963e-01  -4.0714429884e-01  -4.6488636509e-01   4.6324544875e-01  -1.8800140081e-01
  -4.0388289794e-01  -4.0492942043e-01  -3.5128222065e-01   4.2547682611e-01  -2.3312178632e-01
  -4.0183252169e-01  -4.0283637546e-01  -2.3775573338e-01   3.8714770766e-01  -2.7644328442e-01
  -3.9985311918e-01  -4.0082866791e-01  -1.2415715289e-01   3.4827707594e-01  -3.1699619257e-01
  -3.9791788163e-01  -3.9887757044e-01  -1.0733357393e-02   3.0877072518e-01  -3.5390482314e-01
  -3.9600259296e-01  -3.9695819283e-01   1.0295639963e-01   2.6809633785e-01  -3.8663571447e-01
  -3.9408304632e-01  -3.9504699309e-01   2.1661720913e-01   2.2577889949e-01  -4.1445321750e-01
  -3.9213230721e-01  -3.9311909955e-01   3.3011792828e-01   1.8105730143e-01  -4.3667642722e-01
  -3.9011678658e-01  -3.9114551487e-01   4.4374025098e-01   1.3264942696e-01  -4.5256073011e-01
  -3.8798888510e-01  -3.8908805828e-01   5.5745316980e-01   7.8765750920e-02  -4.6096931738e-01
  -3.8567048920e-01  -3.8688971191e-01   6.7120310782e-01   1.6409196112e-02  -4.6012235657e-01
  -3.8300187036e-01  -3.8445126649e-01   7.8545743113e-01  -6.0839186372e-02  -4.4651041778e-01
  -3.7960165421e-01  -3.8155247422e-01   8.9816724496e-01  -1.6837254396e-01  -4.1136394926e-01
  -3.7567331486e-01  -3.7765083420e-01   9.7576238855e-01  -3.0483469032e-01  -3.5173062953e-01
  -3.7184186692e-01  -3.7369579552e-01   9.8957459895e-01  -4.4908658669e-01  -2.8078885580e-01
  -3.6818376169e-01  -3.6998793832e-01   9.4240080184e-01  -5.9359200794e-01  -2.0885315094e-01
  -3.6476920525e-01  -3.6637958505e-01   8.4739523397e-01  -7.2934543257e-01  -1.4441080290e-01
  -3.6190222515e-01  -3.6315882545e-01   7.3306072816e-01  -8.4014545061e-01  -9.5778316837e-02
  -3.5955743529e-01  -3.6064562486e-01   6.1914597277e-01  -9.2562104278e-01  -6.1517636851e-02
  -3.5747581335e-01  -3.5846924571e-01   5.0528887199e-01  -9.9591725781e-01  -3.5876270635e-02
  -3.5554555589e-01  -3.5648238098e-01   3.9136376379e-01  -1.0549872844e+00  -1.6392713022e-02
  -3.5370428246e-01  -3.5460873079e-01   2.7797633698e-01  -1.1044645954e+00  -1.7646826676e-03
  -3.5191009141e-01  -3.5279983412e-01   1.6433294041e-01  -1.1456341247e+00   9.0078016444e-03
  -3.5013002733e-01  -3.5102034870e-01   5.0638598115e-02  -1.1786683059e+00   1.6509812354e-02
  -3.4833352158e-01  -3.4923970596e-01  -6.3223907308e-02  -1.2033761565e+00   2.1231823381e-02
  -3.4648782394e-01  -3.4742733720e-01  -1.7665104185e-01  -1.2189650825e+00   2.3593892834e-02
  -3.4455195495e-01  -3.4554831069e-01  -2.9040903890e-01  -1.2241662767e+00   2.4056148769e-02
  -3.4246600922e-01  -3.4355559922e-01  -4.0421918373e-01  -1.2163655545e+00   2.3151794237e-02
  -3.4012589732e-01  -3.4137641922e-01  -5.1811615951e-01  -1.1906522603e+00   2.1742494158e-02
  -3.3729386531e-01  -3.3887537541e-01  -6.3265434541e-01  -1.1353228214e+00   2.1713731161e-02
  -3.3373119516e-01  -3.3571235521e-01  -7.3563157504e-01  -1.0294454366e+00   2.8214447734e-02
  -3.3013995431e-01  -3.3175003512e-01  -7.9152548155e-01  -8.8644082858e-01   4.5782100843e-02
  -3.2713093899e-01  -3.2852987349e-01  -7.9929867494e-01  -7.4145666110e-01   7.1566984429e-02
  -3.2444947423e-01  -3.2573200448e-01  -7.7773112056e-01  -5.9650651087e-01   1.0365467060e-01
  -3.2194996463e-01  -3.2316694398e-01  -7.3567944955e-01  -4.5199483298e-01   1.4071596432e-01
  -3.1954784063e-01  -3.2073298528e-01  -6.7739432574e-01  -3.0701500782e-01   1.8197167160e-01
  -3.1718162262e-01  -3.1836269597e-01  -6.0580628580e-01  -1.6265613926e-01   2.2612327088e-01
  -3.1479564044e-01  -3.1600054927e-01  -5.2138158581e-01  -1.7553546056e-02   2.7248861586e-01
  -3.1232750552e-01  -3.1359073161e-01  -4.2483928737e-01   1.2701356167e-01   3.1925410385e-01
  -3.0974859368e-01  -3.1106427944e-01  -3.1670698399e-01   2.6887770691e-01   3.6368810926e-01
  -3.0714129829e-01  -3.0843290792e-01  -2.0332553358e-01   3.9831708572e-01   4.0008856252e-01
  -3.0455287342e-01  -3.0584968867e-01  -8.9936484627e-02   5.0867497063e-01   4.2375100535e-01
  -3.0192288339e-01  -3.0325605817e-01   2.3789201873e-02   5.9902698587e-01   4.3134300727e-01
  -2.9918504232e-01  -3.0058970861e-01   1.3713735949e-01   6.6585610449e-01   4.1813639695e-01
  -2.9625455536e-01  -2.9778037603e-01   2.5071573794e-01   7.0426374238e-01   3.7724541010e-01
  -2.9299442333e-01  -2.9472873469e-01   3.6435912801e-01   7.0468821241e-01   2.9762479274e-01
  -2.8955416173e-01  -2.9126011198e-01   4.6709391922e-01   6.5813814244e-01   1.7649290806e-01
  -2.8641489689e-01  -2.8784821147e-01   5.4282732491e-01   5.7686683697e-01   3.7426572758e-02
  -2.8367227528e-01  -2.8498158232e-01   5.9310379659e-01   4.7894302961e-01  -1.0163615448e-01
  -2.8109973593e-01  -2.8236296824e-01   6.2521567614e-01   3.6951386171e-01  -2.4025230469e-01
  -2.7855854486e-01  -2.7983650363e-01   6.4156077674e-01   2.4957445418e-01  -3.7894689369e-01
  -2.7591378759e-01  -2.7728058609e-01   6.4101425521e-01   1.1805946738e-01  -5.1797326337e-01
  -2.7306953365e-01  -2.7454698909e-01   6.1909049180e-01  -2.3327309687e-02  -6.5230978889e-01
  -2.6996238336e-01  -2.7159207822e-01   5.6841295001e-01  -1.6849784982e-01  -7.7031656582e-01
  -2.6657645717e-01  -2.6833268850e-01   4.8029158546e-01  -3.0484899786e-01  -8.5266107237e-01
  -2.6342123777e-01  -2.6482022584e-01   3.6792043515e-01  -4.0330996598e-01  -8.7807261888e-01
  -2.6083514468e-01  -2.6202224969e-01   2.5383963806e-01  -4.5834690366e-01  -8.5662604624e-01
  -2.5858769354e-01  -2.5964803967e-01   1.4031369563e-01  -4.8545713375e-01  -8.0630328629e-01
  -2.5655037453e-01  -2.5752734742e-01   2.6426583526e-02  -4.9309330544e-01  -7.3540048274e-01
  -2.5465278369e-01  -2.5557340165e-01  -8.6961317869e-02  -4.8582620464e-01  -6.4934625023e-01
  -2.5284972121e-01  -2.5373216573e-01  -2.0078580123e-01  -4.6652133576e-01  -5.5053102604e-01
  -2.5110888879e-01  -2.5196727669e-01  -3.1421278606e-01  -4.3723828167e-01  -4.4172621267e-01
  -2.4940443518e-01  -2.5025050088e-01  -4.2818273830e-01  -3.9903613432e-01  -3.2344095851e-01
  -2.4771352258e-01  -2.4855836948e-01  -5.4167042072e-01  -3.5312803106e-01  -1.9771265695e-01
  -2.4601470591e-01  -2.4686867567e-01  -6.5511019363e-01  -2.9992955858e-01  -6.4762736615e-02
  -2.4431234304e-01  -2.4516073614e-01  -7.6661575425e-01  -2.4070244058e-01   7.2694990603e-02
  -2.4261819605e-01  -2.4346394993e-01  -8.7396504338e-01  -1.7698111316e-01   2.1142515299e-01
  -2.4091346566e-01  -2.4177244216e-01  -9.7653679503e-01  -1.0933862219e-01   3.5025736105e-01
  -2.3916427906e-01  -2.4005448915e-01  -1.0739734535e+00  -3.7837615886e-02   4.8867477084e-01
  -2.3732807788e-01  -2.3827406896e-01  -1.1665495067e+00   3.8671282151e-02   6.2770251352e-01
  -2.3534180132e-01  -2.3638208681e-01  -1.2524314959e+00   1.2086282907e-01   7.6625936794e-01
  -2.3309001431e-01  -2.3430151584e-01  -1.3298079803e+00   2.1218198500e-01   9.0556506563e-01
  -2.3027701721e-01  -2.3187851277e-01  -1.3915696373e+00   3.2019043472e-01   1.0458720459e+00
  -2.2645548597e-01  -2.2867552165e-01  -1.4068600504e+00   4.5244016563e-01   1.1680057898e+00
  -2.2235484195e-01  -2.2423545029e-01  -1.3346085756e+00   5.7391866516e-01   1.2102118622e+00
  -2.1926377134e-01  -2.2047423360e-01  -1.2179480796e+00   6.5085764755e-01   1.1811065116e+00
  -2.1707588367e-01  -2.1805330907e-01  -1.1034944388e+00   6.9789342491e-01   1.1306680075e+00
  -2.1524632204e-01  -2.1609845826e-01  -9.8960106691e-01   7.3298250630e-01   1.0723789576e+00
  -2.1362140285e-01  -2.1439418582e-01  -8.7582685818e-01   7.6121808741e-01   1.0101250062e+00
  -2.1213035299e-01  -2.1284861988e-01  -7.6211949842e-01   7.8487806182e-01   9.4579908964e-01
  -2.1073297734e-01  -2.1141208611e-01  -6.4853702760e-01   8.0521463329e-01   8.8054234637e-01
  -2.0940352536e-01  -2.1005386857e-01  -5.3509348898e-01   8.2299978025e-01   8.1508091741e-01
  -2.0812417356e-01  -2.0875318216e-01  -4.2110669872e-01   8.3882584572e-01   7.4953348459e-01
  -2.0688161592e-01  -2.0749516496e-01  -3.0737254355e-01   8.5290838034e-01   6.8475353521e-01
  -2.0566526556e-01  -2.0626806687e-01  -1.9356173223e-01   8.6552125364e-01   6.2087440742e-01
  -2.0446637627e-01  -2.0506246426e-01  -8.0074158832e-02   8.7677575930e-01   5.5839258344e-01
  -2.0327734466e-01  -2.0387028829e-01   3.3252161906e-02   8.8678937842e-01   4.9745687374e-01
  -2.0209126970e-01  -2.0268440103e-01   1.4654609263e-01   8.9562004874e-01   4.3822864043e-01
  -2.0090147165e-01  -2.0149813836e-01   2.6104605775e-01   9.0333921540e-01   3.8033962075e-01
  -1.9970122365e-01  -2.0030480494e-01   3.7442167703e-01   9.0974692793e-01   3.2522152482e-01
  -1.9848348986e-01  -1.9909764236e-01   4.8790789918e-01   9.1485152043e-01   2.7250127230e-01
  -1.9724048137e-01  -1.9786933735e-01   6.0149990690e-01   9.1851480558e-01   2.2248797863e-01
  -1.9596323099e-01  -1.9661162539e-01   7.1501638867e-01   9.2053747680e-01   1.7560543749e-01
  -1.9464093815e-01  -1.9531483659e-01   8.2861210423e-01   9.2065051897e-01   1.3219848796e-01
  -1.9325989426e-01  -1.9396703971e-01   9.4249914260e-01   9.1846153228e-01   9.2709756871e-02
  -1.9180212350e-01  -1.9255274881e-01   1.0560559413e+00   9.1344014581e-01   5.7998370197e-02
  -1.9024256431e-01  -1.9105149818e-01   1.1697810096e+00   9.0478041506e-01   2.8753912444e-02
  -1.8854366466e-01  -1.8943363044e-01   1.2835099758e+00   8.9126412340e-01   6.2462042279e-03
  -1.8664397079e-01  -1.8765369889e-01   1.3972887352e+00   8.7084611288e-01  -7.6647062247e-03
  -1.8442730585e-01  -1.8563424269e-01   1.5112335894e+00   8.3963771587e-01  -9.7288833083e-03
  -1.8160313917e-01  -1.8322036901e-01   1.6261724207e+00   7.8781663935e-01   7.4681383341e-03
  -1.7756259117e-01  -1.7998590933e-01   1.7309680937e+00   6.9013231716e-01   6.2393196248e-02
  -1.7303185648e-01  -1.7513927301e-01   1.7736265997e+00   5.5130411257e-01   1.4829712923e-01
  -1.6908706558e-01  -1.7092443995e-01   1.7491866657e+00   4.0682891299e-01   2.2939466627e-01
  -1.6556874658e-01  -1.6724969121e-01   1.6842142399e+00   2.6223580334e-01   2.9526822973e-01
  -1.6230329771e-01  -1.6388780195e-01   1.5919537247e+00   1.1801047310e-01   3.4358596873e-01
  -1.5930533986e-01  -1.6071879347e-01   1.4828402585e+00  -2.1167481861e-02   3.7325914345e-01
  -1.5665937975e-01  -1.5789188625e-01   1.3691756300e+00  -1.4727398210e-01   3.8564350063e-01
  -1.5431114807e-01  -1.5542687324e-01   1.2555592437e+00  -2.6071327967e-01   3.8498983883e-01
  -1.5216225868e-01  -1.5319542290e-01   1.1418924664e+00  -3.6472517085e-01   3.7456872974e-01
  -1.5015713276e-01  -1.5112909446e-01   1.0284526824e+00  -4.6076515838e-01   3.5648928109e-01
  -1.4825992434e-01  -1.4918517106e-01   9.1481117539e-01  -5.5018521577e-01   3.3209878560e-01
  -1.4644521115e-01  -1.4733467761e-01   8.0134567109e-01  -6.3326575892e-01   3.0247527098e-01
  -1.4469345284e-01  -1.4555574469e-01   6.8767584685e-01  -7.1060786754e-01   2.6823987707e-01
  -1.4298867368e-01  -1.4383116098e-01   5.7413940944e-01  -7.8210476695e-01   2.2999481888e-01
  -1.4131690759e-01  -1.4214618637e-01   4.6085562131e-01  -8.4769087363e-01   1.8813864048e-01
  -1.3966534044e-01  -1.4048762881e-01   3.4678675501e-01  -9.0772587816e-01   1.4243402708e-01
  -1.3802137227e-01  -1.3884305207e-01   2.3355106759e-01  -9.6101267881e-01   9.3567127396e-02
  -1.3637181817e-01  -1.3719969246e-01   1.1989215161e-01  -1.0076493411e+00   4.0908714627e-02
  -1.3470202479e-01  -1.3554394387e-01   6.1525439530e-03  -1.0466347704e+00  -1.5705207694e-02
  -1.3299460342e-01  -1.3386010571e-01  -1.0732822362e-01  -1.0767431889e+00  -7.6597691860e-02
  -1.3122742364e-01  -1.3212910114e-01  -2.2090524079e-01  -1.0964470263e+00  -1.4275910914e-01
  -1.2936992205e-01  -1.3032574614e-01  -3.3461474586e-01  -1.1032350324e+00  -2.1552394526e-01
  -1.2737607576e-01  -1.2841409796e-01  -4.4831675305e-01  -1.0931519144e+00  -2.9693154012e-01
  -1.2516795232e-01  -1.2633805357e-01  -5.6201195626e-01  -1.0593955488e+00  -3.9072654078e-01
  -1.2259649311e-01  -1.2399785107e-01  -6.7597085085e-01  -9.8788993462e-01  -5.0492887301e-01
  -1.1978118372e-01  -1.2119513514e-01  -7.7481428723e-01  -8.6969845116e-01  -6.3476223173e-01
  -1.1722127913e-01  -1.1836723231e-01  -8.3983520482e-01  -7.2614909550e-01  -7.5682763075e-01
  -1.1509287231e-01  -1.1607532595e-01  -8.7501472849e-01  -5.8085422048e-01  -8.6092742824e-01
  -1.1322832905e-01  -1.1411041867e-01  -8.9197029787e-01  -4.3591938193e-01  -9.5345108522e-01
  -1.1153107570e-01  -1.1234623943e-01  -8.9674554404e-01  -2.9121143961e-01  -1.0383349942e+00
  -1.0994725144e-01  -1.1071591197e-01  -8.9267885485e-01  -1.4599605949e-01  -1.1180801991e+00
  -1.0844209005e-01  -1.0917859092e-01  -8.8194805338e-01  -1.4596553392e-03  -1.1933323699e+00
  -1.0699069130e-01  -1.0770558918e-01  -8.6599113166e-01   1.4335177787e-01  -1.2654604896e+00
  -1.0557379342e-01  -1.0627579343e-01  -8.4582129406e-01   2.8863644863e-01  -1.3351141604e+00
  -1.0417484262e-01  -1.0487179340e-01  -8.2255657284e-01   4.3268427782e-01  -1.4019036814e+00
  -1.0277836491e-01  -1.0347789183e-01  -7.9644251768e-01   5.7820107420e-01  -1.4673507515e+00
  -1.0136848770e-01  -1.0207883800e-01  -7.6849682468e-01   7.2274512587e-01  -1.5305078985e+00
  -9.9927160114e-02  -1.0065813741e-01  -7.3908688931e-01   8.6741543995e-01  -1.5919415636e+00
  -9.8431492431e-02  -9.9196182820e-02  -7.0870064586e-01   1.0125329683e+00  -1.6517173785e+00
  -9.6849353975e-02  -9.7666802042e-02  -6.7816931820e-01   1.1571938804e+00  -1.7092397282e+00
  -9.5128935434e-02  -9.6031905908e-02  -6.4812694075e-01   1.3024468702e+00  -1.7643950607e+00
  -9.3169554815e-02  -9.4225964960e-02  -6.2002790827e-01   1.4481425189e+00  -1.8158739688e+00
  -9.0693116826e-02  -9.2113144671e-02  -5.9712997031e-01   1.5950331371e+00  -1.8602955416e+00
  -8.6064311804e-02  -8.9273088982e-02  -6.0474175576e-01   1.7286830650e+00  -1.8648516640e+00
  -8.1038906322e-02  -8.2855534627e-02  -6.8221047223e-01   1.6754968170e+00  -1.7566008456e+00
  -7.8108252031e-02  -7.9222278017e-02  -7.6458729123e-01   1.5293045300e+00  -1.6245429044e+00
  -7.6119770026e-02  -7.6994226045e-02  -8.3370035785e-01   1.3830856701e+00  -1.5051381115e+00
  -7.4493656872e-02  -7.5245314008e-02  -8.9640393619e-01   1.2377289624e+00  -1.3903814499e+00
  -7.3066926550e-02  -7.3741999736e-02  -9.5511664970e-01   1.0921584114e+00  -1.2771743287e+00
  -7.1768786630e-02  -7.2391853364e-02  -1.0101703555e+00   9.4775013601e-01  -1.1655953239e+00
  -7.0560251636e-02  -7.1145719897e-02  -1.0624991444e+00   8.0335724092e-01  -1.0542106848e+00
  -6.9417550346e-02  -6.9974783374e-02  -1.1128723170e+00   6.5743093227e-01  -9.4147658561e-01
  -6.8324055410e-02  -6.8860317318e-02  -1.1601986672e+00   5.1362859686e-01  -8.2997071936e-01
  -6.7267461975e-02  -6.7787793503e-02  -1.2056277511e+00   3.6882825624e-01  -7.1708365365e-01
  -6.6238617133e-02  -6.6747130448e-02  -1.2490723529e+00   2.2325478243e-01  -6.0280764977e-01
  -6.5229849759e-02  -6.5730103818e-02  -1.2899982923e+00   7.8709862864e-02  -4.8840558760e-01
  -6.4234582529e-02  -6.4729595701e-02  -1.3287139073e+00  -6.5925984702e-02  -3.7285497280e-01
  -6.3247023061e-02  -6.3739569357e-02  -1.3651753993e+00  -2.1078658067e-01  -2.5589171381e-01
  -6.2261713444e-02  -6.2754476766e-02  -1.3992776158e+00  -3.5593895588e-01  -1.3728694975e-01
  -6.1273271772e-02  -6.1768950123e-02  -1.4307056705e+00  -5.0062836393e-01  -1.7476004019e-02
  -6.0276158330e-02  -6.0777593420e-02  -1.4593789109e+00  -6.4526476627e-01   1.0408159094e-01
  -5.9264388663e-02  -5.9774723239e-02  -1.4850495675e+00  -7.8979874112e-01   2.2759229257e-01
  -5.8231038661e-02  -5.8754054088e-02  -1.5075675196e+00  -9.3544674535e-01   3.5443959897e-01
  -5.7167898835e-02  -5.7708023234e-02  -1.5261873561e+00  -1.0801931931e+00   4.8327105786e-01
  -5.6065022706e-02  -5.6627774435e-02  -1.5404189625e+00  -1.2237494082e+00   6.1425806519e-01
  -5.4910797379e-02  -5.5502270977e-02  -1.5497544149e+00  -1.3698312692e+00   7.5155983491e-01
  -5.3708034454e-02  -5.4319323781e-02  -1.5527483921e+00  -1.5112669109e+00   8.8931250078e-01
  -5.2463138266e-02  -5.3096745126e-02  -1.5485238732e+00  -1.6474770991e+00   1.0277517404e+00
  -5.1166546254e-02  -5.1829531406e-02  -1.5359643217e+00  -1.7764679834e+00   1.1659202493e+00
  -4.9801008403e-02  -5.0503561102e-02  -1.5132028562e+00  -1.8983155748e+00   1.3055519886e+00
  -4.8342526768e-02  -4.9098455703e-02  -1.4784897904e+00  -2.0084563971e+00   1.4437116730e+00
  -4.6754581213e-02  -4.7586597833e-02  -1.4280419298e+00  -2.1056286175e+00   1.5824645854e+00
  -4.4974374735e-02  -4.5922564593e-02  -1.3561856447e+00  -2.1842671516e+00   1.7212514601e+00
  -4.2998052848e-02  -4.4026184878e-02  -1.2578905510e+00  -2.2333219846e+00   1.8535351803e+00
  -4.1070655474e-02  -4.1969920818e-02  -1.1446606699e+00  -2.2423319056e+00   1.9591172159e+00
  -3.9362305491e-02  -4.0171390129e-02  -1.0310456997e+00  -2.2180694621e+00   2.0320626303e+00
  -3.7805683954e-02  -3.8553220854e-02  -9.1724006572e-01  -2.1702891103e+00   2.0816215478e+00
  -3.6354604293e-02  -3.7058147054e-02  -8.0346642107e-01  -2.1047002928e+00   2.1130347702e+00
  -3.4979688191e-02  -3.5651061533e-02  -6.9003693092e-01  -2.0251761781e+00   2.1296602196e+00
  -3.3660687901e-02  -3.4308314849e-02  -5.7654573634e-01  -1.9339137548e+00   2.1337955591e+00
  -3.2382721616e-02  -3.3013060953e-02  -4.6272423279e-01  -1.8323714884e+00   2.1268644961e+00
  -3.1134000315e-02  -3.1752382279e-02  -3.4888840184e-01  -1.7220722209e+00   2.1098441183e+00
  -2.9904597774e-02  -3.0515618351e-02  -2.3516982510e-01  -1.6041477018e+00   2.0834538719e+00
  -2.8685747466e-02  -2.9293577198e-02  -1.2157460185e-01  -1.4793959622e+00   2.0481468076e+00
  -2.7469270579e-02  -2.8077917734e-02  -8.0385397914e-03  -1.3483532569e+00   2.0041142955e+00
  -2.6247064189e-02  -2.6860623423e-02   1.0551978555e-01  -1.2113752545e+00   1.9512981716e+00
  -2.5014821667e-02  -2.5633504956e-02   2.1875019183e-01  -1.0692350833e+00   1.8896451102e+00
  -2.3783464998e-02  -2.4396138378e-02   3.2978294498e-01  -9.2468166675e-01   1.8200001964e+00
  -2.2559798503e-02  -2.3170791618e-02   4.3728018907e-01  -7.7994234884e-01   1.7431650771e+00
  -2.1333573805e-02  -2.1948805389e-02   5.4149716430e-01  -6.3511465715e-01   1.6588397821e+00
  -2.0092652379e-02  -2.0718342222e-02   6.4269563553e-01  -4.9012132961e-01   1.5663474368e+00
  -1.8823713972e-02  -1.9466962537e-02   7.4090669983e-01  -3.4506257217e-01   1.4647830898e+00
  -1.7510956879e-02  -1.8180465406e-02   8.3585618022e-01  -2.0036506355e-01   1.3530920625e+00
  -1.6134263046e-02  -1.6841448352e-02   9.2767640478e-01  -5.5653711799e-02   1.2289645394e+00
  -1.4716027676e-02  -1.5427077741e-02   1.0131017727e+00   8.4081322265e-02   1.0944865223e+00
  -1.3323109993e-02  -1.4004977611e-02   1.0879977902e+00   2.1189995608e-01   9.5498971682e-01
  -1.1982185388e-02  -1.2641242376e-02   1.1496647401e+00   3.2240854355e-01   8.1705402493e-01
  -1.0682244316e-02  -1.1323128401e-02   1.2002853728e+00   4.1855811344e-01   6.7858251005e-01
  -9.4147914636e-03  -1.0041360232e-02   1.2404668949e+00   5.0081793151e-01   5.3987116180e-01
  -8.1726570787e-03  -8.7882226952e-03   1.2707759340e+00   5.6967796729e-01   4.0116193246e-01
  -6.9495966886e-03  -7.5570914623e-03   1.2917477385e+00   6.2566004228e-01   2.6257756116e-01
  -5.7399918747e-03  -6.3421019150e-03   1.3038565958e+00   6.6926012556e-01   1.2414683201e-01
  -4.5386011756e-03  -5.1378818345e-03   1.3074952774e+00   7.0090451267e-01  -1.4171401288e-02
  -3.3403364641e-03  -3.9393205168e-03   1.3029623083e+00   7.2091833812e-01  -1.5246437753e-01
  -2.1400090595e-03  -2.7413524114e-03   1.2903178182e+00   7.2948368879e-01  -2.9176771488e-01
  -9.3212634877e-04  -1.5386657077e-03   1.2698436378e+00   7.2656655845e-01  -4.3027291033e-01
   2.8931424925e-04  -3.2558698988e-04   1.2416108396e+00   7.1232017852e-01  -5.6867456571e-01
   1.5311812089e-03   9.0421548837e-04   1.2055655206e+00   6.8662506247e-01  -7.0716184727e-01
   2.8016617177e-03   2.1581469294e-03   1.1616231224e+00   6.4925519574e-01  -8.4559156191e-01
   4.1109605850e-03   3.4451765061e-03   1.1094614184e+00   5.9970192557e-01  -9.8415639389e-01
   5.4725294366e-03   4.7767446639e-03   1.0484320264e+00   5.3700852021e-01  -1.1232311617e+00
   6.9046774823e-03   6.1683142094e-03   9.7835012082e-01   4.6059381697e-01  -1.2616422421e+00
   8.4340799804e-03   7.6410407552e-03   8.9786033457e-01   3.6849439420e-01  -1.4000025994e+00
   1.0104145255e-02   9.2271192055e-03   8.0445861970e-01   2.5705660834e-01  -1.5390604665e+00
   1.1941516552e-02   1.0981171305e-02   6.9775131136e-01   1.2483336862e-01  -1.6747780426e+00
   1.3844002375e-02   1.2901861799e-02   5.8596912836e-01  -1.8466356480e-02  -1.7939525570e+00
   1.5719327137e-02   1.4786142951e-02   4.7613173242e-01  -1.6364661150e-01  -1.8890533888e+00
   1.7600566921e-02   1.6652511322e-02   3.6968740516e-01  -3.0827563771e-01  -1.9596937173e+00
   1.9538400328e-02   1.8548622520e-02   2.6569880866e-01  -4.5322898945e-01  -2.0057914738e+00
   2.1598120379e-02   2.0528178135e-02   1.6402818609e-01  -5.9843431732e-01  -2.0239728459e+00
   2.3888292623e-02   2.2668062623e-02   6.4612447455e-02  -7.4363640242e-01  -2.0065131258e+00
   2.6618799763e-02   2.5108522624e-02  -3.2540667880e-02  -8.8790796792e-01  -1.9347449441e+00
   2.9401618874e-02   2.8129076902e-02  -1.0654330845e-01  -9.9723860958e-01  -1.8098362526e+00
   3.1692531966e-02   3.0674160846e-02  -1.4740374384e-01  -1.0537322323e+00  -1.6701400664e+00
   3.3600221992e-02   3.2710903086e-02  -1.6772343365e-01  -1.0755277975e+00  -1.5311618127e+00
   3.5300111210e-02   3.4489540898e-02  -1.7586926269e-01  -1.0748483397e+00  -1.3919043711e+00
   3.6869555690e-02   3.6110681521e-02  -1.7555688431e-01  -1.0572093350e+00  -1.2535496096e+00
   3.8351830203e-02   3.7628429858e-02  -1.6892626199e-01  -1.0255246022e+00  -1.1149962962e+00
   3.9774323875e-02   3.9075230547e-02  -1.5727458170e-01  -9.8156154158e-01  -9.7655979055e-01
   4.1156420734e-02   4.0473417203e-02  -1.4136271109e-01  -9.2599246310e-01  -8.3739595366e-01
   4.2513044807e-02   4.1839424264e-02  -1.2202051401e-01  -8.6018103089e-01  -6.9922326758e-01
   4.3856500443e-02   4.3186665349e-02  -9.9546250173e-02  -7.8394660961e-01  -5.6077944378e-01
   4.5197538296e-02   4.4526335537e-02  -7.4151876833e-02  -6.9699260093e-01  -4.2160629809e-01
   4.6546249027e-02   4.5868741055e-02  -4.6472570299e-02  -6.0059261271e-01  -2.8377804938e-01
   4.7912792377e-02   4.7223756999e-02  -1.6111358416e-02  -4.9249079757e-01  -1.4450910825e-01
   4.9307828469e-02   4.8601827754e-02   1.6196841528e-02  -3.7446670458e-01  -6.6902611133e-03
   5.0743392454e-02   5.0013829184e-02   5.1031899122e-02  -2.4354960841e-01   1.3237848155e-01
   5.2207825414e-02   5.1472955725e-02   8.7356959858e-02  -1.0283198551e-01   2.6866640839e-01
   5.3650667067e-02   5.2942695103e-02   1.2359503411e-01   4.1910632629e-02   3.9700312271e-01
   5.5047776467e-02   5.4358639031e-02   1.5863525706e-01   1.8608110885e-01   5.1461114918e-01
   5.6414013560e-02   5.5736913904e-02   1.9305717758e-01   3.3178546333e-01   6.2440049518e-01
   5.7762323677e-02   5.7091113216e-02   2.2622914838e-01   4.7602771897e-01   7.2511734165e-01
   5.9104466362e-02   5.8433534137e-02   2.5865566936e-01   6.2064135917e-01   8.1893950313e-01
   6.0451808752e-02   5.9775398588e-02   2.9048991331e-01   7.6608148070e-01   9.0668564740e-01
   6.1816225066e-02   6.1128218917e-02   3.2126370486e-01   9.0992415825e-01   9.8746095386e-01
   6.3211375120e-02   6.2504231215e-02   3.5178466088e-01   1.0557468522e+00   1.0636620903e+00
   6.4653930942e-02   6.3918519026e-02   3.8137056587e-01   1.2001677009e+00   1.1338078110e+00
   6.6165814248e-02   6.5389342859e-02   4.1037998402e-01   1.3448415984e+00   1.1990456060e+00
   6.7779318088e-02   6.6942285637e-02   4.3882526528e-01   1.4900101948e+00   1.2596118980e+00
   6.9546485745e-02   6.8616350540e-02   4.6641814469e-01   1.6347404266e+00   1.3152051398e+00
   7.1567532276e-02   7.0476620951e-02   4.9313856355e-01   1.7804980880e+00   1.3662856090e+00
   7.4104885422e-02   7.2658443602e-02   5.1798869577e-01   1.9270448115e+00   1.4122254579e+00
   7.7526520153e-02   7.5551327241e-02   5.3419804997e-01   2.0539759763e+00   1.4460380226e+00
   8.1476905976e-02   7.9501713064e-02   5.2531792991e-01   2.0939918989e+00   1.4510920644e+00
   8.5477905063e-02   8.3452098887e-02   4.8172310520e-01   2.0120567195e+00   1.4233751704e+00
   8.8741837857e-02   8.7503711239e-02   4.2004190216e-01   1.8612538328e+00   1.3799103093e+00
   9.0981550477e-02   8.9979964474e-02   3.6343125119e-01   1.7154290021e+00   1.3393599719e+00
   9.2861396960e-02   9.1983136480e-02   3.0772129437e-01   1.5702400655e+00   1.2990395603e+00
   9.4541878575e-02   9.3739657440e-02   2.5208416809e-01   1.4248706840e+00   1.2582045092e+00
   9.6096131064e-02   9.5344099709e-02   1.9673873537e-01   1.2803123802e+00   1.2168243692e+00
   9.7565832357e-02   9.6848162418e-02   1.4134141521e-01   1.1357429923e+00   1.1744377568e+00
   9.8977729923e-02   9.8283502295e-02   8.5646735180e-02   9.9042435969e-01   1.1306131061e+00
   1.0035123539e-01   9.9671957551e-02   3.0411447788e-02   8.4611675369e-01   1.0856911010e+00
   1.0170158899e-01   1.0103051323e-01  -2.5054131369e-02   7.0070175377e-01   1.0388128979e+00
   1.0304161504e-01   1.0237266476e-01  -7.9681053886e-02   5.5656909028e-01   9.9054056546e-01
   1.0438312125e-01   1.0371056532e-01  -1.3414960041e-01   4.1138706394e-01   9.3985992611e-01
   1.0573772454e-01   1.0505567718e-01  -1.8765525265e-01   2.6659160075e-01   8.8697798802e-01
   1.0711777092e-01   1.0641977189e-01  -2.3994493473e-01   1.2196724847e-01   8.3149662700e-01
   1.0853732118e-01   1.0781576996e-01  -2.9060235650e-01  -2.2541255704e-02   7.7299521901e-01
   1.1001381601e-01   1.0925887241e-01  -3.3929786467e-01  -1.6777127230e-01   7.1056408894e-01
   1.1157029742e-01   1.1076875960e-01  -3.8486027676e-01  -3.1285924193e-01   6.4380826037e-01
   1.1323910999e-01   1.1237183524e-01  -4.2592061461e-01  -4.5741862124e-01   5.7189571865e-01
   1.1507083258e-01   1.1410638474e-01  -4.6069135576e-01  -6.0225540407e-01   4.9282868991e-01
   1.1715595752e-01   1.1603528043e-01  -4.8550501833e-01  -7.4757480694e-01   4.0360959586e-01
   1.1969438156e-01   1.1827663460e-01  -4.9227681604e-01  -8.9352415315e-01   2.9804928884e-01
   1.2294359536e-01   1.2111212852e-01  -4.6170052680e-01  -1.0286296989e+00   1.7106827360e-01
   1.2658882411e-01   1.2477506220e-01  -3.7695494359e-01  -1.1140294034e+00   4.2536844731e-02
   1.2978377682e-01   1.2840258601e-01  -2.6321785009e-01  -1.1346888206e+00  -5.5149148530e-02
   1.3235774354e-01   1.3116496762e-01  -1.4907940939e-01  -1.1176183337e+00  -1.2253714567e-01
   1.3465455028e-01   1.3355051945e-01  -3.5262450739e-02  -1.0808662986e+00  -1.7414863187e-01
   1.3682756115e-01   1.3575858111e-01   7.8773732847e-02  -1.0304257069e+00  -2.1603499126e-01
   1.3897182370e-01   1.3789654119e-01   1.9230907973e-01  -9.6904596422e-01  -2.5103971720e-01
   1.4117369974e-01   1.4004710620e-01   3.0621026413e-01  -8.9660715353e-01  -2.8147068668e-01
   1.4354874708e-01   1.4230029328e-01   4.2022378532e-01  -8.1138589070e-01  -3.0892872077e-01
   1.4633888714e-01   1.4479720088e-01   5.3503205136e-01  -7.0630209847e-01  -3.3574026844e-01
   1.4981236160e-01   1.4788057341e-01   6.3745016781e-01  -5.7524337690e-01  -3.6371857089e-01
   1.5385946366e-01   1.5174414979e-01   6.8694213854e-01  -4.3066266603e-01  -3.9266109662e-01
   1.5819320894e-01   1.5597477754e-01   6.4524402785e-01  -2.9426857219e-01  -4.2201856567e-01
   1.6184740152e-01   1.6041164034e-01   5.3654842495e-01  -1.9726212470e-01  -4.4546537237e-01
   1.6440447902e-01   1.6328316269e-01   4.2166390137e-01  -1.4056153144e-01  -4.6001548037e-01
   1.6650136438e-01   1.6552579535e-01   3.0760237358e-01  -1.0100880898e-01  -4.6981128647e-01
   1.6837033901e-01   1.6747693341e-01   1.9379942330e-01  -7.0952001609e-02  -4.7621057709e-01
   1.7010830122e-01   1.6926374462e-01   7.9899515538e-02  -4.7285215280e-02  -4.7963247788e-01
   1.7177006805e-01   1.7095285781e-01  -3.3771972536e-02  -2.8528444650e-02  -4.8014704875e-01
   1.7339327517e-01   1.7258727828e-01  -1.4726316172e-01  -1.3778196370e-02  -4.7767361526e-01
   1.7500830949e-01   1.7419927206e-01  -2.6107679284e-01  -2.5062157534e-03  -4.7194022842e-01
   1.7664414492e-01   1.7581734693e-01  -3.7459283038e-01   5.4340990881e-03  -4.6256756150e-01
   1.7833348868e-01   1.7747094292e-01  -4.8850664984e-01   1.0050724636e-02  -4.4884922769e-01
   1.8011963246e-01   1.7919603443e-01  -6.0216879737e-01   1.0992688907e-02  -4.2985111066e-01
   1.8207106981e-01   1.8104323049e-01  -7.1618146239e-01   7.4787443159e-03  -4.0375811285e-01
   1.8432341455e-01   1.8309890913e-01  -8.3033087614e-01  -2.3285067739e-03  -3.6719369379e-01
   1.8730324195e-01   1.8554791997e-01  -9.4660006386e-01  -2.4519131115e-02  -3.0941043951e-01
   1.9198932527e-01   1.8905856393e-01  -1.0338481743e+00  -7.8408598107e-02  -2.0529692858e-01
   1.9726099767e-01   1.9492008661e-01  -9.9416451789e-01  -1.5849189964e-01  -8.8661697333e-02
   2.0095746375e-01   1.9960190873e-01  -8.7732498120e-01  -2.2174195385e-01  -2.1413023531e-02
   2.0338988416e-01   2.0231301878e-01  -7.6270331842e-01  -2.6349864559e-01   9.7554192005e-03
   2.0540576969e-01   2.0446674954e-01  -6.4852806239e-01  -2.9659966226e-01   2.5575441956e-02
   2.0720180342e-01   2.0634478985e-01  -5.3491972106e-01  -3.2383318305e-01   3.0972929215e-02
   2.0886272091e-01   2.0805881699e-01  -4.2108078934e-01  -3.4654443980e-01   2.8155924718e-02
   2.1043552366e-01   2.0966662483e-01  -3.0757536380e-01  -3.6516286301e-01   1.8293345770e-02
   2.1195075282e-01   2.1120442249e-01  -1.9378575290e-01  -3.8004034933e-01   2.0194681991e-03
   2.1343051381e-01   2.1269708315e-01  -8.0077964530e-02  -3.9117958745e-01  -2.0228906676e-02
   2.1489263354e-01   2.1416394446e-01   3.3497674593e-02  -3.9851834306e-01  -4.8192669613e-02
   2.1635282734e-01   2.1562132261e-01   1.4704447267e-01  -4.0188170041e-01  -8.1790918985e-02
   2.1782637853e-01   2.1708433207e-01   2.6068070936e-01  -4.0094654564e-01  -1.2109476004e-01
   2.1932969182e-01   2.1856842500e-01   3.7440976255e-01  -3.9521660470e-01  -1.6627593083e-01
   2.2088202986e-01   2.2009095864e-01   4.8798556802e-01  -3.8401202468e-01  -2.1752563335e-01
   2.2250829290e-01   2.2167310109e-01   6.0171332392e-01  -3.6627603441e-01  -2.7547482313e-01
   2.2424396686e-01   2.2334348470e-01   7.1541971883e-01  -3.4046048008e-01  -3.4083928502e-01
   2.2614578731e-01   2.2514444901e-01   8.2922532862e-01  -3.0394921072e-01  -4.1503310045e-01
   2.2832036589e-01   2.2714712560e-01   9.4314990112e-01  -2.5189930343e-01  -5.0057846835e-01
   2.3104116554e-01   2.2949360617e-01   1.0583592657e+00  -1.7165122463e-01  -6.0458569171e-01
   2.3446740230e-01   2.3258872491e-01   1.1553481339e+00  -5.0456874809e-02  -7.2156179964e-01
   2.3803867974e-01   2.3634607970e-01   1.1977664599e+00   9.4199918573e-02  -8.1766560398e-01
   2.4135828121e-01   2.3973127978e-01   1.1812902506e+00   2.3905414080e-01  -8.7440752061e-01
   2.4464229029e-01   2.4298528263e-01   1.1146539813e+00   3.8386576626e-01  -8.9424226297e-01
   2.4774388155e-01   2.4629929796e-01   1.0113516410e+00   5.1423722685e-01  -8.7846925101e-01
   2.5038396827e-01   2.4918846514e-01   8.9696282749e-01   6.1467442704e-01  -8.3867051289e-01
   2.5265231116e-01   2.5157947139e-01   7.8318403473e-01   6.8934427626e-01  -7.8620171195e-01
   2.5473031395e-01   2.5372515093e-01   6.6937114819e-01   7.4609469660e-01  -7.2470738782e-01
   2.5670511721e-01   2.5573547696e-01   5.5551147605e-01   7.8793924662e-01  -6.5590520859e-01
   2.5863194685e-01   2.5767475745e-01   4.4198542727e-01   8.1609179294e-01  -5.8091919405e-01
   2.6055367048e-01   2.5958913624e-01   3.2851184935e-01   8.3098690901e-01  -4.9997461681e-01
   2.6251072899e-01   2.6151820472e-01   2.1475263724e-01   8.3208006908e-01  -4.1280857651e-01
   2.6454940182e-01   2.6350325326e-01   1.0084271529e-01   8.1785051468e-01  -3.1911908578e-01
   2.6673238471e-01   2.6559555038e-01  -1.2723669775e-02   7.8576416399e-01  -2.1850027494e-01
   2.6916222718e-01   2.6786921904e-01  -1.2654119565e-01   7.3078370018e-01  -1.0878093840e-01
   2.7205175754e-01   2.7045523533e-01  -2.4087498530e-01   6.4220100992e-01   1.3967609365e-02
   2.7542659499e-01   2.7364827974e-01  -3.4207739569e-01   5.1522045134e-01   1.4021719589e-01
   2.7889122059e-01   2.7720491024e-01  -4.0902605006e-01   3.7003416415e-01   2.4502091549e-01
   2.8234944938e-01   2.8057753094e-01  -4.3992511760e-01   2.2469258257e-01   3.1934305072e-01
   2.8629386712e-01   2.8412136782e-01  -4.3923011272e-01   7.8265986221e-02   3.6469355533e-01
   2.9276767405e-01   2.8846636642e-01  -3.9201265533e-01  -6.2632567231e-02   3.5231042391e-01
   3.0061497953e-01   2.9706898168e-01  -3.4627064149e-01  -4.0974325617e-02   2.5128548657e-01
   3.0637126398e-01   3.0416097737e-01  -3.7089082903e-01   1.0396755827e-01   1.6210863064e-01
   3.1056872481e-01   3.0858155059e-01  -4.3426508536e-01   2.5021058796e-01   1.1916728877e-01
   3.1463802338e-01   3.1255589902e-01  -5.2701303402e-01   3.9358776959e-01   1.1260627346e-01
   3.1872411652e-01   3.1672014775e-01  -6.3837186452e-01   5.1389865454e-01   1.5011348127e-01
   3.2287356189e-01   3.2072808529e-01  -7.5189046748e-01   5.9020180582e-01   2.3824499176e-01
   3.2687829824e-01   3.2501903849e-01  -8.4211991128e-01   6.0923689041e-01   3.6697468982e-01
   3.3033830393e-01   3.2873755799e-01  -8.8966931444e-01   5.7924939168e-01   5.0624518258e-01
   3.3344961879e-01   3.3193904987e-01  -8.9865783987e-01   5.1824374553e-01   6.4500621397e-01
   3.3648870306e-01   3.3496018770e-01  -8.7105634401e-01   4.3315356266e-01   7.8383279001e-01
   3.3967017916e-01   3.3801721842e-01  -8.0068883122e-01   3.2491863464e-01   9.2192639299e-01
   3.4270881407e-01   3.4132313990e-01  -6.9532670174e-01   2.1196056384e-01   1.0368562471e+00
   3.4523117408e-01   3.4409448823e-01  -5.8099914739e-01   1.1657913528e-01   1.1126070819e+00
   3.4737466320e-01   3.4636785992e-01  -4.6710053084e-01   3.7837661526e-02   1.1587268643e+00
   3.4931156545e-01   3.4838146648e-01  -3.5356067392e-01  -2.9398462582e-02   1.1836289156e+00
   3.5112509625e-01   3.5024166442e-01  -2.3963592919e-01  -8.8120645629e-02   1.1911112834e+00
   3.5286583623e-01   3.5200852807e-01  -1.2589038993e-01  -1.3959293906e-01   1.1828240216e+00
   3.5457029672e-01   3.5372314438e-01  -1.2153952476e-02  -1.8501215551e-01   1.1594633276e+00
   3.5626879955e-01   3.5541744907e-01   1.0138049302e-01  -2.2515109408e-01   1.1209847001e+00
   3.5799061964e-01   3.5712015003e-01   2.1500478358e-01  -2.6081042642e-01   1.0664215580e+00
   3.5976860714e-01   3.5886108925e-01   3.2864939476e-01  -2.9260277397e-01   9.9396401186e-01
   3.6164560677e-01   3.6067612502e-01   4.4245519763e-01  -3.2126379599e-01   9.0029133120e-01
   3.6366197227e-01   3.6261508852e-01   5.5488168752e-01  -3.4738949707e-01   7.8166239396e-01
   3.6568115675e-01   3.6470885602e-01   6.5566789326e-01  -3.7019638093e-01   6.4567368620e-01
   3.6754825006e-01   3.6665345748e-01   7.3605545416e-01  -3.8944985930e-01   5.0715199330e-01
   3.6928695524e-01   3.6844304263e-01   7.9920039274e-01  -4.0704904868e-01   3.6830834156e-01
   3.7094160435e-01   3.7013086785e-01   8.4781187439e-01  -4.2433275953e-01   2.3020405479e-01
   3.7254251576e-01   3.7175234086e-01   8.8449818054e-01  -4.4260824889e-01   9.0846146258e-02
   3.7411286219e-01   3.7333269067e-01   9.0994836023e-01  -4.6240625998e-01  -4.7411479850e-02
   3.7567245930e-01   3.7489303370e-01   9.2543261635e-01  -4.8461498946e-01  -1.8579161671e-01
   3.7723981263e-01   3.7645188489e-01   9.3148335314e-01  -5.0998761861e-01  -3.2443546088e-01
   3.7883443336e-01   3.7802774038e-01   9.2833628283e-01  -5.3932575430e-01  -4.6337305802e-01
   3.8047891362e-01   3.7964112633e-01   9.1609385541e-01  -5.7330422097e-01  -6.0166059599e-01
   3.8220252201e-01   3.8131670090e-01   8.9440853648e-01  -6.1331833863e-01  -7.4042983935e-01
   3.8404748900e-01   3.8308834311e-01   8.6266869540e-01  -6.6070775704e-01  -8.7885944402e-01
   3.8608416343e-01   3.8500663490e-01   8.1899374045e-01  -7.1841014629e-01  -1.0181542337e+00
   3.8845280006e-01   3.8716169196e-01   7.6035520293e-01  -7.9053313018e-01  -1.1571148352e+00
   3.9152402103e-01   3.8974390817e-01   6.7675831142e-01  -8.8927993171e-01  -1.2967024116e+00
   3.9540749083e-01   3.9330413390e-01   5.6995984482e-01  -1.0122211159e+00  -1.4011677473e+00
   3.9998842425e-01   3.9751084777e-01   4.5599365657e-01  -1.1354409095e+00  -1.4163038711e+00
   4.0461283637e-01   4.0246600073e-01   3.6309439856e-01  -1.2126999014e+00  -1.3216890426e+00
   4.0824270461e-01   4.0675967201e-01   3.0642856814e-01  -1.2254198710e+00  -1.1797634013e+00
   4.1098573482e-01   4.0972573721e-01   2.7100812442e-01  -1.2002448617e+00  -1.0405138605e+00
   4.1339891324e-01   4.1224573243e-01   2.4236722070e-01  -1.1517458952e+00  -9.0149953542e-01
   4.1565410983e-01   4.1455209406e-01   2.1557744675e-01  -1.0841449092e+00  -7.6305600215e-01
   4.1784309690e-01   4.1675612559e-01   1.8727034240e-01  -9.9798424812e-01  -6.2413120531e-01
   4.2003306119e-01   4.1893006820e-01   1.5484973948e-01  -8.9320961894e-01  -4.8562604272e-01
   4.2228473499e-01   4.2113605417e-01   1.1517332416e-01  -7.6768056398e-01  -3.4733260729e-01
   4.2453237295e-01   4.2343341581e-01   6.7399974774e-02  -6.2673983341e-01  -2.1713224120e-01
   4.2665741155e-01   4.2563133009e-01   1.3518244439e-02  -4.8199834949e-01  -1.0479902793e-01
   4.2866541872e-01   4.2768349302e-01  -4.6157840462e-02  -3.3709117944e-01  -1.0457712099e-02
   4.3060534923e-01   4.2964734442e-01  -1.1208664288e-01  -1.9244575250e-01   6.7710120596e-02
   4.3251356087e-01   4.3156335404e-01  -1.8502649588e-01  -4.7710839617e-02   1.3103973979e-01
   4.3442094964e-01   4.3346376770e-01  -2.6577221675e-01   9.7273523467e-02   1.7996075792e-01
   4.3635753672e-01   4.3537813158e-01  -3.5473807791e-01   2.4184037836e-01   2.1415582925e-01
   4.3835654627e-01   4.3733694186e-01  -4.5332919147e-01   3.8665448841e-01   2.3310774197e-01
   4.4043662500e-01   4.3937615068e-01  -5.6128559450e-01   5.2967105097e-01   2.3544197290e-01
   4.4253985249e-01   4.4149709932e-01  -6.7484083643e-01   6.6517947718e-01   2.2057592007e-01
   4.4462320710e-01   4.4358260566e-01  -7.8830847878e-01   7.8717763151e-01   1.9011164517e-01
   4.4672758775e-01   4.4566380855e-01  -9.0189942423e-01   8.9733496377e-01   1.4518878416e-01
   4.4891196447e-01   4.4779136694e-01  -1.0156796376e+00   9.9665688758e-01   8.5868557101e-02
   4.5126594965e-01   4.5003256200e-01  -1.1295179889e+00   1.0856151034e+00   1.0954141750e-02
   4.5397375997e-01   4.5249933730e-01  -1.2440373290e+00   1.1648044054e+00  -8.4255353557e-02
   4.5735951527e-01   4.5544818263e-01  -1.3527357063e+00   1.2300865690e+00  -2.0630408634e-01
   4.6162797951e-01   4.5927084791e-01  -1.4208688714e+00   1.2657299626e+00  -3.4572371352e-01
   4.6651114958e-01   4.6398511111e-01  -1.3870271967e+00   1.2560571595e+00  -4.5633620237e-01
   4.7039569429e-01   4.6903718805e-01  -1.2713603691e+00   1.2215132554e+00  -4.9138301724e-01
   4.7279185709e-01   4.7175420054e-01  -1.1562994133e+00   1.1910075234e+00  -4.8201195202e-01
   4.7471013751e-01   4.7382951364e-01  -1.0423873592e+00   1.1631217154e+00  -4.5688299967e-01
   4.7637515518e-01   4.7559076137e-01  -9.2856958989e-01   1.1368161803e+00  -4.2230978910e-01
   4.7787857922e-01   4.7715954898e-01  -8.1481383550e-01   1.1116079072e+00  -3.8107832653e-01
   4.7926958189e-01   4.7859760947e-01  -7.0124963615e-01   1.0871744514e+00  -3.3482227345e-01
   4.8057834895e-01   4.7994155431e-01  -5.8759412858e-01   1.0631777662e+00  -2.8441869585e-01
   4.8182509209e-01   4.8121514360e-01  -4.7363944466e-01   1.0393398511e+00  -2.3043421850e-01
   4.8302447802e-01   4.8243504059e-01  -3.6002633666e-01   1.0155834537e+00  -1.7367011574e-01
   4.8418778828e-01   4.8361391545e-01  -2.4708194515e-01   9.9178444179e-01  -1.1471293250e-01
   4.8532376560e-01   4.8476166111e-01  -1.3232851956e-01   9.6722566186e-01  -5.2515544214e-02
   4.8643981443e-01   4.8588587009e-01  -1.9918626025e-02   9.4261414271e-01   1.0417785568e-02
   4.8754242565e-01   4.8699375878e-01   9.4968799334e-02   9.1669709935e-01   7.6591921875e-02
   4.8863737676e-01   4.8809109251e-01   2.0787556271e-01   8.9027244017e-01   1.4329158244e-01
   4.8973025032e-01   4.8918366101e-01   3.2131757337e-01   8.6255651288e-01   2.1182482360e-01
   4.9082651997e-01   4.9027683962e-01   4.3569392468e-01   8.3317929588e-01   2.8234713427e-01
   4.9193180318e-01   4.9137620032e-01   5.4828930708e-01   8.0258595535e-01   3.5306072129e-01
   4.9305229898e-01   4.9248740604e-01   6.6306326567e-01   7.6936442360e-01   4.2636421624e-01
   4.9419488176e-01   4.9361719191e-01   7.7569596787e-01   7.3438874255e-01   4.9941315532e-01
   4.9536771504e-01   4.9477257160e-01   8.8989574311e-01   6.9606339280e-01   5.7452024273e-01
   4.9658103552e-01   4.9596285849e-01   1.0035186842e+00   6.5446449635e-01   6.5021660762e-01
   4.9784778996e-01   4.9719921256e-01   1.1167920046e+00   6.0879918070e-01   7.2656057546e-01
   4.9924818369e-01   4.9849636737e-01   1.2358153990e+00   5.5509055824e-01   8.0764658620e-01