# time = 1.1
# Grid points = 474
# Pressure (Pa) = 101325
#             1_pos             2_posf             3_uvel             4_vvel             5_wvel
  -2.8800088790e-01  -2.8847490519e-01   1.1463627618e+00   6.2865262130e-01   9.5491298155e-01
  -2.8703722998e-01  -2.8752687060e-01   1.2460446440e+00   5.3685169841e-01   1.0425813657e+00
  -2.8597230848e-01  -2.8654758936e-01   1.3422345943e+00   4.2899645802e-01   1.1276054490e+00
  -2.8465500023e-01  -2.8539702759e-01   1.4384561567e+00   2.8759675008e-01   1.2126397537e+00
  -2.8311321943e-01  -2.8391297287e-01   1.5175291606e+00   1.1331396712e-01   1.2815538638e+00
  -2.8153207688e-01  -2.8231346599e-01   1.5591087257e+00  -7.1921350747e-02   1.3154037198e+00
  -2.7996513643e-01  -2.8075068777e-01   1.5597562596e+00  -2.5711556877e-01   1.3107662230e+00
  -2.7836285075e-01  -2.7917958509e-01   1.5195360560e+00  -4.4239200236e-01   1.2675899605e+00
  -2.7676998261e-01  -2.7754611640e-01   1.4411614377e+00  -6.1639215311e-01   1.1890793387e+00
  -2.7538626061e-01  -2.7599384882e-01   1.3451655307e+00  -7.5404021810e-01   1.0957351092e+00
  -2.7425672652e-01  -2.7477867241e-01   1.2487520285e+00  -8.5441581586e-01   1.0039269142e+00
  -2.7326341048e-01  -2.7373478064e-01   1.1528499016e+00  -9.3134755701e-01   9.1420893301e-01
  -2.7235389063e-01  -2.7279204032e-01   1.0570688893e+00  -9.9157294481e-01   8.2611190744e-01
  -2.7150059362e-01  -2.7191574093e-01   9.6104916835e-01  -1.0385318048e+00   7.3931100222e-01
  -2.7068639585e-01  -2.7108544631e-01   8.6561428422e-01  -1.0738200554e+00   6.5458804861e-01
  -2.6989961731e-01  -2.7028734539e-01   7.6929025489e-01  -1.0991301811e+00   5.7072414208e-01
  -2.6913161338e-01  -2.6951188922e-01   6.7386916010e-01  -1.1147609954e+00   4.8938493246e-01
  -2.6837545504e-01  -2.6875133754e-01   5.7824205326e-01  -1.1215144760e+00   4.0972902575e-01
  -2.6762539478e-01  -2.6799957254e-01   4.8205261823e-01  -1.1195544108e+00   3.3164627620e-01
  -2.6687623992e-01  -2.6725121703e-01   3.8623466102e-01  -1.1089822369e+00   2.5609000772e-01
  -2.6612307144e-01  -2.6650126281e-01   2.9060701813e-01  -1.0898519800e+00   1.8311283732e-01
  -2.6536100621e-01  -2.6574488007e-01   1.9512983945e-01  -1.0620648169e+00   1.1292735091e-01
  -2.6458481041e-01  -2.6497713235e-01   9.8843967380e-02  -1.0249384037e+00   4.5183338445e-02
  -2.6378876155e-01  -2.6419248846e-01   3.5739838479e-03  -9.7880352401e-01  -1.8471044543e-02
  -2.6296612223e-01  -2.6338503465e-01  -9.2671089163e-02  -9.2210760744e-01  -7.8892311684e-02
  -2.6210868653e-01  -2.6254720981e-01  -1.8820101908e-01  -8.5501264579e-01  -1.3441360004e-01
  -2.6120600833e-01  -2.6167016324e-01  -2.8412511582e-01  -7.7575335004e-01  -1.8495473412e-01
  -2.6024396846e-01  -2.6074185342e-01  -3.7980142840e-01  -6.8340127415e-01  -2.2917728432e-01
  -2.5920237040e-01  -2.5974608349e-01  -4.7572596974e-01  -5.7546582742e-01  -2.6595305199e-01
  -2.5805009093e-01  -2.5865865731e-01  -5.7149193510e-01  -4.4942662148e-01  -2.9316149130e-01
  -2.5673367777e-01  -2.5744152455e-01  -6.6745085981e-01  -3.0008417611e-01  -3.0784717676e-01
  -2.5521523433e-01  -2.5602583099e-01  -7.6002635795e-01  -1.2618929163e-01  -3.0512865784e-01
  -2.5354962105e-01  -2.5440463766e-01  -8.3927208915e-01   5.8773923867e-02  -2.8205896045e-01
  -2.5174448287e-01  -2.5269460443e-01  -8.9969271944e-01   2.4448475687e-01  -2.3945336566e-01
  -2.4963762176e-01  -2.5079436130e-01  -9.3823436681e-01   4.3062133061e-01  -1.7752852204e-01
  -2.4668025354e-01  -2.4848088223e-01  -9.3830977937e-01   6.1994539125e-01  -9.3701728824e-02
  -2.4328241054e-01  -2.4487962485e-01  -8.7291520795e-01   7.3315861857e-01  -3.5189854735e-02
  -2.4061479969e-01  -2.4168519623e-01  -7.7528839413e-01   7.4745606507e-01  -3.5257754971e-02
  -2.3867236088e-01  -2.3954440315e-01  -6.7919246331e-01   7.2264368517e-01  -6.4464686633e-02
  -2.3703963508e-01  -2.3780031861e-01  -5.8342630228e-01   6.8434960052e-01  -1.0569967684e-01
  -2.3559038878e-01  -2.3627895154e-01  -4.8754798854e-01   6.4003806795e-01  -1.5249260431e-01
  -2.3426288917e-01  -2.3490182601e-01  -3.9190768909e-01   5.9307458385e-01  -2.0104899591e-01
  -2.3302016138e-01  -2.3362395233e-01  -2.9613717615e-01   5.4472133501e-01  -2.4929997083e-01
  -2.3183719719e-01  -2.3241637043e-01  -2.0043212947e-01   4.9565049938e-01  -2.9562723212e-01
  -2.3069518129e-01  -2.3125802395e-01  -1.0466630492e-01   4.4588637722e-01  -3.3899378946e-01
  -2.2957864636e-01  -2.3013233863e-01  -9.0478252654e-03   3.9530835718e-01  -3.7846319146e-01
  -2.2847362092e-01  -2.2902495408e-01   8.6794866991e-02   3.4323493327e-01  -4.1346495722e-01
  -2.2736613885e-01  -2.2792228775e-01   1.8261315656e-01   2.8905795960e-01  -4.4321239017e-01
  -2.2624066029e-01  -2.2680998994e-01   2.7829648545e-01   2.3180301544e-01  -4.6697733531e-01
  -2.2507780604e-01  -2.2567133064e-01   3.7408232407e-01   1.6982865444e-01  -4.8396350613e-01
  -2.2385011369e-01  -2.2448428145e-01   4.6994452769e-01   1.0084381248e-01  -4.9295520549e-01
  -2.2251251561e-01  -2.2321594592e-01   5.6583792157e-01   2.1011440788e-02  -4.9204908966e-01
  -2.2097285648e-01  -2.2180908530e-01   6.6215648726e-01  -7.7886404503e-02  -4.7749218976e-01
  -2.1901110242e-01  -2.2013662765e-01   7.5717292016e-01  -2.1555701377e-01  -4.3990639326e-01
  -2.1674464777e-01  -2.1788557718e-01   8.2258687070e-01  -3.9026422425e-01  -3.7613458015e-01
  -2.1453409461e-01  -2.1560371837e-01   8.3423044173e-01  -5.7494458118e-01  -3.0026970872e-01
  -2.1242355149e-01  -2.1346447086e-01   7.9446151401e-01  -7.5994970502e-01  -2.2334204339e-01
  -2.1045352380e-01  -2.1138263212e-01   7.1436940897e-01  -9.3375010590e-01  -1.5442780820e-01
  -2.0879942018e-01  -2.0952441548e-01   6.1798266608e-01  -1.0756036265e+00  -1.0242058824e-01
  -2.0744659411e-01  -2.0807442488e-01   5.2194985213e-01  -1.1850352090e+00  -6.5782507520e-02
  -2.0624560273e-01  -2.0681876334e-01   4.2596568445e-01  -1.2750331895e+00  -3.8361879177e-02
  -2.0513194105e-01  -2.0567244211e-01   3.2992421658e-01  -1.3506586921e+00  -1.7526382838e-02
  -2.0406961870e-01  -2.0459143999e-01   2.3433605298e-01  -1.4140029916e+00  -1.8833660276e-03
  -2.0303446051e-01  -2.0354779740e-01   1.3853212569e-01  -1.4667111452e+00   9.6365435276e-03
  -2.0200745288e-01  -2.0252112362e-01   4.2685274463e-02  -1.5090039139e+00   1.7659017276e-02
  -2.0097095922e-01  -2.0149378213e-01  -5.3303316126e-02  -1.5406367921e+00   2.2708562320e-02
  -1.9990608432e-01  -2.0044813632e-01  -1.4892485074e-01  -1.5605950511e+00   2.5234383273e-02
  -1.9878918507e-01  -1.9936403233e-01  -2.4482527531e-01  -1.5672542893e+00   2.5728531335e-02
  -1.9758569908e-01  -1.9821433782e-01  -3.4076961749e-01  -1.5572676667e+00   2.4761201204e-02
  -1.9623557196e-01  -1.9695706034e-01  -4.3678709741e-01  -1.5243482611e+00   2.3253834024e-02
  -1.9460163163e-01  -1.9551408359e-01  -5.3334502473e-01  -1.4535124423e+00   2.3222710199e-02
  -1.9254614977e-01  -1.9368917968e-01  -6.2015663339e-01  -1.3179620023e+00   3.0174016186e-02
  -1.9047418404e-01  -1.9140311985e-01  -6.6727585534e-01  -1.1348788849e+00   4.8960164869e-02
  -1.8873813322e-01  -1.8954524822e-01  -6.7382827658e-01  -9.4926129010e-01   7.6533815504e-02
  -1.8719106263e-01  -1.8793101822e-01  -6.5564581630e-01  -7.6368717513e-01   1.1084767127e-01
  -1.8574897104e-01  -1.8645110705e-01  -6.2019480576e-01  -5.7867437149e-01   1.5048029006e-01
  -1.8436306606e-01  -1.8504683504e-01  -5.7105864265e-01  -3.9306217943e-01   1.9459839952e-01
  -1.8299787703e-01  -1.8367929707e-01  -5.1070783717e-01  -2.0824494223e-01   2.4181337189e-01
  -1.8162128506e-01  -1.8231645698e-01  -4.3953544917e-01  -2.2475510045e-02   2.9139572189e-01
  -1.8019729509e-01  -1.8092611314e-01  -3.5814766977e-01   1.6260839629e-01   3.4140600362e-01
  -1.7870939239e-01  -1.7946847704e-01  -2.6698928272e-01   3.4423184503e-01   3.8892304967e-01
  -1.7720511381e-01  -1.7795030774e-01  -1.7140580776e-01   5.0994837899e-01   4.2784914202e-01
  -1.7571172257e-01  -1.7645991988e-01  -7.5816011223e-02   6.5123564179e-01   4.5315339094e-01
  -1.7419435032e-01  -1.7496352526e-01   2.0057486084e-02   7.6691020107e-01   4.6127213214e-01
  -1.7261475344e-01  -1.7342517538e-01   1.1561260804e-01   8.5246935302e-01   4.4714911599e-01
  -1.7092400954e-01  -1.7180433149e-01   2.1136167419e-01   9.0164164922e-01   4.0342079110e-01
  -1.6904307699e-01  -1.7004368759e-01   3.0716536131e-01   9.0218565815e-01   3.1827550213e-01
  -1.6705821870e-01  -1.6804246638e-01   3.9377264739e-01   8.4259004403e-01   1.8873860220e-01
  -1.6524702045e-01  -1.6607397103e-01   4.5761704595e-01   7.3854212755e-01   4.0022837169e-02
  -1.6366466543e-01  -1.6442006988e-01   5.0000064985e-01   6.1317457128e-01  -1.0868906455e-01
  -1.6218043935e-01  -1.6290926098e-01   5.2707107689e-01   4.7307708464e-01  -2.5692339893e-01
  -1.6071429964e-01  -1.6145161771e-01   5.4084973731e-01   3.1952369176e-01  -4.0524161136e-01
  -1.5918840743e-01  -1.5997698156e-01   5.4038836034e-01   1.5115047630e-01  -5.5391462190e-01
  -1.5754741566e-01  -1.5839983329e-01   5.2190548591e-01  -2.9861293946e-02  -6.9757236841e-01
  -1.5575474589e-01  -1.5669499803e-01   4.7918257401e-01  -2.1571740630e-01  -8.2376728529e-01
  -1.5380123642e-01  -1.5481449375e-01   4.0489380271e-01  -3.9028260481e-01  -9.1182542097e-01
  -1.5198083318e-01  -1.5278797909e-01   3.1016215604e-01  -5.1633869122e-01  -9.3900017732e-01
  -1.5048878726e-01  -1.5117368728e-01   2.1398945595e-01  -5.8680079028e-01  -9.1606546472e-01
  -1.4919212076e-01  -1.4980388725e-01   1.1828464681e-01  -6.2150947376e-01  -8.6225093008e-01
  -1.4801668994e-01  -1.4858035426e-01   2.2275459867e-02  -6.3128632450e-01  -7.8642836246e-01
  -1.4692187526e-01  -1.4745302562e-01  -7.3312809242e-02  -6.2198312682e-01  -6.9440305263e-01
  -1.4588159871e-01  -1.4639072491e-01  -1.6926906688e-01  -5.9726847255e-01  -5.8873130327e-01
  -1.4487722577e-01  -1.4537247251e-01  -2.6489017641e-01  -5.5977915644e-01  -4.7237681674e-01
  -1.4389384159e-01  -1.4438197903e-01  -3.6096897501e-01  -5.1087109486e-01  -3.4588406971e-01
  -1.4291826988e-01  -1.4340570414e-01  -4.5664117288e-01  -4.5209741224e-01  -2.1143182477e-01
  -1.4193813792e-01  -1.4243083562e-01  -5.5227294675e-01  -3.8399016901e-01  -6.9256874969e-02
  -1.4095595999e-01  -1.4144544023e-01  -6.4627411137e-01  -3.0816468827e-01   7.7738663611e-02
  -1.3997852221e-01  -1.4046647975e-01  -7.3677143333e-01  -2.2658543385e-01   2.2609492548e-01
  -1.3899497833e-01  -1.3949056466e-01  -8.2324117577e-01  -1.3998604923e-01   3.7456031068e-01
  -1.3798578545e-01  -1.3849939200e-01  -9.0538191257e-01  -4.8446737923e-02   5.2258211232e-01
  -1.3692638953e-01  -1.3747217890e-01  -9.8342503744e-01   4.9503998971e-02   6.7125659145e-01
  -1.3578040765e-01  -1.3638060016e-01  -1.0558249048e+00   1.5473003597e-01   8.1942750225e-01
  -1.3448123956e-01  -1.3518021514e-01  -1.1210544178e+00   2.7164182598e-01   9.6839920629e-01
  -1.3285828142e-01  -1.3378226398e-01  -1.1731202395e+00   4.0992032616e-01   1.1184416496e+00
  -1.3065344969e-01  -1.3193429886e-01  -1.1860097544e+00   5.7923420699e-01   1.2490498263e+00
  -1.2828758390e-01  -1.2937260053e-01  -1.1250997426e+00   7.3475858912e-01   1.2941843409e+00
  -1.2650419130e-01  -1.2720256727e-01  -1.0267522343e+00   8.3326106958e-01   1.2630593477e+00
  -1.2524188992e-01  -1.2580581532e-01  -9.3026528561e-01   8.9347967348e-01   1.2091209799e+00
  -1.2418632469e-01  -1.2467796452e-01  -8.3425070797e-01   9.3840339970e-01   1.1467873519e+00
  -1.2324882787e-01  -1.2369468485e-01  -7.3833661684e-01   9.7455286234e-01   1.0802137183e+00
  -1.2238856694e-01  -1.2280297088e-01  -6.4247889970e-01   1.0048443562e+00   1.0114243595e+00
  -1.2158235132e-01  -1.2197416299e-01  -5.4672647955e-01   1.0308810265e+00   9.4163959364e-01
  -1.2081532425e-01  -1.2119053964e-01  -4.5109119146e-01   1.0536512057e+00   8.7163594631e-01
  -1.2007720247e-01  -1.2044010886e-01  -3.5499793774e-01   1.0739132495e+00   8.0154033408e-01
  -1.1936030907e-01  -1.1971429608e-01  -2.5911766591e-01   1.0919431144e+00   7.3226546566e-01
  -1.1865853597e-01  -1.1900632207e-01  -1.6317277531e-01   1.1080914256e+00   6.6395393127e-01
  -1.1796683702e-01  -1.1831074987e-01  -6.7500384097e-02   1.1225006656e+00   5.9713666299e-01
  -1.1728082546e-01  -1.1762292417e-01   2.8036065360e-02   1.1353212410e+00   5.3197279716e-01
  -1.1659651973e-01  -1.1693872674e-01   1.2354520743e-01   1.1466273272e+00   4.6863489284e-01
  -1.1591006598e-01  -1.1625431272e-01   2.2007105994e-01   1.1565103975e+00   4.0672913552e-01
  -1.1521758312e-01  -1.1556581923e-01   3.1564906406e-01   1.1647144517e+00   3.4778657809e-01
  -1.1451501184e-01  -1.1486934701e-01   4.1132030732e-01   1.1712501646e+00   2.9140825433e-01
  -1.1379785833e-01  -1.1416067667e-01   5.0708072854e-01   1.1759406192e+00   2.3792472958e-01
  -1.1306094896e-01  -1.1343503999e-01   6.0277747812e-01   1.1785306491e+00   1.8778920481e-01
  -1.1229805236e-01  -1.1268685794e-01   6.9854102132e-01   1.1786758441e+00   1.4137044854e-01
  -1.1150125935e-01  -1.1190924678e-01   7.9455015288e-01   1.1758738291e+00   9.9141802974e-02
  -1.1066019878e-01  -1.1109327192e-01   8.9028088168e-01   1.1694455860e+00   6.2022009274e-02
  -1.0976041141e-01  -1.1022712565e-01   9.8615345974e-01   1.1583592943e+00   3.0748505432e-02
  -1.0878023158e-01  -1.0929369716e-01   1.0820293155e+00   1.1410553138e+00   6.6792281674e-03
  -1.0768420356e-01  -1.0826676599e-01   1.1779471350e+00   1.1149153015e+00  -8.1966995164e-03
  -1.0640529914e-01  -1.0710164112e-01   1.2740049535e+00   1.0749607357e+00  -1.0403817441e-02
  -1.0477589671e-01  -1.0570895716e-01   1.3709006684e+00   1.0086164910e+00   7.9868596396e-03
  -1.0244470331e-01  -1.0384283626e-01   1.4592453734e+00   8.8355514437e-01   6.6723637413e-02
  -9.9830696785e-02  -1.0104657035e-01   1.4952070230e+00   7.0581857759e-01   1.5858892574e-01
  -9.7554750425e-02  -9.8614823219e-02   1.4746032367e+00   5.2085218822e-01   2.4531420190e-01
  -9.5524856946e-02  -9.6494677632e-02   1.4198296789e+00   3.3573476356e-01   3.1575904332e-01
  -9.3640856840e-02  -9.4555036260e-02   1.3420516603e+00   1.5108816037e-01   3.6742981389e-01
  -9.1911185626e-02  -9.2726677420e-02   1.2500662394e+00  -2.7096478508e-02   3.9916223060e-01
  -9.0384599439e-02  -9.1095693831e-02   1.1542441155e+00  -1.8854619703e-01   4.1240611306e-01
  -8.9029787619e-02  -8.9673505046e-02   1.0584626882e+00  -3.3377854193e-01   4.1170723171e-01
  -8.7789986292e-02  -8.8386070191e-02   9.6263880071e-01  -4.6694131037e-01   4.0056311247e-01
  -8.6633129274e-02  -8.7193902392e-02   8.6700629130e-01  -5.8989793222e-01   3.8122921870e-01
  -8.5538535233e-02  -8.6072356156e-02   7.7120374025e-01  -7.0437929270e-01   3.5514633496e-01
  -8.4491536804e-02  -8.5004714310e-02   6.7554957866e-01  -8.1074439956e-01   3.2346729470e-01
  -8.3480860177e-02  -8.3978359297e-02   5.7972318519e-01  -9.0976279512e-01   2.8685633976e-01
  -8.2497288166e-02  -8.2983361057e-02   4.8400925499e-01  -1.0012977806e+00   2.4595747306e-01
  -8.1532763040e-02  -8.2011215275e-02   3.8850832960e-01  -1.0852653926e+00   2.0119689364e-01
  -8.0579891685e-02  -8.1054310805e-02   2.9234558116e-01  -1.1621261319e+00   1.5232081871e-01
  -7.9631404558e-02  -8.0105472566e-02   1.9688523984e-01  -1.2303473917e+00   1.0006300807e-01
  -7.8679694632e-02  -7.9157336549e-02   1.0106812635e-01  -1.2900547237e+00   4.3750571009e-02
  -7.7716307659e-02  -7.8202052715e-02   5.1830098394e-03  -1.3399664631e+00  -1.6791871021e-02
  -7.6731211227e-02  -7.7230562604e-02  -9.0483873293e-02  -1.3785132914e+00  -8.1909789938e-02
  -7.5711637188e-02  -7.6231859850e-02  -1.8623186710e-01  -1.4037395170e+00  -1.5266228397e-01
  -7.4639951996e-02  -7.5191414525e-02  -2.8209151415e-01  -1.4124300784e+00  -2.3047644623e-01
  -7.3489602758e-02  -7.4088489467e-02  -3.7794479217e-01  -1.3995211588e+00  -3.1753313780e-01
  -7.2215626357e-02  -7.2890716049e-02  -4.7379226708e-01  -1.3563042486e+00  -4.1783686675e-01
  -7.0732023452e-02  -7.1540536665e-02  -5.6986193309e-01  -1.2647583589e+00  -5.3996410326e-01
  -6.9107731237e-02  -6.9923510239e-02  -6.5318880273e-01  -1.1134422424e+00  -6.7880711437e-01
  -6.7630794766e-02  -6.8291952235e-02  -7.0800247115e-01  -9.2966132994e-01  -8.0934316366e-01
  -6.6402810855e-02  -6.6969637296e-02  -7.3765918102e-01  -7.4364565664e-01  -9.2066693246e-01
  -6.5327062975e-02  -6.5835984415e-02  -7.5195269650e-01  -5.5809090218e-01  -1.0196112601e+00
  -6.4347832975e-02  -6.4818141535e-02  -7.5597793161e-01  -3.7282661924e-01  -1.1103856961e+00
  -6.3434045873e-02  -6.3877524415e-02  -7.5254921891e-01  -1.8691267096e-01  -1.1956648398e+00
  -6.2565643293e-02  -6.2990567331e-02  -7.4350251454e-01  -1.8679823692e-03  -1.2761391643e+00
  -6.1728259061e-02  -6.2140719256e-02  -7.3005007473e-01   1.8352882234e-01  -1.3532726518e+00
  -6.0910780092e-02  -6.1315798866e-02  -7.1304605246e-01   3.6953150069e-01  -1.4277599824e+00
  -6.0103655695e-02  -6.0505761319e-02  -6.9343297817e-01   5.5395069919e-01  -1.4991844110e+00
  -5.9297958148e-02  -5.9701550071e-02  -6.7141784791e-01   7.4025056507e-01  -1.5691732355e+00
  -5.8484529758e-02  -5.8894366226e-02  -6.4785860848e-01   9.2530506202e-01  -1.6367132333e+00
  -5.7652956080e-02  -5.8074693291e-02  -6.2306497891e-01   1.1105212074e+00  -1.7024101546e+00
  -5.6790030894e-02  -5.7231218869e-02  -5.9744829715e-01   1.2963099023e+00  -1.7663341872e+00
  -5.5877216411e-02  -5.6348842919e-02  -5.7170930495e-01   1.4815140028e+00  -1.8278483852e+00
  -5.4884621260e-02  -5.5405589904e-02  -5.4638250295e-01   1.6674761095e+00  -1.8868313214e+00
  -5.3754156984e-02  -5.4363652616e-02  -5.2269397560e-01   1.8540049188e+00  -1.9418827312e+00
  -5.2325376556e-02  -5.3144661351e-02  -5.0339006783e-01   2.0420635659e+00  -1.9893871102e+00
  -4.9654788376e-02  -5.1506091760e-02  -5.0980649881e-01   2.2131704547e+00  -1.9942597921e+00
  -4.6755381636e-02  -4.7803484992e-02  -5.7511431650e-01   2.1450775838e+00  -1.8784974343e+00
  -4.5064541198e-02  -4.5707278280e-02  -6.4456006572e-01   1.9579125494e+00  -1.7372757112e+00
  -4.3917286883e-02  -4.4421804117e-02  -7.0282420686e-01   1.7707135715e+00  -1.6095851142e+00
  -4.2979101207e-02  -4.3412769649e-02  -7.5568501639e-01   1.5846184072e+00  -1.4868651735e+00
  -4.2155949418e-02  -4.2545432765e-02  -8.0518144493e-01   1.3982494841e+00  -1.3658022881e+00
  -4.1406987838e-02  -4.1766466071e-02  -8.5159325036e-01   1.2133685939e+00  -1.2464804910e+00
  -4.0709723802e-02  -4.1047509604e-02  -8.9570789312e-01   1.0285074034e+00  -1.1273665418e+00
  -4.0050442509e-02  -4.0371937999e-02  -9.3817391353e-01   8.4168304412e-01  -1.0068094857e+00
  -3.9419550813e-02  -3.9728947019e-02  -9.7807139205e-01   6.5757793951e-01  -8.8756589041e-01
  -3.8809949431e-02  -3.9110154608e-02  -1.0163694364e+00   4.7219512874e-01  -7.6684524809e-01
  -3.8216357595e-02  -3.8509744255e-02  -1.0529945212e+00   2.8582250710e-01  -6.4463928350e-01
  -3.7634349450e-02  -3.7922970934e-02  -1.0874963164e+00   1.0076671150e-01  -5.2229851209e-01
  -3.7060130210e-02  -3.7345727965e-02  -1.1201347599e+00  -8.4405492339e-02  -3.9872948591e-01
  -3.6490357962e-02  -3.6774532454e-02  -1.1508729288e+00  -2.6986543018e-01  -2.7364978765e-01
  -3.5921883766e-02  -3.6206183470e-02  -1.1796221772e+00  -4.5569891940e-01  -1.4681467539e-01
  -3.5351602530e-02  -3.5637584061e-02  -1.2061170472e+00  -6.4093968477e-01  -1.8689681272e-02
  -3.4776318119e-02  -3.5065620999e-02  -1.2302895478e+00  -8.2611258560e-01   1.1130316661e-01
  -3.4192577802e-02  -3.4487015238e-02  -1.2519308037e+00  -1.0111543489e+00   2.4338465205e-01
  -3.3596386714e-02  -3.3898140365e-02  -1.2709142621e+00  -1.1976223616e+00   3.7903427789e-01
  -3.2983008393e-02  -3.3294633062e-02  -1.2866115205e+00  -1.3829361398e+00   5.1680574057e-01
  -3.2346704219e-02  -3.2671383723e-02  -1.2986094008e+00  -1.5667261012e+00   6.5688232920e-01
  -3.1680774136e-02  -3.2022024716e-02  -1.3064797198e+00  -1.7537495542e+00   8.0371187726e-01
  -3.0986840294e-02  -3.1339523556e-02  -1.3090040237e+00  -1.9348246119e+00   9.5102360640e-01
  -3.0268597675e-02  -3.0634157032e-02  -1.3054429626e+00  -2.1092097012e+00   1.0990695478e+00
  -2.9520529159e-02  -2.9903038317e-02  -1.2948552671e+00  -2.2743521650e+00   1.2468259655e+00
  -2.8732682355e-02  -2.9138020002e-02  -1.2756671142e+00  -2.4303493170e+00   1.3961471438e+00
  -2.7891211652e-02  -2.8327344708e-02  -1.2464034691e+00  -2.5713586988e+00   1.5438941075e+00
  -2.6975046765e-02  -2.7455078596e-02  -1.2038750115e+00  -2.6957648287e+00   1.6922754524e+00
  -2.5947956975e-02  -2.6495014934e-02  -1.1432987319e+00  -2.7964429226e+00   1.8406930986e+00
  -2.4807718437e-02  -2.5400899017e-02  -1.0604338795e+00  -2.8592460344e+00   1.9821562952e+00
  -2.3695706888e-02  -2.4214537858e-02  -9.6497857812e-01  -2.8707810522e+00   2.0950648863e+00
  -2.2710074689e-02  -2.3176875918e-02  -8.6919856405e-01  -2.8397186367e+00   2.1730721052e+00
  -2.1811982188e-02  -2.2243273461e-02  -7.7325776422e-01  -2.7785470733e+00   2.2260699700e+00
  -2.0974782053e-02  -2.1380690916e-02  -6.7734389315e-01  -2.6945759591e+00   2.2596629583e+00
  -2.0181524469e-02  -2.0568873191e-02  -5.8172012196e-01  -2.5927639744e+00   2.2774420089e+00
  -1.9420527502e-02  -1.9794175746e-02  -4.8604430767e-01  -2.4759238451e+00   2.2818642270e+00
  -1.8683205096e-02  -1.9046879257e-02  -3.9009001423e-01  -2.3459227924e+00   2.2744521157e+00
  -1.7962755578e-02  -1.8319530935e-02  -2.9412362488e-01  -2.2047104564e+00   2.2562505667e+00
  -1.7253452015e-02  -1.7605980221e-02  -1.9825606877e-01  -2.0537357752e+00   2.2280289517e+00
  -1.6550236561e-02  -1.6900923810e-02  -1.0249248993e-01  -1.8940204391e+00   2.1902717609e+00
  -1.5848390452e-02  -1.6199549313e-02  -6.7787745478e-03  -1.7262509947e+00   2.1431836453e+00
  -1.5143238707e-02  -1.5497231591e-02   8.8953718613e-02  -1.5508827907e+00   2.0867024060e+00
  -1.4432296617e-02  -1.4789245824e-02   1.8440977561e-01  -1.3689056346e+00   2.0207710189e+00
  -1.3721865621e-02  -1.4075347411e-02   2.7801316232e-01  -1.1838388763e+00   1.9462932141e+00
  -1.3015871469e-02  -1.3368383831e-02   3.6863603100e-01  -9.9853410553e-01   1.8641262693e+00
  -1.2308401362e-02  -1.2663359107e-02   4.5649355381e-01  -8.1311618158e-01   1.7739493999e+00
  -1.1592451980e-02  -1.1953443616e-02   5.4180640347e-01  -6.2748618599e-01   1.6750387633e+00
  -1.0860338207e-02  -1.1231460344e-02   6.2460079391e-01  -4.4177240591e-01   1.5664266142e+00
  -1.0102943251e-02  -1.0489216069e-02   7.0464558524e-01  -2.5652109959e-01   1.4469850903e+00
  -9.3086600052e-03  -9.7166704331e-03   7.8205233109e-01  -7.1252044069e-02   1.3142440975e+00
  -8.4904093771e-03  -8.9006495773e-03   8.5406804579e-01   1.0764603236e-01   1.1704343942e+00
  -7.6867657843e-03  -8.0801691768e-03   9.1720724582e-01   2.7128797904e-01   1.0212576661e+00
  -6.9131195877e-03  -7.2933623918e-03   9.6919400197e-01   4.1276848960e-01   8.7375040537e-01
  -6.1631188327e-03  -6.5328767837e-03   1.0118684268e+00   5.3586566619e-01   7.2567016426e-01
  -5.4318621497e-03  -5.7933608817e-03   1.0457424103e+00   6.4118029286e-01   5.7733347073e-01
  -4.7152129519e-03  -5.0703634176e-03   1.0712936338e+00   7.2933965988e-01   4.2899906567e-01
  -4.0095684917e-03  -4.3600624862e-03   1.0889733251e+00   8.0101183668e-01   2.8079820444e-01
  -3.3116872237e-03  -3.6590744973e-03   1.0991813201e+00   8.5683179490e-01   1.3276166785e-01
  -2.6185450877e-03  -2.9642999502e-03   1.1022487351e+00   8.9734530575e-01  -1.5154546139e-02
  -1.9272064896e-03  -2.2727902252e-03   1.0984272340e+00   9.2296862768e-01  -1.6304373024e-01
  -1.2346778211e-03  -1.5816227539e-03   1.0877675068e+00   9.3393488277e-01  -3.1201336454e-01
  -5.3779012017e-04  -8.8773288827e-04   1.0705071450e+00   9.3020052975e-01  -4.6012945353e-01
   1.6691980124e-04  -1.8784735207e-04   1.0467060637e+00   9.1196174719e-01  -6.0813479775e-01
   8.8341470811e-04   5.2168695456e-04   1.0163188210e+00   8.7906556143e-01  -7.5623168940e-01
   1.6164181968e-03   1.2451424617e-03   9.7927413171e-01   8.3122261398e-01  -9.0426699873e-01
   2.3718179300e-03   1.9876939319e-03   9.3530034993e-01   7.6778169573e-01  -1.0524467794e+00
   3.1573748208e-03   2.7559419281e-03   8.8385087185e-01   6.8751793863e-01  -1.2011718567e+00
   3.9836523641e-03   3.5588077135e-03   8.2476988508e-01   5.8968729838e-01  -1.3491871686e+00
   4.8660408454e-03   4.4084970148e-03   7.5691477861e-01   4.7177607881e-01  -1.4971482093e+00
   5.8295846891e-03   5.3235846760e-03   6.7817457297e-01   3.2910665417e-01  -1.6458551252e+00
   6.8896557103e-03   6.3355847023e-03   5.8821740057e-01   1.5982635652e-01  -1.7909899289e+00
   7.9872945451e-03   7.4437267183e-03   4.9398198382e-01  -2.3634805595e-02  -1.9184337251e+00
   9.0692628108e-03   8.5308623720e-03   4.0138608899e-01  -2.0950360194e-01  -2.0201333584e+00
   1.0154643748e-02   9.6076632496e-03   3.1165065732e-01  -3.9466674138e-01  -2.0956751714e+00
   1.1272676364e-02   1.0701624246e-02   2.2398549006e-01  -5.8024516580e-01  -2.1449713997e+00
   1.2461031457e-02   1.1843728483e-02   1.3827445999e-01  -7.6614625918e-01  -2.1644141227e+00
   1.3782345899e-02   1.3078334432e-02   5.4464392003e-02  -9.5204329701e-01  -2.1457426166e+00
   1.5357711476e-02   1.4486357367e-02  -2.7438161545e-02  -1.1367491761e+00  -2.0689941871e+00
   1.6963258434e-02   1.6229065585e-02  -8.9824179862e-02  -1.2767216076e+00  -1.9354178945e+00
   1.8285000308e-02   1.7697451284e-02  -1.2427040951e-01  -1.3490487631e+00  -1.7860281029e+00
   1.9385641707e-02   1.8872549333e-02  -1.4140023298e-01  -1.3769532562e+00  -1.6374061282e+00
   2.0366392469e-02   1.9898734081e-02  -1.4826715363e-01  -1.3760837992e+00  -1.4884856383e+00
   2.1271883164e-02   2.0834050856e-02  -1.4800356717e-01  -1.3535016536e+00  -1.3405305009e+00
   2.2127081163e-02   2.1709715472e-02  -1.4241351707e-01  -1.3129372801e+00  -1.1923630648e+00
   2.2947788618e-02   2.2544446855e-02  -1.3259056531e-01  -1.2566534167e+00  -1.0443205693e+00
   2.3745189138e-02   2.3351130381e-02  -1.1917614073e-01  -1.1855108010e+00  -8.9550030022e-01
   2.4527893140e-02   2.4139247896e-02  -1.0286984326e-01  -1.1012552776e+00  -7.4773998223e-01
   2.5302999614e-02   2.4916538384e-02  -8.3923109859e-02  -1.0036555906e+00  -5.9968973776e-01
   2.6076711149e-02   2.5689460845e-02  -6.2514623344e-02  -8.9233201845e-01  -4.5085959054e-01
   2.6854849550e-02   2.6463961454e-02  -3.9179858063e-02  -7.6891510854e-01  -3.0346768666e-01
   2.7643276477e-02   2.7245737646e-02  -1.3584146423e-02  -6.3051679249e-01  -1.5453515090e-01
   2.8448142286e-02   2.8040815307e-02   1.3652950604e-02  -4.7941535291e-01  -7.1533571008e-03
   2.9276390655e-02   2.8855469264e-02   4.3020289441e-02  -3.1180748962e-01   1.4156502851e-01
   3.0121294973e-02   2.9697312045e-02   7.3643763489e-02  -1.3165237368e-01   2.8730961116e-01
   3.0953742191e-02   3.0545277901e-02   1.0419390980e-01   5.3655812674e-02   4.2455123508e-01
   3.1759804195e-02   3.1362206481e-02   1.3373422585e-01   2.3823153490e-01   5.5031970781e-01
   3.2548054426e-02   3.2157401908e-02   1.6275329492e-01   4.2477104358e-01   6.6772695670e-01
   3.3325961692e-02   3.2938706944e-02   1.9071861271e-01   6.0943870534e-01   7.7543216808e-01
   3.4100310660e-02   3.3713216440e-02   2.1805549268e-01   7.9458185420e-01   8.7576427033e-01
   3.4877659597e-02   3.4487404881e-02   2.4489306543e-01   9.8078313129e-01   9.6959873744e-01
   3.5664859330e-02   3.5267914313e-02   2.7083663947e-01   1.1649392788e+00   1.0559786637e+00
   3.6469790889e-02   3.6061804347e-02   2.9656706873e-01   1.3516303780e+00   1.1374670122e+00
   3.7302073198e-02   3.6877777432e-02   3.2150921718e-01   1.5365267631e+00   1.2124797626e+00
   3.8174353984e-02   3.7726368963e-02   3.4596536940e-01   1.7217471291e+00   1.2822440248e+00
   3.9105264719e-02   3.8622339004e-02   3.6994593783e-01   1.9076008511e+00   1.3470126265e+00
   4.0124831763e-02   3.9588190433e-02   3.9320790529e-01   2.0928933633e+00   1.4064630980e+00
   4.1290874176e-02   4.0661473094e-02   4.1573436765e-01   2.2795012650e+00   1.4610876514e+00
   4.2754799592e-02   4.1920275259e-02   4.3668413467e-01   2.4671193818e+00   1.5102148716e+00
   4.4728911102e-02   4.3589323926e-02   4.5034945710e-01   2.6296244564e+00   1.5463733391e+00
   4.7008085453e-02   4.5868498277e-02   4.4286347528e-01   2.6808552724e+00   1.5517779462e+00
   4.9316461118e-02   4.8147672629e-02   4.0611178663e-01   2.5759567384e+00   1.5221379458e+00
   5.1199586524e-02   5.0485249607e-02   3.5411263316e-01   2.3828894990e+00   1.4756574008e+00
   5.2491788296e-02   5.1913923441e-02   3.0638808415e-01   2.1961954817e+00   1.4322936123e+00
   5.3576365368e-02   5.3069653150e-02   2.5942284200e-01   2.0103155774e+00   1.3891757037e+00
   5.4545918917e-02   5.4083077585e-02   2.1251899621e-01   1.8242046581e+00   1.3455074454e+00
   5.5442644596e-02   5.5008760248e-02   1.6586105643e-01   1.6391321331e+00   1.3012562728e+00
   5.6290588478e-02   5.5876528943e-02   1.1915937307e-01   1.4540454203e+00   1.2559287886e+00
   5.7105182511e-02   5.6704648013e-02   7.2207004487e-02   1.2679994812e+00   1.2090634825e+00
   5.7897626229e-02   5.7505717010e-02   2.5641915770e-02   1.0832479256e+00   1.1610246744e+00
   5.8676712484e-02   5.8289535448e-02  -2.1117320284e-02   8.9707862072e-01   1.1108939307e+00
   5.9449840258e-02   5.9063889521e-02  -6.7169548299e-02   7.1255104881e-01   1.0592723168e+00
   6.0223822013e-02   5.9835790995e-02  -1.1308826888e-01   5.2668002515e-01   1.0050752871e+00
   6.1005360121e-02   6.0611853031e-02  -1.5819525066e-01   3.4130391281e-01   9.4852421130e-01
   6.1801577622e-02   6.1398867211e-02  -2.0227714661e-01   1.5614687846e-01   8.8919334036e-01
   6.2620586876e-02   6.2204288033e-02  -2.4498301604e-01  -2.8861826310e-02   8.2663286411e-01
   6.3472450284e-02   6.3036885719e-02  -2.8603495839e-01  -2.1479423855e-01   7.5986998821e-01
   6.4370461941e-02   6.3908014849e-02  -3.2444563942e-01  -4.0054477145e-01   6.8848232832e-01
   6.5333283034e-02   6.4832909033e-02  -3.5906098121e-01  -5.8561854173e-01   6.1158013762e-01
   6.6390095038e-02   6.5833657036e-02  -3.8837406987e-01  -7.7104742133e-01   5.2702702235e-01
   6.7593107474e-02   6.6946533041e-02  -4.0929314498e-01  -9.5709412129e-01   4.3161740952e-01
   6.9057650746e-02   6.8239681908e-02  -4.1500256874e-01  -1.1439472115e+00   3.1873270148e-01
   7.0932284032e-02   6.9875619585e-02  -3.8922675222e-01  -1.3169172225e+00   1.8294093690e-01
   7.3035398065e-02   7.1988948478e-02  -3.1778489734e-01  -1.4262505735e+00   4.5491122810e-02
   7.4878725424e-02   7.4081847651e-02  -2.2190231450e-01  -1.4526994078e+00  -5.8973034489e-02
   7.6363775036e-02   7.5675603197e-02  -1.2568121427e-01  -1.4308441730e+00  -1.3103693111e-01
   7.7688917252e-02   7.7051946876e-02  -2.9731039946e-02  -1.3837914501e+00  -1.8622964476e-01
   7.8942635462e-02   7.8325887629e-02   6.6404006811e-02  -1.3192138183e+00  -2.3102244597e-01
   8.0179767329e-02   7.9559383294e-02   1.6211688529e-01  -1.2406312308e+00  -2.6845613103e-01
   8.1450139294e-02   8.0800151364e-02   2.5813821764e-01  -1.1478901529e+00  -3.0099871918e-01
   8.2820422407e-02   8.2100127224e-02   3.5425430133e-01  -1.0387841979e+00  -3.3036211792e-01
   8.4430193189e-02   8.3540717591e-02   4.5104044278e-01  -9.0424900449e-01  -3.5903422821e-01
   8.6434213617e-02   8.5319668787e-02   5.3738151520e-01  -7.3645913536e-01  -3.8895415318e-01
   8.8769188385e-02   8.7548758447e-02   5.7910476952e-01  -5.5135773817e-01  -4.1990534168e-01
   9.1269541900e-02   8.9989618323e-02   5.4395281959e-01  -3.7673763078e-01  -4.5130040177e-01
   9.3377827615e-02   9.2549465476e-02   4.5232043002e-01  -2.5254424407e-01  -4.7637465937e-01
   9.4853132996e-02   9.4206189754e-02   3.5547051836e-01  -1.7995294784e-01  -4.9193476806e-01
   9.6062930606e-02   9.5500076239e-02   2.5931435536e-01  -1.2931542697e-01  -5.0241062175e-01
   9.7141235168e-02   9.6625784973e-02   1.6337614968e-01  -9.0835172577e-02  -5.0925424733e-01
   9.8143952130e-02   9.7656685363e-02   6.7356188132e-02  -6.0535826990e-02  -5.1291386337e-01
   9.9102708189e-02   9.8631218898e-02  -2.8471224256e-02  -3.6522594695e-02  -5.1346439509e-01
   1.0003921723e-01   9.9574197480e-02  -1.2414665105e-01  -1.7638768041e-02  -5.1081957280e-01
   1.0097101098e-01   1.0050423698e-01  -2.2009391122e-01  -3.2080450429e-03  -5.0468857943e-01
   1.0191480592e-01   1.0143778497e-01  -3.1579030064e-01   6.9572638930e-03  -4.9466576618e-01
   1.0288947248e-01   1.0239182686e-01  -4.1182203466e-01   1.2867366592e-02  -4.7999573131e-01
   1.0391998780e-01   1.0338711809e-01  -5.0764160991e-01   1.4072926311e-02  -4.5967953806e-01
   1.0504586920e-01   1.0445285750e-01  -6.0375668521e-01   9.5737345226e-03  -4.3177613809e-01
   1.0634535907e-01   1.0563888090e-01  -6.9998705099e-01  -2.9825678975e-03  -3.9267468721e-01
   1.0806456993e-01   1.0705183724e-01  -7.9800444694e-01  -3.1392897918e-02  -3.3088199444e-01
   1.1076820481e-01   1.0907730261e-01  -8.7155650934e-01  -1.0038609101e-01  -2.1954404660e-01
   1.1380969520e-01   1.1245910701e-01  -8.3810247317e-01  -2.0291389958e-01  -9.4815196967e-02
   1.1594237061e-01   1.1516028339e-01  -7.3960439753e-01  -2.8389036675e-01  -2.2899749614e-02
   1.1734575510e-01   1.1672445782e-01  -6.4297600842e-01  -3.3734960534e-01   1.0431794086e-02
   1.1850881987e-01   1.1796705237e-01  -5.4672393939e-01  -3.7972727072e-01   2.7349865470e-02
   1.1954504119e-01   1.1905058737e-01  -4.5094978453e-01  -4.1459297682e-01   3.3122163885e-02
   1.2050330723e-01   1.2003949501e-01  -3.5498123194e-01  -4.4366897655e-01   3.0109954475e-02
   1.2141073547e-01   1.2096711944e-01  -2.5929382701e-01  -4.6750505846e-01   1.9563265926e-02
   1.2228494665e-01   1.2185435151e-01  -1.6336684303e-01  -4.8655174236e-01   2.1603885519e-03
   1.2313869447e-01   1.2271554179e-01  -6.7508831874e-02  -5.0081247285e-01  -2.1631567348e-02
   1.2398226417e-01   1.2356184715e-01   2.8237780536e-02  -5.1020757461e-01  -5.1535513230e-02
   1.2482472271e-01   1.2440268120e-01   1.2396008593e-01  -5.1451310960e-01  -8.7464934048e-02
   1.2567488779e-01   1.2524676422e-01   2.1975779762e-01  -5.1331540694e-01  -1.2949586980e-01
   1.2654222411e-01   1.2610301136e-01   3.1563376475e-01  -5.0597910540e-01  -1.7781197687e-01
   1.2743784525e-01   1.2698143685e-01   4.1138055213e-01  -4.9163381546e-01  -2.3261772723e-01
   1.2837611739e-01   1.2789425364e-01   5.0725545114e-01  -4.6892659059e-01  -2.9458786097e-01
   1.2937751416e-01   1.2885798115e-01   6.0311236114e-01  -4.3587538706e-01  -3.6448783609e-01
   1.3047476911e-01   1.2989704717e-01   6.9905293749e-01  -3.8913084222e-01  -4.4382986461e-01
   1.3172939180e-01   1.3105249105e-01   7.9509384179e-01  -3.2249273950e-01  -5.3531117502e-01
   1.3329915665e-01   1.3240629256e-01   8.9221792831e-01  -2.1975353742e-01  -6.4653548935e-01
   1.3527592330e-01   1.3419202073e-01   9.7398187684e-01  -6.4592406286e-02  -7.7162875183e-01
   1.3733637114e-01   1.3635982587e-01   1.0097418101e+00   1.2060656881e-01  -8.7440154823e-01
   1.3925161458e-01   1.3831291641e-01   9.9585245234e-01   3.0605801140e-01  -9.3508124187e-01
   1.4114632300e-01   1.4019031274e-01   9.3967714746e-01   4.9145465960e-01  -9.5629286259e-01
   1.4293578548e-01   1.4210233325e-01   8.5259156235e-01   6.5836390162e-01  -9.3942593059e-01
   1.4445898301e-01   1.4376923771e-01   7.5615977089e-01   7.8694935004e-01  -8.9686605936e-01
   1.4576770302e-01   1.4514872831e-01   6.6024216567e-01   8.8254580830e-01  -8.4075687289e-01
   1.4696660633e-01   1.4638667772e-01   5.6429576732e-01   9.5520067991e-01  -7.7499582959e-01
   1.4810596870e-01   1.4754653494e-01   4.6830988475e-01   1.0087721138e+00  -7.0141979542e-01
   1.4921765269e-01   1.4866540245e-01   3.7260521358e-01   1.0448141813e+00  -6.2123078875e-01
   1.5032639078e-01   1.4976990293e-01   2.7694473753e-01   1.0638832501e+00  -5.3466971564e-01
   1.5145551531e-01   1.5088287862e-01   1.8104342527e-01   1.0652821829e+00  -4.4145543205e-01
   1.5263172722e-01   1.5202815200e-01   8.5015015944e-02   1.0470640102e+00  -3.4126499099e-01
   1.5389119878e-01   1.5323530243e-01  -1.0723838382e-02   1.0059844442e+00  -2.3366435110e-01
   1.5529309593e-01   1.5454709513e-01  -1.0667447855e-01   9.3559439241e-01  -1.1633163306e-01
   1.5696020992e-01   1.5603909674e-01  -2.0306044147e-01   8.2218465411e-01   1.4934491217e-02
   1.5890732175e-01   1.5788132311e-01  -2.8837650378e-01   6.5961562126e-01   1.4994472817e-01
   1.6090623684e-01   1.5993332040e-01  -3.4481601507e-01   4.7373865560e-01   2.6202108499e-01
   1.6290146128e-01   1.6187915327e-01  -3.7086500002e-01   2.8766307032e-01   3.4150080591e-01
   1.6517719235e-01   1.6392376929e-01  -3.7027955319e-01   1.0019856199e-01   3.8999861524e-01
   1.6891225403e-01   1.6643061541e-01  -3.3047474780e-01  -8.0188295680e-02   3.7675672041e-01
   1.7343975544e-01   1.7139389265e-01  -2.9191331581e-01  -5.2459644958e-02   2.6872168512e-01
   1.7676084266e-01   1.7548561822e-01  -3.1266826269e-01   1.3310409637e-01   1.7335637937e-01
   1.7918256689e-01   1.7803606710e-01  -3.6609364677e-01   3.2033339338e-01   1.2743479520e-01
   1.8153034793e-01   1.8032906667e-01  -4.4428163925e-01   5.0389346004e-01   1.2041792310e-01
   1.8388781859e-01   1.8273162919e-01  -5.3815902354e-01   6.5792244396e-01   1.6052720115e-01
   1.8628184031e-01   1.8504400799e-01  -6.3385723041e-01   7.5560985429e-01   2.5477372583e-01
   1.8859237219e-01   1.8751967263e-01  -7.0992233020e-01   7.7997909955e-01   3.9243575455e-01
   1.9058862181e-01   1.8966507175e-01  -7.5000740869e-01   7.4158670308e-01   5.4137022339e-01
   1.9238369433e-01   1.9151217188e-01  -7.5758495870e-01   6.6348307596e-01   6.8976003905e-01
   1.9413709343e-01   1.9325521678e-01  -7.3431642881e-01   5.5454504753e-01   8.3822008313e-01
   1.9597264546e-01   1.9501897007e-01  -6.7499532131e-01   4.1597581816e-01   9.8589643686e-01
   1.9772578529e-01   1.9692632084e-01  -5.8617305617e-01   2.7135990296e-01   1.1088017860e+00
   1.9918106042e-01   1.9852524974e-01  -4.8979273718e-01   1.4924683206e-01   1.1898094498e+00
   2.0041774606e-01   1.9983687110e-01  -3.9377400223e-01   4.8437344079e-02   1.2391299142e+00
   2.0153524145e-01   2.0099862102e-01  -2.9805769665e-01  -3.7642223943e-02   1.2657603159e+00
   2.0258155770e-01   2.0207186188e-01  -2.0201691540e-01  -1.1282166689e-01   1.2737622586e+00
   2.0358587730e-01   2.0309125352e-01  -1.0612720339e-01  -1.7871930803e-01   1.2649002964e+00
   2.0456926546e-01   2.0408050108e-01  -1.0245162925e-02  -2.3686738236e-01   1.2399189395e+00
   2.0554921634e-01   2.0505802984e-01   8.5466592719e-02  -2.8825527555e-01   1.1987706007e+00
   2.0654262012e-01   2.0604040285e-01   1.8125408425e-01  -3.3390805322e-01   1.1404216307e+00
   2.0756842967e-01   2.0704483740e-01   2.7705869653e-01  -3.7461002622e-01   1.0629365537e+00
   2.0865136425e-01   2.0809202194e-01   3.7299917988e-01  -4.1130302096e-01   9.6276421637e-01
   2.0981470594e-01   2.0921070656e-01   4.6777684912e-01  -4.4475007327e-01   8.3590389953e-01
   2.1097967405e-01   2.1041870532e-01   5.5274150047e-01  -4.7394815596e-01   6.9047918861e-01
   2.1205689318e-01   2.1154064277e-01   6.2050967033e-01  -4.9859700415e-01   5.4234568259e-01
   2.1306003880e-01   2.1257314358e-01   6.7374194889e-01  -5.2112798093e-01   3.9386784191e-01
   2.1401468829e-01   2.1354693402e-01   7.1472221677e-01  -5.4325510900e-01   2.4618064431e-01
   2.1493833383e-01   2.1448244257e-01   7.4564930335e-01  -5.6665200594e-01   9.7152818269e-02
   2.1584434490e-01   2.1539422509e-01   7.6710409284e-01  -5.9199816672e-01  -5.0698391979e-02
   2.1674415416e-01   2.1629446471e-01   7.8015738850e-01  -6.2043070821e-01  -1.9868062428e-01
   2.1764843837e-01   2.1719384360e-01   7.8525801554e-01  -6.5291389760e-01  -3.4694486965e-01
   2.1856845449e-01   2.1810303313e-01   7.8260468153e-01  -6.9047400075e-01  -4.9552325582e-01
   2.1951723707e-01   2.1903387585e-01   7.7228375285e-01  -7.3397497203e-01  -6.4340647740e-01
   2.2051167260e-01   2.2000059828e-01   7.5400224418e-01  -7.8520318417e-01  -7.9180482848e-01
   2.2157612596e-01   2.2102274691e-01   7.2724453427e-01  -8.4587374383e-01  -9.3983996907e-01
   2.2275118488e-01   2.2212950500e-01   6.9042523243e-01  -9.1974764007e-01  -1.0888003201e+00
   2.2411776934e-01   2.2337286476e-01   6.4099126230e-01  -1.0120837195e+00  -1.2374032769e+00
   2.2588970970e-01   2.2486267391e-01   5.7051677504e-01  -1.1385053301e+00  -1.3866766791e+00
   2.2813027686e-01   2.2691674548e-01   4.8048282830e-01  -1.2959022570e+00  -1.4983906794e+00
   2.3077324552e-01   2.2934380824e-01   3.8440645693e-01  -1.4536561568e+00  -1.5145769313e+00
   2.3344129922e-01   2.3220268280e-01   3.0609026214e-01  -1.5525684499e+00  -1.4133967194e+00
   2.3553555101e-01   2.3467991564e-01   2.5831990636e-01  -1.5688539237e+00  -1.2616229286e+00
   2.3711814177e-01   2.3639118639e-01   2.2845999290e-01  -1.5366238307e+00  -1.1127110083e+00
   2.3851042461e-01   2.3784509715e-01   2.0431545762e-01  -1.4745329447e+00  -9.6405068258e-01
   2.3981155985e-01   2.3917575206e-01   1.8173153071e-01  -1.3879864653e+00  -8.1600080944e-01
   2.4107449552e-01   2.4044736764e-01   1.5786852821e-01  -1.2776787486e+00  -6.6743633566e-01
   2.4233799501e-01   2.4170162341e-01   1.3053782424e-01  -1.1435402908e+00  -5.1932067705e-01
   2.4363709778e-01   2.4297436660e-01   9.7090389339e-02  -9.8283075570e-01  -3.7143151168e-01
   2.4493387207e-01   2.4429982896e-01   5.6817110829e-02  -8.0239024216e-01  -2.3219705316e-01
   2.4615991269e-01   2.4556791519e-01   1.1394327324e-02  -6.1708373629e-01  -1.1206957000e-01
   2.4731843205e-01   2.4675191020e-01  -3.8913243265e-02  -4.3156507449e-01  -1.1182451498e-02
   2.4843767459e-01   2.4788495389e-01  -9.4492009748e-02  -2.4638148475e-01   7.2408896773e-02
   2.4953861693e-01   2.4899039528e-01  -1.5598126000e-01  -6.1083308082e-02   1.4013239634e-01
   2.5063908452e-01   2.5008683858e-01  -2.2405104073e-01   1.2453424797e-01   1.9244746857e-01
   2.5175639807e-01   2.5119133046e-01  -2.9905059516e-01   3.0961730171e-01   2.2901474836e-01
   2.5290972625e-01   2.5232146568e-01  -3.8216446097e-01   4.9501692146e-01   2.4928113019e-01
   2.5410982728e-01   2.5349798682e-01  -4.7317349294e-01   6.7811522927e-01   2.5177671931e-01
   2.5532328398e-01   2.5472166774e-01  -5.6890251416e-01   8.5160118943e-01   2.3587851063e-01
   2.5652527503e-01   2.5592490022e-01  -6.6455775536e-01   1.0077905098e+00   2.0329976057e-01
   2.5773939704e-01   2.5712564984e-01  -7.6031700457e-01   1.1488205191e+00   1.5525917903e-01
   2.5899967278e-01   2.5835314425e-01  -8.5623586793e-01   1.2759784099e+00   9.1822231011e-02
   2.6035780408e-01   2.5964620131e-01  -9.5220379988e-01   1.3898680859e+00   1.1709045697e-02
   2.6192007473e-01   2.6106940685e-01  -1.0487458812e+00   1.4912510511e+00  -9.0107466001e-02
   2.6387348561e-01   2.6277074261e-01  -1.1403808517e+00   1.5748293334e+00  -2.2062553658e-01
   2.6633617524e-01   2.6497622862e-01  -1.1978186147e+00   1.6204624040e+00  -3.6971970767e-01
   2.6915351929e-01   2.6769612187e-01  -1.1692895446e+00   1.6080791060e+00  -4.8800750180e-01
   2.7139470663e-01   2.7061091670e-01  -1.0717801212e+00   1.5638543184e+00  -5.2548590765e-01
   2.7277717230e-01   2.7217849655e-01  -9.7478138786e-01   1.5247993183e+00  -5.1546429269e-01
   2.7388392382e-01   2.7337584805e-01  -8.7875117292e-01   1.4890984577e+00  -4.8859136165e-01
   2.7484455545e-01   2.7439199959e-01  -7.8280042404e-01   1.4554207327e+00  -4.5161884081e-01
   2.7571195567e-01   2.7529711131e-01  -6.8690194240e-01   1.4231477708e+00  -4.0752605566e-01
   2.7651449439e-01   2.7612680003e-01  -5.9116493636e-01   1.3918667628e+00  -3.5806002665e-01
   2.7726958730e-01   2.7690218875e-01  -4.9535094853e-01   1.3611449240e+00  -3.0415867780e-01
   2.7798889552e-01   2.7763698585e-01  -3.9928474340e-01   1.3306263429e+00  -2.4642795074e-01
   2.7868088100e-01   2.7834080519e-01  -3.0350649008e-01   1.3002121168e+00  -1.8572472109e-01
   2.7935205264e-01   2.7902095682e-01  -2.0829197620e-01   1.2697433245e+00  -1.2267623430e-01
   2.8000745453e-01   2.7968314845e-01  -1.1155240659e-01   1.2383018265e+00  -5.6162699428e-02
   2.8065135870e-01   2.8033176061e-01  -1.6788483478e-02   1.2067927992e+00   1.1137839927e-02
   2.8128751003e-01   2.8097095678e-01   8.0064051234e-02   1.1736123573e+00   8.1904073375e-02
   2.8191924187e-01   2.8160406327e-01   1.7524684474e-01   1.1397820266e+00   1.5323229522e-01
   2.8254977506e-01   2.8223442046e-01   2.7088086094e-01   1.1042985311e+00   2.2652133446e-01
   2.8318226763e-01   2.8286512965e-01   3.6730254290e-01   1.0666881469e+00   3.0193747118e-01
   2.8381996057e-01   2.8349940560e-01   4.6222282622e-01   1.0275208002e+00   3.7755815741e-01
   2.8446643040e-01   2.8414051553e-01   5.5897968966e-01   9.8498867981e-01   4.5594847672e-01
   2.8512564332e-01   2.8479234527e-01   6.5393142197e-01   9.4021078327e-01   5.3406657802e-01
   2.8580230926e-01   2.8545894137e-01   7.5020422102e-01   8.9114443265e-01   6.1438565511e-01
   2.8650233428e-01   2.8614567716e-01   8.4599072586e-01   8.3788708173e-01   6.9533490832e-01
   2.8723318802e-01   2.8685899141e-01   9.4148247952e-01   7.7942364667e-01   7.7697671308e-01
   2.8804114491e-01   2.8760738463e-01   1.0418216455e+00   7.1066267690e-01   8.6368964474e-01