# time = 0.1
# Grid points = 474
# Pressure (Pa) = 101325
#             1_pos             2_posf             3_uvel             4_vvel             5_wvel
  -4.7483318986e-01  -4.7561471225e-01   1.3332471471e+00   5.0107729132e-01   8.9341629316e-01
  -4.7324438656e-01  -4.7405166746e-01   1.4491800089e+00   4.2790563773e-01   9.7543850857e-01
  -4.7148862782e-01  -4.7243710565e-01   1.5610517156e+00   3.4193761201e-01   1.0549866881e+00
  -4.6931675369e-01  -4.7054014999e-01   1.6729602949e+00   2.2923237693e-01   1.1345443623e+00
  -4.6677478689e-01  -4.6809335739e-01   1.7649247695e+00   9.0317123864e-02   1.1990199393e+00
  -4.6416792354e-01  -4.6545621639e-01   1.8132834561e+00  -5.7328003265e-02   1.2306894299e+00
  -4.6158447549e-01  -4.6287963069e-01   1.8140371494e+00  -2.0494033108e-01   1.2263502100e+00
  -4.5894275300e-01  -4.6028932029e-01   1.7672606252e+00  -3.5261815058e-01   1.1859541776e+00
  -4.5631655742e-01  -4.5759618571e-01   1.6761095102e+00  -4.9130797170e-01   1.1124993946e+00
  -4.5403518553e-01  -4.5503692913e-01   1.5644642708e+00  -6.0102270126e-01   1.0251663866e+00
  -4.5217289865e-01  -4.5303344194e-01   1.4523332372e+00  -6.8102874938e-01   9.3927056878e-01
  -4.5053519736e-01  -4.5131235537e-01   1.3407968698e+00  -7.4234845555e-01   8.5533040188e-01
  -4.4903565263e-01  -4.4975803935e-01   1.2294013072e+00  -7.9035206532e-01   7.7290683470e-01
  -4.4762880371e-01  -4.4831326591e-01   1.1177280767e+00  -8.2778135190e-01   6.9169594489e-01
  -4.4628641852e-01  -4.4694434150e-01   1.0067349878e+00  -8.5590837112e-01   6.1242920937e-01
  -4.4498924001e-01  -4.4562849555e-01   8.9470776706e-01  -8.7608214564e-01   5.3396621964e-01
  -4.4372301560e-01  -4.4434998447e-01   7.8373064983e-01  -8.8854085187e-01   4.5786535457e-01
  -4.4247632125e-01  -4.4309604672e-01   6.7251390537e-01  -8.9392371882e-01   3.8333940581e-01
  -4.4123968096e-01  -4.4185659578e-01   5.6064312929e-01  -8.9236129571e-01   3.1028532114e-01
  -4.4000453340e-01  -4.4062276613e-01   4.4920436198e-01  -8.8393443557e-01   2.3959502888e-01
  -4.3876276851e-01  -4.3938630067e-01   3.3798690565e-01  -8.6868619984e-01   1.7131775761e-01
  -4.3750633535e-01  -4.3813923635e-01   2.2694441306e-01  -8.4653781927e-01   1.0565240294e-01
  -4.3622660482e-01  -4.3687343436e-01   1.1496135689e-01  -8.1694541759e-01   4.2271310988e-02
  -4.3491414214e-01  -4.3557977528e-01   4.1597734212e-03  -7.8017265357e-01  -1.7283507128e-02
  -4.3355783919e-01  -4.3424850900e-01  -1.0777590126e-01  -7.3498201967e-01  -7.3813399779e-02
  -4.3214416671e-01  -4.3286716937e-01  -2.1887988324e-01  -6.8150263581e-01  -1.2575885269e-01
  -4.3065590197e-01  -4.3142116405e-01  -3.3044233479e-01  -6.1832744393e-01  -1.7304484869e-01
  -4.2906976637e-01  -4.2989063990e-01  -4.4171665420e-01  -5.4471640889e-01  -2.1441915217e-01
  -4.2735246150e-01  -4.2824889284e-01  -5.5327972648e-01  -4.5868435781e-01  -2.4882621492e-01
  -4.2545267382e-01  -4.2645603016e-01  -6.6465843693e-01  -3.5822236762e-01  -2.7428204994e-01
  -4.2328227545e-01  -4.2444931749e-01  -7.7626164959e-01  -2.3918609404e-01  -2.8802155055e-01
  -4.2077878544e-01  -4.2211523340e-01  -8.8392994201e-01  -1.0057984091e-01  -2.8547763428e-01
  -4.1803265340e-01  -4.1944233748e-01  -9.7609541876e-01   4.6848623189e-02  -2.6389315254e-01
  -4.1505648368e-01  -4.1662296932e-01  -1.0463668285e+00   1.9487297429e-01  -2.2403091008e-01
  -4.1158285697e-01  -4.1348999804e-01  -1.0911924250e+00   3.4323664568e-01  -1.6609360776e-01
  -4.0670698107e-01  -4.0967571590e-01  -1.0912808097e+00   4.9414089370e-01  -8.7664886227e-02
  -4.0110488504e-01  -4.0373824625e-01  -1.0152256186e+00   5.8437942286e-01  -3.2921036360e-02
  -3.9670673829e-01  -3.9847152383e-01  -9.0168311554e-01   5.9577517612e-01  -3.2984656711e-02
  -3.9350419811e-01  -3.9494195275e-01  -7.8992091910e-01   5.7599769892e-01  -6.0310828401e-02
  -3.9081228835e-01  -3.9206644348e-01  -6.7854219993e-01   5.4547436821e-01  -9.8890476973e-02
  -3.8842288515e-01  -3.8955813322e-01  -5.6703302009e-01   5.1015471312e-01  -1.4267014323e-01
  -3.8623420832e-01  -3.8728763708e-01  -4.5580064710e-01   4.7272127046e-01  -1.8809971138e-01
  -3.8418529658e-01  -3.8518077956e-01  -3.4441682824e-01   4.3418009157e-01  -2.3324353473e-01
  -3.8223491835e-01  -3.8318981359e-01  -2.3310914778e-01   3.9506695149e-01  -2.7658753328e-01
  -3.8035205244e-01  -3.8128002310e-01  -1.2173078148e-01   3.5540122088e-01  -3.1716149913e-01
  -3.7851119754e-01  -3.7942408178e-01  -1.0523782042e-02   3.1508676682e-01  -3.5408928849e-01
  -3.7668931860e-01  -3.7759831331e-01   1.0094398334e-01   2.7358038301e-01  -3.8683716139e-01
  -3.7486338935e-01  -3.7578032388e-01   2.1238336979e-01   2.3039733832e-01  -4.1466908554e-01
  -3.7300778891e-01  -3.7394645482e-01   3.2366579792e-01   1.8476095531e-01  -4.3690380109e-01
  -3.7109056638e-01  -3.7206912301e-01   4.3506745658e-01   1.3536289112e-01  -4.5279630614e-01
  -3.6906644388e-01  -3.7011200976e-01   5.4655794497e-01   8.0377015206e-02  -4.6120919927e-01
  -3.6686111749e-01  -3.6802087801e-01   6.5808473424e-01   1.6744944119e-02  -4.6036172013e-01
  -3.6432264872e-01  -3.6570135698e-01   7.7010605811e-01  -6.2083572837e-02  -4.4674260885e-01
  -3.6108826307e-01  -3.6294394047e-01   8.8061307048e-01  -1.7181655529e-01  -4.1157774275e-01
  -3.5735151110e-01  -3.5923258568e-01   9.5669171316e-01  -3.1107007709e-01  -3.5191328190e-01
  -3.5370692508e-01  -3.5547043651e-01   9.7023401331e-01  -4.5827269364e-01  -2.8093451059e-01
  -3.5022722774e-01  -3.5194341364e-01   9.2398222721e-01  -6.0573402263e-01  -2.0896132585e-01
  -3.4697920118e-01  -3.4851104184e-01   8.3083349826e-01  -7.4426433063e-01  -1.4448543190e-01
  -3.4425204536e-01  -3.4544736053e-01   7.1873359073e-01  -8.5733080168e-01  -9.5827653372e-02
  -3.4202161224e-01  -3.4305673018e-01   6.0704522216e-01  -9.4455482697e-01  -6.1549173574e-02
  -3.4004151220e-01  -3.4098649430e-01   4.9541337674e-01  -1.0162889757e+00  -3.5894501282e-02
  -3.3820539451e-01  -3.3909653010e-01   3.8371484972e-01  -1.0765673005e+00  -1.6400848138e-02
  -3.3645392105e-01  -3.3731425892e-01   2.7254349296e-01  -1.1270566875e+00  -1.7652535937e-03
  -3.3474723373e-01  -3.3559358318e-01   1.6112116711e-01  -1.1690683544e+00   9.0127843722e-03
  -3.3305398440e-01  -3.3390088428e-01   4.9648889506e-02  -1.2027782620e+00   1.6518643209e-02
  -3.3134509527e-01  -3.3220708452e-01  -6.1988266030e-02  -1.2279915214e+00   2.1243052306e-02
  -3.2958941336e-01  -3.3048310602e-01  -1.7319856080e-01  -1.2438993260e+00   2.3606288865e-02
  -3.2774795782e-01  -3.2869572071e-01  -2.8473325250e-01  -1.2492069147e+00   2.4068720038e-02
  -3.2576374486e-01  -3.2680019493e-01  -3.9631907328e-01  -1.2412466294e+00   2.3163826432e-02
  -3.2353776156e-01  -3.2472729479e-01  -5.0799002781e-01  -1.2150073659e+00   2.1753721101e-02
  -3.2084384939e-01  -3.2234822833e-01  -6.2028965901e-01  -1.1585461523e+00   2.1724866836e-02
  -3.1745493271e-01  -3.1933947044e-01  -7.2125427813e-01  -1.0505030227e+00   2.8228892660e-02
  -3.1403883874e-01  -3.1557039498e-01  -7.7605577105e-01  -9.0457322406e-01   4.5805642870e-02
  -3.1117657483e-01  -3.1250728250e-01  -7.8367702522e-01  -7.5662337375e-01   7.1603933058e-02
  -3.0862588665e-01  -3.0984586716e-01  -7.6253096839e-01  -6.0870823689e-01   1.0370832716e-01
  -3.0624827957e-01  -3.0740590614e-01  -7.2130113700e-01  -4.6124054175e-01   1.4078893241e-01
  -3.0396330854e-01  -3.0509065301e-01  -6.6415511966e-01  -3.1329512359e-01   1.8206614620e-01
  -3.0171249235e-01  -3.0283596407e-01  -5.9396617892e-01  -1.6598336402e-01   2.2624076882e-01
  -2.9944287589e-01  -3.0058902063e-01  -5.1119145863e-01  -1.7912666786e-02   2.7263029802e-01
  -2.9709511334e-01  -2.9829673116e-01  -4.1653596803e-01   1.2961159170e-01   3.1942018590e-01
  -2.9464197650e-01  -2.9589349551e-01  -3.1051699090e-01   2.7437759861e-01   3.6387738358e-01
  -2.9216184042e-01  -2.9339045750e-01  -1.9935146195e-01   4.0646468887e-01   4.0029684828e-01
  -2.8969965451e-01  -2.9093322333e-01  -8.8178490873e-02   5.1907997065e-01   4.2397166845e-01
  -2.8719793061e-01  -2.8846608569e-01   2.3324528567e-02   6.1128016041e-01   4.3156767755e-01
  -2.8459361563e-01  -2.8592977553e-01   1.3445738487e-01   6.7947629031e-01   4.1835424075e-01
  -2.8180605020e-01  -2.8325745572e-01   2.4581594567e-01   7.1866957568e-01   3.7744200701e-01
  -2.7870491669e-01  -2.8035464468e-01   3.5723822391e-01   7.1910274452e-01   2.9777996857e-01
  -2.7543243862e-01  -2.7705518870e-01   4.5796507736e-01   6.7160050414e-01   1.7658503433e-01
  -2.7244627754e-01  -2.7380968854e-01   5.3221825352e-01   5.8866679908e-01   3.7446294541e-02
  -2.6983741516e-01  -2.7108286654e-01   5.8151202981e-01   4.8873996043e-01  -1.0168884738e-01
  -2.6739034004e-01  -2.6859196378e-01   6.1299622575e-01   3.7707241569e-01  -2.4037718826e-01
  -2.6497308432e-01  -2.6618871631e-01   6.2902179099e-01   2.5467964138e-01  -3.7914401625e-01
  -2.6245731338e-01  -2.6375745233e-01   6.2848586629e-01   1.2047450608e-01  -5.1824280573e-01
  -2.5975177534e-01  -2.6115717443e-01   6.0699050257e-01  -2.3804350732e-02  -6.5264931817e-01
  -2.5679616256e-01  -2.5834637626e-01   5.5730333856e-01  -1.7194437187e-01  -7.7071758935e-01
  -2.5357536994e-01  -2.5524594886e-01   4.7090418113e-01  -3.1108460497e-01  -8.5310503120e-01
  -2.5057403240e-01  -2.5190479103e-01   3.6072921399e-01  -4.1155961524e-01  -8.7852986785e-01
  -2.4811406456e-01  -2.4924327378e-01   2.4887804214e-01  -4.6772235362e-01  -8.5707217759e-01
  -2.4597622291e-01  -2.4698485534e-01   1.3757089834e-01  -4.9538714146e-01  -8.0672325807e-01
  -2.4403826512e-01  -2.4496759048e-01   2.5909656126e-02  -5.0317952766e-01  -7.3578357491e-01
  -2.4223322088e-01  -2.4310893977e-01  -8.5262122811e-02  -4.9576379375e-01  -6.4968457015e-01
  -2.4051809479e-01  -2.4135750199e-01  -1.9686194333e-01  -4.7606405836e-01  -5.5081792670e-01
  -2.3886216377e-01  -2.3967868760e-01  -3.0807202801e-01  -4.4618203317e-01  -4.4195649030e-01
  -2.3724083735e-01  -2.3804563993e-01  -4.1981446250e-01  -4.0719847404e-01  -3.2360967503e-01
  -2.3563239152e-01  -2.3643603476e-01  -5.3108404819e-01  -3.6035133300e-01  -1.9781593506e-01
  -2.3401642712e-01  -2.3482874829e-01  -6.4230665632e-01  -3.0606469762e-01  -6.4796814588e-02
  -2.3239708947e-01  -2.3320410595e-01  -7.5163285195e-01  -2.4562609999e-01   7.2732461735e-02
  -2.3078556700e-01  -2.3159007298e-01  -8.5688400610e-01  -1.8060136288e-01   2.1153483792e-01
  -2.2916397729e-01  -2.2998106102e-01  -9.5745099558e-01  -1.1157525374e-01   3.5043931508e-01
  -2.2750009953e-01  -2.2834689357e-01  -1.0529832532e+00  -3.8611702169e-02   4.8892878019e-01
  -2.2575345094e-01  -2.2665330549e-01  -1.1437499015e+00   3.9462178823e-02   6.2802889821e-01
  -2.2386404623e-01  -2.2485359639e-01  -1.2279533158e+00   1.2333494894e-01   7.6665788556e-01
  -2.2172208017e-01  -2.2287449607e-01  -1.3038174577e+00   2.1652203567e-01   9.0603610980e-01
  -2.1904627456e-01  -2.2056966426e-01  -1.3643719499e+00   3.2673980007e-01   1.0464161446e+00
  -2.1541112160e-01  -2.1752288486e-01  -1.3793634500e+00   4.6169471132e-01   1.1686134969e+00
  -2.1151046834e-01  -2.1329935833e-01  -1.3085240424e+00   5.8565807854e-01   1.2108415831e+00
  -2.0857015102e-01  -2.0972157835e-01  -1.1941435936e+00   6.6417087477e-01   1.1817211220e+00
  -2.0648896789e-01  -2.0741872370e-01  -1.0819268822e+00   7.1216879198e-01   1.1312563952e+00
  -2.0474863504e-01  -2.0555921209e-01  -9.7025949446e-01   7.4797564187e-01   1.0729370336e+00
  -2.0320296409e-01  -2.0393805799e-01  -8.5870894345e-01   7.7678880210e-01   1.0106507057e+00
  -2.0178463360e-01  -2.0246787019e-01  -7.4722393624e-01   8.0093276079e-01   9.4629133370e-01
  -2.0045540876e-01  -2.0110139700e-01  -6.3586137774e-01   8.2168533566e-01   8.8100065047e-01
  -1.9919079492e-01  -1.9980942051e-01  -5.2463503631e-01   8.3983429603e-01   8.1550517524e-01
  -1.9797383784e-01  -1.9857216933e-01  -4.1287606074e-01   8.5598410143e-01   7.4992365198e-01
  -1.9679188045e-01  -1.9737550636e-01  -3.0136478232e-01   8.7035471148e-01   6.8511001222e-01
  -1.9563485220e-01  -1.9620825454e-01  -1.8977834542e-01   8.8322559778e-01   6.2119766372e-01
  -1.9449443343e-01  -1.9506144986e-01  -7.8508828261e-02   8.9471033045e-01   5.5868334717e-01
  -1.9336339158e-01  -1.9392741700e-01   3.2602588664e-02   9.0492879365e-01   4.9771595063e-01
  -1.9223516217e-01  -1.9279936615e-01   1.4368224958e-01   9.1394011027e-01   4.3845692036e-01
  -1.9110339126e-01  -1.9167095819e-01   2.5594437471e-01   9.2181718694e-01   3.8053780244e-01
  -1.8996168005e-01  -1.9053582433e-01   3.6710412999e-01   9.2835598288e-01   3.2539105165e-01
  -1.8880333583e-01  -1.8938753577e-01   4.7837232787e-01   9.3356500273e-01   2.7264339399e-01
  -1.8762094959e-01  -1.8821913590e-01   5.8974424537e-01   9.3730323247e-01   2.2260410598e-01
  -1.8640599144e-01  -1.8702276327e-01   7.0104211480e-01   9.3936728859e-01   1.7569720206e-01
  -1.8514818758e-01  -1.8578921961e-01   8.1241767145e-01   9.3948265314e-01   1.3226770113e-01
  -1.8383449800e-01  -1.8450715556e-01   9.2407885948e-01   9.3724889960e-01   9.2758460825e-02
  -1.8244782355e-01  -1.8316184044e-01   1.0354162648e+00   9.3212480802e-01   5.8029054530e-02
  -1.8096432496e-01  -1.8173380667e-01   1.1469186542e+00   9.2328794801e-01   2.8769426485e-02
  -1.7934828163e-01  -1.8019484326e-01   1.2584248691e+00   9.0949518377e-01   6.2500590768e-03
  -1.7754123692e-01  -1.7850172000e-01   1.3699799088e+00   8.8865952286e-01  -7.6680298950e-03
  -1.7543268000e-01  -1.7658075384e-01   1.4816978039e+00   8.5681275341e-01  -9.7332106769e-03
  -1.7274624956e-01  -1.7428460617e-01   1.5943902603e+00   8.0393166373e-01   7.4728476379e-03
  -1.6890276141e-01  -1.7120789295e-01   1.6971378189e+00   7.0424917763e-01   6.2426602742e-02
  -1.6459299326e-01  -1.6659762987e-01   1.7389626468e+00   5.6258119401e-01   1.4837534549e-01
  -1.6084059208e-01  -1.6258835665e-01   1.7150004147e+00   4.1515070389e-01   2.2951514959e-01
  -1.5749386353e-01  -1.5909282752e-01   1.6512978558e+00   2.6759989340e-01   2.9542302377e-01
  -1.5438767248e-01  -1.5589489953e-01   1.5608405201e+00   1.2042438763e-01   3.4376590977e-01
  -1.5153592676e-01  -1.5288044542e-01   1.4538595995e+00  -2.1600494808e-02   3.7345450578e-01
  -1.4901901164e-01  -1.5019140809e-01   1.3424164555e+00  -1.5028653985e-01   3.8584527080e-01
  -1.4678530457e-01  -1.4784661519e-01   1.2310206036e+00  -2.6604626924e-01   3.8519122108e-01
  -1.4474121775e-01  -1.4572399396e-01   1.1195753401e+00  -3.7218575063e-01   3.7476463301e-01
  -1.4283388298e-01  -1.4375844155e-01   1.0083526291e+00  -4.7019025980e-01   3.5667571367e-01
  -1.4102920250e-01  -1.4190932441e-01   8.9693213415e-01  -5.6143942546e-01   3.3227245781e-01
  -1.3930299392e-01  -1.4014908059e-01   7.8568419917e-01  -6.4621939964e-01   3.0263345510e-01
  -1.3763666987e-01  -1.3845690725e-01   6.7423593497e-01  -7.2514355740e-01   2.6838016895e-01
  -1.3601503377e-01  -1.3681643249e-01   5.6291844846e-01  -7.9810294007e-01   2.3011512831e-01
  -1.3442480068e-01  -1.3521363506e-01   4.5184867145e-01  -8.6503062264e-01   1.8823708498e-01
  -1.3285378141e-01  -1.3363596631e-01   3.4000915785e-01  -9.2629365326e-01   1.4250859999e-01
  -1.3128999051e-01  -1.3207159652e-01   2.2898653766e-01  -9.8067044325e-01   9.3616180302e-02
  -1.2972088611e-01  -1.3050838450e-01   1.1754895852e-01  -1.0282610640e+00   4.0930270543e-02
  -1.2813252952e-01  -1.2893338772e-01   6.0322626171e-03  -1.0680439432e+00  -1.5713211176e-02
  -1.2650838008e-01  -1.2733167131e-01  -1.0523065429e-01  -1.0987682294e+00  -7.6637485490e-02
  -1.2482738667e-01  -1.2568508884e-01  -2.1658794250e-01  -1.1188751054e+00  -1.4283344018e-01
  -1.2306047650e-01  -1.2396968450e-01  -3.2807513278e-01  -1.1258019524e+00  -2.1563625676e-01
  -1.2116387124e-01  -1.2215126850e-01  -4.3955497635e-01  -1.1155125708e+00  -2.9708633835e-01
  -1.1906343925e-01  -1.2017647399e-01  -5.5102815558e-01  -1.0810656972e+00  -3.9093028436e-01
  -1.1661739158e-01  -1.1795040452e-01  -6.6275988355e-01  -1.0080974013e+00  -5.0519220198e-01
  -1.1393938646e-01  -1.1528437865e-01  -7.5967158032e-01  -8.8748826212e-01  -6.3509328989e-01
  -1.1150432988e-01  -1.1259439427e-01  -8.2342178607e-01  -7.4100254955e-01  -7.5722235498e-01
  -1.0947972669e-01  -1.1041426550e-01  -8.5791381252e-01  -5.9273561491e-01  -8.6137644018e-01
  -1.0770611828e-01  -1.0854518788e-01  -8.7453804992e-01  -4.4483608287e-01  -9.5394834223e-01
  -1.0609164095e-01  -1.0686704868e-01  -8.7922001392e-01  -2.9716808927e-01  -1.0388765083e+00
  -1.0458506072e-01  -1.0531623322e-01  -8.7523284779e-01  -1.4898227875e-01  -1.1186632877e+00
  -1.0315330691e-01  -1.0385388821e-01  -8.6471181130e-01  -1.4893334240e-03  -1.1939546877e+00
  -1.0177269372e-01  -1.0245272561e-01  -8.4906679287e-01   1.4628426636e-01  -1.2661204059e+00
  -1.0042489875e-01  -1.0109266182e-01  -8.2929119505e-01   2.9454078356e-01  -1.3358103834e+00
  -9.9094175591e-02  -9.9757135687e-02  -8.0648119888e-01   4.4153515889e-01  -1.4026347167e+00
  -9.7765804908e-02  -9.8431215495e-02  -7.8087755581e-01   5.9002854933e-01  -1.4681158981e+00
  -9.6424688219e-02  -9.7100394320e-02  -7.5347807142e-01   7.3752929699e-01  -1.5313059620e+00
  -9.5053655007e-02  -9.5748982118e-02  -7.2464296103e-01   8.8515888953e-01  -1.5927716453e+00
  -9.3630931898e-02  -9.4358327897e-02  -6.9485062273e-01   1.0332448439e+00  -1.6525786138e+00
  -9.2125955245e-02  -9.2903535899e-02  -6.6491603445e-01   1.1808648416e+00  -1.7101309429e+00
  -9.0489442506e-02  -9.1348374591e-02  -6.3546083887e-01   1.3290890276e+00  -1.7653150217e+00
  -8.8625622008e-02  -8.9630510421e-02  -6.0791100504e-01   1.4777649265e+00  -1.8168207618e+00
  -8.6269961325e-02  -8.7620733594e-02  -5.8546061052e-01   1.6276602371e+00  -1.8612654924e+00
  -8.1866905788e-02  -8.4919189056e-02  -5.9292362933e-01   1.7640440082e+00  -1.8658240158e+00
  -7.7086592223e-02  -7.8814622520e-02  -6.6887822239e-01   1.7097698021e+00  -1.7575168282e+00
  -7.4298867628e-02  -7.5358561926e-02  -7.4964498158e-01   1.5605870911e+00  -1.6253900998e+00
  -7.2407365035e-02  -7.3239173331e-02  -8.1740722478e-01   1.4113772661e+00  -1.5059231051e+00
  -7.0860558355e-02  -7.1575556740e-02  -8.7888525049e-01   1.2630472298e+00  -1.3911066602e+00
  -6.9503410492e-02  -7.0145559970e-02  -9.3645041041e-01   1.1144989764e+00  -1.2778405606e+00
  -6.8268581604e-02  -6.8861261014e-02  -9.9042807584e-01   9.6713677348e-01  -1.1662034239e+00
  -6.7118987556e-02  -6.7675902194e-02  -1.0417340806e+00   8.1979026563e-01  -1.0547607525e+00
  -6.6032016466e-02  -6.6562072919e-02  -1.0911226893e+00   6.7087897768e-01  -9.4196791649e-01
  -6.4991851908e-02  -6.5501960013e-02  -1.1375240239e+00   5.2413510966e-01  -8.3040395198e-01
  -6.3986789142e-02  -6.4481743802e-02  -1.1820651718e+00   3.7637282180e-01  -7.1745806705e-01
  -6.3008121655e-02  -6.3491834483e-02  -1.2246606219e+00   2.2782158592e-01  -6.0312251894e-01
  -6.2048552447e-02  -6.2524408827e-02  -1.2647866346e+00   8.0319943664e-02  -4.8866084554e-01
  -6.1101824972e-02  -6.1572696066e-02  -1.3027455213e+00  -6.7274486687e-02  -3.7305001975e-01
  -6.0162429348e-02  -6.0630953878e-02  -1.3384943391e+00  -2.1509826291e-01  -2.5602581233e-01
  -5.9225173848e-02  -5.9693904819e-02  -1.3719299904e+00  -3.6321978701e-01  -1.3735924308e-01
  -5.8284939045e-02  -5.8756442878e-02  -1.4027437435e+00  -5.1086887398e-01  -1.7485862177e-02
  -5.7336455399e-02  -5.7813435212e-02  -1.4308565219e+00  -6.5846387121e-01   1.0413507967e-01
  -5.6374030322e-02  -5.6859475587e-02  -1.4560253984e+00  -8.0595434604e-01   2.2771014762e-01
  -5.5391077394e-02  -5.5888585057e-02  -1.4781031853e+00  -9.5458163849e-01   3.5462356096e-01
  -5.4379787509e-02  -5.4893569730e-02  -1.4963590409e+00  -1.1022889332e+00   4.8352216279e-01
  -5.3330699283e-02  -5.3866005287e-02  -1.5103124295e+00  -1.2487816488e+00   6.1457743859e-01
  -5.2232766190e-02  -5.2795393280e-02  -1.5194653516e+00  -1.3978516742e+00   7.5195077047e-01
  -5.1088662704e-02  -5.1670139100e-02  -1.5224007370e+00  -1.5421804405e+00   8.8977523637e-01
  -4.9904480820e-02  -5.0507186309e-02  -1.5182587052e+00  -1.6811768654e+00   1.0282866371e+00
  -4.8671124347e-02  -4.9301775332e-02  -1.5059445422e+00  -1.8128063133e+00   1.1665271697e+00
  -4.7372184562e-02  -4.8040473363e-02  -1.4836278520e+00  -1.9371463506e+00   1.3062316999e+00
  -4.5984833916e-02  -4.6703895762e-02  -1.4495931461e+00  -2.0495401534e+00   1.4444634132e+00
  -4.4474333380e-02  -4.5265772070e-02  -1.4001311682e+00  -2.1487000779e+00   1.5832886707e+00
  -4.2780948597e-02  -4.3682894689e-02  -1.3296791751e+00  -2.2289472045e+00   1.7221479174e+00
  -4.0901013065e-02  -4.1879002504e-02  -1.2333051010e+00  -2.2790054862e+00   1.8545006316e+00
  -3.9067615970e-02  -3.9923023626e-02  -1.1222881420e+00  -2.2881997225e+00   1.9601377499e+00
  -3.7442583200e-02  -3.8212208314e-02  -1.0108936385e+00  -2.2634409941e+00   2.0331212359e+00
  -3.5961878990e-02  -3.6672958085e-02  -8.9931221061e-01  -2.2146832889e+00   2.0827060352e+00
  -3.4581569320e-02  -3.5250799895e-02  -7.8776215701e-01  -2.1477528384e+00   2.1141356814e+00
  -3.3273708667e-02  -3.3912338744e-02  -6.7654954001e-01  -2.0666020381e+00   2.1307698466e+00
  -3.2019036780e-02  -3.2635078589e-02  -5.6527643154e-01  -1.9734728170e+00   2.1349073919e+00
  -3.0803397646e-02  -3.1402994971e-02  -4.5367947593e-01  -1.8698534743e+00   2.1279727667e+00
  -2.9615577202e-02  -3.0203800322e-02  -3.4206847861e-01  -1.7572980021e+00   2.1109435682e+00
  -2.8446133331e-02  -2.9027354082e-02  -2.3057244915e-01  -1.6369613002e+00   2.0845396174e+00
  -2.7286727054e-02  -2.7864912580e-02  -1.1919736738e-01  -1.5096577240e+00   2.0492142013e+00
  -2.6129578444e-02  -2.6708541527e-02  -7.8802954878e-03  -1.3759344973e+00   2.0051587897e+00
  -2.4966979764e-02  -2.5550615361e-02   1.0345859958e-01  -1.2361545639e+00   1.9523151886e+00
  -2.3794834418e-02  -2.4383344167e-02   2.1447597945e-01  -1.0911068669e+00   1.8906300442e+00
  -2.2623531723e-02  -2.3206324669e-02   3.2333865289e-01  -9.4359655967e-01   1.8209488816e+00
  -2.1459544147e-02  -2.2040738776e-02   4.2873491164e-01  -7.9589654730e-01   1.7440737647e+00
  -2.0293123133e-02  -2.0878349518e-02   5.3091500728e-01  -6.4810635228e-01   1.6597045673e+00
  -1.9112722159e-02  -1.9707896748e-02   6.3013558830e-01  -5.0014713197e-01   1.5671640623e+00
  -1.7905670608e-02  -1.8517547571e-02   7.2642714346e-01  -3.5212114193e-01   1.4655468268e+00
  -1.6656937434e-02  -1.7293793646e-02   8.1952085373e-01  -2.0446378852e-01   1.3537976324e+00
  -1.5347385752e-02  -1.6020081223e-02   9.0954645960e-01  -5.6792306792e-02   1.2296054602e+00
  -1.3998318537e-02  -1.4674690281e-02   9.9330218480e-01   8.5801067015e-02   1.0950573979e+00
  -1.2673334251e-02  -1.3321946793e-02   1.0667343437e+00   2.1623428822e-01   9.5548792790e-01
  -1.1397807311e-02  -1.2024721710e-02   1.1271959866e+00   3.2900338117e-01   8.1748038012e-01
  -1.0161265113e-02  -1.0770892912e-02   1.1768272028e+00   4.2711973907e-01   6.7893672611e-01
  -8.9556266657e-03  -9.5516373146e-03   1.2162233314e+00   5.1106222661e-01   5.4015311000e-01
  -7.7740718897e-03  -8.3596160168e-03   1.2459399263e+00   5.8133083571e-01   4.0137161040e-01
  -6.6106608586e-03  -7.1885277625e-03   1.2665017748e+00   6.3845806187e-01   2.6271503061e-01
  -5.4600491676e-03  -6.0327939547e-03   1.2783738948e+00   6.8295001935e-01   1.2421216993e-01
  -4.3172509843e-03  -4.8873043805e-03   1.2819413813e+00   7.1524172369e-01  -1.4178139224e-02
  -3.1774263324e-03  -3.7471975881e-03   1.2774969250e+00   7.3566496011e-01  -1.5254318097e-01
  -2.0356395861e-03  -2.6076550767e-03   1.2650994798e+00   7.4440554033e-01  -2.9191911311e-01
  -8.8666601030e-04  -1.4636240956e-03   1.2450253692e+00   7.4142876218e-01  -4.3049649010e-01
   2.7520422681e-04  -3.0970792501e-04   1.2173442762e+00   7.2689099162e-01  -5.6897027571e-01
   1.4565046201e-03   8.6011637862e-04   1.1820033513e+00   7.0067029800e-01  -7.0752973474e-01
   2.6650230634e-03   2.0528928616e-03   1.1389196889e+00   6.6253604355e-01  -8.4603159951e-01
   3.9104666714e-03   3.2771532652e-03   1.0877773597e+00   6.1196917094e-01  -9.8466865478e-01
   5.2056310266e-03   4.5437800776e-03   1.0279406535e+00   5.4799337825e-01  -1.1238159145e+00
   6.5679323878e-03   5.8674819755e-03   9.5922835758e-01   4.7001561478e-01  -1.2622991441e+00
   8.0227450459e-03   7.2683828001e-03   8.8031159398e-01   3.7603229665e-01  -1.4007316275e+00
   9.6113602763e-03   8.7771072917e-03   7.8873525375e-01   2.6231504421e-01  -1.5398619885e+00
   1.1359121917e-02   1.0445613261e-02   6.8411336822e-01   1.2738716535e-01  -1.6756503222e+00
   1.3168822412e-02   1.2272630574e-02   5.7451580163e-01  -1.8843774057e-02  -1.7948869754e+00
   1.4952686506e-02   1.4065014250e-02   4.6682502687e-01  -1.6699371411e-01  -1.8900374006e+00
   1.6742177143e-02   1.5840358761e-02   3.6246102040e-01  -3.1458115385e-01  -1.9607145750e+00
   1.8585501299e-02   1.7643995525e-02   2.6050476381e-01  -4.6249955738e-01  -2.0068363878e+00
   2.0544767618e-02   1.9527007074e-02   1.6082119458e-01  -6.1067509590e-01  -2.0250272685e+00
   2.2723246844e-02   2.1562528163e-02   6.3348460290e-02  -7.5884733127e-01  -2.0075584845e+00
   2.5320585579e-02   2.3883965526e-02  -3.1905840032e-02  -9.0607002212e-01  -1.9357529394e+00
   2.7967685001e-02   2.6757205633e-02  -1.0446209040e-01  -1.0176370722e+00  -1.8107791873e+00
   3.0146868943e-02   2.9178164368e-02  -1.4452386242e-01  -1.0752863106e+00  -1.6710102249e+00
   3.1961519829e-02   3.1115573517e-02  -1.6444634017e-01  -1.0975277335e+00  -1.5319595628e+00
   3.3578504471e-02   3.2807466140e-02  -1.7243288439e-01  -1.0968344008e+00  -1.3926295640e+00
   3.5071406240e-02   3.4349542802e-02  -1.7212652990e-01  -1.0788346091e+00  -1.2542027137e+00
   3.6481389372e-02   3.5793269679e-02  -1.6562541582e-01  -1.0465017804e+00  -1.1155772066e+00
   3.7834507210e-02   3.7169509065e-02  -1.5420137594e-01  -1.0016394674e+00  -9.7706856724e-01
   3.9149198409e-02   3.8499505354e-02  -1.3860040689e-01  -9.4493373260e-01  -8.3783221715e-01
   4.0439659145e-02   3.9798891464e-02  -1.1963615457e-01  -8.7777613391e-01  -6.9958753405e-01
   4.1717593677e-02   4.1080426826e-02  -9.7601048710e-02  -7.9998234128e-01  -5.6107157186e-01
   4.2993228342e-02   4.2354760528e-02  -7.2702903761e-02  -7.1124968946e-01  -4.2182590786e-01
   4.4276161674e-02   4.3631696156e-02  -4.5564483284e-02  -6.1287783794e-01  -2.8392584187e-01
   4.5576057919e-02   4.4920627193e-02  -1.5796571934e-02  -5.0256479589e-01  -1.4458433319e-01
   4.6903057298e-02   4.6231488645e-02   1.5880274618e-02  -3.8212651302e-01  -6.6936746079e-03
   4.8268608001e-02   4.7574625952e-02   5.0034594542e-02  -2.4853149753e-01   1.3244753007e-01
   4.9661619723e-02   4.8962590051e-02   8.5649795356e-02  -1.0493548258e-01   2.6880646917e-01
   5.1034093158e-02   5.0360649395e-02   1.2117970521e-01   4.2767861232e-02   3.9721005193e-01
   5.2363064729e-02   5.1707536922e-02   1.5553516850e-01   1.8988736159e-01   5.1487935590e-01
   5.3662669652e-02   5.3018592536e-02   1.8928440903e-01   3.3857211739e-01   6.2472590474e-01
   5.4945221909e-02   5.4306746768e-02   2.2180812372e-01   4.8576486823e-01   7.2549522622e-01
   5.6221907523e-02   5.5583697049e-02   2.5360095377e-01   6.3333660155e-01   8.1936626964e-01
   5.7503539249e-02   5.6860117998e-02   2.8481307882e-01   7.8175172308e-01   9.0715812937e-01
   5.8801412194e-02   5.8146960501e-02   3.1498547302e-01   9.2853672567e-01   9.8797551869e-01
   6.0128519977e-02   5.9455863887e-02   3.4490997052e-01   1.0773422471e+00   1.0642163541e+00
   6.1500721522e-02   6.0801176068e-02   3.7391768822e-01   1.2247172493e+00   1.1343986182e+00
   6.2938869409e-02   6.2200266976e-02   4.0236018316e-01   1.3723504772e+00   1.1996703988e+00
   6.4473681738e-02   6.3677471841e-02   4.3024956408e-01   1.5204885240e+00   1.2602682419e+00
   6.6154663612e-02   6.5269891635e-02   4.5730319972e-01   1.6681792401e+00   1.3158904431e+00
   6.8077142540e-02   6.7039435588e-02   4.8350142371e-01   1.8169184030e+00   1.3669975195e+00
   7.0490747512e-02   6.9114849493e-02   5.0786591128e-01   1.9664627692e+00   1.4129612959e+00
   7.3745507148e-02   7.1866645532e-02   5.2375849005e-01   2.0959903373e+00   1.4467914671e+00
   7.7503230382e-02   7.5624368765e-02   5.1505192847e-01   2.1368247945e+00   1.4518481305e+00
   8.1309098441e-02   7.9382091998e-02   4.7230911005e-01   2.0532136142e+00   1.4241167826e+00
   8.4413847353e-02   8.3236104883e-02   4.1183338558e-01   1.8993260226e+00   1.3806292628e+00
   8.6544327900e-02   8.5591589823e-02   3.5632911529e-01   1.7505183140e+00   1.3400577876e+00
   8.8332493189e-02   8.7497065977e-02   3.0170793599e-01   1.6023595069e+00   1.2997163583e+00
   8.9931016748e-02   8.9167920400e-02   2.4715816351e-01   1.4540165639e+00   1.2588600215e+00
   9.1409467449e-02   9.0694113096e-02   1.9289438339e-01   1.3065012896e+00   1.2174583118e+00
   9.2807490563e-02   9.2124821801e-02   1.3857972933e-01   1.1589747045e+00   1.1750496052e+00
   9.4150529073e-02   9.3490159326e-02   8.3973526196e-02   1.0106835490e+00   1.1312021110e+00
   9.5457047886e-02   9.4810898821e-02   2.9817736637e-02   8.6342410110e-01   1.0862566908e+00
   9.6741543968e-02   9.6103196952e-02  -2.4563844996e-02   7.1503460759e-01   1.0393540531e+00
   9.8016216173e-02   9.7379890983e-02  -7.8123161618e-02   5.6795368127e-01   9.9105656010e-01
   9.9292296356e-02   9.8652541363e-02  -1.3152719901e-01   4.1980192754e-01   9.4034950552e-01
   1.0058083486e-01   9.9932051349e-02  -1.8398716235e-01   2.7204464459e-01   8.8744000568e-01
   1.0189357559e-01   1.0122961837e-01  -2.3525492218e-01   1.2446197314e-01   8.3192972912e-01
   1.0324389357e-01   1.0255753281e-01  -2.8492232462e-01  -2.3002479961e-02   7.7339783288e-01
   1.0464837889e-01   1.0393025432e-01  -3.3266615975e-01  -1.7120320349e-01   7.1093416820e-01
   1.0612894981e-01   1.0536650345e-01  -3.7733813506e-01  -3.1925897364e-01   6.4414355338e-01
   1.0771637342e-01   1.0689139616e-01  -4.1759602842e-01  -4.6677534004e-01   5.7219354098e-01
   1.0945876185e-01   1.0854135068e-01  -4.5168725420e-01  -6.1457478296e-01   4.9308531733e-01
   1.1144219405e-01   1.1037617302e-01  -4.7601601014e-01  -7.6286671610e-01   4.0381974441e-01
   1.1385681769e-01   1.1250821507e-01  -4.8265552399e-01  -9.1180147501e-01   2.9820445434e-01
   1.1694756546e-01   1.1520542031e-01  -4.5267690036e-01  -1.0496706163e+00   1.7115731450e-01
   1.2041501430e-01   1.1868971061e-01  -3.6958767612e-01  -1.1368171694e+00   4.2558976474e-02
   1.2345414733e-01   1.2214031800e-01  -2.5807353688e-01  -1.1578991610e+00  -5.5177847467e-02
   1.2590258021e-01   1.2476797666e-01  -1.4616587579e-01  -1.1404794789e+00  -1.2260089422e-01
   1.2808737037e-01   1.2703718376e-01  -3.4573403956e-02  -1.1029756602e+00  -1.7423921296e-01
   1.3015440225e-01   1.2913755698e-01   7.7234014269e-02  -1.0515032837e+00  -2.1614733965e-01
   1.3219408788e-01   1.3117124752e-01   1.8855038851e-01  -9.8886799448e-01  -2.5117024926e-01
   1.3428857716e-01   1.3321692823e-01   3.0022545324e-01  -9.1494742194e-01  -2.8161702084e-01
   1.3654779207e-01   1.3536022608e-01   4.1201066127e-01  -8.2798292949e-01  -3.0908931003e-01
   1.3920185540e-01   1.3773535806e-01   5.2457508240e-01  -7.2074961475e-01  -3.3591477882e-01
   1.4250592651e-01   1.4066835274e-01   6.2499150903e-01  -5.8701004710e-01  -3.6390762196e-01
   1.4635564907e-01   1.4434350027e-01   6.7351618712e-01  -4.3947189559e-01  -3.9286522403e-01
   1.5047803510e-01   1.4836779787e-01   6.3263301744e-01  -3.0028782257e-01  -4.2223803755e-01
   1.5395401060e-01   1.5258827232e-01   5.2606176818e-01  -2.0129708267e-01  -4.4569714142e-01
   1.5638637796e-01   1.5531974888e-01   4.1342255972e-01  -1.4343666495e-01  -4.6025490768e-01
   1.5838099702e-01   1.5745300705e-01   3.0159026464e-01  -1.0307488279e-01  -4.7005589136e-01
   1.6015882068e-01   1.5930898698e-01   1.9001149515e-01  -7.2403257615e-02  -4.7645858802e-01
   1.6181202147e-01   1.6100865438e-01   7.8337664706e-02  -4.8252363452e-02  -4.7988234240e-01
   1.6339274297e-01   1.6261538855e-01  -3.3112208744e-02  -2.9111921070e-02  -4.8039725102e-01
   1.6493678535e-01   1.6417009740e-01  -1.4438530545e-01  -1.4059955953e-02  -4.7792259754e-01
   1.6647305352e-01   1.6570347331e-01  -2.5597454041e-01  -2.5574078899e-03  -4.7218629167e-01
   1.6802910832e-01   1.6724263374e-01  -3.6727199597e-01   5.5453237372e-03  -4.6280880870e-01
   1.6963606180e-01   1.6881558290e-01  -4.7895945667e-01   1.0256378434e-02  -4.4908339412e-01
   1.7133509433e-01   1.7045654071e-01  -5.9040016117e-01   1.1217604858e-02  -4.3007544447e-01
   1.7319135895e-01   1.7221364795e-01  -7.0218452855e-01   7.6317744874e-03  -4.0396891659e-01
   1.7533385554e-01   1.7416906996e-01  -8.1410296605e-01  -2.3760953048e-03  -3.6738551022e-01
   1.7816835505e-01   1.7649864113e-01  -9.2809973622e-01  -2.5020646966e-02  -3.0957221139e-01
   1.8262589538e-01   1.7983806896e-01  -1.0136425956e+00  -8.0012456118e-02  -2.0540449259e-01
   1.8764046529e-01   1.8541372181e-01  -9.7473445697e-01  -1.6173390026e-01  -8.8708450234e-02
   1.9115665260e-01   1.8986720877e-01  -8.6017841389e-01  -2.2627775861e-01  -2.1424656609e-02
   1.9347044246e-01   1.9244609642e-01  -7.4779691875e-01  -2.6888859638e-01   9.7601009171e-03
   1.9538801209e-01   1.9449478849e-01  -6.3585311448e-01  -3.0266670250e-01   2.5588439240e-02
   1.9709645222e-01   1.9628123569e-01  -5.2446515098e-01  -3.3045728991e-01   3.0988809939e-02
   1.9867636581e-01   1.9791166875e-01  -4.1285110848e-01  -3.5363310784e-01   2.8170407979e-02
   2.0017246207e-01   1.9944106287e-01  -3.0156405807e-01  -3.7263237113e-01   1.8302759488e-02
   2.0161379263e-01   2.0090386126e-01  -1.8999838012e-01  -3.8781417464e-01   2.0204712140e-03
   2.0302138482e-01   2.0232372400e-01  -7.8512928946e-02  -3.9918126215e-01  -2.0239428138e-02
   2.0441219613e-01   2.0371904564e-01   3.2842952482e-02  -4.0667012637e-01  -4.8217694351e-02
   2.0580117544e-01   2.0510534662e-01   1.4417055335e-01  -4.1010227361e-01  -8.1833383615e-02
   2.0720286069e-01   2.0649700426e-01   2.5558584159e-01  -4.0914798063e-01  -1.2115763822e-01
   2.0863285653e-01   2.0790871713e-01   3.6709212900e-01  -4.0330082195e-01  -1.6636228576e-01
   2.1010948615e-01   2.0935699592e-01   4.7844816038e-01  -3.9186703806e-01  -2.1763862814e-01
   2.1165643540e-01   2.1086197638e-01   5.8995316868e-01  -3.7376824115e-01  -2.7561794967e-01
   2.1330745954e-01   2.1245089442e-01   7.0143722934e-01  -3.4742460944e-01  -3.4101640850e-01
   2.1511652711e-01   2.1416402466e-01   8.1301856093e-01  -3.1016647768e-01  -4.1524882328e-01
   2.1718505024e-01   2.1606902957e-01   9.2471652394e-01  -2.5705185937e-01  -5.0083870795e-01
   2.1977315493e-01   2.1830107092e-01   1.0376741588e+00  -1.7516226576e-01  -6.0490007190e-01
   2.2303229216e-01   2.2124523894e-01   1.1327673950e+00  -5.1488833187e-02  -7.2193709558e-01
   2.2642939634e-01   2.2481934538e-01   1.1743566376e+00   9.6126968246e-02  -8.1809097572e-01
   2.2958709893e-01   2.2803944730e-01   1.1582024125e+00   2.4394422892e-01  -8.7486249256e-01
   2.3271094500e-01   2.3113475056e-01   1.0928684855e+00   3.9171801407e-01  -8.9470763345e-01
   2.3566126987e-01   2.3428713945e-01   9.9158511580e-01   5.2475625028e-01  -8.7892648510e-01
   2.3817259804e-01   2.3703540029e-01   8.7943196198e-01   6.2724790900e-01  -8.3910709307e-01
   2.4033031254e-01   2.3930979578e-01   7.6787691337e-01   7.0344513703e-01  -7.8661103163e-01
   2.4230696994e-01   2.4135082930e-01   6.5628844213e-01   7.6135638826e-01  -7.2508474112e-01
   2.4418546091e-01   2.4326311058e-01   5.4465410359e-01   8.0405686465e-01  -6.5624678517e-01
   2.4601831796e-01   2.4510781124e-01   4.3334687129e-01   8.3278526296e-01  -5.8122176923e-01
   2.4784631802e-01   2.4692882467e-01   3.2209108751e-01   8.4798504595e-01  -5.0023508353e-01
   2.4970792966e-01   2.4876381137e-01   2.1055525531e-01   8.4910054944e-01  -4.1302369084e-01
   2.5164717525e-01   2.5065204795e-01   9.8871662204e-02   8.3457990740e-01  -3.1928544608e-01
   2.5372369280e-01   2.5264230254e-01  -1.2475104545e-02   8.0183720269e-01  -2.1861426739e-01
   2.5603503046e-01   2.5480508306e-01  -1.2406809901e-01   7.4573207852e-01  -1.0883781733e-01
   2.5878363676e-01   2.5726497786e-01  -2.3616726054e-01   6.5533738376e-01   1.3974638369e-02
   2.6199388144e-01   2.6030229565e-01  -3.3539168355e-01   5.2575938242e-01   1.4028997123e-01
   2.6528953526e-01   2.6368546723e-01  -4.0103182463e-01   3.7760325419e-01   2.4514828560e-01
   2.6857910424e-01   2.6689360328e-01  -4.3132695582e-01   2.2928866099e-01   3.1950915384e-01
   2.7233115046e-01   2.7026460520e-01  -4.3064551135e-01   7.9866864423e-02   3.6488331404e-01
   2.7848922610e-01   2.7439769572e-01  -3.8435089050e-01  -6.3913800895e-02   3.5249378156e-01
   2.8595381397e-01   2.8258075648e-01  -3.3950292468e-01  -4.1812516415e-02   2.5141622685e-01
   2.9142936112e-01   2.8932687146e-01  -3.6364197972e-01   1.0609420433e-01   1.6219286526e-01
   2.9542210936e-01   2.9353185078e-01  -4.2577766053e-01   2.5532867740e-01   1.1922908653e-01
   2.9929294591e-01   2.9731236795e-01  -5.1671292816e-01   4.0163867394e-01   1.1266457413e-01
   3.0317975793e-01   3.0127352387e-01  -6.2589531827e-01   5.2441053907e-01   1.5019124022e-01
   3.0712683246e-01   3.0508599199e-01  -7.3719524141e-01   6.0227447276e-01   2.3836859365e-01
   3.1093625552e-01   3.0916767294e-01  -8.2566115026e-01   6.2169890089e-01   3.6716531216e-01
   3.1422751474e-01   3.1270483810e-01  -8.7228115935e-01   5.9109797578e-01   5.0650835102e-01
   3.1718708898e-01   3.1575019138e-01  -8.8109393197e-01   5.2884442031e-01   6.4534169080e-01
   3.2007795536e-01   3.1862398658e-01  -8.5403180532e-01   4.4201367378e-01   7.8424063484e-01
   3.2310426904e-01   3.2153192415e-01  -7.8503948888e-01   3.3156475174e-01   9.2240625280e-01
   3.2599470798e-01   3.2467661394e-01  -6.8173651001e-01   2.1629607859e-01   1.0373960733e+00
   3.2839405104e-01   3.2731280202e-01  -5.6964335048e-01   1.1896358912e-01   1.1131864620e+00
   3.3043300096e-01   3.2947530006e-01  -4.5797076243e-01   3.8611433851e-02   1.1593303557e+00
   3.3227543937e-01   3.3139070186e-01  -3.4664993446e-01  -3.0000023402e-02   1.1842454603e+00
   3.3400052323e-01   3.3316017688e-01  -2.3495175095e-01  -8.9923381859e-02   1.1917318033e+00
   3.3565636632e-01   3.3484086958e-01  -1.2342927954e-01  -1.4244854975e-01   1.1834402985e+00
   3.3727769930e-01   3.3647186306e-01  -1.1915740697e-02  -1.8879682091e-01   1.1600675062e+00
   3.3889336516e-01   3.3808353553e-01   9.9399745244e-02  -2.2975680226e-01   1.1215689020e+00
   3.4053121110e-01   3.3970319479e-01   2.1080331102e-01  -2.6614554320e-01   1.0669774015e+00
   3.4222248512e-01   3.4135922741e-01   3.2222678990e-01  -2.9858819619e-01   9.9448217212e-01
   3.4400794240e-01   3.4308574283e-01   4.3380829780e-01  -3.2783546803e-01   9.0076075337e-01
   3.4592596860e-01   3.4493014197e-01   5.4403743572e-01  -3.5449555414e-01   7.8207007298e-01
   3.4784667629e-01   3.4692179522e-01   6.4285377907e-01  -3.7776893315e-01   6.4601056917e-01
   3.4962271038e-01   3.4877155735e-01   7.2167015071e-01  -3.9741622095e-01   5.0741674784e-01
   3.5127661791e-01   3.5047386340e-01   7.8358089255e-01  -4.1537538123e-01   3.6850078955e-01
   3.5285056883e-01   3.5207937241e-01   8.3124222220e-01  -4.3301261026e-01   2.3032457295e-01
   3.5437340287e-01   3.5362176525e-01   8.6721144320e-01  -4.5166190496e-01   9.0894074560e-02
   3.5586716260e-01   3.5512504050e-01   8.9216413908e-01  -4.7186486541e-01  -4.7435574403e-02
   3.5735069726e-01   3.5660928470e-01   9.0734568692e-01  -4.9452785632e-01  -1.8588780337e-01
   3.5884160987e-01   3.5809210981e-01   9.1327808547e-01  -5.2041946544e-01  -3.2460388204e-01
   3.6035846002e-01   3.5959110993e-01   9.1019244012e-01  -5.5035769670e-01  -4.6361387145e-01
   3.6192273804e-01   3.6112581012e-01   8.9818919910e-01  -5.8503117840e-01  -6.0197346751e-01
   3.6356228505e-01   3.6271966595e-01   8.7692761958e-01  -6.2586377199e-01  -7.4081502446e-01
   3.6531727194e-01   3.6440490415e-01   8.4580802517e-01  -6.7422253025e-01  -8.7931677038e-01
   3.6725461659e-01   3.6622963974e-01   8.0298657799e-01  -7.3310521388e-01  -1.0186841574e+00
   3.6950773345e-01   3.6827959343e-01   7.4549399882e-01  -8.0670346945e-01  -1.1577171883e+00
   3.7242916921e-01   3.7073587347e-01   6.6353085486e-01  -9.0747013998e-01  -1.2973775311e+00
   3.7612323995e-01   3.7412246494e-01   5.5881961117e-01  -1.0329261018e+00  -1.4018973416e+00
   3.8048075860e-01   3.7812401495e-01   4.4708078517e-01  -1.1586663873e+00  -1.4170413981e+00
   3.8487963549e-01   3.8283750225e-01   3.5599721909e-01  -1.2375057493e+00  -1.3223773106e+00
   3.8833247296e-01   3.8692176872e-01   3.0043895769e-01  -1.2504859344e+00  -1.1803777479e+00
   3.9094172401e-01   3.8974317721e-01   2.6571085900e-01  -1.2247959883e+00  -1.0410556742e+00
   3.9323721033e-01   3.9214027081e-01   2.3762980029e-01  -1.1753049874e+00  -9.0196893861e-01
   3.9538241968e-01   3.9433414986e-01   2.1136369269e-01  -1.1063212303e+00  -7.6345329446e-01
   3.9746464859e-01   3.9643068951e-01   1.8360991039e-01  -1.0183981555e+00  -6.2445613997e-01
   3.9954780706e-01   3.9849860768e-01   1.5182302464e-01  -9.1148035922e-01  -4.8587884394e-01
   4.0168966544e-01   4.0059700645e-01   1.1292213568e-01  -7.8338360035e-01  -3.4751339313e-01
   4.0382768480e-01   4.0278232443e-01   6.6082556130e-02  -6.3955991502e-01  -2.1724523599e-01
   4.0584908405e-01   4.0487304517e-01   1.3253968498e-02  -4.9185772813e-01  -1.0485354582e-01
   4.0775915955e-01   4.0682512293e-01  -4.5255738379e-02  -3.4398646306e-01  -1.0463131426e-02
   4.0960447853e-01   4.0869319617e-01  -1.0989596808e-01  -1.9638229256e-01   6.7745368798e-02
   4.1141962560e-01   4.1051576090e-01  -1.8141023189e-01  -4.8686803322e-02   1.3110791975e-01
   4.1323398992e-01   4.1232349029e-01  -2.6057781281e-01   9.9263240917e-02   1.8005435723e-01
   4.1507612853e-01   4.1414448955e-01  -3.4780488684e-01   2.4678723902e-01   2.1426717002e-01
   4.1697764524e-01   4.1600776752e-01  -4.4446910463e-01   3.9456355226e-01   2.3322887586e-01
   4.1895627733e-01   4.1794752295e-01  -5.5031558489e-01   5.4050555131e-01   2.3556423586e-01
   4.2095692920e-01   4.1996503171e-01  -6.6165148963e-01   6.7878583596e-01   2.2069034765e-01
   4.2293867741e-01   4.2194882670e-01  -7.7290151631e-01   8.0327949538e-01   1.9021011203e-01
   4.2494042620e-01   4.2392852813e-01  -8.8427244496e-01   9.1569012818e-01   1.4526375837e-01
   4.2701826961e-01   4.2595232427e-01  -9.9582895118e-01   1.0170437140e+00   8.5912538429e-02
   4.2925744958e-01   4.2808421496e-01  -1.1074424683e+00   1.1078216022e+00   1.0959006338e-02
   4.3183319843e-01   4.3043068421e-01  -1.2197236771e+00   1.1886307544e+00  -8.4300179497e-02
   4.3505382850e-01   4.3323571265e-01  -1.3262977049e+00   1.2552482989e+00  -2.0641258203e-01
   4.3911411728e-01   4.3687194435e-01  -1.3930993447e+00   1.2916208088e+00  -3.4590490158e-01
   4.4375913233e-01   4.4135629021e-01  -1.3599191422e+00   1.2817501655e+00  -4.5657500520e-01
   4.4745422557e-01   4.4616197445e-01  -1.2465129477e+00   1.2464996659e+00  -4.9164000827e-01
   4.4973352613e-01   4.4874647669e-01  -1.1337007576e+00   1.2153699328e+00  -4.8226398772e-01
   4.5155825091e-01   4.5072057557e-01  -1.0220150056e+00   1.1869137122e+00  -4.5712187028e-01
   4.5314206471e-01   4.5239592624e-01  -9.1042169015e-01   1.1600700878e+00  -4.2253057389e-01
   4.5457216590e-01   4.5388820318e-01  -7.9888917367e-01   1.1343461689e+00  -3.8127755634e-01
   4.5589532856e-01   4.5525612862e-01  -6.8754446549e-01   1.1094129156e+00  -3.3499733039e-01
   4.5714026630e-01   4.5653452850e-01  -5.7611023119e-01   1.0849253666e+00  -2.8456741882e-01
   4.5832620506e-01   4.5774600411e-01  -4.6438266561e-01   1.0605998346e+00  -2.3055474147e-01
   4.5946709625e-01   4.5890640601e-01  -3.5298999851e-01   1.0363574874e+00  -1.7376099056e-01
   4.6057367120e-01   4.6002778648e-01  -2.4225297710e-01   1.0120716535e+00  -1.1477301682e-01
   4.6165424624e-01   4.6111955591e-01  -1.2974227580e-01   9.8701050996e-01  -5.2543148490e-02
   4.6271586474e-01   4.6218893657e-01  -1.9529303747e-02   9.6189554818e-01   1.0423043444e-02
   4.6376470097e-01   4.6324279290e-01   9.3112780695e-02   9.3544835687e-01   7.6631732238e-02
   4.6480625069e-01   4.6428660904e-01   2.0381291384e-01   9.0848316620e-01   1.4336621806e-01
   4.6584582417e-01   4.6532589234e-01   3.1503783434e-01   8.8020029390e-01   2.1193524040e-01
   4.6688862812e-01   4.6636575600e-01   4.2717883571e-01   8.5022214950e-01   2.8249436952e-01
   4.6794000603e-01   4.6741150024e-01   5.3757367580e-01   8.1900300538e-01   3.5324487382e-01
   4.6900585460e-01   4.6846851182e-01   6.5010451506e-01   7.8510190934e-01   4.2658663727e-01
   4.7009271296e-01   4.6954319738e-01   7.6053594683e-01   7.4941078243e-01   4.9967371127e-01
   4.7120834650e-01   4.7064222854e-01   8.7250382561e-01   7.1030146822e-01   5.7482000749e-01
   4.7236249264e-01   4.7177446445e-01   9.8390614427e-01   6.6785164596e-01   6.5055588846e-01
   4.7356746674e-01   4.7295052082e-01   1.0949656755e+00   6.2125222477e-01   7.2693971030e-01
   4.7489956245e-01   4.7418441265e-01   1.2116629030e+00   5.6644496827e-01   8.0806805067e-01