# time = 1.8
# Grid points = 474
# Pressure (Pa) = 101325
#             1_pos             2_posf             3_uvel             4_vvel             5_wvel
  -2.0295079553e-01  -2.0328482987e-01   1.1061902284e+00   7.4802838879e-01   1.0579909188e+00
  -2.0227171728e-01  -2.0261676119e-01   1.2023781515e+00   6.3879609330e-01   1.1551229956e+00
  -2.0152127977e-01  -2.0192667336e-01   1.2951964395e+00   5.1046098384e-01   1.2493253645e+00
  -2.0059298834e-01  -2.0111588619e-01   1.3880450631e+00   3.4221179328e-01   1.3435391289e+00
  -1.9950651377e-01  -2.0007009050e-01   1.4643459640e+00   1.3483545233e-01   1.4198926433e+00
  -1.9839230145e-01  -1.9894293705e-01   1.5044673936e+00  -8.5573264052e-02   1.4573968504e+00
  -1.9728809718e-01  -1.9784166585e-01   1.5050913272e+00  -3.0593319720e-01   1.4522591144e+00
  -1.9615898554e-01  -1.9673452851e-01   1.4662798051e+00  -5.2639107792e-01   1.4044224723e+00
  -1.9503651034e-01  -1.9558344258e-01   1.3906511110e+00  -7.3343158510e-01   1.3174372157e+00
  -1.9406141793e-01  -1.9448957810e-01   1.2980188717e+00  -8.9721732206e-01   1.2140170416e+00
  -1.9326544871e-01  -1.9363325776e-01   1.2049838507e+00  -1.0166530897e+00   1.1122986432e+00
  -1.9256547072e-01  -1.9289763966e-01   1.1124423931e+00  -1.1081933502e+00   1.0128960495e+00
  -1.9192454291e-01  -1.9223330178e-01   1.0200178820e+00  -1.1798549630e+00   9.1528936090e-01
  -1.9132323468e-01  -1.9161578404e-01   9.2736308769e-01  -1.2357309284e+00   8.1911868452e-01
  -1.9074947920e-01  -1.9103068531e-01   8.3527268477e-01  -1.2777202045e+00   7.2525025130e-01
  -1.9019504574e-01  -1.9046827310e-01   7.4232434023e-01  -1.3078366589e+00   6.3233358417e-01
  -1.8965384252e-01  -1.8992181837e-01   6.5024732583e-01  -1.3264358402e+00   5.4221413522e-01
  -1.8912098674e-01  -1.8938586666e-01   5.5797155492e-01  -1.3344720140e+00   4.5395968730e-01
  -1.8859242821e-01  -1.8885610682e-01   4.6515319717e-01  -1.3321400705e+00   3.6744820625e-01
  -1.8806450770e-01  -1.8832874960e-01   3.7269333085e-01  -1.3195607058e+00   2.8373592493e-01
  -1.8753375884e-01  -1.8780026580e-01   2.8041714027e-01  -1.2967982052e+00   2.0288114145e-01
  -1.8699674055e-01  -1.8726725189e-01   1.8828617123e-01  -1.2637349811e+00   1.2511939075e-01
  -1.8644976461e-01  -1.8672622922e-01   9.5374882214e-02  -1.2195591264e+00   5.0062660073e-02
  -1.8588879847e-01  -1.8617330001e-01   3.4439081456e-03  -1.1646642300e+00  -2.0462981422e-02
  -1.8530909433e-01  -1.8560429692e-01  -8.9427948823e-02  -1.0972029187e+00  -8.7406503473e-02
  -1.8470486961e-01  -1.8501389174e-01  -1.8160969448e-01  -1.0173679396e+00  -1.4892110973e-01
  -1.8406876303e-01  -1.8439584747e-01  -2.7417175766e-01  -9.2305880596e-01  -2.0491796802e-01
  -1.8339082499e-01  -1.8374167860e-01  -3.6649468457e-01  -8.1317077297e-01  -2.5391416768e-01
  -1.8265682325e-01  -1.8303997139e-01  -4.5905709978e-01  -6.8474032720e-01  -2.9465972164e-01
  -1.8184482563e-01  -1.8227367511e-01  -5.5146645153e-01  -5.3476849711e-01  -3.2480517424e-01
  -1.8091716495e-01  -1.8141597615e-01  -6.4406194489e-01  -3.5706850362e-01  -3.4107606529e-01
  -1.7984713595e-01  -1.8041835376e-01  -7.3339253581e-01  -1.5015393459e-01  -3.3806400176e-01
  -1.7867339811e-01  -1.7927591813e-01  -8.0986050745e-01   6.9930705835e-02  -3.1250389695e-01
  -1.7740133873e-01  -1.7807087808e-01  -8.6816314215e-01   2.9090497736e-01  -2.6529904757e-01
  -1.7591665880e-01  -1.7673179938e-01  -9.0535357307e-01   5.1238589892e-01  -1.9668950374e-01
  -1.7383263664e-01  -1.7510151823e-01  -9.0542580021e-01   7.3765970905e-01  -1.0381384213e-01
  -1.7143821714e-01  -1.7256375505e-01  -8.4232251222e-01   8.7237070519e-01  -3.8986047144e-02
  -1.6955838355e-01  -1.7031267924e-01  -7.4811668049e-01   8.8938351321e-01  -3.9061773804e-02
  -1.6818957006e-01  -1.6880408786e-01  -6.5538814062e-01   8.5986015295e-01  -7.1422057935e-02
  -1.6703900763e-01  -1.6757505226e-01  -5.6297782373e-01   8.1429512906e-01  -1.1710882322e-01
  -1.6601774102e-01  -1.6650296300e-01  -4.7045928728e-01   7.6157004234e-01  -1.6895350389e-01
  -1.6508226786e-01  -1.6553251905e-01  -3.7817042933e-01   7.0568943904e-01  -2.2275201139e-01
  -1.6420653239e-01  -1.6463201668e-01  -2.8575592932e-01   6.4815517460e-01  -2.7621212956e-01
  -1.6337291161e-01  -1.6378104810e-01  -1.9340461452e-01   5.8976705955e-01  -3.2754086360e-01
  -1.6256814661e-01  -1.6296477513e-01  -1.0099466961e-01   5.3055400686e-01  -3.7558927868e-01
  -1.6178133774e-01  -1.6217151809e-01  -8.7269294615e-03   4.7037249985e-01  -4.1931983039e-01
  -1.6100263947e-01  -1.6139115739e-01   8.3757137015e-02   4.0841162492e-01  -4.5810045364e-01
  -1.6022221005e-01  -1.6061412156e-01   1.7621761964e-01   3.4394775511e-01  -4.9105952394e-01
  -1.5942909872e-01  -1.5983029854e-01   2.6854782615e-01   2.7582143908e-01  -5.1739027793e-01
  -1.5860964918e-01  -1.5902789889e-01   3.6097689333e-01   2.0207954286e-01  -5.3621046607e-01
  -1.5774450900e-01  -1.5819139946e-01   4.5347957512e-01   1.1999595938e-01  -5.4617314935e-01
  -1.5680191957e-01  -1.5729761853e-01   5.4601225121e-01   2.5005035081e-02  -5.4516950605e-01
  -1.5571694011e-01  -1.5630622061e-01   6.3895503744e-01  -9.2671649622e-02  -5.2904141140e-01
  -1.5433451539e-01  -1.5512765962e-01   7.3064101268e-01  -2.5648354536e-01  -4.8739831731e-01
  -1.5273737180e-01  -1.5354137116e-01   7.9376152599e-01  -4.6436496303e-01  -4.1674215491e-01
  -1.5117962131e-01  -1.5193337243e-01   8.0499578069e-01  -6.8411357519e-01  -3.3268718683e-01
  -1.4969234671e-01  -1.5042587019e-01   7.6661913476e-01  -9.0424887846e-01  -2.4745444792e-01
  -1.4830409166e-01  -1.4895882323e-01   6.8933241832e-01  -1.1110520244e+00  -1.7110003579e-01
  -1.4713846454e-01  -1.4764936009e-01   5.9632230679e-01  -1.2798420800e+00  -1.1347777412e-01
  -1.4618514412e-01  -1.4662756899e-01   5.0365396010e-01  -1.4100537021e+00  -7.2883850709e-02
  -1.4533881980e-01  -1.4574271926e-01   4.1103269790e-01  -1.5171415401e+00  -4.2502463077e-02
  -1.4455403568e-01  -1.4493492034e-01   3.1835624795e-01  -1.6071277591e+00  -1.9417115495e-02
  -1.4380542977e-01  -1.4417315102e-01   2.2611730474e-01  -1.6825007373e+00  -2.0848139305e-03
  -1.4307596612e-01  -1.4343770852e-01   1.3367023234e-01  -1.7452179103e+00   1.0679261401e-02
  -1.4235224608e-01  -1.4271422373e-01   4.1181809679e-02  -1.7955419590e+00   1.9568324057e-02
  -1.4162184135e-01  -1.4199026842e-01  -5.1443317303e-02  -1.8331819511e+00   2.5163502671e-02
  -1.4087143668e-01  -1.4125341427e-01  -1.4371417965e-01  -1.8569304741e+00   2.7962489806e-02
  -1.4008437109e-01  -1.4048945910e-01  -2.3625408218e-01  -1.8648546799e+00   2.8510454220e-02
  -1.3923628884e-01  -1.3967928307e-01  -3.2883627242e-01  -1.8529722117e+00   2.7439136065e-02
  -1.3828487034e-01  -1.3879329460e-01  -4.2148891946e-01  -1.8138023528e+00   2.5769434743e-02
  -1.3713345205e-01  -1.3777644608e-01  -5.1466289185e-01  -1.7295163029e+00   2.5735262713e-02
  -1.3568497846e-01  -1.3649045803e-01  -5.9843178611e-01  -1.5682272194e+00   3.3437104423e-02
  -1.3422488889e-01  -1.3487949890e-01  -6.4389901926e-01  -1.3503795133e+00   5.4251093534e-02
  -1.3300151455e-01  -1.3357027888e-01  -6.5022103024e-01  -1.1295158876e+00   8.4801013657e-02
  -1.3191131234e-01  -1.3243275023e-01  -6.3267495653e-01  -9.0870389004e-01   1.2281863930e-01
  -1.3089508757e-01  -1.3138987445e-01  -5.9846548870e-01  -6.8855971489e-01   1.6672911762e-01
  -1.2991845683e-01  -1.3040030069e-01  -5.5105044452e-01  -4.6770227801e-01   2.1560923756e-01
  -1.2895642439e-01  -1.2943661298e-01  -4.9281376240e-01  -2.4779069776e-01   2.6792048098e-01
  -1.2798635642e-01  -1.2847623580e-01  -4.2413471618e-01  -2.6746065974e-02   3.2285461141e-01
  -1.2698288765e-01  -1.2749647705e-01  -3.4559825346e-01   1.9348291787e-01   3.7826282230e-01
  -1.2593438034e-01  -1.2646929825e-01  -2.5763357151e-01   4.0959440622e-01   4.3090860844e-01
  -1.2487433314e-01  -1.2539946242e-01  -1.6539890432e-01   6.0677852447e-01   4.7403604294e-01
  -1.2382195812e-01  -1.2434920385e-01  -7.3158193397e-02   7.7489463172e-01   5.0207118066e-01
  -1.2275268397e-01  -1.2329471239e-01   1.9356231963e-02   9.1253458761e-01   5.1106565393e-01
  -1.2163956086e-01  -1.2221065555e-01   1.1156339576e-01   1.0143406970e+00   4.9541739337e-01
  -1.2044811377e-01  -1.2106846616e-01   2.0395766920e-01   1.0728506714e+00   4.4696794847e-01
  -1.1912264300e-01  -1.1982776138e-01   2.9640460741e-01   1.0734986310e+00   3.5263059895e-01
  -1.1772393701e-01  -1.1841752463e-01   3.7997732080e-01   1.0025873628e+00   2.0910964737e-01
  -1.1644760717e-01  -1.1703034939e-01   4.4158467748e-01   8.7878286522e-01   4.4339636921e-02
  -1.1533254044e-01  -1.1586486496e-01   4.8248316479e-01   7.2961032798e-01  -1.2042594566e-01
  -1.1428662399e-01  -1.1480021592e-01   5.0860500556e-01   5.6291078121e-01  -2.8466230234e-01
  -1.1325345280e-01  -1.1377303207e-01   5.2190078461e-01   3.8020017909e-01  -4.4899149998e-01
  -1.1217817474e-01  -1.1273387354e-01   5.2145545508e-01   1.7985561302e-01  -6.1371369761e-01
  -1.1102178738e-01  -1.1162247594e-01   5.0362005214e-01  -3.5527487624e-02  -7.7287911081e-01
  -1.0975851435e-01  -1.1042109883e-01   4.6239392521e-01  -2.5667495769e-01  -9.1269642148e-01
  -1.0838189949e-01  -1.0909592986e-01   3.9070794505e-01  -4.6438776690e-01  -1.0102598833e+00
  -1.0709908301e-01  -1.0766786911e-01   2.9929539836e-01  -6.1438050748e-01  -1.0403674897e+00
  -1.0604765602e-01  -1.0653029690e-01   2.0649233058e-01  -6.9822287159e-01  -1.0149563216e+00
  -1.0513391058e-01  -1.0556501514e-01   1.1414078675e-01  -7.3952282145e-01  -9.5533187143e-01
  -1.0430559848e-01  -1.0470280601e-01   2.1495549003e-02  -7.5115678856e-01  -8.7132362893e-01
  -1.0353409562e-01  -1.0390839095e-01  -7.0743504006e-02  -7.4008771146e-01  -7.6936356852e-01
  -1.0280102512e-01  -1.0315980029e-01  -1.6333763962e-01  -7.1068079350e-01  -6.5228393930e-01
  -1.0209325547e-01  -1.0244224995e-01  -2.5560835939e-01  -6.6607350929e-01  -5.2336837893e-01
  -1.0140027635e-01  -1.0174426099e-01  -3.4832072194e-01  -6.0787924704e-01  -3.8322013477e-01
  -1.0071280259e-01  -1.0105629171e-01  -4.4064072121e-01  -5.3794603842e-01  -2.3425317196e-01
  -1.0002211527e-01  -1.0036931347e-01  -5.3292170382e-01  -4.5690697580e-01  -7.6729842973e-02
  -9.9329986179e-02  -9.9674917074e-02  -6.2362920198e-01  -3.6668409508e-01   8.6134442784e-02
  -9.8641197414e-02  -9.8985055284e-02  -7.1095561739e-01  -2.6961486710e-01   2.5050631571e-01
  -9.7948105760e-02  -9.8297339545e-02  -7.9439556364e-01  -1.6657223850e-01   4.1499906223e-01
  -9.7236939558e-02  -9.7598871975e-02  -8.7365817493e-01  -5.7651639669e-02   5.7900030835e-01
  -9.6490395871e-02  -9.6875007141e-02  -9.4896673439e-01   5.8897841414e-02   7.4372465668e-01
  -9.5682836087e-02  -9.6105784601e-02  -1.0188297492e+00   1.8410412670e-01   9.0789103318e-01
  -9.4767327806e-02  -9.5259887573e-02  -1.0817736194e+00   3.2321515569e-01   1.0729445912e+00
  -9.3623648534e-02  -9.4274768040e-02  -1.1320149803e+00   4.8775018955e-01   1.2391843689e+00
  -9.2069929878e-02  -9.2972529029e-02  -1.1444526054e+00   6.8921401202e-01   1.3838916601e+00
  -9.0402732432e-02  -9.1167330727e-02  -1.0856764500e+00   8.7427045094e-01   1.4338979154e+00
  -8.9145996906e-02  -8.9638134138e-02  -9.9077460286e-01   9.9147769097e-01   1.3994122401e+00
  -8.8256468160e-02  -8.8653859674e-02  -8.9766819831e-01   1.0631315337e+00   1.3396505313e+00
  -8.7512623912e-02  -8.7859076647e-02  -8.0501764786e-01   1.1165862359e+00   1.2705873118e+00
  -8.6851981069e-02  -8.7166171178e-02  -7.1246408607e-01   1.1596005761e+00   1.1968263888e+00
  -8.6245765437e-02  -8.6537790960e-02  -6.1996494146e-01   1.1956446076e+00   1.1206105613e+00
  -8.5677634893e-02  -8.5953739915e-02  -5.2756742054e-01   1.2266258871e+00   1.0432918801e+00
  -8.5137120055e-02  -8.5401529870e-02  -4.3528294250e-01   1.2537204154e+00   9.6573069613e-01
  -8.4616974428e-02  -8.4872710239e-02  -3.4255655909e-01   1.2778305518e+00   8.8806762261e-01
  -8.4111788190e-02  -8.4361238617e-02  -2.5003570948e-01   1.2992846478e+00   8.1131389955e-01
  -8.3617257040e-02  -8.3862337762e-02  -1.5745251966e-01   1.3184999084e+00   7.3562750799e-01
  -8.3129825030e-02  -8.3372176318e-02  -6.5132296326e-02   1.3356458685e+00   6.6159669648e-01
  -8.2646400852e-02  -8.2887473742e-02   2.7056732867e-02   1.3509014952e+00   5.8939777948e-01
  -8.2164178757e-02  -8.2405327962e-02   1.1921939502e-01   1.3643550490e+00   5.1922194346e-01
  -8.1680442972e-02  -8.1923029553e-02   2.1236312573e-01   1.3761153785e+00   4.5063285568e-01
  -8.1192458551e-02  -8.1437856390e-02   3.0459219977e-01   1.3858778601e+00   3.8532685913e-01
  -8.0697364936e-02  -8.0947060711e-02   3.9691122470e-01   1.3936552011e+00   3.2286191341e-01
  -8.0191995399e-02  -8.0447669161e-02   4.8931627916e-01   1.3992368902e+00   2.6360426943e-01
  -7.9672704146e-02  -7.9936321637e-02   5.8165986622e-01   1.4023193067e+00   2.0805605336e-01
  -7.9135099996e-02  -7.9409086656e-02   6.7406787583e-01   1.4024926417e+00   1.5662584314e-01
  -7.8573609452e-02  -7.8861113337e-02   7.6671283252e-01   1.3991591261e+00   1.0983807937e-01
  -7.7980924088e-02  -7.8286105567e-02   8.5908909906e-01   1.3915108016e+00   6.8710687079e-02
  -7.7346854640e-02  -7.7675742609e-02   9.5160219212e-01   1.3783199203e+00   3.4060712323e-02
  -7.6656133588e-02  -7.7017966670e-02   1.0441183815e+00   1.3577306849e+00   7.3926877159e-03
  -7.5883775696e-02  -7.6294300506e-02   1.1366749746e+00   1.3266275629e+00  -9.0895286457e-03
  -7.4982546985e-02  -7.5473250886e-02   1.2293665295e+00   1.2790866758e+00  -1.1535283765e-02
  -7.3834326500e-02  -7.4491843084e-02   1.3228663855e+00   1.2001450486e+00   8.8403804052e-03
  -7.2191562275e-02  -7.3176809915e-02   1.4081143846e+00   1.0513366565e+00   7.3917751165e-02
  -7.0349503013e-02  -7.1206314634e-02   1.4428145165e+00   8.3985044699e-01   1.7570028189e-01
  -6.8745670720e-02  -6.9492691392e-02   1.4229313764e+00   6.1976130717e-01   2.7178821142e-01
  -6.7315228962e-02  -6.7998650048e-02   1.3700759261e+00   3.9949231842e-01   3.4983836469e-01
  -6.5987596526e-02  -6.6631807875e-02   1.2950222353e+00   1.7978347945e-01   4.0708785805e-01
  -6.4768717822e-02  -6.5343385177e-02   1.2062591303e+00  -3.2236388910e-02   4.4224666713e-01
  -6.3692950718e-02  -6.4194050467e-02   1.1137939432e+00  -2.2434359543e-01   4.5692105124e-01
  -6.2738230965e-02  -6.3191850969e-02   1.0213681765e+00  -3.9715395197e-01   4.5614748827e-01
  -6.1864557736e-02  -6.2284610961e-02   9.2890154928e-01  -5.5560287072e-01   4.4380107811e-01
  -6.1049334374e-02  -6.1444504512e-02   8.3661968529e-01  -7.0190762374e-01   4.2238076865e-01
  -6.0277986991e-02  -6.0654164237e-02   7.4417381394e-01  -8.3812777138e-01   3.9348288537e-01
  -5.9540179667e-02  -5.9901809744e-02   6.5187120038e-01  -9.6469049264e-01   3.5838471161e-01
  -5.8827967886e-02  -5.9178549591e-02   5.5940245141e-01  -1.0825114579e+00   3.1782219856e-01
  -5.8134856404e-02  -5.8477386181e-02   4.6704228339e-01  -1.1914280112e+00   2.7250886891e-01
  -5.7455167036e-02  -5.7792326627e-02   3.7488771301e-01  -1.2913402461e+00   2.2291693002e-01
  -5.6783689942e-02  -5.7118007445e-02   2.8209456717e-01  -1.3827961095e+00   1.6876520795e-01
  -5.6115302359e-02  -5.6449372438e-02   1.8997927462e-01  -1.4639719696e+00   1.1086666353e-01
  -5.5444643710e-02  -5.5781232280e-02   9.7519774632e-02  -1.5350172222e+00   4.8475771501e-02
  -5.4765756385e-02  -5.5108055140e-02   4.9947245889e-03  -1.5944068311e+00  -1.8601783219e-02
  -5.4071570661e-02  -5.4423457629e-02  -8.7319659872e-02  -1.6402734844e+00  -9.0748771607e-02
  -5.3353088979e-02  -5.3719683693e-02  -1.7971221812e-01  -1.6702901320e+00  -1.6913862633e-01
  -5.2597885189e-02  -5.2986494265e-02  -2.7221239928e-01  -1.6806312154e+00  -2.5535250466e-01
  -5.1787247782e-02  -5.2209276112e-02  -3.6470628070e-01  -1.6652713665e+00  -3.5180670718e-01
  -5.0889491785e-02  -5.1365219451e-02  -4.5719434503e-01  -1.6138484461e+00  -4.6293805489e-01
  -4.9844014488e-02  -5.0413764120e-02  -5.4989646445e-01  -1.5049195206e+00  -5.9824890177e-01
  -4.8699395110e-02  -4.9274264857e-02  -6.3030194005e-01  -1.3248707611e+00  -7.5208021110e-01
  -4.7658615570e-02  -4.8124525364e-02  -6.8319325582e-01  -1.1061924829e+00  -8.9670801040e-01
  -4.6793269934e-02  -4.7192705775e-02  -7.1180924992e-01  -8.8485501118e-01  -1.0200496505e+00
  -4.6035203215e-02  -4.6393834092e-02  -7.2560047199e-01  -6.6406593050e-01  -1.1296755368e+00
  -4.5345151497e-02  -4.5676572338e-02  -7.2948327784e-01  -4.4362244428e-01  -1.2302496240e+00
  -4.4701216609e-02  -4.5013730656e-02  -7.2617336191e-01  -2.2240590539e-01  -1.3247352282e+00
  -4.4089263654e-02  -4.4388702563e-02  -7.1744234875e-01  -2.2236685452e-03  -1.4138973485e+00
  -4.3499168959e-02  -4.3789824746e-02  -7.0446000119e-01   2.1837756091e-01  -1.4993580035e+00
  -4.2923101267e-02  -4.3208513172e-02  -6.8805053619e-01   4.3969972268e-01  -1.5818868622e+00
  -4.2354330317e-02  -4.2637689361e-02  -6.6912346894e-01   6.5913773088e-01  -1.6610221816e+00
  -4.1786564852e-02  -4.2070971273e-02  -6.4787851651e-01   8.8081352708e-01  -1.7385669361e+00
  -4.1213351553e-02  -4.1502158431e-02  -6.2514358206e-01   1.1010074791e+00  -1.8133985128e+00
  -4.0627351486e-02  -4.0924544676e-02  -6.0121752137e-01   1.3213937765e+00  -1.8861880558e+00
  -4.0019258385e-02  -4.0330158297e-02  -5.7649725581e-01   1.5424613426e+00  -1.9570133282e+00
  -3.9376008892e-02  -3.9708358474e-02  -5.5165898056e-01   1.7628333039e+00  -2.0251686190e+00
  -3.8676538911e-02  -3.9043659309e-02  -5.2721846004e-01   1.9841071985e+00  -2.0905193929e+00
  -3.7879914199e-02  -3.8309418512e-02  -5.0435882186e-01   2.2060553881e+00  -2.1515142178e+00
  -3.6873069649e-02  -3.7450409886e-02  -4.8573018594e-01   2.4298238722e+00  -2.2041472773e+00
  -3.4991137966e-02  -3.6295729411e-02  -4.9192088638e-01   2.6334214857e+00  -2.2095463053e+00
  -3.2947960569e-02  -3.3686546521e-02  -5.5494108597e-01   2.5523981893e+00  -2.0812867170e+00
  -3.1756445451e-02  -3.2209374617e-02  -6.2195493881e-01   2.3296925580e+00  -1.9248191038e+00
  -3.0947988999e-02  -3.1303516285e-02  -6.7817894525e-01   2.1069466214e+00  -1.7833433817e+00
  -3.0286860727e-02  -3.0592461713e-02  -7.2918893462e-01   1.8855141338e+00  -1.6473749362e+00
  -2.9706795466e-02  -2.9981259741e-02  -7.7695243145e-01   1.6637559247e+00  -1.5132424437e+00
  -2.9179011160e-02  -2.9432331190e-02  -8.2173938102e-01   1.4437683234e+00  -1.3810390115e+00
  -2.8687657499e-02  -2.8925691131e-02  -8.6430966434e-01   1.2238041743e+00  -1.2490658758e+00
  -2.8223069824e-02  -2.8449623867e-02  -9.0528911354e-01   1.0015040839e+00  -1.1154938505e+00
  -2.7778487960e-02  -2.7996515781e-02  -9.4379000800e-01   7.8243961103e-01  -9.8337709489e-01
  -2.7348909127e-02  -2.7560460139e-02  -9.8074752961e-01   5.6185481872e-01  -8.4962384699e-01
  -2.6930612029e-02  -2.7137358115e-02  -1.0160907280e+00   3.4009226976e-01  -7.1422493926e-01
  -2.6520477822e-02  -2.6723865944e-02  -1.0493850354e+00   1.1989660341e-01  -5.7867668496e-01
  -2.6115832362e-02  -2.6317089699e-02  -1.0808812936e+00  -1.0043756882e-01  -4.4176759204e-01
  -2.5714320646e-02  -2.5914575026e-02  -1.1105438758e+00  -3.2111410543e-01  -3.0318475546e-01
  -2.5313723650e-02  -2.5514066266e-02  -1.1382872441e+00  -5.4223511935e-01  -1.6265701319e-01
  -2.4911853255e-02  -2.5113381034e-02  -1.1638552355e+00  -7.6265085127e-01  -2.0700155798e-02
  -2.4506457183e-02  -2.4710325477e-02  -1.1871822472e+00  -9.8298582462e-01   1.2332618262e-01
  -2.4095102334e-02  -2.4302588888e-02  -1.2080667239e+00  -1.2031647512e+00   2.6966661878e-01
  -2.3674973575e-02  -2.3887615779e-02  -1.2263865628e+00  -1.4250407459e+00   4.1996037344e-01
  -2.3242733177e-02  -2.3462331371e-02  -1.2415353619e+00  -1.6455433218e+00   5.7260500329e-01
  -2.2794337205e-02  -2.3023134984e-02  -1.2531144205e+00  -1.8642327166e+00   7.2780358109e-01
  -2.2325064207e-02  -2.2565539426e-02  -1.2607106060e+00  -2.0867695904e+00   8.9048410071e-01
  -2.1836057293e-02  -2.2084588987e-02  -1.2631480845e+00  -2.3022285287e+00   1.0536988157e+00
  -2.1329920274e-02  -2.1587525599e-02  -1.2597134124e+00  -2.5097271408e+00   1.2177269595e+00
  -2.0802765301e-02  -2.1072314948e-02  -1.2494982864e+00  -2.7062280503e+00   1.3814342718e+00
  -2.0247579041e-02  -2.0533215653e-02  -1.2309840432e+00  -2.8918470450e+00   1.5468752033e+00
  -1.9654604659e-02  -1.9961942429e-02  -1.2027472917e+00  -3.0596322540e+00   1.7105719010e+00
  -1.9008994175e-02  -1.9347266889e-02  -1.1617104749e+00  -3.2076614272e+00   1.8749713641e+00
  -1.8285216233e-02  -1.8670721461e-02  -1.1032581515e+00  -3.3274568618e+00   2.0394109110e+00
  -1.7481703716e-02  -1.7899711005e-02  -1.0232980705e+00  -3.4021852733e+00   2.1961450755e+00
  -1.6698082421e-02  -1.7063696426e-02  -9.3118833922e-01  -3.4159103924e+00   2.3212419401e+00
  -1.6003519150e-02  -1.6332468416e-02  -8.3876488888e-01  -3.3789493612e+00   2.4076696689e+00
  -1.5370644061e-02  -1.5674569884e-02  -7.4618601321e-01  -3.3061618330e+00   2.4663881705e+00
  -1.4780679097e-02  -1.5066718238e-02  -6.5363291302e-01  -3.2062454055e+00   2.5036069528e+00
  -1.4221679926e-02  -1.4494639957e-02  -5.6135957985e-01  -3.0851003499e+00   2.5233046153e+00
  -1.3685414427e-02  -1.3948719894e-02  -4.6903588632e-01  -2.9460734922e+00   2.5282035170e+00
  -1.3165832109e-02  -1.3422108959e-02  -3.7644334803e-01  -2.7913866140e+00   2.5199905210e+00
  -1.2658139914e-02  -1.2909555259e-02  -2.8383902851e-01  -2.6233595679e+00   2.4998233225e+00
  -1.2158302142e-02  -1.2406724570e-02  -1.9132998076e-01  -2.4437164264e+00   2.4685543520e+00
  -1.1662754587e-02  -1.1909879714e-02  -9.8921176082e-02  -2.2536728855e+00   2.4267204035e+00
  -1.1168171993e-02  -1.1415629459e-02  -6.5604013517e-03  -2.0540458572e+00   2.3745482217e+00
  -1.0671259957e-02  -1.0920714526e-02   8.5818577321e-02  -1.8453771538e+00   2.3119688940e+00
  -1.0170267534e-02  -1.0421805388e-02   1.7793088623e-01  -1.6288445346e+00   2.2389192435e+00
  -9.6696352717e-03  -9.9187296792e-03   2.6825550377e-01  -1.4086356331e+00   2.1564005752e+00
  -9.1721296013e-03  -9.4205408641e-03   3.5570408587e-01  -1.1881435226e+00   2.0653627227e+00
  -8.6735838430e-03  -8.9237183385e-03   4.4048426554e-01  -9.6751676956e-01   1.9654502715e+00
  -8.1690628411e-03  -8.4234493474e-03   5.2280898668e-01  -7.4663766967e-01   1.8558612374e+00
  -7.6531509845e-03  -7.9146763348e-03   6.0270354873e-01  -5.2565886784e-01   1.7355234052e+00
  -7.1194237800e-03  -7.3916256341e-03   6.7994491419e-01  -3.0523034772e-01   1.6031871600e+00
  -6.5597018369e-03  -6.8472219259e-03   7.5464074212e-01  -8.4780693125e-02   1.4561157545e+00
  -5.9830903649e-03  -6.2721817479e-03   8.2413447435e-01   1.2808822143e-01   1.2967807886e+00
  -5.4167722966e-03  -5.6939989818e-03   8.8506269363e-01   3.2280405335e-01   1.1314994916e+00
  -4.8715930363e-03  -5.1395456115e-03   9.3522915504e-01   4.9115025154e-01   9.6806798431e-01
  -4.3430764369e-03  -4.6036404611e-03   9.7640951962e-01   6.3762233940e-01   8.0400172554e-01
  -3.8277685619e-03  -4.0825124128e-03   1.0090977411e+00   7.6293518310e-01   6.3965140938e-01
  -3.3227544077e-03  -3.5730247109e-03   1.0337547637e+00   8.6783518816e-01   4.7530370469e-01
  -2.8254951610e-03  -3.0724841044e-03   1.0508160060e+00   9.5311728277e-01   3.1110403254e-01
  -2.3337065434e-03  -2.5785062176e-03   1.0606672958e+00   1.0195370125e+00   1.4708649334e-01
  -1.8452575357e-03  -2.0889068692e-03   1.0636281492e+00   1.0677437844e+00  -1.6797667776e-02
  -1.3580794596e-03  -1.6016082021e-03   1.0599414141e+00   1.0982328999e+00  -1.8065181675e-01
  -8.7006275517e-04  -1.1145507171e-03   1.0496560105e+00   1.1112817501e+00  -3.4570298906e-01
  -3.7897429245e-04  -6.2557479322e-04   1.0330011947e+00   1.1068385231e+00  -5.0980841160e-01
   1.1762639587e-04  -1.3237379169e-04   1.0100347868e+00   1.0851366508e+00  -6.7379107240e-01
   6.2253182309e-04   3.6762658344e-04   9.8071293742e-01   1.0459941122e+00  -8.3787510097e-01
   1.1390706513e-03   8.7743706274e-04   9.4496685734e-01   9.8906660315e-01  -1.0018908359e+00
   1.6713918462e-03   1.4007042398e-03   9.0253441730e-01   9.1357925830e-01  -1.1660665722e+00
   2.2249644310e-03   1.9420794527e-03   8.5288816350e-01   8.1807462288e-01  -1.3308463997e+00
   2.8072323746e-03   2.5078494093e-03   7.9587773368e-01   7.0166736583e-01  -1.4948397677e+00
   3.4290410278e-03   3.1066153399e-03   7.3040054694e-01   5.6136647186e-01  -1.6587729216e+00
   4.1080388984e-03   3.7514667158e-03   6.5441957746e-01   3.9160609239e-01  -1.8235323651e+00
   4.8550583213e-03   4.4646110811e-03   5.6761455657e-01   1.9018175368e-01  -1.9843339702e+00
   5.6285513350e-03   5.2455055615e-03   4.7668105235e-01  -2.8116250685e-02  -2.1255347381e+00
   6.3910014853e-03   6.0115971086e-03   3.8732947963e-01  -2.4927911054e-01  -2.2382122129e+00
   7.1558565043e-03   6.7704058620e-03   3.0073800888e-01  -4.6960236021e-01  -2.3219080941e+00
   7.9437207731e-03   7.5413071466e-03   2.1614412556e-01  -6.9041979649e-01  -2.3765251370e+00
   8.7811404535e-03   8.3461343996e-03   1.3343575460e-01  -9.1162122502e-01  -2.3980659386e+00
   9.7122550037e-03   9.2161465075e-03   5.2561545516e-02  -1.1328178986e+00  -2.3773780139e+00
   1.0822396362e-02   1.0208363500e-02  -2.6472270612e-02  -1.3525973421e+00  -2.2923436591e+00
   1.1953806181e-02   1.1436429225e-02  -8.6673505865e-02  -1.5191491206e+00  -2.1443469489e+00
   1.2885221938e-02   1.2471183138e-02  -1.1991375989e-01  -1.6052106502e+00  -1.9788299176e+00
   1.3660830823e-02   1.3299260737e-02  -1.3644418468e-01  -1.6384142034e+00  -1.8141637670e+00
   1.4351954203e-02   1.4022400908e-02  -1.4307119759e-01  -1.6373799957e+00  -1.6491669855e+00
   1.4990042712e-02   1.4681507499e-02  -1.4281745776e-01  -1.6105101339e+00  -1.4852398483e+00
   1.5592690556e-02   1.5298577924e-02  -1.3742381562e-01  -1.5622434509e+00  -1.3210775576e+00
   1.6171033324e-02   1.5886803188e-02  -1.2794552212e-01  -1.4952723512e+00  -1.1570537485e+00
   1.6732951974e-02   1.6455263461e-02  -1.1500153778e-01  -1.4106210188e+00  -9.9216825209e-01
   1.7284514162e-02   1.7010640487e-02  -9.9266946847e-02  -1.3103668091e+00  -8.2845717212e-01
   1.7830722462e-02   1.7558387836e-02  -8.0984380819e-02  -1.1942345579e+00  -6.6442490831e-01
   1.8375947766e-02   1.8103057089e-02  -6.0326261574e-02  -1.0617724419e+00  -4.9952859043e-01
   1.8924292629e-02   1.8648838443e-02  -3.7809296634e-02  -9.1492062410e-01  -3.3622581183e-01
   1.9479887694e-02   1.9199746815e-02  -1.3110545918e-02  -7.5024263795e-01  -1.7121612950e-01
   2.0047067043e-02   1.9760028573e-02   1.3172144010e-02  -5.7044937580e-01  -7.9246294561e-03
   2.0630723804e-02   2.0334105514e-02   4.1510504010e-02  -3.7101534894e-01   1.5684770511e-01
   2.1226117814e-02   2.0927342095e-02   7.1061059219e-02  -1.5665151351e-01   3.1832517636e-01
   2.1812733454e-02   2.1524893534e-02   1.0054092377e-01   6.3843904051e-02   4.7038176718e-01
   2.2380755748e-02   2.2100573375e-02   1.2904639713e-01   2.8346779218e-01   6.0972666387e-01
   2.2936226298e-02   2.2660938121e-02   1.5704893991e-01   5.0542837667e-01   7.3980772449e-01
   2.3484408283e-02   2.3211514474e-02   1.8403469514e-01   7.2516169251e-01   8.5913940249e-01
   2.4030082778e-02   2.3757302092e-02   2.1041407284e-01   9.4546079606e-01   9.7030203169e-01
   2.4577871315e-02   2.4302863465e-02   2.3631167723e-01   1.1670189624e+00   1.0742655934e+00
   2.5132601591e-02   2.4852879166e-02   2.6134663671e-01   1.3861436696e+00   1.1699698904e+00
   2.5699827274e-02   2.5412324017e-02   2.8617595716e-01   1.6082846887e+00   1.2602545498e+00
   2.6286326704e-02   2.5987330531e-02   3.1024464250e-01   1.8282902130e+00   1.3433645652e+00
   2.6901012585e-02   2.6585322877e-02   3.3384438926e-01   2.0486812462e+00   1.4206595094e+00
   2.7557014293e-02   2.7216702294e-02   3.5698524533e-01   2.2698259087e+00   1.4924195025e+00
   2.8275491046e-02   2.7897326292e-02   3.7943270495e-01   2.4903028034e+00   1.5582872675e+00
   2.9097187246e-02   2.8653655800e-02   4.0117046339e-01   2.7123448676e+00   1.6188081476e+00
   3.0128798051e-02   2.9540718693e-02   4.2138680926e-01   2.9355889761e+00   1.6732382521e+00
   3.1519930919e-02   3.0716877409e-02   4.3457391026e-01   3.1289514270e+00   1.7132996893e+00
   3.3126037939e-02   3.2322984429e-02   4.2735048479e-01   3.1899101925e+00   1.7192876619e+00
   3.4752722777e-02   3.3929091449e-02   3.9188627174e-01   3.0650928114e+00   1.6864483620e+00
   3.6079738822e-02   3.5576354104e-02   3.4170853659e-01   2.8353647113e+00   1.6349508064e+00
   3.6990338020e-02   3.6583123540e-02   2.9565563138e-01   2.6132200314e+00   1.5869064333e+00
   3.7754626565e-02   3.7397552500e-02   2.5033542816e-01   2.3920440562e+00   1.5391344781e+00
   3.8437859403e-02   3.8111700630e-02   2.0507447137e-01   2.1705932010e+00   1.4907527621e+00
   3.9069771309e-02   3.8764018177e-02   1.6005081159e-01   1.9503779187e+00   1.4417252016e+00
   3.9667307264e-02   3.9375524441e-02   1.1498494629e-01   1.7301457566e+00   1.3915051398e+00
   4.0241341977e-02   3.9959090086e-02   6.9677183014e-02   1.5087722269e+00   1.3395812484e+00
   4.0799767626e-02   4.0523593867e-02   2.4743140735e-02   1.2889388699e+00   1.2863571686e+00
   4.1348780432e-02   4.1075941385e-02  -2.0378242444e-02   1.0674185568e+00   1.2308153285e+00
   4.1893594365e-02   4.1621619478e-02  -6.4817377117e-02   8.4785172486e-01   1.1736216691e+00
   4.2439010090e-02   4.2165569253e-02  -1.0912767690e-01   6.2668634501e-01   1.1135745748e+00
   4.2989750686e-02   4.2712450927e-02  -1.5265466897e-01   4.0610986199e-01   1.0509193055e+00
   4.3550835676e-02   4.3267050446e-02  -1.9519248174e-01   1.8579406762e-01   9.8518415139e-01
   4.4127981743e-02   4.3834620906e-02  -2.3640247038e-01  -3.4345217930e-02   9.1587074282e-01
   4.4728279740e-02   4.4421342579e-02  -2.7601647321e-01  -2.5558359279e-01   8.4190127132e-01
   4.5361097860e-02   4.5035216902e-02  -3.1308174668e-01  -4.7660552928e-01   7.6280774828e-01
   4.6039586417e-02   4.5686978817e-02  -3.4648464743e-01  -6.9682216534e-01   6.7760437039e-01
   4.6784309249e-02   4.6392194016e-02  -3.7477106181e-01  -9.1746129869e-01   5.8392411098e-01
   4.7632057784e-02   4.7176424482e-02  -3.9495755701e-01  -1.1388355034e+00   4.7821533489e-01
   4.8664103985e-02   4.8087691086e-02  -4.0046729848e-01  -1.3611691087e+00   3.5314492167e-01
   4.9985135734e-02   4.9240516883e-02  -3.7559492858e-01  -1.5669832336e+00   2.0269441030e-01
   5.1467175144e-02   5.0729754584e-02  -3.0665642854e-01  -1.6970767802e+00   5.0406507281e-02
   5.2766145980e-02   5.2204595704e-02  -2.1413340063e-01  -1.7285471771e+00  -6.5335163921e-02
   5.3812642754e-02   5.3327696255e-02  -1.2128363310e-01  -1.7025413207e+00  -1.4517900598e-01
   5.4746454691e-02   5.4297589253e-02  -2.8695253342e-02  -1.6465533712e+00  -2.0633043949e-01
   5.5629934981e-02   5.5195320129e-02   6.4071557849e-02  -1.5697128046e+00  -2.5595930738e-01
   5.6501727073e-02   5.6064549833e-02   1.5643102893e-01  -1.4762079595e+00  -2.9743465555e-01
   5.7396943066e-02   5.6938904314e-02   2.4908819234e-01  -1.3658561382e+00  -3.3349093462e-01
   5.8362565256e-02   5.7854981819e-02   3.4183685360e-01  -1.2360319905e+00  -3.6602485950e-01
   5.9496951553e-02   5.8870148693e-02   4.3523221694e-01  -1.0759499545e+00  -3.9779292686e-01
   6.0909160880e-02   6.0123754413e-02   5.1854870248e-01  -8.7629870536e-01  -4.3094353324e-01
   6.2554589789e-02   6.1694567347e-02   5.5881096679e-01  -6.5604893478e-01  -4.6523655353e-01
   6.4316559131e-02   6.3414612231e-02   5.2489184945e-01  -4.4827107869e-01  -5.0002097293e-01
   6.5802242964e-02   6.5218506031e-02   4.3647120433e-01  -3.0049554655e-01  -5.2780187056e-01
   6.6841873095e-02   6.6385979897e-02   3.4301556415e-01  -2.1412064810e-01  -5.4504141429e-01
   6.7694403061e-02   6.7297766293e-02   2.5022922683e-01  -1.5386823960e-01  -5.5664780467e-01
   6.8454271443e-02   6.8091039830e-02   1.5765313017e-01  -1.0808159483e-01  -5.6422983611e-01
   6.9160874144e-02   6.8817503057e-02   6.4998085819e-02  -7.2029303289e-02  -5.6828412026e-01
   6.9836498119e-02   6.9504245232e-02  -2.7471203560e-02  -4.3456773459e-02  -5.6889367596e-01
   7.0496444888e-02   7.0168751007e-02  -1.1979387469e-01  -2.0987655860e-02  -5.6596292278e-01
   7.1153068843e-02   7.0824138769e-02  -2.1237889303e-01  -3.8172311498e-03  -5.5916964879e-01
   7.1818149897e-02   7.1481998917e-02  -3.0472187218e-01   8.2778315525e-03  -5.4806441747e-01
   7.2504985812e-02   7.2154300876e-02  -3.9738848887e-01   1.5309673916e-02  -5.3181027721e-01
   7.3231177683e-02   7.2855670747e-02  -4.8985043258e-01   1.6743637187e-02  -5.0930045574e-01
   7.4024572901e-02   7.3606684619e-02  -5.8259758720e-01   1.1389580993e-02  -4.7838436016e-01
   7.4940307935e-02   7.4442461183e-02  -6.7545608758e-01  -3.5515397759e-03  -4.3506134443e-01
   7.6151815347e-02   7.5438154687e-02  -7.7003918751e-01  -3.7357197277e-02  -3.6659748052e-01
   7.8057034648e-02   7.6865476008e-02  -8.4101471858e-01  -1.1945180549e-01  -2.4323988474e-01
   8.0200336702e-02   7.9248593288e-02  -8.0873411010e-01  -2.4144827282e-01  -1.0504625323e-01
   8.1703207661e-02   8.1152080115e-02  -7.1368837899e-01  -3.3780067631e-01  -2.5367691066e-02
   8.2692155997e-02   8.2254335206e-02  -6.2044648937e-01  -4.0141065198e-01   1.1561709819e-02
   8.3511753892e-02   8.3129976788e-02  -5.2756759670e-01  -4.5183478986e-01   3.0305750093e-02
   8.4241966714e-02   8.3893530997e-02  -4.3514977874e-01  -4.9332053398e-01   3.6700795657e-02
   8.4917245374e-02   8.4590402431e-02  -3.4254430308e-01  -5.2791717004e-01   3.3363015305e-02
   8.5556699252e-02   8.5244088316e-02  -2.5021005982e-01  -5.5627888855e-01   2.1677384217e-02
   8.6172745457e-02   8.5869310189e-02  -1.5764457525e-01  -5.7894175540e-01   2.3954139482e-03
   8.6774371377e-02   8.6476180726e-02  -6.5145591214e-02  -5.9590987178e-01  -2.3965358243e-02
   8.7368824898e-02   8.7072562028e-02   2.7245952111e-02  -6.0708843399e-01  -5.7097931525e-02
   8.7962495395e-02   8.7665087768e-02   1.1961409527e-01  -6.1221098109e-01  -9.6906452271e-02
   8.8561596603e-02   8.8259903023e-02   2.1205505987e-01  -6.1078529137e-01  -1.4347517049e-01
   8.9172798174e-02   8.8863290184e-02   3.0457159930e-01  -6.0205535723e-01  -1.9700757000e-01
   8.9803931724e-02   8.9482306165e-02   3.9696355273e-01  -5.8498551524e-01  -2.5773019676e-01
   9.0465120932e-02   9.0125557283e-02   4.8947920562e-01  -5.5796591100e-01  -3.2639063448e-01
   9.1170793304e-02   9.0804684581e-02   5.8197759069e-01  -5.1863813824e-01  -4.0383697734e-01
   9.1944015798e-02   9.1536902027e-02   6.7455682537e-01  -4.6301683462e-01  -4.9174469118e-01
   9.2828133471e-02   9.2351129568e-02   7.6723303178e-01  -3.8372444558e-01  -5.9310218880e-01
   9.3934328059e-02   9.3305137374e-02   8.6095474161e-01  -2.6147582892e-01  -7.1633406791e-01
   9.5327331974e-02   9.4563518744e-02   9.3985489750e-01  -7.6851156690e-02  -8.5493211274e-01
   9.6779305028e-02   9.6091145204e-02   9.7436316019e-01   1.4351484196e-01  -9.6879999685e-01
   9.8128954266e-02   9.7467464851e-02   9.6096174558e-01   3.6418091493e-01  -1.0360305082e+00
   9.9464132723e-02   9.8790443681e-02   9.0675598146e-01   5.8478149747e-01  -1.0595320882e+00
   1.0072514562e-01   1.0013782176e-01   8.2272282080e-01   7.8338394797e-01  -1.0408442739e+00
   1.0179852478e-01   1.0131246948e-01   7.2967064652e-01   9.3638536563e-01  -9.9368979149e-01
   1.0272076418e-01   1.0228458008e-01   6.3711440800e-01   1.0501336307e+00  -9.3152325134e-01
   1.0356561707e-01   1.0315694828e-01   5.4453022265e-01   1.1365840102e+00  -8.5866286884e-01
   1.0436851216e-01   1.0397428585e-01   4.5190780243e-01   1.2003272639e+00  -7.7714381131e-01
   1.0515190263e-01   1.0476273846e-01   3.5955661880e-01   1.2432125634e+00  -6.8829786222e-01
   1.0593321715e-01   1.0554106679e-01   2.6724796500e-01   1.2659019217e+00  -5.9239193393e-01
   1.0672889776e-01   1.0632536751e-01   1.7470679296e-01   1.2675658232e+00  -4.8911452953e-01
   1.0755776028e-01   1.0713242802e-01   8.2042844760e-02   1.2458875968e+00  -3.7810783569e-01
   1.0844529489e-01   1.0798309255e-01  -1.0341846369e-02   1.1970069119e+00  -2.5889095058e-01
   1.0943319512e-01   1.0890749724e-01  -1.0293109701e-01   1.1132500786e+00  -1.2889132742e-01
   1.1060799049e-01   1.0995889300e-01  -1.9594070041e-01   9.7830470532e-01   1.6545933539e-02
   1.1198009701e-01   1.1125708798e-01  -2.7826858213e-01   7.8486543865e-01   1.6613154240e-01
   1.1338870866e-01   1.1270310603e-01  -3.3273181466e-01   5.6369258726e-01   2.9030742482e-01
   1.1479471956e-01   1.1407431129e-01  -3.5786931211e-01   3.4228361952e-01   3.7836765549e-01
   1.1639840014e-01   1.1551512784e-01  -3.5730556123e-01   1.1922218851e-01   4.3210129183e-01
   1.1903045362e-01   1.1728167244e-01  -3.1889644523e-01  -9.5417324370e-02   4.1743009895e-01
   1.2222092994e-01   1.2077923480e-01  -2.8168562115e-01  -6.2422983178e-02   2.9773222587e-01
   1.2456126055e-01   1.2366262508e-01  -3.0171186958e-01   1.5837675147e-01   1.9207175479e-01
   1.2626782077e-01   1.2545989603e-01  -3.5326394598e-01   3.8115804206e-01   1.4119270506e-01
   1.2792227411e-01   1.2707574551e-01  -4.2871110426e-01   5.9957316422e-01   1.3341833381e-01
   1.2958355560e-01   1.2876880270e-01  -5.1929824328e-01   7.8284949788e-01   1.7785761078e-01
   1.3127059420e-01   1.3039830850e-01  -6.1164294765e-01   8.9908567781e-01   2.8227848454e-01
   1.3289879849e-01   1.3214287989e-01  -6.8504311274e-01   9.2808162935e-01   4.3480171258e-01
   1.3430553183e-01   1.3365471709e-01  -7.2372444516e-01   8.8239855647e-01   5.9981422351e-01
   1.3557049805e-01   1.3495634656e-01  -7.3103758028e-01   7.8946382068e-01   7.6422321341e-01
   1.3680609751e-01   1.3618464954e-01  -7.0858570428e-01   6.5983982453e-01   9.2870993078e-01
   1.3809958917e-01   1.3742754548e-01  -6.5134475613e-01   4.9495826637e-01   1.0923282472e+00
   1.3933500592e-01   1.3877163285e-01  -5.6563634389e-01   3.2288204083e-01   1.2285013522e+00
   1.4036052098e-01   1.3989837900e-01  -4.7263441015e-01   1.7758175253e-01   1.3182537504e+00
   1.4123199862e-01   1.4082266295e-01  -3.7998112758e-01   5.7630357067e-02   1.3728982104e+00
   1.4201948431e-01   1.4164133429e-01  -2.8761949149e-01  -4.4794071545e-02   1.4024031409e+00
   1.4275681091e-01   1.4239763433e-01  -1.9494460410e-01  -1.3424855679e-01   1.4112686091e+00
   1.4346454297e-01   1.4311598748e-01  -1.0241536297e-01  -2.1265872440e-01   1.4014496617e+00
   1.4415752489e-01   1.4381309845e-01  -9.8934067104e-03  -2.8184775968e-01   1.3737711828e+00
   1.4484808461e-01   1.4450195133e-01   8.2464344968e-02  -3.4299291916e-01   1.3281804510e+00
   1.4554812442e-01   1.4519421789e-01   1.7489529157e-01  -3.9731391036e-01   1.2635322336e+00
   1.4627100019e-01   1.4590203095e-01   2.6734287748e-01  -4.4574396973e-01   1.1776821180e+00
   1.4703413129e-01   1.4663996943e-01   3.5992170440e-01  -4.8940375499e-01   1.0666955986e+00
   1.4785392433e-01   1.4742829316e-01   4.5137861157e-01  -5.2920118951e-01   9.2614007829e-01
   1.4867486347e-01   1.4827955550e-01   5.3336648238e-01  -5.6394284534e-01   7.6501613888e-01
   1.4943396696e-01   1.4907017145e-01   5.9876050969e-01  -5.9327151130e-01   6.0089105714e-01
   1.5014087174e-01   1.4979776247e-01   6.5012802706e-01  -6.2008022333e-01   4.3638453408e-01
   1.5081360187e-01   1.5048398100e-01   6.8967286883e-01  -6.4640846361e-01   2.7275406325e-01
   1.5146448387e-01   1.5114322273e-01   7.1951681465e-01  -6.7424763042e-01   1.0763829119e-01
   1.5210293908e-01   1.5178574502e-01   7.4022037756e-01  -7.0440624749e-01  -5.6173797724e-02
   1.5273702395e-01   1.5242013315e-01   7.5281683823e-01  -7.3823734587e-01  -2.2013100614e-01
   1.5337426226e-01   1.5305391475e-01   7.5773928996e-01  -7.7688829075e-01  -3.8440062496e-01
   1.5402258667e-01   1.5369460978e-01   7.5517947216e-01  -8.2158022011e-01  -5.4901824895e-01
   1.5469118245e-01   1.5435056356e-01   7.4522071547e-01  -8.7334114257e-01  -7.1286561480e-01
   1.5539194932e-01   1.5503180134e-01   7.2758029834e-01  -9.3429663636e-01  -8.7728366507e-01
   1.5614205693e-01   1.5575209731e-01   7.0176065507e-01  -1.0064874867e+00  -1.0412992351e+00
   1.5697010696e-01   1.5653201655e-01   6.6623193785e-01  -1.0943888456e+00  -1.2063398180e+00
   1.5793312275e-01   1.5740819736e-01   6.1853050290e-01  -1.2042581547e+00  -1.3709843260e+00
   1.5918178801e-01   1.5845804813e-01   5.5052568772e-01  -1.3546854512e+00  -1.5363714830e+00
   1.6076068901e-01   1.5990552789e-01   4.6364647917e-01  -1.5419700080e+00  -1.6601444676e+00
   1.6262315755e-01   1.6161585012e-01   3.7093611658e-01  -1.7296795521e+00  -1.6780772655e+00
   1.6450330321e-01   1.6363046497e-01   2.9536329772e-01  -1.8473744708e+00  -1.5659738673e+00
   1.6597909751e-01   1.6537614145e-01   2.4926609410e-01  -1.8667528771e+00  -1.3978155341e+00
   1.6709433036e-01   1.6658205356e-01   2.2045197036e-01  -1.8284032114e+00  -1.2328282037e+00
   1.6807545549e-01   1.6760660716e-01   1.9715309713e-01  -1.7545225873e+00  -1.0681197184e+00
   1.6899235000e-01   1.6854430383e-01   1.7536027125e-01  -1.6515425941e+00  -9.0408764436e-01
   1.6988232573e-01   1.6944039618e-01   1.5233330840e-01  -1.5202894526e+00  -7.3948546153e-01
   1.7077269877e-01   1.7032425528e-01   1.2596028196e-01  -1.3606804698e+00  -5.7538057808e-01
   1.7168816102e-01   1.7122114225e-01   9.3685002880e-02  -1.1694549727e+00  -4.1152666514e-01
   1.7260198242e-01   1.7215517979e-01   5.4823214118e-02  -9.5475188249e-01  -2.5726176075e-01
   1.7346595864e-01   1.7304878505e-01   1.0992488075e-02  -7.3425880300e-01  -1.2416645307e-01
   1.7428235343e-01   1.7388313223e-01  -3.7551756392e-02  -5.1351326585e-01  -1.2388522465e-02
   1.7507107032e-01   1.7468157463e-01  -9.1182399761e-02  -2.9316641578e-01   8.0226551289e-02
   1.7584689128e-01   1.7546056601e-01  -1.5051633259e-01  -7.2683216173e-02   1.5526083877e-01
   1.7662237768e-01   1.7623321654e-01  -2.1620012295e-01   1.4818000834e-01   2.1322335955e-01
   1.7740973523e-01   1.7701153882e-01  -2.8857077843e-01   3.6840723514e-01   2.5373811688e-01
   1.7822247186e-01   1.7780793164e-01  -3.6877132098e-01   5.8901113357e-01   2.7619230025e-01
   1.7906816876e-01   1.7863701208e-01  -4.5659029067e-01   8.0687673231e-01   2.7895734137e-01
   1.7992327725e-01   1.7949932545e-01  -5.4896380942e-01   1.0133047517e+00   2.6134298077e-01
   1.8077030602e-01   1.8034722905e-01  -6.4126613903e-01   1.1991517827e+00   2.2524741761e-01
   1.8162588335e-01   1.8119338300e-01  -7.3366883264e-01   1.3669609988e+00   1.7202092027e-01
   1.8251398465e-01   1.8205838369e-01  -8.2622554170e-01   1.5182640112e+00   1.0173601837e-01
   1.8347104360e-01   1.8296958560e-01  -9.1882958508e-01   1.6537794000e+00   1.2974674710e-02
   1.8457195712e-01   1.8397250160e-01  -1.0119876152e+00   1.7744132755e+00  -9.9832883072e-02
   1.8594850250e-01   1.8517141264e-01  -1.1004104395e+00   1.8738616985e+00  -2.4444037547e-01
   1.8768393056e-01   1.8672559236e-01  -1.1558345004e+00   1.9281598654e+00  -4.0962937831e-01
   1.8966927935e-01   1.8864226875e-01  -1.1283046342e+00   1.9134255458e+00  -5.4068668319e-01
   1.9124861737e-01   1.9069628995e-01  -1.0342121909e+00   1.8608036642e+00  -5.8221132923e-01
   1.9222282447e-01   1.9180094480e-01  -9.4061274820e-01   1.8143331362e+00  -5.7110824203e-01
   1.9300273908e-01   1.9264470414e-01  -8.4794795047e-01   1.7718536107e+00  -5.4133470841e-01
   1.9367968475e-01   1.9336077403e-01  -7.5535987335e-01   1.7317813635e+00  -5.0037131823e-01
   1.9429093135e-01   1.9399859547e-01  -6.6282225967e-01   1.6933806086e+00  -4.5151901990e-01
   1.9485647083e-01   1.9458326723e-01  -5.7044048442e-01   1.6561601534e+00  -3.9671342675e-01
   1.9538857581e-01   1.9512967443e-01  -4.7798444387e-01   1.6196050367e+00  -3.3699371378e-01
   1.9589546375e-01   1.9564747719e-01  -3.8528504197e-01   1.5832917665e+00  -2.7303123532e-01
   1.9638309767e-01   1.9614345030e-01  -2.9286351543e-01   1.5471026593e+00  -2.0577536559e-01
   1.9685606433e-01   1.9662274505e-01  -2.0098598544e-01   1.5108486168e+00  -1.3592106079e-01
   1.9731791824e-01   1.9708938361e-01  -1.0763686280e-01   1.4734371660e+00  -6.2227654353e-02
   1.9777166984e-01   1.9754645287e-01  -1.6194159926e-02   1.4359453515e+00   1.2337724827e-02
   1.9821995810e-01   1.9799688680e-01   7.7263939722e-02   1.3964647479e+00   9.0742920162e-02
   1.9866513201e-01   1.9844302941e-01   1.6911080349e-01   1.3562108415e+00   1.6977078100e-01
   1.9910946124e-01   1.9888723461e-01   2.6139306021e-01   1.3139898560e+00   2.5097113466e-01
   1.9955517122e-01   1.9933168786e-01   3.5443536008e-01   1.2692381156e+00   3.3452821091e-01
   2.0000454583e-01   1.9977865457e-01   4.4602886472e-01   1.2226337600e+00   4.1831192864e-01
   2.0046010543e-01   2.0023043710e-01   5.3939456127e-01   1.1720257117e+00   5.0516426513e-01
   2.0092464492e-01   2.0068977376e-01   6.3101837242e-01   1.1187454381e+00   5.9171501051e-01
   2.0140148335e-01   2.0115951608e-01   7.2391692492e-01   1.0603623964e+00   6.8070433409e-01
   2.0189478265e-01   2.0164345062e-01   8.1634619985e-01   9.9699253978e-01   7.7039187373e-01
   2.0240980657e-01   2.0214611467e-01   9.0849102273e-01   9.2742803533e-01   8.6084673960e-01
   2.0297916417e-01   2.0267349846e-01   1.0053133175e+00   8.4561065512e-01   9.5692016911e-01