# time = 0.8
# Grid points = 474
# Pressure (Pa) = 101325
#             1_pos             2_posf             3_uvel             4_vvel             5_wvel
  -3.3460929349e-01  -3.3516002302e-01   1.1869504391e+00   5.8519437302e-01   9.2570941080e-01
  -3.3348968273e-01  -3.3405856397e-01   1.2901618321e+00   4.9973936323e-01   1.0106965667e+00
  -3.3225242046e-01  -3.3292080150e-01   1.3897576795e+00   3.9933983749e-01   1.0931202800e+00
  -3.3072192663e-01  -3.3158403943e-01   1.4893863062e+00   2.6771469711e-01   1.1755538772e+00
  -3.2893063290e-01  -3.2985981383e-01   1.5712592515e+00   1.0547962646e-01   1.2423602596e+00
  -3.2709360735e-01  -3.2800145198e-01   1.6143112633e+00  -6.6950827999e-02   1.2751747508e+00
  -3.2527308228e-01  -3.2618576272e-01   1.6149819851e+00  -2.3934299421e-01   1.2706789487e+00
  -3.2341149190e-01  -3.2436040183e-01   1.5733379869e+00  -4.1181166320e-01   1.2288230131e+00
  -3.2156084315e-01  -3.2246258197e-01   1.4921886451e+00  -5.7378352527e-01   1.1527133579e+00
  -3.1995318756e-01  -3.2065910434e-01   1.3927940561e+00  -7.0191622480e-01   1.0622237774e+00
  -3.1864085617e-01  -3.1924727078e-01   1.2929670345e+00  -7.9535301646e-01   9.7322328101e-01
  -3.1748678758e-01  -3.1803444157e-01   1.1936694617e+00  -8.6696657131e-01   8.8624908967e-01
  -3.1643007627e-01  -3.1693913359e-01   1.0944972691e+00  -9.2302864409e-01   8.0084629150e-01
  -3.1543868659e-01  -3.1592101895e-01   9.9507789804e-01  -9.6674127269e-01   7.1669998316e-01
  -3.1449272374e-01  -3.1495635422e-01   8.9626405522e-01  -9.9959005406e-01   6.3456808393e-01
  -3.1357861749e-01  -3.1402909325e-01   7.9652957265e-01  -1.0231504737e+00   5.5326896570e-01
  -3.1268632422e-01  -3.1312814172e-01   6.9772998169e-01  -1.0377006901e+00   4.7441733747e-01
  -3.1180779357e-01  -3.1224450673e-01   5.9871707315e-01  -1.0439872413e+00   3.9719753686e-01
  -3.1093634788e-01  -3.1137108041e-01   4.9912191538e-01  -1.0421625923e+00   3.2150278645e-01
  -3.1006595411e-01  -3.1050161535e-01   3.9991137739e-01  -1.0323211689e+00   2.4825725447e-01
  -3.0919089718e-01  -3.0963029286e-01   3.0089788152e-01  -1.0145132617e+00   1.7751194855e-01
  -3.0830550370e-01  -3.0875150149e-01   2.0204016677e-01  -9.8864687865e-01   1.0947295294e-01
  -3.0740369284e-01  -3.0785950591e-01   1.0234511454e-01  -9.5408684378e-01   4.3800768221e-02
  -3.0647881602e-01  -3.0694787976e-01   3.7019092175e-03  -9.1114107564e-01  -1.7906855881e-02
  -3.0552304548e-01  -3.0600975227e-01  -9.5950922243e-02  -8.5836432737e-01  -7.6480237804e-02
  -3.0452684732e-01  -3.0503633869e-01  -1.9486330180e-01  -7.9590739378e-01  -1.3030349250e-01
  -3.0347808489e-01  -3.0401735596e-01  -2.9418381788e-01  -7.2212701467e-01  -1.7929889600e-01
  -3.0236035402e-01  -3.0293881382e-01  -3.9324779105e-01  -6.3615892526e-01  -2.2216895179e-01
  -3.0115018973e-01  -3.0178189422e-01  -4.9256879878e-01  -5.3568470222e-01  -2.5781996425e-01
  -2.9981143198e-01  -3.0051848524e-01  -5.9172563516e-01  -4.1835818487e-01  -2.8419623968e-01
  -2.9828197810e-01  -2.9910437872e-01  -6.9108228728e-01  -2.7933931861e-01  -2.9843273699e-01
  -2.9651779851e-01  -2.9745957747e-01  -7.8693574272e-01  -1.1746525953e-01  -2.9579729537e-01
  -2.9458263197e-01  -2.9557601955e-01  -8.6898748153e-01   5.4711998131e-02  -2.7343307344e-01
  -2.9248536061e-01  -2.9358924438e-01  -9.3154758878e-01   2.2758517998e-01  -2.3213042175e-01
  -2.9003753724e-01  -2.9138147684e-01  -9.7145405698e-01   4.0085465534e-01  -1.7209936109e-01
  -2.8660156557e-01  -2.8869359764e-01  -9.7153235126e-01   5.7709123552e-01  -9.0836165864e-02
  -2.8265383522e-01  -2.8450953350e-01  -9.0382255258e-01   6.8247823985e-01  -3.4113675577e-02
  -2.7955451358e-01  -2.8079813694e-01  -8.0273920255e-01   6.9578719763e-01  -3.4179420965e-02
  -2.7729772166e-01  -2.7831089023e-01  -7.0324090225e-01   6.7268988312e-01  -6.2493046710e-02
  -2.7540076492e-01  -2.7628455310e-01  -6.0408403669e-01   6.3704281507e-01  -1.0246687797e-01
  -2.7371698094e-01  -2.7451697673e-01  -5.0481104285e-01   5.9579426733e-01  -1.4782866825e-01
  -2.7217464644e-01  -2.7291698514e-01  -4.0578448786e-01   5.5207709048e-01  -1.9489999144e-01
  -2.7073080274e-01  -2.7143230774e-01  -3.0662310685e-01   5.0706622022e-01  -2.4167523968e-01
  -2.6935639443e-01  -2.7002929774e-01  -2.0752950761e-01   4.6138736984e-01  -2.8658560928e-01
  -2.6802956125e-01  -2.6868349113e-01  -1.0837297555e-01   4.1506316035e-01  -3.2862582486e-01
  -2.6673233273e-01  -2.6737563138e-01  -9.3690013493e-03   3.6798131901e-01  -3.6688807547e-01
  -2.6544847634e-01  -2.6608903409e-01   8.9867129155e-02   3.1950745068e-01  -4.0081932793e-01
  -2.6416176575e-01  -2.6480791859e-01   1.8907799967e-01   2.6907545015e-01  -4.2965694643e-01
  -2.6285414622e-01  -2.6351561291e-01   2.8814913971e-01   2.1577825688e-01  -4.5269504649e-01
  -2.6150310234e-01  -2.6219267953e-01   3.8732643042e-01   1.5808789424e-01  -4.6916169608e-01
  -2.6007672732e-01  -2.6081352514e-01   4.8658280553e-01   9.3871675106e-02  -4.7787838039e-01
  -2.5852266008e-01  -2.5933992950e-01   5.8587149766e-01   1.9557798674e-02  -4.7699996999e-01
  -2.5673383137e-01  -2.5770539065e-01   6.8560045196e-01  -7.2503588885e-02  -4.6288828173e-01
  -2.5445459833e-01  -2.5576227208e-01   7.8398124198e-01  -2.0065744826e-01  -4.2645203691e-01
  -2.5182135371e-01  -2.5314692457e-01   8.5171152099e-01  -3.6328759113e-01  -3.6463069041e-01
  -2.4925305735e-01  -2.5049578286e-01   8.6376765925e-01  -5.3520137414e-01  -2.9108618144e-01
  -2.4680095608e-01  -2.4801033185e-01   8.2259099865e-01  -7.0741739986e-01  -2.1651141865e-01
  -2.4451211046e-01  -2.4559158032e-01   7.3966346424e-01  -8.6920320839e-01  -1.4970502472e-01
  -2.4259031623e-01  -2.4343264059e-01   6.3986430958e-01  -1.0012505414e+00  -9.9288553408e-02
  -2.4101855657e-01  -2.4174799186e-01   5.4043155787e-01  -1.1031172033e+00  -6.3771150887e-02
  -2.3962320366e-01  -2.4028912129e-01   4.4104914057e-01  -1.1868936709e+00  -3.7189281882e-02
  -2.3832931339e-01  -2.3895728603e-01   3.4160736915e-01  -1.2572912023e+00  -1.6991136121e-02
  -2.3709507090e-01  -2.3770134075e-01   2.4263493042e-01  -1.3162565067e+00  -1.8266548820e-03
  -2.3589238867e-01  -2.3648880105e-01   1.4343907061e-01  -1.3653209206e+00   9.3408269934e-03
  -2.3469917604e-01  -2.3529597630e-01   4.4198749784e-02  -1.4046899441e+00   1.7117845523e-02
  -2.3349494222e-01  -2.3410237578e-01  -5.5188346125e-02  -1.4341359731e+00   2.2012866522e-02
  -2.3225773410e-01  -2.3288750866e-01  -1.5419540860e-01  -1.4527144253e+00   2.4461357342e-02
  -2.3096008230e-01  -2.3162795953e-01  -2.5349125578e-01  -1.4589131889e+00   2.4940321169e-02
  -2.2956183106e-01  -2.3029220508e-01  -3.5283260031e-01  -1.4496167834e+00   2.4002516652e-02
  -2.2799320715e-01  -2.2883145704e-01  -4.5224970525e-01  -1.4189728864e+00   2.2541208453e-02
  -2.2609483932e-01  -2.2715495725e-01  -5.5222644569e-01  -1.3530336499e+00   2.2511022355e-02
  -2.2370671010e-01  -2.2503472140e-01  -6.4211187871e-01  -1.2268533759e+00   2.9249771962e-02
  -2.2129942937e-01  -2.2237869881e-01  -6.9089964341e-01  -1.0564262982e+00   4.7461473068e-02
  -2.1928242608e-01  -2.2022015993e-01  -6.9768430431e-01  -8.8363999689e-01   7.4191951218e-02
  -2.1748498650e-01  -2.1834469224e-01  -6.7885832031e-01  -7.1089419984e-01   1.0745651075e-01
  -2.1580951511e-01  -2.1662528076e-01  -6.4215237446e-01  -5.3867093252e-01   1.4587717706e-01
  -2.1419932324e-01  -2.1499374946e-01  -5.9127673980e-01  -3.6588972724e-01   1.8864616078e-01
  -2.1261319988e-01  -2.1340489702e-01  -5.2878939593e-01  -1.9384853702e-01   2.3441730086e-01
  -2.1101382819e-01  -2.1182150273e-01  -4.5509732232e-01  -2.0920988499e-02   2.8248342346e-01
  -2.0935938788e-01  -2.1020615365e-01  -3.7082817179e-01   1.5136840883e-01   3.3096439658e-01
  -2.0763069157e-01  -2.0851262211e-01  -2.7644247412e-01   3.2043654642e-01   3.7702839073e-01
  -2.0588296921e-01  -2.0674876103e-01  -1.7747499799e-01   4.7469736550e-01   4.1476416612e-01
  -2.0414789613e-01  -2.0501717739e-01  -7.8500951135e-02   6.0621764339e-01   4.3929468713e-01
  -2.0238496109e-01  -2.0327861488e-01   2.0766865684e-02   7.1389575270e-01   4.4716527905e-01
  -2.0054973134e-01  -2.0149130731e-01   1.1970506223e-01   7.9354024839e-01   4.3347432763e-01
  -1.9858536719e-01  -1.9960815537e-01   2.1884410093e-01   8.3931320687e-01   3.9108348227e-01
  -1.9640003534e-01  -1.9756257900e-01   3.1803973492e-01   8.3981941042e-01   3.0854232330e-01
  -1.9409395902e-01  -1.9523749167e-01   4.0771341657e-01   7.8434328674e-01   1.8296716476e-01
  -1.9198964687e-01  -1.9295042636e-01   4.7381832223e-01   6.8748776560e-01   3.8799654152e-02
  -1.9015121262e-01  -1.9102886738e-01   5.1770262681e-01   5.7078641347e-01  -1.0536414200e-01
  -1.8842678793e-01  -1.8927355787e-01   5.4573160045e-01   4.4037339975e-01  -2.4906499817e-01
  -1.8672337661e-01  -1.8758001800e-01   5.5999822083e-01   2.9743467487e-01  -3.9284718629e-01
  -1.8495054280e-01  -1.8586673523e-01   5.5952064465e-01   1.4070060808e-01  -5.3697334233e-01
  -1.8304398237e-01  -1.8403435036e-01   5.4038352683e-01  -2.7798309554e-02  -6.7623764187e-01
  -1.8096119724e-01  -1.8205361437e-01   4.9614815249e-01  -2.0080664353e-01  -7.9857321117e-01
  -1.7869154305e-01  -1.7986878011e-01   4.1922931447e-01  -3.6330450578e-01  -8.8393837899e-01
  -1.7657653623e-01  -1.7751430598e-01   3.2114377789e-01  -4.8064650656e-01  -9.1028218836e-01
  -1.7484302619e-01  -1.7563876648e-01   2.2156612197e-01  -5.4623756697e-01  -8.8804902452e-01
  -1.7333651464e-01  -1.7404728590e-01   1.2247289365e-01  -5.7854674203e-01  -8.3588043287e-01
  -1.7197085887e-01  -1.7262574338e-01   2.3064490607e-02  -5.8764754862e-01  -7.6237687835e-01
  -1.7069886569e-01  -1.7131597436e-01  -7.5908107555e-02  -5.7898725582e-01  -6.7316610796e-01
  -1.6949023676e-01  -1.7008175701e-01  -1.7526173562e-01  -5.5598085480e-01  -5.7072624631e-01
  -1.6832332189e-01  -1.6889871651e-01  -2.7426836015e-01  -5.2108286788e-01  -4.5793035605e-01
  -1.6718079247e-01  -1.6774792727e-01  -3.7374888778e-01  -4.7555547929e-01  -3.3530626326e-01
  -1.6604733986e-01  -1.6661365767e-01  -4.7280842718e-01  -4.2084445232e-01  -2.0496609634e-01
  -1.6490858899e-01  -1.6548102204e-01  -5.7182611924e-01  -3.5744506693e-01  -6.7139406955e-02
  -1.6376746103e-01  -1.6433615593e-01  -6.6915547664e-01  -2.8686098703e-01   7.5360446333e-02
  -1.6263184034e-01  -1.6319876613e-01  -7.6285694227e-01  -2.1092088273e-01   2.1917941358e-01
  -1.6148912539e-01  -1.6206491456e-01  -8.5238823574e-01  -1.3030768407e-01   3.6310417327e-01
  -1.6031661055e-01  -1.6091333622e-01  -9.3743725898e-01  -4.5096051137e-02   5.0659892253e-01
  -1.5908576809e-01  -1.5971988487e-01  -1.0182435997e+00   4.6083794747e-02   6.5072639555e-01
  -1.5775432710e-01  -1.5845165131e-01  -1.0932068895e+00   1.4403600735e-01   7.9436571057e-01
  -1.5624490912e-01  -1.5705700289e-01  -1.1607459690e+00   2.5286615379e-01   9.3878134120e-01
  -1.5435930078e-01  -1.5543281536e-01  -1.2146553157e+00   3.8158596030e-01   1.0842349888e+00
  -1.5179765178e-01  -1.5328578620e-01  -1.2280013445e+00   5.3919567193e-01   1.2108487931e+00
  -1.4904890789e-01  -1.5030951736e-01  -1.1649349548e+00   6.8396895337e-01   1.2546030822e+00
  -1.4697690130e-01  -1.4778829842e-01  -1.0631055357e+00   7.7566201805e-01   1.2244301497e+00
  -1.4551031633e-01  -1.4616550417e-01  -9.6320251200e-01   8.3171766940e-01   1.1721415318e+00
  -1.4428392450e-01  -1.4485512849e-01  -8.6378856815e-01   8.7353573771e-01   1.1117144005e+00
  -1.4319470859e-01  -1.4371272051e-01  -7.6447865905e-01   9.0718608437e-01   1.0471769323e+00
  -1.4219522798e-01  -1.4267669667e-01  -6.6522711309e-01   9.3538340880e-01   9.8049149981e-01
  -1.4125853907e-01  -1.4171375929e-01  -5.6608458687e-01   9.5962003538e-01   9.1284110028e-01
  -1.4036738076e-01  -1.4080331885e-01  -4.6706333536e-01   9.8081597590e-01   8.4497851099e-01
  -1.3950980560e-01  -1.3993144267e-01  -3.6756790004e-01   9.9967716209e-01   7.7702676788e-01
  -1.3867689430e-01  -1.3908816853e-01  -2.6829298365e-01   1.0164604757e+00   7.0987066534e-01
  -1.3786155028e-01  -1.3826562008e-01  -1.6895115725e-01   1.0314923038e+00   6.4364843309e-01
  -1.3705791076e-01  -1.3745748048e-01  -6.9891474759e-02   1.0449052803e+00   5.7887476520e-01
  -1.3626087903e-01  -1.3665834103e-01   2.9027456278e-02   1.0568394143e+00   5.1570393121e-01
  -1.3546582921e-01  -1.3586341703e-01   1.2791811653e-01   1.0673637538e+00   4.5430321282e-01
  -1.3466828373e-01  -1.3506824138e-01   2.2786148772e-01   1.0765634468e+00   3.9429084063e-01
  -1.3386373343e-01  -1.3426832607e-01   3.2682345567e-01   1.0842001939e+00   3.3715104061e-01
  -1.3304746206e-01  -1.3345914080e-01   4.2588196814e-01   1.0902839301e+00   2.8249704918e-01
  -1.3221424855e-01  -1.3263578332e-01   5.2503282066e-01   1.0946499685e+00   2.3064932161e-01
  -1.3135808202e-01  -1.3179271378e-01   6.2411775254e-01   1.0970607824e+00   1.8204719797e-01
  -1.3047172262e-01  -1.3092345026e-01   7.2327184902e-01   1.0971957700e+00   1.3704816831e-01
  -1.2954598122e-01  -1.3001999499e-01   8.2268023627e-01   1.0945872842e+00   9.6111097967e-02
  -1.2856880825e-01  -1.2907196745e-01   9.2180037246e-01   1.0886032474e+00   6.0126628693e-02
  -1.2752340447e-01  -1.2806564906e-01   1.0210673910e+00   1.0782831666e+00   2.9809644374e-02
  -1.2638459798e-01  -1.2698115988e-01   1.1203378172e+00   1.0621752170e+00   6.4765496562e-03
  -1.2511119509e-01  -1.2578803608e-01   1.2196517119e+00   1.0378420572e+00  -7.9443692405e-03
  -1.2362532015e-01  -1.2443435410e-01   1.3191105910e+00   1.0006493219e+00  -1.0083948420e-02
  -1.2173222461e-01  -1.2281628619e-01   1.4194370852e+00   9.3889118031e-01   7.7442902947e-03
  -1.1902376429e-01  -1.2064816303e-01   1.5109099262e+00   8.2247495907e-01   6.4684644567e-02
  -1.1598672200e-01  -1.1739936555e-01   1.5481451457e+00   6.5702493511e-01   1.5374023947e-01
  -1.1334244958e-01  -1.1457407846e-01   1.5268121908e+00   4.8484494629e-01   2.3781297859e-01
  -1.1098404983e-01  -1.1211082071e-01   1.4700996445e+00   3.1252439934e-01   3.0610317616e-01
  -1.0879515399e-01  -1.0985727895e-01   1.3895681321e+00   1.4064214576e-01   3.5619346903e-01
  -1.0678556275e-01  -1.0773302904e-01   1.2943261695e+00  -2.5224839066e-02   3.8695519288e-01
  -1.0501192264e-01  -1.0583809646e-01   1.1951116254e+00  -1.7551375890e-01   3.9979384121e-01
  -1.0343785588e-01  -1.0418574883e-01   1.0959391859e+00  -3.1070638577e-01   3.9911615999e-01
  -1.0199741224e-01  -1.0268996293e-01   9.9672275815e-01  -4.3466378633e-01   3.8831270451e-01
  -1.0065333615e-01  -1.0130486156e-01   8.9770446414e-01  -5.4912057440e-01   3.6956995632e-01
  -9.9381599306e-02  -1.0000181073e-01   7.9851009117e-01  -6.5568798147e-01   3.4428463386e-01
  -9.8165160679e-02  -9.8761387878e-02   6.9946934598e-01  -7.5470019748e-01   3.1357431254e-01
  -9.6990921966e-02  -9.7568933480e-02   6.0025025696e-01  -8.4687356709e-01   2.7808291838e-01
  -9.5848174323e-02  -9.6412910452e-02   5.0114759934e-01  -9.3208084112e-01   2.3843475859e-01
  -9.4727556004e-02  -9.5283438194e-02   4.0226547463e-01  -1.0102438603e+00   1.9504299755e-01
  -9.3620477435e-02  -9.4171673814e-02   3.0269808144e-01  -1.0817912907e+00   1.4766161317e-01
  -9.2518492612e-02  -9.3069281057e-02   2.0385794995e-01  -1.1452964729e+00   9.7001926190e-02
  -9.1412763431e-02  -9.1967704166e-02   1.0464839947e-01  -1.2008762782e+00   4.2411624600e-02
  -9.0293467457e-02  -9.0857822696e-02   5.3684212968e-03  -1.2473376411e+00  -1.6279305254e-02
  -8.9148948690e-02  -8.9729112219e-02  -9.3685616215e-02  -1.2832197271e+00  -7.9405768095e-02
  -8.7964372658e-02  -8.8568785161e-02  -1.9282365918e-01  -1.3067020375e+00  -1.4799446969e-01
  -8.6719252105e-02  -8.7359960155e-02  -2.9207733714e-01  -1.3147917618e+00  -2.2342885492e-01
  -8.5382736969e-02  -8.6078544054e-02  -3.9132445793e-01  -1.3027751351e+00  -3.0782308207e-01
  -8.3902587562e-02  -8.4686929883e-02  -4.9056562274e-01  -1.2625456503e+00  -4.0505917982e-01
  -8.2178886904e-02  -8.3118245241e-02  -5.9003692988e-01  -1.1773280745e+00  -5.2345130438e-01
  -8.0291728588e-02  -8.1239528567e-02  -6.7631436872e-01  -1.0364720827e+00  -6.5804791899e-01
  -7.8575773222e-02  -7.9343928609e-02  -7.3306911383e-01  -8.6539554685e-01  -7.8459158605e-01
  -7.7149059465e-02  -7.7807617834e-02  -7.6377618755e-01  -6.9223875562e-01  -8.9251053736e-01
  -7.5899218741e-02  -7.6490501097e-02  -7.7857611113e-01  -5.1951103357e-01  -9.8842864714e-01
  -7.4761515796e-02  -7.5307936386e-02  -7.8274419139e-01  -3.4705371193e-01  -1.0764267244e+00
  -7.3699846650e-02  -7.4215095206e-02  -7.7919440783e-01  -1.7399164134e-01  -1.1590975704e+00
  -7.2690906796e-02  -7.3184598094e-02  -7.6982771842e-01  -1.7387448978e-03  -1.2371105434e+00
  -7.1718005121e-02  -7.2197215499e-02  -7.5589930308e-01   1.7084192290e-01  -1.3118848515e+00
  -7.0768230063e-02  -7.1238794742e-02  -7.3829355763e-01   3.4398657859e-01  -1.3840939292e+00
  -6.9830485299e-02  -7.0297665383e-02  -7.1798638014e-01   5.1565721536e-01  -1.4533337794e+00
  -6.8894398300e-02  -6.9363305216e-02  -6.9519210163e-01   6.8907851091e-01  -1.5211819285e+00
  -6.7949329343e-02  -6.8425491385e-02  -6.7079903999e-01   8.6134052668e-01  -1.5866561451e+00
  -6.6983178568e-02  -6.7473167301e-02  -6.4512788257e-01   1.0337530161e+00  -1.6503436525e+00
  -6.5980602538e-02  -6.6493189835e-02  -6.1860453170e-01   1.2066984761e+00  -1.7123124918e+00
  -6.4920063415e-02  -6.5468015241e-02  -5.9195453736e-01   1.3790997551e+00  -1.7719451987e+00
  -6.3766832379e-02  -6.4372111589e-02  -5.6573132646e-01   1.5522066435e+00  -1.8291240590e+00
  -6.2453420273e-02  -6.3161553169e-02  -5.4120439271e-01   1.7258410648e+00  -1.8824916344e+00
  -6.0793414246e-02  -6.1745287376e-02  -5.2121731644e-01   1.9008995815e+00  -1.9285429976e+00
  -5.7690633451e-02  -5.9841541116e-02  -5.2786117427e-01   2.0601782448e+00  -1.9332665317e+00
  -5.4322003416e-02  -5.5539725785e-02  -5.9548108978e-01   1.9967926583e+00  -1.8210447182e+00
  -5.2357527097e-02  -5.3104281047e-02  -6.6738525563e-01   1.8225661216e+00  -1.6841422740e+00
  -5.1024607748e-02  -5.1610773147e-02  -7.2771192894e-01   1.6483079619e+00  -1.5603571154e+00
  -4.9934591504e-02  -5.0438442349e-02  -7.8244396636e-01   1.4750773003e+00  -1.4413905872e+00
  -4.8978225568e-02  -4.9430740658e-02  -8.3369250492e-01   1.3015917983e+00  -1.3240304331e+00
  -4.8108056358e-02  -4.8525710479e-02  -8.8174721013e-01   1.1294914592e+00  -1.2083581151e+00
  -4.7297951125e-02  -4.7690402237e-02  -9.2742341991e-01   9.5740945449e-01  -1.0928872866e+00
  -4.6531975544e-02  -4.6905500013e-02  -9.7139263273e-01   7.8349998919e-01  -9.7601748711e-01
  -4.5798983968e-02  -4.6158451074e-02  -1.0127023672e+00   6.1212179802e-01  -8.6042097416e-01
  -4.5090728208e-02  -4.5439516862e-02  -1.0523560353e+00   4.3955422444e-01  -7.4339258763e-01
  -4.4401072886e-02  -4.4741939554e-02  -1.0902775089e+00   2.6606526210e-01  -6.2492430515e-01
  -4.3724875894e-02  -4.4060206217e-02  -1.1260005179e+00   9.3802093682e-02  -5.0632533630e-01
  -4.3057728318e-02  -4.3389545570e-02  -1.1597942007e+00  -7.8569437662e-02  -3.8653567614e-01
  -4.2395747410e-02  -4.2725911066e-02  -1.1916203267e+00  -2.5120881419e-01  -2.6528154482e-01
  -4.1735274622e-02  -4.2065583754e-02  -1.2213871111e+00  -4.2419592085e-01  -1.4232568558e-01
  -4.1072702355e-02  -4.1404965490e-02  -1.2488196989e+00  -5.9663127958e-01  -1.8119391913e-02
  -4.0404317226e-02  -4.0740439219e-02  -1.2738476907e+00  -7.6900346699e-01   1.0789763117e-01
  -3.9726107737e-02  -4.0068195234e-02  -1.2962548156e+00  -9.4125358418e-01   2.3593941528e-01
  -3.9033432516e-02  -3.9384020241e-02  -1.3159100372e+00  -1.1148313584e+00   3.6744021341e-01
  -3.8320788579e-02  -3.8682844791e-02  -1.3321627083e+00  -1.2873346909e+00   5.0099795776e-01
  -3.7581508601e-02  -3.7958732366e-02  -1.3445850224e+00  -1.4584195482e+00   6.3679033232e-01
  -3.6807808227e-02  -3.7204284836e-02  -1.3527336262e+00  -1.6325143740e+00   7.7912913586e-01
  -3.6001572127e-02  -3.6411331618e-02  -1.3553469429e+00  -1.8010720107e+00   9.2193538169e-01
  -3.5167093258e-02  -3.5591812637e-02  -1.3516594465e+00  -1.9634021495e+00   1.0654533940e+00
  -3.4297961641e-02  -3.4742373878e-02  -1.3406965454e+00  -2.1171285947e+00   1.2086907491e+00
  -3.3382614245e-02  -3.3853549403e-02  -1.3208286927e+00  -2.2623419338e+00   1.3534450212e+00
  -3.2404964768e-02  -3.2911679087e-02  -1.2905286392e+00  -2.3936035888e+00   1.4966732423e+00
  -3.1340533031e-02  -3.1898250450e-02  -1.2464941451e+00  -2.5094097553e+00   1.6405164644e+00
  -3.0147224943e-02  -3.0782815612e-02  -1.1837728651e+00  -2.6031281769e+00   1.7843949075e+00
  -2.8822456764e-02  -2.9511634274e-02  -1.0979739262e+00  -2.6615898646e+00   1.9215316381e+00
  -2.7530483668e-02  -2.8133279255e-02  -9.9913885653e-01  -2.6723275445e+00   2.0309871172e+00
  -2.6385342429e-02  -2.6927688081e-02  -8.9996766286e-01  -2.6434124814e+00   2.1066086711e+00
  -2.5341907808e-02  -2.5842996777e-02  -8.0063005123e-01  -2.5864696663e+00   2.1579857738e+00
  -2.4369220023e-02  -2.4840818839e-02  -7.0132036801e-01  -2.5083033960e+00   2.1905514909e+00
  -2.3447586198e-02  -2.3897621208e-02  -6.0231109248e-01  -2.4135295653e+00   2.2077869332e+00
  -2.2563433863e-02  -2.2997551189e-02  -5.0324796206e-01  -2.3047664617e+00   2.2120740563e+00
  -2.1706787444e-02  -2.2129316538e-02  -4.0389651982e-01  -2.1837522286e+00   2.2048887983e+00
  -2.0869744524e-02  -2.1284258351e-02  -3.0453257701e-01  -2.0523017309e+00   2.1872440926e+00
  -2.0045651357e-02  -2.0455230698e-02  -2.0527098768e-01  -1.9117637440e+00   2.1598857794e+00
  -1.9228631562e-02  -1.9636072016e-02  -1.0611707622e-01  -1.7630893307e+00   2.1232835306e+00
  -1.8413202719e-02  -1.8821191108e-02  -7.0148117145e-03  -1.6069175784e+00   2.0776357377e+00
  -1.7593933276e-02  -1.8005214330e-02   9.2106877956e-02  -1.4436723583e+00   2.0228821039e+00
  -1.6767936411e-02  -1.7182652222e-02   1.9094232794e-01  -1.2742750547e+00   1.9589673480e+00
  -1.5942533352e-02  -1.6353220600e-02   2.8785950193e-01  -1.1020017298e+00   1.8867675572e+00
  -1.5122285171e-02  -1.5531846104e-02   3.8169062448e-01  -9.2950684716e-01   1.8071137872e+00
  -1.4300322175e-02  -1.4712724239e-02   4.7265848607e-01  -7.5690663540e-01   1.7196950644e+00
  -1.3468507668e-02  -1.3887920112e-02   5.6099157184e-01  -5.8410901489e-01   1.6238096843e+00
  -1.2617912816e-02  -1.3049095224e-02   6.4671702338e-01  -4.1123340535e-01   1.5185194987e+00
  -1.1737945421e-02  -1.2186730408e-02   7.2959551706e-01  -2.3878830394e-01   1.4027311392e+00
  -1.0815119948e-02  -1.1289160434e-02   8.0974255377e-01  -6.6326686431e-02   1.2740500567e+00
  -9.8644483491e-03  -1.0341079461e-02   8.8430768682e-01   1.0020436276e-01   1.1346387780e+00
  -8.9307477040e-03  -9.3878172367e-03   9.4968204303e-01   2.5253391245e-01   9.9002460091e-01
  -8.0318990611e-03  -8.4736781714e-03   1.0035091268e+00   3.8423401291e-01   8.4702880840e-01
  -7.1605225019e-03  -7.5901199508e-03   1.0476941945e+00   4.9882159038e-01   7.0347753926e-01
  -6.3109234473e-03  -6.7309250529e-03   1.0827672594e+00   5.9685589755e-01   5.5967764167e-01
  -5.4782958693e-03  -5.8909218416e-03   1.1092229146e+00   6.7892086109e-01   4.1587994404e-01
  -4.6584539722e-03  -5.0656698969e-03   1.1275283633e+00   7.4563836774e-01   2.7221168826e-01
  -3.8476316177e-03  -4.2512380476e-03   1.1380975970e+00   7.9759949444e-01   1.2870271449e-01
  -3.0423153490e-03  -3.4440251878e-03   1.1412734546e+00   8.3531228400e-01  -1.4689632917e-02
  -2.2390944924e-03  -2.6406055102e-03   1.1373165098e+00   8.5916421941e-01  -1.5805579295e-01
  -1.4344909713e-03  -1.8375834746e-03   1.1262792460e+00   8.6937230668e-01  -3.0246937459e-01
  -6.2482297702e-04  -1.0313984680e-03   1.1084076684e+00   8.6589601552e-01  -4.4605553104e-01
   1.9393314087e-04  -2.1824748604e-04   1.0837638127e+00   8.4891796252e-01  -5.8953434502e-01
   1.0263814584e-03   6.0611376779e-04   1.0523006280e+00   8.1829574862e-01  -7.3310192203e-01
   1.8780100116e-03   1.4466491490e-03   1.0139443058e+00   7.7376001827e-01  -8.7660981586e-01
   2.7556592886e-03   2.3093708741e-03   9.6841358320e-01   7.1470457918e-01  -1.0202577789e+00
   3.6683461839e-03   3.2019477030e-03   9.1514250482e-01   6.3998923615e-01  -1.1644343792e+00
   4.6283437278e-03   4.1347446648e-03   8.5396974359e-01   5.4892138010e-01  -1.3079229395e+00
   5.6535328807e-03   5.1219427908e-03   7.8371223654e-01   4.3916108213e-01  -1.4513589096e+00
   6.7730111127e-03   6.1851229706e-03   7.0218426940e-01   3.0635407254e-01  -1.5955179691e+00
   8.0046379248e-03   7.3608992548e-03   6.0904223019e-01   1.4877575780e-01  -1.7362141927e+00
   9.2799123093e-03   8.6483765948e-03   5.1147050460e-01  -2.2003111188e-02  -1.8597604797e+00
   1.0536980090e-02   9.9114480238e-03   4.1559637104e-01  -1.9502316333e-01  -1.9583499579e+00
   1.1798012829e-02   1.1162512156e-02   3.2268399502e-01  -3.6738632366e-01  -2.0315816178e+00
   1.3096981407e-02   1.2433513501e-02   2.3191520183e-01  -5.4013604473e-01  -2.0793703807e+00
   1.4477653047e-02   1.3760449313e-02   1.4316975505e-01  -7.1318610997e-01  -2.0982186696e+00
   1.6012801411e-02   1.5194856781e-02   5.6392602211e-02  -8.8623237442e-01  -2.0801184047e+00
   1.7843115083e-02   1.6830746041e-02  -2.8409460028e-02  -1.0581697818e+00  -2.0057174249e+00
   1.9708494517e-02   1.8855484124e-02  -9.3004012270e-02  -1.1884660488e+00  -1.8762265451e+00
   2.1244139486e-02   2.0561504910e-02  -1.2866963047e-01  -1.2557932324e+00  -1.7314057331e+00
   2.2522902353e-02   2.1926774062e-02  -1.4640580507e-01  -1.2817686165e+00  -1.5873292102e+00
   2.3662372171e-02   2.3119030643e-02  -1.5351575134e-01  -1.2809591427e+00  -1.4429632732e+00
   2.4714402267e-02   2.4205713700e-02  -1.5324276080e-01  -1.2599379401e+00  -1.2995331436e+00
   2.5708000587e-02   2.5223090835e-02  -1.4745474439e-01  -1.2221775876e+00  -1.1558971911e+00
   2.6661526611e-02   2.6192910339e-02  -1.3728397955e-01  -1.1697844041e+00  -1.0123823435e+00
   2.7587973841e-02   2.7130142883e-02  -1.2339460355e-01  -1.1035596245e+00  -8.6811349592e-01
   2.8497346152e-02   2.8045804799e-02  -1.0651098503e-01  -1.0251284077e+00  -7.2487217044e-01
   2.9397891396e-02   2.8948887505e-02  -8.6893462667e-02  -9.3427548264e-01  -5.8134977377e-01
   3.0296815951e-02   2.9846895287e-02  -6.4727045881e-02  -8.3064737634e-01  -4.3707131480e-01
   3.1200883790e-02   3.0746736615e-02  -4.0566167152e-02  -7.1576192112e-01  -2.9418710195e-01
   3.2116905192e-02   3.1655030965e-02  -1.4064311746e-02  -5.8693069245e-01  -1.4980936283e-01
   3.3052025849e-02   3.2578779418e-02   1.4137024392e-02  -4.4627448183e-01  -6.9349275757e-03
   3.4014313166e-02   3.3525272281e-02   4.4544002637e-02  -2.9025290117e-01   1.3723523523e-01
   3.4995951935e-02   3.4503354051e-02   7.6251570565e-02  -1.2255143496e-01   2.7852255538e-01
   3.5963117618e-02   3.5488549819e-02   1.0788320119e-01   4.9946875386e-02   4.1156697303e-01
   3.6899628056e-02   3.6437685417e-02   1.3846924070e-01   2.2176334810e-01   5.3348913038e-01
   3.7815444167e-02   3.7361570694e-02   1.6851556938e-01   3.9540784970e-01   6.4730578267e-01
   3.8719243466e-02   3.8269317639e-02   1.9747083371e-01   5.6730989519e-01   7.5171712015e-01
   3.9618908613e-02   3.9169169293e-02   2.2577540403e-01   7.3965455387e-01   8.4898084582e-01
   4.0522059226e-02   4.0068647933e-02   2.5356298267e-01   9.1298419065e-01   9.3994565893e-01
   4.1436654832e-02   4.0975470518e-02   2.8042490754e-01   1.0844100687e+00   1.0236839169e+00
   4.2371851881e-02   4.1897839145e-02   3.0706613401e-01   1.2581956597e+00   1.1026802018e+00
   4.3338825966e-02   4.2845864616e-02   3.3289116797e-01   1.4303105975e+00   1.1753989348e+00
   4.4352271653e-02   4.3831787316e-02   3.5821299446e-01   1.6027271169e+00   1.2430296981e+00
   4.5433835621e-02   4.4872755990e-02   3.8304239431e-01   1.7757332067e+00   1.3058175870e+00
   4.6618403526e-02   4.5994915253e-02   4.0712774761e-01   1.9482168790e+00   1.3634499934e+00
   4.7973151530e-02   4.7241891800e-02   4.3045154940e-01   2.1219250084e+00   1.4164040767e+00
   4.9673990207e-02   4.8704411260e-02   4.5214282635e-01   2.2965735171e+00   1.4640289557e+00
   5.1967580558e-02   5.0643569154e-02   4.6629177383e-01   2.4478449920e+00   1.4990816916e+00
   5.4615603365e-02   5.3291591961e-02   4.5854067533e-01   2.4955343525e+00   1.5043210383e+00
   5.7297553257e-02   5.5939614768e-02   4.2048789235e-01   2.3978872464e+00   1.4755874372e+00
   5.9485432837e-02   5.8655491746e-02   3.6664790982e-01   2.2181663466e+00   1.4305282626e+00
   6.0986757104e-02   6.0315373929e-02   3.1723387068e-01   2.0443780988e+00   1.3884905300e+00
   6.2246855885e-02   6.1658140280e-02   2.6860602128e-01   1.8713476852e+00   1.3466911586e+00
   6.3373316399e-02   6.2835571491e-02   2.2004174198e-01   1.6981022258e+00   1.3043582691e+00
   6.4415162999e-02   6.3911061306e-02   1.7173207330e-01   1.5258233780e+00   1.2614602939e+00
   6.5400333237e-02   6.4919264691e-02   1.2337711152e-01   1.3535313224e+00   1.2175189247e+00
   6.6346756479e-02   6.5881401783e-02   7.4762589099e-02   1.1803463489e+00   1.1720867652e+00
   6.7267444725e-02   6.6812111174e-02   2.6549055828e-02   1.0083662796e+00   1.1255169950e+00
   6.8172613815e-02   6.7722778276e-02  -2.1865498168e-02   8.3506646567e-01   1.0769192672e+00
   6.9070860136e-02   6.8622449354e-02  -6.9548015322e-02   6.6329489325e-01   1.0268762674e+00
   6.9970098643e-02   6.9519270919e-02  -1.1709229799e-01   4.9027273676e-01   9.7433661681e-01
   7.0878116379e-02   7.0420926367e-02  -1.6379610394e-01   3.1771127659e-01   9.1951491657e-01
   7.1803189136e-02   7.1335306391e-02  -2.0943853234e-01   1.4535374652e-01   8.6199843869e-01
   7.2754742132e-02   7.2271071881e-02  -2.5365621735e-01  -2.6865711997e-02   8.0135113004e-01
   7.3744466210e-02   7.3238412383e-02  -2.9616141828e-01  -1.9994502966e-01   7.3662994740e-01
   7.4787806903e-02   7.4250520037e-02  -3.3593184540e-01  -3.7285504807e-01   6.6742542602e-01
   7.5906445419e-02   7.5325093770e-02  -3.7177256104e-01  -5.4513509641e-01   5.9287503205e-01
   7.7134285793e-02   7.6487797069e-02  -4.0212329784e-01  -7.1774571938e-01   5.1090771100e-01
   7.8531986836e-02   7.7780774518e-02  -4.2378283095e-01  -8.9093147418e-01   4.1841593026e-01
   8.0233543359e-02   7.9283199153e-02  -4.2969421375e-01  -1.0648679098e+00   3.0898351840e-01
   8.2411556503e-02   8.1183887566e-02  -4.0300563168e-01  -1.2258810338e+00   1.7734466610e-01
   8.4855026403e-02   8.3639225440e-02  -3.2903426012e-01  -1.3276566218e+00   4.4098552597e-02
   8.6996667250e-02   8.6070827366e-02  -2.2975691204e-01  -1.3522773219e+00  -5.7170651048e-02
   8.8722048741e-02   8.7922507133e-02  -1.3012910737e-01  -1.3319330801e+00  -1.2703047973e-01
   9.0261644344e-02   8.9521590349e-02  -3.0781845112e-02  -1.2881331824e+00  -1.8053509114e-01
   9.1718257091e-02   9.1001698340e-02   6.8756817397e-02  -1.2280198256e+00  -2.2395784541e-01
   9.3155599257e-02   9.2434815842e-02   1.6785834957e-01  -1.1548696378e+00  -2.6024654286e-01
   9.4631560907e-02   9.3876382672e-02   2.6727923988e-01  -1.0685397007e+00  -2.9179372081e-01
   9.6223602750e-02   9.5386739141e-02   3.6679821512e-01  -9.6697615119e-01  -3.2025892868e-01
   9.8093889567e-02   9.7060466359e-02   4.6701093622e-01  -8.4174122922e-01  -3.4805397093e-01
   1.0042222912e-01   9.9127312774e-02   5.5640872374e-01  -6.8555043793e-01  -3.7705864750e-01
   1.0313508277e-01   1.0171714547e-01   5.9960893758e-01  -5.1324476265e-01  -4.0706306568e-01
   1.0604007910e-01   1.0455302006e-01   5.6321213276e-01  -3.5069572055e-01  -4.3749784121e-01
   1.0848955763e-01   1.0752713814e-01   4.6833522891e-01  -2.3508742943e-01  -4.6180520474e-01
   1.1020361795e-01   1.0945197713e-01   3.6805615278e-01  -1.6751407886e-01  -4.7688943981e-01
   1.1160920223e-01   1.1095525876e-01   2.6849542298e-01  -1.2037688617e-01  -4.8704493139e-01
   1.1286201340e-01   1.1226314571e-01   1.6916038736e-01  -8.4556553326e-02  -4.9367929093e-01
   1.1402700430e-01   1.1346088109e-01   6.9740715182e-02  -5.6351599136e-02  -4.9722702608e-01
   1.1514091992e-01   1.1459312752e-01  -2.9479579320e-02  -3.3998211450e-02  -4.9776076893e-01
   1.1622898820e-01   1.1568871232e-01  -1.2854249749e-01  -1.6419643073e-02  -4.9519688744e-01
   1.1731157808e-01   1.1676926407e-01  -2.2788686469e-01  -2.9863424234e-03  -4.8925345859e-01
   1.1840811136e-01   1.1785389209e-01  -3.2697147005e-01   6.4764050961e-03  -4.7953723935e-01
   1.1954051234e-01   1.1896233063e-01  -4.2640328381e-01   1.1978103060e-02  -4.6531593142e-01
   1.2073780032e-01   1.2011869405e-01  -5.2561541645e-01   1.3100476319e-02  -4.4562114922e-01
   1.2204588790e-01   1.2135690660e-01  -6.2513349809e-01   8.9124606552e-03  -4.1857121007e-01
   1.2355567973e-01   1.2273486920e-01  -7.2477093279e-01  -2.7756873809e-03  -3.8066570461e-01
   1.2555311777e-01   1.2437649025e-01  -8.2625863034e-01  -2.9221890667e-02  -3.2076295384e-01
   1.2869429335e-01   1.2672974528e-01  -9.0241468656e-01  -9.3445553712e-02  -2.1283024154e-01
   1.3222800104e-01   1.3065884143e-01  -8.6777594901e-01  -1.8888580234e-01  -9.1916122491e-02
   1.3470581635e-01   1.3379716065e-01  -7.6579030277e-01  -2.6426463650e-01  -2.2200112128e-02
   1.3633631651e-01   1.3561447206e-01  -6.6574060723e-01  -3.1402847166e-01   1.0112054690e-02
   1.3768760500e-01   1.3705816096e-01  -5.6608058304e-01  -3.5347678927e-01   2.6512742906e-02
   1.3889152241e-01   1.3831704903e-01  -4.6691541252e-01  -3.8593243991e-01   3.2108543082e-02
   1.4000486870e-01   1.3946599579e-01  -3.6754897591e-01  -4.1299862025e-01   2.9188503171e-02
   1.4105914991e-01   1.4054374161e-01  -2.6847365397e-01  -4.3518711160e-01   1.8964420542e-02
   1.4207483839e-01   1.4157455821e-01  -1.6915028217e-01  -4.5291729059e-01   2.0938408645e-03
   1.4306675184e-01   1.4257511857e-01  -6.9898336546e-02  -4.6619236291e-01  -2.0970411768e-02
   1.4404684000e-01   1.4355838511e-01   2.9238254925e-02  -4.7493816077e-01  -4.9959723193e-02
   1.4502563718e-01   1.4453529490e-01   1.2834966727e-01  -4.7894622650e-01  -8.4790224093e-02
   1.4601338809e-01   1.4551597946e-01   2.2753914358e-01  -4.7783148555e-01  -1.2553562850e-01
   1.4702108912e-01   1.4651079671e-01   3.2680963286e-01  -4.7100249791e-01  -1.7237397542e-01
   1.4806165243e-01   1.4753138153e-01   4.2594635409e-01  -4.5764904198e-01  -2.2550348280e-01
   1.4915176914e-01   1.4859192333e-01   5.2521570588e-01  -4.3651169821e-01  -2.8557825345e-01
   1.5031522619e-01   1.4971161495e-01   6.2446641139e-01  -4.0574543743e-01  -3.5334033342e-01
   1.5159005456e-01   1.5091883743e-01   7.2380371934e-01  -3.6223243208e-01  -4.3025568304e-01
   1.5304771817e-01   1.5226127169e-01   8.2324487049e-01  -3.0020107455e-01  -5.1893903477e-01
   1.5487152472e-01   1.5383416465e-01   9.2380748936e-01  -2.0456422095e-01  -6.2676154748e-01
   1.5716819991e-01   1.5590888479e-01   1.0084660474e+00  -6.0129235821e-02  -7.4802881538e-01
   1.5956209876e-01   1.5842751502e-01   1.0454917535e+00   1.1226722715e-01  -8.4765827054e-01
   1.6178729417e-01   1.6069668250e-01   1.0311103241e+00   2.8489880689e-01  -9.0648202256e-01
   1.6398863129e-01   1.6287790584e-01   9.7294580712e-01   4.5747946939e-01  -9.2704481313e-01
   1.6606769009e-01   1.6509935675e-01   8.8277665944e-01   6.1285079034e-01  -9.1069367153e-01
   1.6783739313e-01   1.6703602343e-01   7.8293046819e-01   7.3254758695e-01  -8.6943541241e-01
   1.6935790885e-01   1.6863876284e-01   6.8361672500e-01   8.2153585678e-01  -8.1504225127e-01
   1.7075083577e-01   1.7007705485e-01   5.8427320879e-01   8.8916844701e-01  -7.5129244047e-01
   1.7207458598e-01   1.7142461669e-01   4.8488884313e-01   9.3903680009e-01  -6.7996666484e-01
   1.7336617852e-01   1.7272455528e-01   3.8579567509e-01   9.7258755671e-01  -6.0223017913e-01
   1.7465434839e-01   1.7400780176e-01   2.8674829564e-01   9.9033862418e-01  -5.1831652134e-01
   1.7596620394e-01   1.7530089503e-01   1.8745158292e-01   9.9164105732e-01  -4.2795314658e-01
   1.7733276721e-01   1.7663151286e-01   8.8023306070e-02   9.7468247634e-01  -3.3082698617e-01
   1.7879606440e-01   1.7803402156e-01  -1.1105125979e-02   9.3644286339e-01  -2.2651727548e-01
   1.8042483652e-01   1.7955810724e-01  -1.1045279361e-01   8.7091893958e-01  -1.1277315216e-01
   1.8236174664e-01   1.8129156580e-01  -2.1025112570e-01   7.6534919356e-01   1.4478209126e-02
   1.8462396783e-01   1.8343192747e-01  -2.9858754549e-01   6.1401841056e-01   1.4535914514e-01
   1.8694637582e-01   1.8581600819e-01  -3.5702499929e-01   4.4099086124e-01   2.5400760802e-01
   1.8926449591e-01   1.8807674346e-01  -3.8399594807e-01   2.6777835507e-01   3.3105638365e-01
   1.9190851819e-01   1.9045224836e-01  -3.8338947112e-01   9.3272878107e-02   3.7807080851e-01
   1.9624804075e-01   1.9336478802e-01  -3.4217509580e-01  -7.4644311660e-02   3.6523379406e-01
   2.0150824692e-01   1.9913129348e-01  -3.0224848042e-01  -4.8832614643e-02   2.6050292392e-01
   2.0536679978e-01   2.0388520036e-01  -3.2373860514e-01   1.2390348485e-01   1.6805437163e-01
   2.0818044191e-01   2.0684839920e-01  -3.7905585812e-01   2.9819008706e-01   1.2353734453e-01
   2.1090817432e-01   2.0951248462e-01  -4.6001242722e-01   4.6906116854e-01   1.1673515716e-01
   2.1364716446e-01   2.1230386402e-01  -5.5721380852e-01   6.1244264131e-01   1.5561779214e-01
   2.1642862087e-01   2.1499046489e-01  -6.5630036160e-01   7.0337734845e-01   2.4698190991e-01
   2.1911307592e-01   2.1786677685e-01  -7.3505854626e-01   7.2606221331e-01   3.8043368134e-01
   2.2143238710e-01   2.2035937500e-01  -7.7656271014e-01   6.9032396363e-01   5.2481311749e-01
   2.2351796381e-01   2.2250539919e-01  -7.8440833371e-01   6.1761958403e-01   6.6866455097e-01
   2.2555512293e-01   2.2453052844e-01  -7.6031570275e-01   5.1621227158e-01   8.1258406345e-01
   2.2768773013e-01   2.2657971741e-01  -6.9889398158e-01   3.8722204412e-01   9.5574385669e-01
   2.2972458802e-01   2.2879574285e-01  -6.0692659905e-01   2.5260306422e-01   1.0748902518e+00
   2.3141537650e-01   2.3065343319e-01  -5.0713362520e-01   1.3893131619e-01   1.1534203723e+00
   2.3285220023e-01   2.3217731981e-01  -4.0771509024e-01   4.5090459702e-02   1.2012324229e+00
   2.3415054463e-01   2.3352708065e-01  -3.0860972938e-01  -3.5038739196e-02   1.2270483689e+00
   2.3536619068e-01   2.3477400862e-01  -2.0916843318e-01  -1.0502132823e-01   1.2348055927e+00
   2.3653304358e-01   2.3595837274e-01  -1.0988358006e-01  -1.6636375768e-01   1.2262146800e+00
   2.3767557762e-01   2.3710771443e-01  -1.0606692473e-02  -2.2049234224e-01   1.2019973701e+00
   2.3881411812e-01   2.3824344082e-01   8.8493860208e-02  -2.6832807341e-01   1.1621075303e+00
   2.3996828864e-01   2.3938479541e-01   1.8767281000e-01  -3.1082515748e-01   1.1055431238e+00
   2.4116010930e-01   2.4055178187e-01   2.8686946620e-01  -3.4871368899e-01   1.0304278680e+00
   2.4241829978e-01   2.4176843673e-01   3.8620678246e-01  -3.8287039087e-01   9.3331921672e-01
   2.4376990999e-01   2.4306816283e-01   4.8434009084e-01  -4.1400555312e-01   8.1033880639e-01
   2.4512340983e-01   2.4447165716e-01   5.7231292438e-01  -4.4118546723e-01   6.6936176736e-01
   2.4637495990e-01   2.4577516250e-01   6.4248041261e-01  -4.6413060270e-01   5.2575876986e-01
   2.4754044884e-01   2.4697475729e-01   6.9759735122e-01  -4.8510425002e-01   3.8182196026e-01
   2.4864959331e-01   2.4810614038e-01   7.4002848674e-01  -5.0570194778e-01   2.3865160471e-01
   2.4972271632e-01   2.4919304624e-01   7.7205050078e-01  -5.2748162490e-01   9.4181614292e-02
   2.5077535100e-01   2.5025238640e-01   7.9426484697e-01  -5.5107580334e-01  -4.9147753681e-02
   2.5182078021e-01   2.5129831561e-01   8.0778024192e-01  -5.7754299617e-01  -1.9260414467e-01
   2.5287140857e-01   2.5234324481e-01   8.1306140315e-01  -6.0778081371e-01  -3.3633393222e-01
   2.5394031481e-01   2.5339957234e-01   8.1031407506e-01  -6.4274457870e-01  -4.8036826211e-01
   2.5504264289e-01   2.5448105728e-01   7.9962768386e-01  -6.8323852169e-01  -6.2372869788e-01
   2.5619801215e-01   2.5560422850e-01   7.8069887255e-01  -7.3092552798e-01  -7.6758851981e-01
   2.5743473051e-01   2.5679179579e-01   7.5299376696e-01  -7.8740214141e-01  -9.1109625248e-01
   2.5879995420e-01   2.5807766523e-01   7.1487084880e-01  -8.5616936113e-01  -1.0555009159e+00
   2.6038769882e-01   2.5952224318e-01   6.6368665641e-01  -9.4212249701e-01  -1.1995591381e+00
   2.6244639980e-01   2.6125315447e-01   5.9071703850e-01  -1.0598048793e+00  -1.3442673409e+00
   2.6504956746e-01   2.6363964514e-01   4.9749551318e-01  -1.2063212688e+00  -1.4525648860e+00
   2.6812025896e-01   2.6645948977e-01   3.9801769384e-01  -1.3531698749e+00  -1.4682562853e+00
   2.7122009510e-01   2.6978102814e-01   3.1692886287e-01  -1.4452443993e+00  -1.3701706727e+00
   2.7365326855e-01   2.7265916207e-01   2.6746728863e-01  -1.4604039147e+00  -1.2230387406e+00
   2.7549197668e-01   2.7464737503e-01   2.3655021914e-01  -1.4304016619e+00  -1.0786811038e+00
   2.7710957856e-01   2.7633657834e-01   2.1155084259e-01  -1.3726028333e+00  -9.3456734070e-01
   2.7862128203e-01   2.7788257878e-01   1.8816729366e-01  -1.2920389737e+00  -7.9104534097e-01
   2.8008860395e-01   2.7935998529e-01   1.6345934884e-01  -1.1893564350e+00  -6.4702446224e-01
   2.8155658091e-01   2.8081722260e-01   1.3516089138e-01  -1.0644905157e+00  -5.0343865689e-01
   2.8306592300e-01   2.8229593922e-01   1.0052909705e-01  -9.1489030884e-01  -3.6007240225e-01
   2.8457255978e-01   2.8383590678e-01   5.8829750299e-02  -7.4692307808e-01  -2.2509615101e-01
   2.8599701575e-01   2.8530921278e-01   1.1798555779e-02  -5.7442623688e-01  -1.0864251190e-01
   2.8734302321e-01   2.8668481873e-01  -4.0290389490e-02  -4.0173191296e-01  -1.0840797909e-02
   2.8864339752e-01   2.8800122769e-01  -9.7837173289e-02  -2.2934950368e-01   7.0194111671e-02
   2.8992251003e-01   2.8928556735e-01  -1.6150371764e-01  -5.6860432010e-02   1.3584646705e-01
   2.9120107096e-01   2.9055945272e-01  -2.3198379277e-01   1.1592593898e-01   1.8656163846e-01
   2.9249920410e-01   2.9184268921e-01  -3.0963900616e-01   2.8821475473e-01   2.2201063898e-01
   2.9383918028e-01   2.9315571900e-01  -3.9569583662e-01   4.6079825243e-01   2.4165727894e-01
   2.9523349875e-01   2.9452264155e-01  -4.8992737719e-01   6.3123952066e-01   2.4407661672e-01
   2.9664333429e-01   2.9594435594e-01  -5.8904602125e-01   7.9273291409e-01   2.2866469783e-01
   2.9803984865e-01   2.9734231265e-01  -6.8808826004e-01   9.3812533265e-01   1.9708237845e-01
   2.9945045718e-01   2.9873738466e-01  -7.8723817852e-01   1.0694063577e+00   1.5051109723e-01
   3.0091468869e-01   3.0016352970e-01  -8.8655335341e-01   1.1877742010e+00   8.9014317917e-02
   3.0249261214e-01   3.0166584768e-01  -9.8591932694e-01   1.2937910189e+00   1.1351313488e-02
   3.0430771168e-01   3.0331937661e-01  -1.0858797754e+00   1.3881656712e+00  -8.7351257647e-02
   3.0657725133e-01   3.0529604675e-01  -1.1807593676e+00   1.4659664096e+00  -2.1387759585e-01
   3.0943848848e-01   3.0785845592e-01  -1.2402309311e+00   1.5084449404e+00  -3.5841191207e-01
   3.1271177526e-01   3.1101852104e-01  -1.2106918314e+00   1.4969175434e+00  -4.7308200989e-01
   3.1531566345e-01   3.1440502948e-01  -1.1097299708e+00   1.4557497487e+00  -5.0941415047e-01
   3.1692185941e-01   3.1622629743e-01  -1.0092968556e+00   1.4193944019e+00  -4.9969899610e-01
   3.1820772123e-01   3.1761742140e-01  -9.0986654298e-01   1.3861613444e+00  -4.7364790049e-01
   3.1932381595e-01   3.1879802106e-01  -8.1051850579e-01   1.3548115753e+00  -4.3780609706e-01
   3.2033159123e-01   3.1984961084e-01  -7.1122458341e-01   1.3247694666e+00  -3.9506179280e-01
   3.2126400819e-01   3.2081357161e-01  -6.1209785145e-01   1.2956507445e+00  -3.4710857806e-01
   3.2214130099e-01   3.2171444478e-01  -5.1289140977e-01   1.2670525407e+00  -2.9485569178e-01
   3.2297701791e-01   3.2256815721e-01  -4.1342381845e-01   1.2386435463e+00  -2.3889054376e-01
   3.2378099034e-01   3.2338587861e-01  -3.1425437216e-01   1.2103316958e+00  -1.8004380358e-01
   3.2456078053e-01   3.2417610207e-01  -2.1566862325e-01   1.1819690536e+00  -1.1892353348e-01
   3.2532224890e-01   3.2494545899e-01  -1.1550381894e-01   1.1527009471e+00  -5.4444189174e-02
   3.2607035880e-01   3.2569903880e-01  -1.7384609849e-02   1.1233699827e+00   1.0798088641e-02
   3.2680946120e-01   3.2644167880e-01   8.2897164651e-02   1.0924831445e+00   7.9400066787e-02
   3.2754342889e-01   3.2717724360e-01   1.8145008073e-01   1.0609913457e+00   1.4854684397e-01
   3.2827600394e-01   3.2790961417e-01   2.8047019913e-01   1.0279606624e+00   2.1959446846e-01
   3.2901085546e-01   3.2864239370e-01   3.8030587578e-01   9.9295011778e-01   2.9270413475e-01
   3.2975174895e-01   3.2937931722e-01   4.7858699792e-01   9.5649024228e-01   3.6601209246e-01
   3.3050283975e-01   3.3012418069e-01   5.7876973254e-01   9.1689819171e-01   4.4200497621e-01
   3.3126873589e-01   3.3088149880e-01   6.7708342692e-01   8.7521561275e-01   5.1773396449e-01
   3.3205490955e-01   3.3165597297e-01   7.7676496914e-01   8.2954103059e-01   5.9559661217e-01
   3.3286822259e-01   3.3245384613e-01   8.7594300596e-01   7.7996516362e-01   6.7407015936e-01
   3.3371735349e-01   3.3328259905e-01   9.7481586361e-01   7.2554309823e-01   7.5321507318e-01
   3.3465606547e-01   3.3415210792e-01   1.0787077785e+00   6.6153534022e-01   8.3727601547e-01