# time = 2.4
# Grid points = 474
# Pressure (Pa) = 101325
#             1_pos             2_posf             3_uvel             4_vvel             5_wvel
  -1.5034964723e-01  -1.5059710596e-01   1.1338612560e+00   8.7192617937e-01   1.1846667585e+00
  -1.4984657369e-01  -1.5010218850e-01   1.2324543636e+00   7.4460237337e-01   1.2934290194e+00
  -1.4929063591e-01  -1.4959095887e-01   1.3275934575e+00   5.9501179476e-01   1.3989108209e+00
  -1.4860294070e-01  -1.4899031295e-01   1.4227634409e+00   3.9889627637e-01   1.5044054467e+00
  -1.4779806055e-01  -1.4821556845e-01   1.5009716355e+00   1.5717303059e-01   1.5899013999e+00
  -1.4697263176e-01  -1.4738055265e-01   1.5420954266e+00  -9.9741228214e-02   1.6318964706e+00
  -1.4615461711e-01  -1.4656471087e-01   1.5427338731e+00  -3.5659875599e-01   1.6261438916e+00
  -1.4531815064e-01  -1.4574452336e-01   1.5029505669e+00  -6.1357058576e-01   1.5725798791e+00
  -1.4448660056e-01  -1.4489177792e-01   1.4254293406e+00  -8.5490288358e-01   1.4751797990e+00
  -1.4376423433e-01  -1.4408142319e-01   1.3304795124e+00  -1.0458163032e+00   1.3593769189e+00
  -1.4317456583e-01  -1.4344704548e-01   1.2351170421e+00  -1.1850341956e+00   1.2454795168e+00
  -1.4265600938e-01  -1.4290208618e-01   1.1402606107e+00  -1.2917363263e+00   1.1341751666e+00
  -1.4218119839e-01  -1.4240993258e-01   1.0455241416e+00  -1.3752673663e+00   1.0248817312e+00
  -1.4173573829e-01  -1.4195246419e-01   9.5055169955e-01  -1.4403982293e+00   9.1719623282e-01
  -1.4131068978e-01  -1.4151901239e-01   8.5615782455e-01  -1.4893423899e+00   8.1208862317e-01
  -1.4089995536e-01  -1.4110236717e-01   7.6088459888e-01  -1.5244472720e+00   7.0804673104e-01
  -1.4049902216e-01  -1.4069754356e-01   6.6650454240e-01  -1.5461273071e+00   6.0713697299e-01
  -1.4010427289e-01  -1.4030050076e-01   5.7192079879e-01  -1.5554948169e+00   5.0831551634e-01
  -1.3971270710e-01  -1.3990804502e-01   4.7678093572e-01  -1.5527769724e+00   4.1144571711e-01
  -1.3932161397e-01  -1.3951736918e-01   3.8200856661e-01  -1.5381144575e+00   3.1771027623e-01
  -1.3892842554e-01  -1.3912585875e-01   2.8742450160e-01  -1.5115822057e+00   2.2717447370e-01
  -1.3853059261e-01  -1.3873099234e-01   1.9298932348e-01  -1.4730431543e+00   1.4010204763e-01
  -1.3812538287e-01  -1.3833019288e-01   9.7754342668e-02  -1.4215509263e+00   5.6058529200e-02
  -1.3770980893e-01  -1.3792057285e-01   3.5242267661e-03  -1.3575642937e+00  -2.2911368999e-02
  -1.3728035354e-01  -1.3749904500e-01  -9.1670270045e-02  -1.2789299164e+00  -9.7870237105e-02
  -1.3683273285e-01  -1.3706166208e-01  -1.8615736327e-01  -1.1858724600e+00  -1.6675015293e-01
  -1.3636149351e-01  -1.3660380363e-01  -2.8103425110e-01  -1.0759435459e+00  -2.2945164381e-01
  -1.3585926466e-01  -1.3611918340e-01  -3.7566598673e-01  -9.4785545241e-01  -2.8431424049e-01
  -1.3531550280e-01  -1.3559934592e-01  -4.7054316186e-01  -7.9815383217e-01  -3.2993828350e-01
  -1.3471396016e-01  -1.3503165967e-01  -5.6526340430e-01  -6.2334300404e-01  -3.6369299961e-01
  -1.3402673223e-01  -1.3439626065e-01  -6.6017439525e-01  -4.1621149687e-01  -3.8191185093e-01
  -1.3323403525e-01  -1.3365720381e-01  -7.5173878220e-01  -1.7502669933e-01  -3.7853886596e-01
  -1.3236450887e-01  -1.3281086668e-01  -8.3011884044e-01   8.1509521111e-02  -3.4991803236e-01
  -1.3142214410e-01  -1.3191815105e-01  -8.8987924800e-01   3.3908277724e-01  -2.9706082322e-01
  -1.3032226616e-01  -1.3092613715e-01  -9.2799941487e-01   5.9724667126e-01  -2.2023605122e-01
  -1.2877838457e-01  -1.2971839517e-01  -9.2807291139e-01   8.5983180909e-01  -1.1623977577e-01
  -1.2700455498e-01  -1.2783837397e-01  -8.6339067049e-01   1.0168548311e+00  -4.3650103147e-02
  -1.2561194000e-01  -1.2617073600e-01  -7.6682794643e-01   1.0366859027e+00  -4.3735546987e-02
  -1.2459789803e-01  -1.2505314401e-01  -6.7177949640e-01   1.0022731937e+00  -7.9971232143e-02
  -1.2374554042e-01  -1.2414265205e-01  -5.7705722411e-01   9.4916190459e-01  -1.3112908985e-01
  -1.2298896751e-01  -1.2334842879e-01  -4.8222402061e-01   8.8770466177e-01  -1.8918220389e-01
  -1.2229595195e-01  -1.2262950622e-01  -3.8762624479e-01   8.2256926487e-01  -2.4942309033e-01
  -1.2164719115e-01  -1.2196239767e-01  -2.9289969441e-01   7.5550631560e-01  -3.0928506670e-01
  -1.2102962969e-01  -1.2133198464e-01  -1.9823792853e-01   6.8744809105e-01  -3.6676044416e-01
  -1.2043344511e-01  -1.2072727474e-01  -1.0351609183e-01   6.1842829172e-01  -4.2056271470e-01
  -1.1985056276e-01  -1.2013961548e-01  -8.9400512333e-03   5.4827962796e-01  -4.6953009628e-01
  -1.1927368890e-01  -1.1956151005e-01   8.5857685575e-02   4.7605687762e-01  -5.1295484108e-01
  -1.1869553256e-01  -1.1898586775e-01   1.8063119692e-01   4.0091655877e-01  -5.4986095310e-01
  -1.1810798124e-01  -1.1840519738e-01   2.7527111004e-01   3.2150718151e-01  -5.7934506418e-01
  -1.1750091809e-01  -1.1781076509e-01   3.7001227826e-01   2.3555211942e-01  -6.0041928212e-01
  -1.1686000648e-01  -1.1719107108e-01   4.6482880099e-01   1.3987374557e-01  -6.1157538021e-01
  -1.1616171905e-01  -1.1652894188e-01   5.5967592916e-01   2.9150206210e-02  -6.1045201770e-01
  -1.1535794650e-01  -1.1579449623e-01   6.5494321036e-01  -1.0801649561e-01  -5.9239316061e-01
  -1.1433382108e-01  -1.1492139678e-01   7.4892183157e-01  -2.9895970339e-01  -5.4576404260e-01
  -1.1315062801e-01  -1.1374624539e-01   8.1361993207e-01  -5.4127173820e-01  -4.6664755729e-01
  -1.1199661806e-01  -1.1255501063e-01   8.2513355380e-01  -7.9741678355e-01  -3.7252752488e-01
  -1.1089481794e-01  -1.1143822550e-01   7.8579511905e-01  -1.0540128208e+00  -2.7708836652e-01
  -1.0986637330e-01  -1.1035141038e-01   7.0657330442e-01  -1.2950687159e+00  -1.9159039475e-01
  -1.0900285549e-01  -1.0938133623e-01   6.1123505274e-01  -1.4918155675e+00  -1.2706752799e-01
  -1.0829661836e-01  -1.0862437476e-01   5.1624742735e-01  -1.6435943170e+00  -8.1612045715e-02
  -1.0766964588e-01  -1.0796886196e-01   4.2130825103e-01  -1.7684193374e+00  -4.7591990981e-02
  -1.0708826350e-01  -1.0737042980e-01   3.2631264262e-01  -1.8733102334e+00  -2.1741635008e-02
  -1.0653368261e-01  -1.0680609721e-01   2.3176559960e-01  -1.9611675265e+00  -2.3332241303e-03
  -1.0599328265e-01  -1.0626126800e-01   1.3700531584e-01  -2.0342728620e+00   1.1959939771e-02
  -1.0545713765e-01  -1.0572529729e-01   4.2202736733e-02  -2.0929324283e+00   2.1914075308e-02
  -1.0491604051e-01  -1.0518897801e-01  -5.2739879703e-02  -2.1368071083e+00   2.8179895903e-02
  -1.0436012707e-01  -1.0464310302e-01  -1.4731927876e-01  -2.1644895072e+00   3.1314682880e-02
  -1.0377705453e-01  -1.0407715111e-01  -2.4217435255e-01  -2.1737266488e+00   3.1928884762e-02
  -1.0314877975e-01  -1.0347695795e-01  -3.3707265959e-01  -2.1598765893e+00   3.0729878644e-02
  -1.0244395159e-01  -1.0282060155e-01  -4.3204304209e-01  -2.1142196035e+00   2.8860795020e-02
  -1.0159095994e-01  -1.0206730163e-01  -5.2754757164e-01  -2.0159739621e+00   2.8823010285e-02
  -1.0051790432e-01  -1.0111461826e-01  -6.1341138691e-01  -1.8279714524e+00   3.7447366805e-02
  -9.9436243358e-02  -9.9921190379e-02  -6.6001512223e-01  -1.5740424982e+00   6.0753581350e-02
  -9.8529945360e-02  -9.8951296337e-02  -6.6649436492e-01  -1.3165979226e+00   9.4961248698e-02
  -9.7722303695e-02  -9.8108594383e-02  -6.4850845054e-01  -1.0592134169e+00   1.3753065076e-01
  -9.6969465871e-02  -9.7336013007e-02  -6.1344230643e-01  -8.0260726794e-01   1.8669840963e-01
  -9.6245960026e-02  -9.6602918735e-02  -5.6484024347e-01  -5.4516966256e-01   2.4143078909e-01
  -9.5533268859e-02  -9.5889001316e-02  -5.0514583879e-01  -2.8883452393e-01   3.0000506650e-01
  -9.4814624836e-02  -9.5177536402e-02  -4.3474783867e-01  -3.1178620709e-02   3.6151622593e-01
  -9.4071236885e-02  -9.4451713270e-02  -3.5424582042e-01   2.2552659043e-01   4.2355816865e-01
  -9.3294483564e-02  -9.3690760500e-02  -2.6407971420e-01   4.7743238907e-01   4.8250685692e-01
  -9.2509181285e-02  -9.2898206628e-02  -1.6953683167e-01   7.0727596675e-01   5.3079746383e-01
  -9.1729562696e-02  -9.2120155942e-02  -7.4987802874e-02   9.0323710358e-01   5.6218866186e-01
  -9.0937424921e-02  -9.1338969449e-02   1.9841758425e-02   1.0636744405e+00   5.7225930433e-01
  -9.0112803038e-02  -9.0535880393e-02   1.1435635140e-01   1.1823429084e+00   5.5473653984e-01
  -8.9230157327e-02  -8.9689725682e-02   2.0906273128e-01   1.2505442760e+00   5.0048502978e-01
  -8.8248224431e-02  -8.8770588971e-02   3.0382310209e-01   1.2513001776e+00   3.9485106796e-01
  -8.7212037547e-02  -8.7725859891e-02   3.8948719645e-01   1.1686447289e+00   2.3414440961e-01
  -8.6266509150e-02  -8.6698215204e-02   4.5263628351e-01   1.0243354140e+00   4.9644550166e-02
  -8.5440447393e-02  -8.5834803096e-02   4.9455828464e-01   8.5045631599e-01  -1.3485017345e-01
  -8.4665613434e-02  -8.5046091691e-02   5.2133386942e-01   6.5614718233e-01  -3.1875217548e-01
  -8.3900221391e-02  -8.4285135176e-02   5.3496243358e-01   4.4317506145e-01  -5.0275802470e-01
  -8.3103635808e-02  -8.3515307605e-02   5.3450603162e-01   2.0964824271e-01  -6.8720381267e-01
  -8.2246962985e-02  -8.2691964011e-02   5.1622438408e-01  -4.1407998888e-02  -8.6542730496e-01
  -8.1311107302e-02  -8.1801961960e-02   4.7396667419e-01  -2.9918349663e-01  -1.0219857796e+00
  -8.0291285933e-02  -8.0820252644e-02   4.0048686606e-01  -5.4129941090e-01  -1.1312307293e+00
  -7.9340952111e-02  -7.9762319221e-02   3.0678682698e-01  -7.1613545040e-01  -1.1649425891e+00
  -7.8562035841e-02  -7.8919585000e-02   2.1166144910e-01  -8.1386490626e-01  -1.1364879268e+00
  -7.7885116567e-02  -7.8204486682e-02   1.1699888174e-01  -8.6200581841e-01  -1.0697233390e+00
  -7.7271487873e-02  -7.7565746452e-02   2.2035262815e-02  -8.7556729399e-01  -9.7565527748e-01
  -7.6699944494e-02  -7.6977229295e-02  -7.2512012621e-02  -8.6266550986e-01  -8.6148587793e-01
  -7.6156872513e-02  -7.6422659694e-02  -1.6742326054e-01  -8.2838866524e-01  -7.3038651224e-01
  -7.5632543862e-02  -7.5891085331e-02  -2.6200300234e-01  -7.7639387720e-01  -5.8603400189e-01
  -7.5119172302e-02  -7.5374002393e-02  -3.5703544082e-01  -7.0856175791e-01  -4.2910381969e-01
  -7.4609879212e-02  -7.4864342210e-02  -4.5166569851e-01  -6.2704641527e-01  -2.6229898269e-01
  -7.4098205464e-02  -7.4355416215e-02  -5.4625596342e-01  -5.3258580038e-01  -8.5913254222e-02
  -7.3585463621e-02  -7.3840994713e-02  -6.3923336749e-01  -4.2742027761e-01   9.6452934577e-02
  -7.3075196354e-02  -7.3329932529e-02  -7.2874507713e-01  -3.1427445126e-01   2.8050719638e-01
  -7.2561741428e-02  -7.2820460179e-02  -8.1427305760e-01  -1.9416584692e-01   4.6469676991e-01
  -7.2034896548e-02  -7.2303022677e-02  -8.9551916274e-01  -6.7205698355e-02   6.4833595347e-01
  -7.1481843382e-02  -7.1766770419e-02  -9.7271226081e-01   6.8646902064e-02   8.3278478540e-01
  -7.0883588380e-02  -7.1196916345e-02  -1.0443235316e+00   2.1459013781e-01   1.0166087837e+00
  -7.0205363164e-02  -7.0570260414e-02  -1.1088424919e+00   3.7674115525e-01   1.2014261270e+00
  -6.9358104721e-02  -6.9840465914e-02  -1.1603410339e+00   5.6852714782e-01   1.3875716034e+00
  -6.8207081630e-02  -6.8875743527e-02  -1.1730897483e+00   8.0335856909e-01   1.5496059734e+00
  -6.6971991385e-02  -6.7538419733e-02  -1.1128425375e+00   1.0190656122e+00   1.6055993151e+00
  -6.6040978809e-02  -6.6405563037e-02  -1.0155656422e+00   1.1556861014e+00   1.5669834919e+00
  -6.5381999706e-02  -6.5676394580e-02  -9.2012917269e-01   1.2392083418e+00   1.5000651559e+00
  -6.4830946334e-02  -6.5087604832e-02  -8.2515999307e-01   1.3015171811e+00   1.4227315742e+00
  -6.4341530078e-02  -6.4574287836e-02  -7.3029025082e-01   1.3516564571e+00   1.3401378011e+00
  -6.3892434493e-02  -6.4108772320e-02  -6.3547630656e-01   1.3936709552e+00   1.2547951838e+00
  -6.3471553033e-02  -6.3676096665e-02  -5.4076654702e-01   1.4297841729e+00   1.1682176653e+00
  -6.3071129793e-02  -6.3267009402e-02  -4.4617267674e-01   1.4613668874e+00   1.0813686137e+00
  -6.2685796435e-02  -6.2875250184e-02  -3.5112586031e-01   1.4894709159e+00   9.9440547414e-01
  -6.2311545265e-02  -6.2496342687e-02  -2.5628973934e-01   1.5144789888e+00   9.0846057676e-01
  -6.1945187579e-02  -6.2126747843e-02  -1.6138973714e-01   1.5368774127e+00   8.2371081689e-01
  -6.1584089064e-02  -6.1763627314e-02  -6.6759301855e-02   1.5568637997e+00   7.4081488212e-01
  -6.1225959625e-02  -6.1404550814e-02   2.7736635227e-02   1.5746467590e+00   6.5997019774e-01
  -6.0868720711e-02  -6.1047368435e-02   1.2220552292e-01   1.5903291696e+00   5.8139084214e-01
  -6.0510360427e-02  -6.0690072986e-02   2.1768000390e-01   1.6040379143e+00   5.0458822906e-01
  -6.0148852676e-02  -6.0330647867e-02   3.1221691357e-01   1.6154179031e+00   4.3146183543e-01
  -5.9782078306e-02  -5.9967057486e-02   4.0684599540e-01   1.6244839539e+00   3.6151668407e-01
  -5.9407691344e-02  -5.9597099126e-02   5.0156322639e-01   1.6309906882e+00   2.9516288133e-01
  -5.9022990923e-02  -5.9218283563e-02   5.9621741469e-01   1.6345841961e+00   2.3296267968e-01
  -5.8624723973e-02  -5.8827698282e-02   6.9093759490e-01   1.6347867930e+00   1.7537358019e-01
  -5.8208761547e-02  -5.8421749663e-02   7.8590060114e-01   1.6309017030e+00   1.2298282009e-01
  -5.7769689430e-02  -5.7995773430e-02   8.8058813542e-01   1.6219871438e+00   7.6930215890e-02
  -5.7299959230e-02  -5.7543605430e-02   9.7541584772e-01   1.6066120197e+00   3.8130646447e-02
  -5.6788260489e-02  -5.7056313029e-02   1.0702466427e+00   1.5826131597e+00   8.2688017370e-03
  -5.6216083690e-02  -5.6520207949e-02   1.1651187305e+00   1.5463590109e+00  -1.0187564299e-02
  -5.5548437040e-02  -5.5911959430e-02   1.2601289786e+00   1.4909445335e+00  -1.2926710624e-02
  -5.4697814383e-02  -5.5184914649e-02   1.3559674366e+00   1.3989284656e+00   9.8882557551e-03
  -5.3480824713e-02  -5.4210714116e-02   1.4433469399e+00   1.2254736797e+00   8.2757700539e-02
  -5.2116193648e-02  -5.2750935309e-02   1.4789134234e+00   9.7895960660e-01   1.9672783436e-01
  -5.0928045462e-02  -5.1481451987e-02   1.4585310856e+00   7.2241745527e-01   3.0432186701e-01
  -4.9868348144e-02  -5.0374638938e-02   1.4043516686e+00   4.6566552857e-01   3.9171848923e-01
  -4.8884813846e-02  -4.9362057351e-02   1.3274188056e+00   2.0956644838e-01   4.5582391594e-01
  -4.7981846293e-02  -4.8407570340e-02   1.2364337381e+00  -3.7570192331e-02   4.9519358707e-01
  -4.7184898421e-02  -4.7556122246e-02   1.1416542098e+00  -2.6149607788e-01   5.1162601034e-01
  -4.6477624632e-02  -4.6813674597e-02   1.0469152901e+00  -4.6292900445e-01   5.1076071027e-01
  -4.5830391585e-02  -4.6141574668e-02   9.5213463821e-01  -6.4762182955e-01   4.9693680165e-01
  -4.5226459265e-02  -4.5519208503e-02   8.5754349468e-01  -8.1815906877e-01   4.7295245970e-01
  -4.4655031069e-02  -4.4933710027e-02   7.6278434224e-01  -9.7694140608e-01   4.4059516034e-01
  -4.4108449960e-02  -4.4376352110e-02   6.6817212238e-01  -1.1244667735e+00   4.0129512810e-01
  -4.3580830496e-02  -4.3840547810e-02   5.7338969205e-01  -1.2618025040e+00   3.5587644086e-01
  -4.3067360881e-02  -4.3321113181e-02   4.7871863641e-01  -1.3887590012e+00   3.0513805678e-01
  -4.2563834613e-02  -4.2813608581e-02   3.8425839666e-01  -1.5052198118e+00   2.4960872478e-01
  -4.2066392146e-02  -4.2314060644e-02   2.8914367957e-01  -1.6118236414e+00   1.8897360945e-01
  -4.1571238447e-02  -4.1818723648e-02   1.9472385173e-01  -1.7064448096e+00   1.2414300432e-01
  -4.1074402300e-02  -4.1323753245e-02   9.9951287095e-02  -1.7892574604e+00   5.4282121573e-02
  -4.0571470199e-02  -4.0825051354e-02   5.1116235035e-03  -1.8584839681e+00  -2.0826625580e-02
  -4.0057204767e-02  -4.0317889044e-02  -8.9512001020e-02  -1.9119477414e+00  -1.0161184614e-01
  -3.9524940445e-02  -3.9796520489e-02  -1.8421563217e-01  -1.9469363065e+00  -1.8938748203e-01
  -3.8965471717e-02  -3.9253360402e-02  -2.7902942564e-01  -1.9589904863e+00  -2.8592402506e-01
  -3.8364936756e-02  -3.8677583033e-02  -3.7383656172e-01  -1.9410869429e+00  -3.9392711534e-01
  -3.7699862756e-02  -3.8052290478e-02  -4.6863745244e-01  -1.8811472773e+00  -5.1836485773e-01
  -3.6925354125e-02  -3.7347435033e-02  -5.6365729735e-01  -1.7541770084e+00  -6.6987745601e-01
  -3.6077399234e-02  -3.6503273217e-02  -6.4607237761e-01  -1.5443074316e+00  -8.4212836219e-01
  -3.5306370786e-02  -3.5651525251e-02  -7.0028482265e-01  -1.2894101107e+00  -1.0040739697e+00
  -3.4665306972e-02  -3.4961216322e-02  -7.2961476361e-01  -1.0314130724e+00  -1.1421847674e+00
  -3.4103717334e-02  -3.4369397623e-02  -7.4374914635e-01  -7.7405520032e-01  -1.2649375772e+00
  -3.3592514448e-02  -3.3838037046e-02  -7.4772729004e-01  -5.1710012680e-01  -1.3775547858e+00
  -3.3115475751e-02  -3.3346991851e-02  -7.4433280382e-01  -2.5924393528e-01  -1.4833545223e+00
  -3.2662129852e-02  -3.2883959651e-02  -7.3538163823e-01  -2.5933354054e-03  -1.5831933723e+00
  -3.2224976949e-02  -3.2440300052e-02  -7.2207280253e-01   2.5454566931e-01  -1.6788875707e+00
  -3.1798215506e-02  -3.2009653847e-02  -7.0525112693e-01   5.1252502505e-01  -1.7712989417e+00
  -3.1376859623e-02  -3.1586777166e-02  -6.8584889694e-01   7.6830816742e-01  -1.8599104430e+00
  -3.0956248622e-02  -3.1166942080e-02  -6.6407079294e-01   1.0266997456e+00  -1.9467409432e+00
  -3.0531601766e-02  -3.0745555163e-02  -6.4076545681e-01   1.2833640491e+00  -2.0305333960e+00
  -3.0097482239e-02  -3.0317648369e-02  -6.1623920792e-01   1.5402525584e+00  -2.1120393089e+00
  -2.9646995790e-02  -2.9877316109e-02  -5.9089889463e-01   1.7979351739e+00  -2.1913457549e+00
  -2.9170464845e-02  -2.9416675471e-02  -5.6543764067e-01   2.0548069697e+00  -2.2676625141e+00
  -2.8652284738e-02  -2.8924254218e-02  -5.4038410636e-01   2.3127300770e+00  -2.3408389410e+00
  -2.8062130637e-02  -2.8380315258e-02  -5.1695102983e-01   2.5714391459e+00  -2.4091378260e+00
  -2.7316241848e-02  -2.7743946016e-02  -4.9785485144e-01   2.8322699646e+00  -2.4680736788e+00
  -2.5922072568e-02  -2.6888537681e-02  -5.0419934777e-01   3.0695888649e+00  -2.4741194772e+00
  -2.4408449524e-02  -2.4955607454e-02  -5.6879743161e-01   2.9751453766e+00  -2.3305014755e+00
  -2.3525753414e-02  -2.3861291593e-02  -6.3748999510e-01   2.7155530345e+00  -2.1552975506e+00
  -2.2926834144e-02  -2.3190215235e-02  -6.9512267647e-01   2.4559137904e+00  -1.9968807244e+00
  -2.2437058274e-02  -2.2663453053e-02  -7.4741085512e-01   2.1978055737e+00  -1.8446306554e+00
  -2.2007335359e-02  -2.2210663495e-02  -7.9637131121e-01   1.9393177065e+00  -1.6944363983e+00
  -2.1616343129e-02  -2.1804007223e-02  -8.4228073201e-01   1.6828937264e+00  -1.5464022105e+00
  -2.1252339384e-02  -2.1428679035e-02  -8.8591802923e-01   1.4264970943e+00  -1.3986259098e+00
  -2.0908164369e-02  -2.1075999732e-02  -9.2792471609e-01   1.1673776310e+00  -1.2490592744e+00
  -2.0578810024e-02  -2.0740329006e-02  -9.6739081441e-01   9.1202970660e-01  -1.1011221850e+00
  -2.0260570197e-02  -2.0417291041e-02  -1.0052749471e+00   6.5490966163e-01  -9.5135265664e-01
  -1.9950688085e-02  -2.0103849353e-02  -1.0415043870e+00   3.9641679698e-01  -7.9974042508e-01
  -1.9646853191e-02  -1.9797526818e-02  -1.0756336706e+00   1.3975034354e-01  -6.4796098018e-01
  -1.9347084462e-02  -1.9496179564e-02  -1.1079199319e+00  -1.1707754916e-01  -4.9465776081e-01
  -1.9049637267e-02  -1.9197989360e-02  -1.1383266558e+00  -3.7430450450e-01  -3.3948039446e-01
  -1.8752867713e-02  -1.8901285173e-02  -1.1667661669e+00  -6.3204954806e-01  -1.8212525042e-01
  -1.8455154803e-02  -1.8604450253e-02  -1.1929758844e+00  -8.8897248696e-01  -2.3169883800e-02
  -1.8154830005e-02  -1.8305859352e-02  -1.2168885715e+00  -1.1458012834e+00   1.3810274959e-01
  -1.7850090838e-02  -1.8003800658e-02  -1.2382976318e+00  -1.4024481789e+00   3.0196655554e-01
  -1.7538851798e-02  -1.7696381018e-02  -1.2570779283e+00  -1.6610732164e+00   4.7025703811e-01
  -1.7218640236e-02  -1.7381322579e-02  -1.2726078617e+00  -1.9180973472e+00   6.4117986766e-01
  -1.6886460330e-02  -1.7055957893e-02  -1.2844787561e+00  -2.1730079708e+00   8.1496242964e-01
  -1.6538814342e-02  -1.6716962766e-02  -1.2922672048e+00  -2.4324033126e+00   9.9712280476e-01
  -1.6176549111e-02  -1.6360665918e-02  -1.2947678553e+00  -2.6835483945e+00   1.1798812946e+00
  -1.5801593584e-02  -1.5992432303e-02  -1.2912494127e+00  -2.9254146749e+00   1.3635505618e+00
  -1.5411067575e-02  -1.5610754866e-02  -1.2807808267e+00  -3.1544616986e+00   1.5468605187e+00
  -1.4999775478e-02  -1.5211380285e-02  -1.2618054554e+00  -3.3708244267e+00   1.7321116066e+00
  -1.4560489252e-02  -1.4788170671e-02  -1.2328642386e+00  -3.5663995562e+00   1.9154095123e+00
  -1.4082209242e-02  -1.4332807832e-02  -1.1908026329e+00  -3.7389464485e+00   2.0994942165e+00
  -1.3546021355e-02  -1.3831610651e-02  -1.1308896816e+00  -3.8785832376e+00   2.2836236434e+00
  -1.2950764641e-02  -1.3260432058e-02  -1.0489306176e+00  -3.9656885554e+00   2.4591248267e+00
  -1.2370243708e-02  -1.2641097225e-02  -9.5451742446e-01  -3.9816866615e+00   2.5992002654e+00
  -1.1855698582e-02  -1.2099390191e-02  -8.5978214626e-01  -3.9386035464e+00   2.6959762230e+00
  -1.1386853184e-02  -1.1612006972e-02  -7.6488718606e-01  -3.8537600453e+00   2.7617249778e+00
  -1.0949796389e-02  -1.1161699397e-02  -6.7001836384e-01  -3.7372943257e+00   2.8033995828e+00
  -1.0535679618e-02  -1.0737893382e-02  -5.7543608217e-01  -3.5960839123e+00   2.8254550480e+00
  -1.0138404365e-02  -1.0333465853e-02  -4.8080198997e-01  -3.4340299591e+00   2.8309397121e+00
  -9.7534883167e-03  -9.9433428766e-03  -3.8589215952e-01  -3.2537222372e+00   2.8217424264e+00
  -9.3773806885e-03  -9.5636337568e-03  -2.9097010507e-01  -3.0578648328e+00   2.7991595144e+00
  -9.0070917592e-03  -9.1911276202e-03  -1.9614557234e-01  -2.8484673740e+00   2.7641454807e+00
  -8.6399811012e-03  -8.8230558983e-03  -1.0142366682e-01  -2.6269469096e+00   2.7173013971e+00
  -8.2735853038e-03  -8.4569063041e-03  -6.7508748482e-03  -2.3942556551e+00   2.6588811599e+00
  -7.9054638136e-03  -8.0902643034e-03   8.7940692166e-02  -2.1510251609e+00   2.5888076052e+00
  -7.5343194980e-03  -7.7206633237e-03   1.8235902803e-01  -1.8986282567e+00   2.5070099953e+00
  -7.1634419966e-03  -7.3479756724e-03   2.7494503067e-01  -1.6419461716e+00   2.4146095485e+00
  -6.7948807311e-03  -6.9789083208e-03   3.6458310452e-01  -1.3849339712e+00   2.3126698448e+00
  -6.4255489495e-03  -6.6108531414e-03   4.5148607866e-01  -1.1277648271e+00   2.2007929109e+00
  -6.0517905986e-03  -6.2402447576e-03   5.3587223029e-01  -8.7030153745e-01   2.0780807311e+00
  -5.6695936949e-03  -5.8633364396e-03   6.1776749814e-01  -6.1272202756e-01   1.9433327027e+00
  -5.2741988570e-03  -5.4758509502e-03   6.9694326982e-01  -3.5578393512e-01   1.7951495838e+00
  -4.8595466430e-03  -5.0725467638e-03   7.7350991892e-01  -9.8821196951e-02   1.6304669261e+00
  -4.4323823583e-03  -4.6465465223e-03   8.4474437108e-01   1.4930521753e-01   1.4520523098e+00
  -4.0128436146e-03  -4.2182181943e-03   9.0719896808e-01   3.7627187054e-01   1.2669794317e+00
  -3.6089648850e-03  -3.8074690350e-03   9.5862242617e-01   5.7250130264e-01   1.0839779518e+00
  -3.2174301583e-03  -3.4104607350e-03   1.0008348688e+00   7.4323363136e-01   9.0026580960e-01
  -2.8356806952e-03  -3.0243995816e-03   1.0343426085e+00   8.8930212611e-01   7.1623568714e-01
  -2.4615570081e-03  -2.6469618088e-03   1.0596181232e+00   1.0115768194e+00   5.3220857487e-01
  -2.0931782977e-03  -2.2761522073e-03   1.0771077277e+00   1.1109843031e+00   3.4834730252e-01
  -1.7288523291e-03  -1.9102043881e-03   1.0872069059e+00   1.1884052637e+00   1.6469004990e-01
  -1.3670004043e-03  -1.5475002700e-03   1.0902431713e+00   1.2445966694e+00  -1.8817778931e-02
  -1.0060900088e-03  -1.1865005385e-03   1.0864654501e+00   1.2801358584e+00  -2.0229192941e-01
  -6.4455834217e-04  -8.2567947913e-04   1.0759238962e+00   1.2953461676e+00  -3.8710636362e-01
  -2.8075106102e-04  -4.6343720521e-04   1.0588534864e+00   1.2901672014e+00  -5.7086173317e-01
   8.7139777296e-05  -9.8064916825e-05   1.0353134943e+00   1.2648710558e+00  -7.5447957185e-01
   4.6118291750e-04   2.7234447142e-04   1.0052589739e+00   1.2192455625e+00  -9.3821084597e-01
   8.4384429311e-04   6.5002136358e-04   9.6861941231e-01   1.1528893905e+00  -1.1218655778e+00
   1.2381975336e-03   1.0376672226e-03   9.2512611980e-01   1.0648993347e+00  -1.3056993954e+00
   1.6482941908e-03   1.4387278446e-03   8.7423844249e-01   9.5357654416e-01  -1.4902095585e+00
   2.0796488928e-03   1.8578605371e-03   8.1580224261e-01   8.1788904989e-01  -1.6738390085e+00
   2.5402960729e-03   2.3014372484e-03   7.4868734480e-01   6.5435043857e-01  -1.8574009398e+00
   3.0433100672e-03   2.7791548973e-03   6.7080573909e-01   4.5647299658e-01  -2.0418879841e+00
   3.5967156669e-03   3.3074652371e-03   5.8182910127e-01   2.2168711996e-01  -2.2219431538e+00
   4.1697333850e-03   3.8859660966e-03   4.8862047828e-01  -3.2767213506e-02  -2.3800504179e+00
   4.7345703487e-03   4.4535006734e-03   3.9703315834e-01  -2.9056093853e-01  -2.5062190015e+00
   5.3011888830e-03   5.0156400240e-03   3.0827480288e-01  -5.4737602380e-01  -2.5999357408e+00
   5.8848530887e-03   5.5867377419e-03   2.2156381357e-01  -8.0476718319e-01  -2.6610917398e+00
   6.5052288463e-03   6.1829684355e-03   1.3678528546e-01  -1.0626059782e+00  -2.6852109437e+00
   7.1950154706e-03   6.8274892572e-03   5.3886524454e-02  -1.3204392896e+00  -2.6620449451e+00
   8.0174284167e-03   7.5625416841e-03  -2.7126222481e-02  -1.5766207334e+00  -2.5668276575e+00
   8.8555974256e-03   8.4723151492e-03  -8.8835388480e-02  -1.7707585671e+00  -2.4011090815e+00
   9.5456071890e-03   9.2388797020e-03  -1.2290877764e-01  -1.8710746659e+00  -2.2157726007e+00
   1.0120192383e-02   9.8523346759e-03  -1.3985402075e-01  -1.9097779816e+00  -2.0313890811e+00
   1.0632189176e-02   1.0388050090e-02  -1.4664791883e-01  -1.9085727808e+00  -1.8466354617e+00
   1.1104896769e-02   1.0876328262e-02  -1.4638878451e-01  -1.8772528014e+00  -1.6630796533e+00
   1.1551349273e-02   1.1333465277e-02  -1.4086105159e-01  -1.8209920787e+00  -1.4792606026e+00
   1.1979796134e-02   1.1769233270e-02  -1.3114638222e-01  -1.7429289575e+00  -1.2955966727e+00
   1.2396075708e-02   1.2190358998e-02  -1.1787923373e-01  -1.6442572594e+00  -1.1109679280e+00
   1.2804683027e-02   1.2601792418e-02  -1.0175157648e-01  -1.5273984064e+00  -9.2765426854e-01
   1.3209324088e-02   1.3007573635e-02  -8.3012120550e-02  -1.3920316634e+00  -7.4398100908e-01
   1.3613236927e-02   1.3411074541e-02  -6.1837602711e-02  -1.2376303747e+00  -5.5934027536e-01
   1.4019460793e-02   1.3815399313e-02  -3.8757650863e-02  -1.0664560456e+00  -3.7648392764e-01
   1.4431055740e-02   1.4223522273e-02  -1.3441250075e-02  -8.7450304088e-01  -1.9171633392e-01
   1.4851232537e-02   1.4638589208e-02   1.3498805291e-02  -6.6493124797e-01  -8.8726933656e-03
   1.5283616100e-02   1.5063875866e-02   4.2546049594e-02  -4.3246563677e-01   1.7562905224e-01
   1.5724694831e-02   1.5503356334e-02   7.2835913873e-02  -1.8259742263e-01   3.5644137383e-01
   1.6159270386e-02   1.5946033328e-02   1.0305341316e-01   7.4417945479e-02   5.2670474467e-01
   1.6580071651e-02   1.6372507443e-02   1.3227222448e-01   3.3041745070e-01   6.8273432472e-01
   1.6991574355e-02   1.6787635858e-02   1.6097559676e-01   5.8914068523e-01   8.2839081193e-01
   1.7397677558e-02   1.7195512852e-02   1.8863680404e-01   8.4526776694e-01   9.6201079047e-01
   1.7801923167e-02   1.7599842264e-02   2.1567652096e-01   1.1020543563e+00   1.0864835574e+00
   1.8207734896e-02   1.8004004069e-02   2.4222246614e-01   1.3603085527e+00   1.2028952380e+00
   1.8618689192e-02   1.8411465722e-02   2.6788422761e-01   1.6157262518e+00   1.3100586951e+00
   1.9038900313e-02   1.8825912662e-02   2.9333525699e-01   1.8746598540e+00   1.4111535612e+00
   1.9473389777e-02   1.9251887965e-02   3.1800665881e-01   2.1311042728e+00   1.5042146962e+00
   1.9928760278e-02   1.9694891590e-02   3.4219743102e-01   2.3879980584e+00   1.5907644630e+00
   2.0414738296e-02   2.0162628966e-02   3.6591787291e-01   2.6457703014e+00   1.6711165227e+00
   2.0946998965e-02   2.0666847625e-02   3.8892760703e-01   2.9027641821e+00   1.7448708218e+00
   2.1555726483e-02   2.1227150306e-02   4.1120992857e-01   3.1615824720e+00   1.8126379994e+00
   2.2319962563e-02   2.1884302659e-02   4.3193282215e-01   3.4218018996e+00   1.8735850971e+00
   2.3350539140e-02   2.2755622467e-02   4.4545055831e-01   3.6471904407e+00   1.9184431108e+00
   2.4540372484e-02   2.3945455812e-02   4.3804669294e-01   3.7182455915e+00   1.9251480355e+00
   2.5745450251e-02   2.5135289157e-02   4.0169482831e-01   3.5727549255e+00   1.8883769775e+00
   2.6728527917e-02   2.6355611346e-02   3.5026093038e-01   3.3049774237e+00   1.8307137819e+00
   2.7403116394e-02   2.7101444488e-02   3.0305507168e-01   3.0460393784e+00   1.7769172152e+00
   2.7969315274e-02   2.7704788301e-02   2.5660024857e-01   2.7882304849e+00   1.7234256793e+00
   2.8475466610e-02   2.8233842248e-02   2.1020615676e-01   2.5301011851e+00   1.6692513697e+00
   2.8943598464e-02   2.8717090972e-02   1.6405530919e-01   2.2734121050e+00   1.6143538782e+00
   2.9386263986e-02   2.9170105955e-02   1.1786120808e-01   2.0167033510e+00   1.5581210951e+00
   2.9811519361e-02   2.9602422018e-02   7.1419162771e-02   1.7586641894e+00   1.4999804684e+00
   3.0225211257e-02   3.0020616704e-02   2.5360204621e-02   1.5024202990e+00   1.4403839631e+00
   3.0631929947e-02   3.0429805810e-02  -2.0890774475e-02   1.2442100495e+00   1.3781921717e+00
   3.1035538036e-02   3.0834054083e-02  -6.6442415819e-02   9.8827683697e-01   1.3141507637e+00
   3.1439591942e-02   3.1237021988e-02  -1.1186198834e-01   7.3048031868e-01   1.2469142509e+00
   3.1847590611e-02   3.1642161896e-02  -1.5647863628e-01   4.7337024277e-01   1.1767572528e+00
   3.2263252595e-02   3.2053019326e-02  -2.0008133617e-01   2.1656404265e-01   1.1031515760e+00
   3.2690812917e-02   3.2473485864e-02  -2.4232296822e-01  -4.0036401455e-02   1.0255391737e+00
   3.3135524611e-02   3.2908139970e-02  -2.8292866136e-01  -2.9791795836e-01   9.4271318048e-01
   3.3604327805e-02   3.3362909253e-02  -3.2092182681e-01  -5.5554720758e-01   8.5414956206e-01
   3.4106964490e-02   3.3845746356e-02  -3.5516095092e-01  -8.1223774821e-01   7.5874446627e-01
   3.4658668734e-02   3.4368182624e-02  -3.8415553215e-01  -1.0694207235e+00   6.5384742988e-01
   3.5286696295e-02   3.4949154843e-02  -4.0484747729e-01  -1.3274604574e+00   5.3548152399e-01
   3.6051254925e-02   3.5624237747e-02  -4.1049536746e-01  -1.5866183888e+00   3.9543551362e-01
   3.7029899315e-02   3.6478272103e-02  -3.8500080479e-01  -1.8265205686e+00   2.2697015230e-01
   3.8127821114e-02   3.7581526527e-02  -3.1433728207e-01  -1.9781605531e+00   5.6446975734e-02
   3.9090122377e-02   3.8674115701e-02  -2.1949894030e-01  -2.0148426474e+00  -7.3154220376e-02
   3.9865386255e-02   3.9506129053e-02  -1.2432562873e-01  -1.9845289120e+00  -1.6255925865e-01
   4.0557171153e-02   4.0224643458e-02  -2.9420214836e-02  -1.9192672638e+00  -2.3103369691e-01
   4.1211669449e-02   4.0889698848e-02   6.5668124702e-02  -1.8296992549e+00  -2.8660588674e-01
   4.1857508916e-02   4.1533640051e-02   1.6033896468e-01  -1.7207069243e+00  -3.3304827463e-01
   4.2520701235e-02   4.2181377781e-02   2.5531499490e-01  -1.5920773069e+00  -3.7342274062e-01
   4.3236051747e-02   4.2860024689e-02   3.5038488849e-01  -1.4407502206e+00  -4.0985311606e-01
   4.4076425785e-02   4.3612078806e-02   4.4611781326e-01  -1.2541537137e+00  -4.4542598301e-01
   4.5122616186e-02   4.4540772765e-02   5.3151992306e-01  -1.0214343033e+00  -4.8254693230e-01
   4.6341579903e-02   4.5704459608e-02   5.7279081131e-01  -7.6470491242e-01  -5.2094683766e-01
   4.7646878896e-02   4.6978700198e-02   5.3802441650e-01  -5.2251350121e-01  -5.5989647245e-01
   4.8747500550e-02   4.8315057593e-02   4.4739264159e-01  -3.5026272132e-01  -5.9100352340e-01
   4.9517677493e-02   4.9179943506e-02   3.5159952284e-01  -2.4958223483e-01  -6.1030686104e-01
   5.0149247226e-02   4.9855411481e-02   2.5649227978e-01  -1.7935083971e-01  -6.2330249096e-01
   5.0712171569e-02   5.0443082971e-02   1.6160043609e-01  -1.2598113817e-01  -6.3179186124e-01
   5.1235635724e-02   5.0981260166e-02   6.6627596179e-02  -8.3958069956e-02  -6.3633105376e-01
   5.1736150275e-02   5.1490011282e-02  -2.8154902923e-02  -5.0653620304e-02  -6.3701303347e-01
   5.2225050866e-02   5.1982289269e-02  -1.2278717063e-01  -2.4463479132e-02  -6.3373077709e-01
   5.2711489856e-02   5.2467812464e-02  -2.1768840174e-01  -4.4496462610e-03  -6.2612348945e-01
   5.3204194019e-02   5.2955167249e-02  -3.1234159316e-01   9.6482007069e-03  -6.1368792198e-01
   5.3713014579e-02   5.3453220790e-02  -4.0732657903e-01   1.7844210204e-02  -5.9548690236e-01
   5.4250990750e-02   5.3972808369e-02  -5.0210184185e-01   1.9515170328e-02  -5.7028113547e-01
   5.4838752383e-02   5.4529173130e-02  -5.9716954168e-01   1.3273815087e-02  -5.3566251021e-01
   5.5517145582e-02   5.5148331637e-02  -6.9235150467e-01  -4.1425042990e-03  -4.8715133784e-01
   5.6414652347e-02   5.5885959526e-02  -7.8930147672e-01  -4.3547890786e-02  -4.1048889785e-01
   5.7826073520e-02   5.6943345168e-02  -8.6205388825e-01  -1.3924016183e-01  -2.7235980132e-01
   5.9413870733e-02   5.8708801871e-02  -8.2896724218e-01  -2.8144262538e-01  -1.1761881223e-01
   6.0527224923e-02   6.0118939596e-02  -7.3154471912e-01  -3.9375325614e-01  -2.8399971684e-02
   6.1259855870e-02   6.0935510251e-02  -6.3597071274e-01  -4.6789836154e-01   1.2950860924e-02
   6.1867028924e-02   6.1584201489e-02  -5.4076859591e-01  -5.2667366780e-01   3.3938789961e-02
   6.2407983888e-02   6.2149856360e-02  -4.4603896070e-01  -5.7503012131e-01   4.1099038170e-02
   6.2908242623e-02   6.2666111416e-02  -3.5111687289e-01  -6.1535642618e-01   3.7361034715e-02
   6.3381961708e-02   6.3150373830e-02  -2.5647271550e-01  -6.4841512925e-01   2.4275596475e-02
   6.3838339961e-02   6.3613549585e-02  -1.6159145189e-01  -6.7483108222e-01   2.6842189172e-03
   6.4284035404e-02   6.4063130336e-02  -6.6778276141e-02  -6.9460906785e-01  -2.6833588561e-02
   6.4724417404e-02   6.4504940472e-02   2.7924845773e-02  -7.0763858108e-01  -6.3934064580e-02
   6.5164219326e-02   6.4943894336e-02   1.2260405763e-01  -7.1360902754e-01  -1.0850987894e-01
   6.5608044416e-02   6.5384544315e-02   2.1735799134e-01  -7.1194665954e-01  -1.6065537121e-01
   6.6060833677e-02   6.5831544518e-02   3.1218947443e-01  -7.0177025370e-01  -2.2059839172e-01
   6.6528388910e-02   6.6290122836e-02   4.0689334533e-01  -6.8187261318e-01  -2.8859261348e-01
   6.7018209923e-02   6.6766654984e-02   5.0172411425e-01  -6.5037724539e-01  -3.6547514050e-01
   6.7540984874e-02   6.7269764861e-02   5.9653730501e-01  -6.0453512707e-01  -4.5219562106e-01
   6.8113802185e-02   6.7812204887e-02   6.9143352128e-01  -5.3970080817e-01  -5.5063014919e-01
   6.8768772667e-02   6.8415399484e-02   7.8642934629e-01  -4.4727480525e-01  -6.6412498374e-01
   6.9588261774e-02   6.9122145850e-02   8.8249719674e-01  -3.0477781297e-01  -8.0211352534e-01
   7.0620224456e-02   7.0054377698e-02   9.6337311580e-01  -8.9573642163e-02  -9.5730818787e-01
   7.1695872550e-02   7.1186071214e-02   9.9874658144e-01   1.6729132643e-01  -1.0848112527e+00
   7.2695717297e-02   7.2205673886e-02   9.8501147534e-01   4.2450575091e-01  -1.1600922467e+00
   7.3684841826e-02   7.3185760708e-02   9.2945090107e-01   6.8164355992e-01  -1.1864079161e+00
   7.4619023160e-02   7.4183922943e-02   8.4331632641e-01   9.1313952737e-01  -1.1654821799e+00
   7.5414201997e-02   7.5054123377e-02   7.4793668048e-01   1.0914815973e+00  -1.1126810293e+00
   7.6097413747e-02   7.5774280618e-02   6.5306507608e-01   1.2240691018e+00  -1.0430702096e+00
   7.6723296159e-02   7.6420546877e-02   5.5816461445e-01   1.3248374301e+00  -9.6148501732e-01
   7.7318095471e-02   7.7026045442e-02   4.6322478723e-01   1.3991377000e+00  -8.7020431903e-01
   7.7898445406e-02   7.7610145501e-02   3.6856282649e-01   1.4491253600e+00  -7.7071937164e-01
   7.8477257441e-02   7.8186745311e-02   2.7394430895e-01   1.4755720698e+00  -6.6332904729e-01
   7.9066712137e-02   7.8767769571e-02   1.7908729916e-01   1.4775109215e+00  -5.4768454714e-01
   7.9680748593e-02   7.9365654702e-02   8.4104270413e-02   1.4522415400e+00  -4.2338521007e-01
   8.0338250404e-02   7.9995842485e-02  -1.0592709152e-02   1.3952642204e+00  -2.8989254725e-01
   8.1070104893e-02   8.0680658323e-02  -1.0549961656e-01   1.2976342938e+00  -1.4432595829e-01
   8.1940414710e-02   8.1459551463e-02  -2.0083775836e-01   1.1403375840e+00   1.8526864358e-02
   8.2956896218e-02   8.2421277958e-02  -2.8522727513e-01   9.1485884674e-01   1.8602478414e-01
   8.4000421395e-02   8.3492514477e-02  -3.4105500899e-01   6.5705327052e-01   3.2507026512e-01
   8.5042019890e-02   8.4508328312e-02  -3.6682310880e-01   3.9897267805e-01   4.2367539512e-01
   8.6230055683e-02   8.5575711469e-02  -3.6624675649e-01   1.3896611549e-01   4.8384348042e-01
   8.8179928860e-02   8.6884399898e-02  -3.2687773996e-01  -1.1122332710e-01   4.6741564498e-01
   9.0543491848e-02   8.9475457821e-02  -2.8873502391e-01  -7.2763842077e-02   3.3338479050e-01
   9.2277251408e-02   9.1611525875e-02  -3.0926044479e-01   1.8460641044e-01   2.1507225787e-01
   9.3541502312e-02   9.2942976942e-02  -3.6210074897e-01   4.4428616980e-01   1.5810090597e-01
   9.4767151490e-02   9.4140027683e-02  -4.3943424218e-01   6.9887641326e-01   1.4939577286e-01
   9.5997859092e-02   9.5394275297e-02  -5.3228701014e-01   9.1250776666e-01   1.9915653274e-01
   9.7247648021e-02   9.6601442886e-02  -6.2694205685e-01   1.0479951854e+00   3.1608123534e-01
   9.8453851430e-02   9.7893853156e-02  -7.0217938510e-01   1.0817930368e+00   4.8686810775e-01
   9.9495985116e-02   9.9013849704e-02  -7.4182976489e-01   1.0285431399e+00   6.7163962736e-01
   1.0043309514e-01   9.9978120529e-02  -7.4932742856e-01   9.2021557848e-01   8.5573522928e-01
   1.0134844974e-01   1.0088806976e-01  -7.2631562051e-01   7.6912216720e-01   1.0399177285e+00
   1.0230669192e-01   1.0180882972e-01  -6.6764457609e-01   5.7693175977e-01   1.2231276714e+00
   1.0322191117e-01   1.0280455413e-01  -5.7979373393e-01   3.7635524116e-01   1.3756059231e+00
   1.0398163140e-01   1.0363926821e-01  -4.8446645740e-01   2.0698959620e-01   1.4761049385e+00
   1.0462723792e-01   1.0432399460e-01  -3.8949619064e-01   6.7171365940e-02   1.5372921351e+00
   1.0521062167e-01   1.0493048124e-01  -2.9482460937e-01  -5.2216915350e-02   1.5703295561e+00
   1.0575684665e-01   1.0549076209e-01  -1.9983173604e-01  -1.5648704253e-01   1.5802561125e+00
   1.0628114745e-01   1.0602293120e-01  -1.0498797162e-01  -2.4788358290e-01   1.5692609551e+00
   1.0679452109e-01   1.0653936371e-01  -1.0151508121e-02  -3.2853169152e-01   1.5382677424e+00
   1.0730610031e-01   1.0704967847e-01   8.4516803319e-02  -3.9980361137e-01   1.4872174428e+00
   1.0782470256e-01   1.0756252215e-01   1.7926030274e-01  -4.6312106371e-01   1.4148276933e+00
   1.0836022210e-01   1.0808688296e-01   2.7402102912e-01  -5.1957185117e-01   1.3186973103e+00
   1.0892556352e-01   1.0863356123e-01   3.6891647165e-01  -5.7046223599e-01   1.1944206695e+00
   1.0953288114e-01   1.0921756582e-01   4.6266214338e-01  -6.1685051760e-01   1.0370344223e+00
   1.1014104782e-01   1.0984819647e-01   5.4670204898e-01  -6.5734566084e-01   8.5661693771e-01
   1.1070340552e-01   1.1043389917e-01   6.1373302057e-01  -6.9153135520e-01   6.7283905333e-01
   1.1122709345e-01   1.1097291186e-01   6.6638658797e-01  -7.2277979336e-01   4.8863414222e-01
   1.1172546419e-01   1.1148127505e-01   7.0692170135e-01  -7.5346824210e-01   3.0541025956e-01
   1.1220764944e-01   1.1196965333e-01   7.3751322770e-01  -7.8591791488e-01   1.2052329148e-01
   1.1268062869e-01   1.1244564555e-01   7.5873568006e-01  -8.2107125063e-01  -6.2903825684e-02
   1.1315037031e-01   1.1291561184e-01   7.7164819199e-01  -8.6050537162e-01  -2.4649337955e-01
   1.1362244807e-01   1.1338512879e-01   7.7669468699e-01  -9.0555767545e-01  -4.3043269353e-01
   1.1410273860e-01   1.1385976735e-01   7.7407169530e-01  -9.5765155280e-01  -6.1476162381e-01
   1.1459804654e-01   1.1434570986e-01   7.6386461956e-01  -1.0179852799e+00  -7.9822800457e-01
   1.1511718741e-01   1.1485038322e-01   7.4578366325e-01  -1.0890364879e+00  -9.8233333820e-01
   1.1567288079e-01   1.1538399159e-01   7.1931879580e-01  -1.1731839756e+00  -1.1659879263e+00
   1.1628631534e-01   1.1596176998e-01   6.8290188280e-01  -1.2756441078e+00  -1.3507901732e+00
   1.1699973498e-01   1.1661086069e-01   6.3400760445e-01  -1.4037107435e+00  -1.5351488031e+00
   1.1792476896e-01   1.1738860927e-01   5.6430180070e-01  -1.5790529759e+00  -1.7203388075e+00
   1.1909444759e-01   1.1846092865e-01   4.7524894526e-01  -1.7973571977e+00  -1.8589315538e+00
   1.2047419822e-01   1.1972796652e-01   3.8021834746e-01  -2.0161569969e+00  -1.8790107181e+00
   1.2186704438e-01   1.2122042991e-01   3.0275352725e-01  -2.1533459646e+00  -1.7534833145e+00
   1.2296033968e-01   1.2251365885e-01   2.5550186294e-01  -2.1759344685e+00  -1.5651892837e+00
   1.2378652451e-01   1.2340702052e-01   2.2596597714e-01  -2.1312334665e+00  -1.3804461608e+00
   1.2451335988e-01   1.2416602849e-01   2.0208350438e-01  -2.0451165833e+00  -1.1960153659e+00
   1.2519261204e-01   1.2486069127e-01   1.7974491049e-01  -1.9250806742e+00  -1.0123420329e+00
   1.2585192227e-01   1.2552453281e-01   1.5614144575e-01  -1.7720888207e+00  -8.2803036370e-01
   1.2651152684e-01   1.2617931174e-01   1.2910835572e-01  -1.5860446426e+00  -6.4427556445e-01
   1.2718971796e-01   1.2684374194e-01   9.6025516710e-02  -1.3631474240e+00  -4.6080179917e-01
   1.2786669350e-01   1.2753569397e-01   5.6191573606e-02  -1.1128841015e+00  -2.8806522951e-01
   1.2850674283e-01   1.2819769303e-01   1.1264552943e-02  -8.5587180092e-01  -1.3903309105e-01
   1.2911154296e-01   1.2881579263e-01  -3.8493763882e-02  -5.9856521839e-01  -1.3870852181e-02
   1.2969583881e-01   1.2940729330e-01  -9.3465603608e-02  -3.4172335132e-01   8.9833994146e-02
   1.3027058111e-01   1.2998438431e-01  -1.5428329771e-01  -8.4722552143e-02   1.7385295963e-01
   1.3084507557e-01   1.3055677791e-01  -2.2160959198e-01   1.7272120966e-01   2.3875601797e-01
   1.3142836439e-01   1.3113337323e-01  -2.9578992784e-01   4.2942362938e-01   2.8412215426e-01
   1.3203045449e-01   1.3172335554e-01  -3.7799591364e-01   6.8656509711e-01   3.0926518565e-01
   1.3265696216e-01   1.3233755344e-01  -4.6801080438e-01   9.4051472120e-01   3.1236154194e-01
   1.3329044211e-01   1.3297637089e-01  -5.6269411110e-01   1.1811324011e+00   2.9263830546e-01
   1.3391793646e-01   1.3360451333e-01  -6.5730443027e-01   1.3977603505e+00   2.5222095093e-01
   1.3455176373e-01   1.3423135959e-01  -7.5201760281e-01   1.5933629588e+00   1.9262142552e-01
   1.3520968536e-01   1.3487216787e-01  -8.4688861502e-01   1.7697255133e+00   1.1392094148e-01
   1.3591869207e-01   1.3554720285e-01  -9.4180810375e-01   1.9276856133e+00   1.4531663278e-02
   1.3673426886e-01   1.3629018129e-01  -1.0372953549e+00   2.0682994522e+00  -1.1178310687e-01
   1.3775403876e-01   1.3717835643e-01  -1.1279288337e+00   2.1842190261e+00  -2.7370554851e-01
   1.3903967549e-01   1.3832972109e-01  -1.1847380936e+00   2.2475104329e+00  -4.5867408572e-01
   1.4051045804e-01   1.3974962988e-01  -1.1565186992e+00   2.2303360602e+00  -6.0542441488e-01
   1.4168046043e-01   1.4127128621e-01  -1.0600722816e+00   2.1689991073e+00  -6.5192177882e-01
   1.4240217080e-01   1.4208963465e-01  -9.6413151715e-01   2.1148322525e+00  -6.3948974549e-01
   1.4297994575e-01   1.4271470694e-01  -8.6914888406e-01   2.0653173838e+00  -6.0615165757e-01
   1.4348143944e-01   1.4324518457e-01  -7.7424495310e-01   2.0186084859e+00  -5.6028383753e-01
   1.4393426206e-01   1.4371769431e-01  -6.7939279199e-01   1.9738479120e+00  -5.0558248996e-01
   1.4435322401e-01   1.4415082981e-01  -5.8470040160e-01   1.9304631171e+00  -4.4421499799e-01
   1.4474741708e-01   1.4455561821e-01  -4.8993191727e-01   1.8878538513e+00  -3.7734496864e-01
   1.4512292889e-01   1.4493921594e-01  -3.9491401027e-01   1.8455264829e+00  -3.0572414497e-01
   1.4548417699e-01   1.4530664185e-01  -3.0018095170e-01   1.8033438354e+00  -2.3041557609e-01
   1.4583455931e-01   1.4566171213e-01  -2.0600551680e-01   1.7610854907e+00  -1.5219743055e-01
   1.4617670910e-01   1.4600740648e-01  -1.1032170502e-01   1.7174780405e+00  -6.9680495300e-02
   1.4651285655e-01   1.4634601172e-01  -1.6592013290e-02   1.6737769053e+00   1.3812835858e-02
   1.4684495667e-01   1.4667970138e-01   7.9203459854e-02   1.6277575872e+00   1.0160575456e-01
   1.4717474961e-01   1.4701021195e-01   1.7334737973e-01   1.5808368772e+00   1.9009590892e-01
   1.4750391679e-01   1.4733928726e-01   2.6793756050e-01   1.5316232850e+00   2.8101869178e-01
   1.4783410687e-01   1.4766854633e-01   3.6330677021e-01   1.4794597759e+00   3.7458039142e-01
   1.4816701177e-01   1.4799966741e-01   4.5719092828e-01   1.4251368004e+00   4.6839588326e-01
   1.4850449862e-01   1.4833435614e-01   5.5289157329e-01   1.3661470156e+00   5.6564742656e-01
   1.4884863794e-01   1.4867464110e-01   6.4680674339e-01   1.3040424040e+00   6.6256128190e-01
   1.4920188854e-01   1.4902263478e-01   7.4202850340e-01   1.2359898694e+00   7.6220571183e-01
   1.4956733364e-01   1.4938114230e-01   8.3676921541e-01   1.1621245641e+00   8.6263197370e-01
   1.4994887275e-01   1.4975352499e-01   9.3121832215e-01   1.0810386058e+00   9.6391745373e-01
   1.5037066323e-01   1.5014422051e-01   1.0304618197e+00   9.8567037662e-01   1.0714942559e+00