# time = 2.5
# Grid points = 474
# Pressure (Pa) = 101325
#             1_pos             2_posf             3_uvel             4_vvel             5_wvel
  -1.4301700841e-01  -1.4325239843e-01   1.1439895769e+00   8.9467829094e-01   1.2092243823e+00
  -1.4253847005e-01  -1.4278161839e-01   1.2434632083e+00   7.6403223592e-01   1.3202412889e+00
  -1.4200964568e-01  -1.4229532172e-01   1.3394519568e+00   6.1053839173e-01   1.4279097384e+00
  -1.4135548976e-01  -1.4172396965e-01   1.4354718336e+00   4.0930561658e-01   1.5355912883e+00
  -1.4058986408e-01  -1.4098700988e-01   1.5143783854e+00   1.6127504687e-01   1.6228596061e+00
  -1.3980469193e-01  -1.4019271828e-01   1.5558692899e+00  -1.0234294015e-01   1.6657252783e+00
  -1.3902657233e-01  -1.3941666558e-01   1.5565132415e+00  -3.6590273762e-01   1.6598534994e+00
  -1.3823090080e-01  -1.3863647908e-01   1.5163744005e+00  -6.2957984130e-01   1.6051791632e+00
  -1.3743990589e-01  -1.3782532253e-01   1.4381605824e+00  -8.7720934581e-01   1.5057600416e+00
  -1.3675276989e-01  -1.3705448926e-01   1.3423625307e+00  -1.0731043849e+00   1.3875566237e+00
  -1.3619185986e-01  -1.3645105051e-01   1.2461481900e+00  -1.2159549884e+00   1.2712981750e+00
  -1.3569859371e-01  -1.3593266920e-01   1.1504444315e+00  -1.3254413855e+00   1.1576865266e+00
  -1.3524693952e-01  -1.3546451821e-01   1.0548617233e+00  -1.4111520810e+00   1.0461274757e+00
  -1.3482320476e-01  -1.3502936082e-01   9.5904094684e-01  -1.4779824779e+00   9.3620969180e-01
  -1.3441888611e-01  -1.3461704871e-01   8.6380391592e-01  -1.5282038074e+00   8.2892323416e-01
  -1.3402818345e-01  -1.3422072352e-01   7.6767968878e-01  -1.5642247463e+00   7.2272458516e-01
  -1.3364680399e-01  -1.3383564339e-01   6.7245661682e-01  -1.5864705389e+00   6.1972299794e-01
  -1.3327130687e-01  -1.3345796459e-01   5.7702804561e-01  -1.5960825320e+00   5.1885300182e-01
  -1.3289883797e-01  -1.3308464914e-01   4.8103839446e-01  -1.5932938245e+00   4.1997512051e-01
  -1.3252681867e-01  -1.3271302680e-01   3.8541952615e-01  -1.5782487704e+00   3.2429657229e-01
  -1.3215280628e-01  -1.3234061055e-01   2.8999064993e-01  -1.5510242589e+00   2.3188399067e-01
  -1.3177437588e-01  -1.3196500200e-01   1.9471199630e-01  -1.5114796510e+00   1.4300658126e-01
  -1.3138892845e-01  -1.3158374977e-01   9.8626402115e-02  -1.4586438760e+00   5.7220869256e-02
  -1.3099362229e-01  -1.3119410714e-01   3.5546536959e-03  -1.3929876761e+00  -2.3386046182e-02
  -1.3058511169e-01  -1.3079313744e-01  -9.2490083449e-02  -1.3123015244e+00  -9.9898781784e-02
  -1.3015932172e-01  -1.3037708594e-01  -1.8782109302e-01  -1.2168159480e+00  -1.7020654751e-01
  -1.2971106500e-01  -1.2994155751e-01  -2.8354537281e-01  -1.1040186829e+00  -2.3420780784e-01
  -1.2923333014e-01  -1.2948057249e-01  -3.7902230478e-01  -9.7258840622e-01  -2.9020767168e-01
  -1.2871608785e-01  -1.2898608778e-01  -4.7474686200e-01  -8.1898063587e-01  -3.3677746369e-01
  -1.2814388280e-01  -1.2844608792e-01  -5.7031307798e-01  -6.3960847695e-01  -3.7123187381e-01
  -1.2749017137e-01  -1.2784167768e-01  -6.6607173823e-01  -4.2707228800e-01  -3.8982835508e-01
  -1.2673613467e-01  -1.2713866506e-01  -7.5845389592e-01  -1.7959424658e-01  -3.8638539523e-01
  -1.2590901559e-01  -1.2633360428e-01  -8.3753396343e-01   8.3635792635e-02  -3.5717119681e-01
  -1.2501261050e-01  -1.2548442691e-01  -8.9782807448e-01   3.4792993678e-01  -3.0321820455e-01
  -1.2396637424e-01  -1.2454079409e-01  -9.3628865568e-01   6.1283014251e-01  -2.2480080712e-01
  -1.2249778864e-01  -1.2339195439e-01  -9.3636271673e-01   8.8226698141e-01  -1.1864866301e-01
  -1.2081046974e-01  -1.2160362290e-01  -8.7110261590e-01   1.0433872945e+00  -4.4554255549e-02
  -1.1948577340e-01  -1.2001731659e-01  -7.7367726596e-01   1.0637359019e+00  -4.4641583806e-02
  -1.1852118683e-01  -1.1895423021e-01  -6.7777971979e-01   1.0284253340e+00  -8.1628563267e-02
  -1.1771039920e-01  -1.1808814346e-01  -5.8221126323e-01   9.7392828051e-01  -1.3384705941e-01
  -1.1699072478e-01  -1.1733265493e-01  -4.8653088339e-01   9.1086750106e-01  -1.9310375438e-01
  -1.1633150799e-01  -1.1664879463e-01  -3.9108803481e-01   8.4403259248e-01  -2.5459357495e-01
  -1.1571438763e-01  -1.1601422134e-01  -2.9551526325e-01   7.7521983528e-01  -3.1569663007e-01
  -1.1512694500e-01  -1.1541455392e-01  -2.0000785842e-01   7.0538583216e-01  -3.7436360987e-01
  -1.1455983668e-01  -1.1483933608e-01  -1.0443985104e-01   6.3456516281e-01  -4.2928133616e-01
  -1.1400538184e-01  -1.1428033729e-01  -9.0189485341e-03   5.6258617200e-01  -4.7926394194e-01
  -1.1345664245e-01  -1.1373042640e-01   8.6625622737e-02   4.8847897371e-01  -5.2358900744e-01
  -1.1290668313e-01  -1.1318285850e-01   1.8224574247e-01   4.1137807635e-01  -5.6126030301e-01
  -1.1234778702e-01  -1.1263050776e-01   2.7773105876e-01   3.2989672485e-01  -5.9135573251e-01
  -1.1177033069e-01  -1.1206506628e-01   3.7331852000e-01   2.4169888795e-01  -6.1286692373e-01
  -1.1116067671e-01  -1.1147559510e-01   4.6898198998e-01   1.4352402348e-01  -6.2425438247e-01
  -1.1049644516e-01  -1.1084575832e-01   5.6467631299e-01   2.9911412170e-02  -6.2310781427e-01
  -1.0973187306e-01  -1.1014713201e-01   6.6079450219e-01  -1.1083435548e-01  -6.0467465979e-01
  -1.0875769483e-01  -1.0931661412e-01   7.5561244458e-01  -3.0675984518e-01  -5.5707894671e-01
  -1.0763220676e-01  -1.0819877554e-01   8.2088822125e-01  -5.5539457674e-01  -4.7632233291e-01
  -1.0653447855e-01  -1.0706563798e-01   8.3250438593e-01  -8.1822331399e-01  -3.8025107352e-01
  -1.0548641385e-01  -1.0600331911e-01   7.9281422287e-01  -1.0815148518e+00  -2.8283328428e-01
  -1.0450812705e-01  -1.0496950859e-01   7.1288441902e-01  -1.3288607827e+00  -1.9556272888e-01
  -1.0368672350e-01  -1.0404674551e-01   6.1669426636e-01  -1.5307415074e+00  -1.2970210081e-01
  -1.0301492996e-01  -1.0332670149e-01   5.2085792949e-01  -1.6864807575e+00  -8.3304149666e-02
  -1.0241853528e-01  -1.0270315842e-01   4.2507050884e-01  -1.8145629630e+00  -4.8578697611e-02
  -1.0186550726e-01  -1.0213391215e-01   3.2922617707e-01  -1.9221908944e+00  -2.2192313033e-02
  -1.0133797359e-01  -1.0159710238e-01   2.3383443861e-01  -2.0123407575e+00  -2.3814244813e-03
  -1.0082392925e-01  -1.0107884481e-01   1.3822757202e-01  -2.0873537342e+00   1.2208170926e-02
  -1.0031393235e-01  -1.0056901370e-01   4.2578048634e-02  -2.1475440023e+00   2.2368783309e-02
  -9.9799224840e-02  -1.0005885101e-01  -5.3212747119e-02  -2.1925635963e+00   2.8764615938e-02
  -9.9270423613e-02  -9.9539598667e-02  -1.4863706439e-01  -2.2209683976e+00   3.1964502150e-02
  -9.8715787861e-02  -9.9001248558e-02  -2.4433950152e-01  -2.2304466427e+00   3.2591545780e-02
  -9.8118154402e-02  -9.8430327163e-02  -3.4008553766e-01  -2.2162352642e+00   3.1367787137e-02
  -9.7447701117e-02  -9.7805981640e-02  -4.3590426704e-01  -2.1693870102e+00   2.9460052848e-02
  -9.6636310363e-02  -9.7089420594e-02  -5.3226187526e-01  -2.0685778878e+00   2.9421570806e-02
  -9.5615588276e-02  -9.6183200132e-02  -6.1889258545e-01  -1.8756698344e+00   3.8224772604e-02
  -9.4586680544e-02  -9.5047976420e-02  -6.6591246325e-01  -1.6151150673e+00   6.2014140441e-02
  -9.3724583221e-02  -9.4125384668e-02  -6.7244941950e-01  -1.3509529148e+00   9.6930910981e-02
  -9.2956330705e-02  -9.3323781773e-02  -6.5430267705e-01  -1.0868523821e+00   1.4038273417e-01
  -9.2240209215e-02  -9.2588879636e-02  -6.1892313254e-01  -8.2355050381e-01   1.9056968432e-01
  -9.1551989166e-02  -9.1891538794e-02  -5.6988675631e-01  -5.5939546411e-01   2.4643659868e-01
  -9.0874056357e-02  -9.1212439538e-02  -5.0965895392e-01  -2.9637165021e-01   3.0622504437e-01
  -9.0190461017e-02  -9.0535673177e-02  -4.3863194146e-01  -3.1992600679e-02   3.6901124365e-01
  -8.9483328524e-02  -8.9845248857e-02  -3.5741065144e-01   2.3141095796e-01   4.3233921863e-01
  -8.8744457910e-02  -8.9121408191e-02  -2.6643894297e-01   4.8988987978e-01   4.9250980367e-01
  -8.7997455275e-02  -8.8367507628e-02  -1.7105136532e-01   7.2573090937e-01   5.4180135669e-01
  -8.7255859133e-02  -8.7627402921e-02  -7.5657594464e-02   9.2680539567e-01   5.7384316996e-01
  -8.6502354374e-02  -8.6884315344e-02   2.0019210659e-02   1.0914291523e+00   5.8412244293e-01
  -8.5717949774e-02  -8.6120393403e-02   1.1537823161e-01   1.2131941562e+00   5.6623628500e-01
  -8.4878351202e-02  -8.5315506144e-02   2.1093075389e-01   1.2831752128e+00   5.1085997602e-01
  -8.3944307739e-02  -8.4441196260e-02   3.0653775356e-01   1.2839509371e+00   4.0303603057e-01
  -8.2958656286e-02  -8.3447419218e-02   3.9296721392e-01   1.1991388349e+00   2.3899771597e-01
  -8.2059241852e-02  -8.2469893354e-02   4.5668051456e-01   1.0510640985e+00   5.0672987023e-02
  -8.1273467603e-02  -8.1648590351e-02   4.9897708082e-01   8.7264798741e-01  -1.3764646924e-01
  -8.0536422741e-02  -8.0898344855e-02   5.2599190847e-01   6.7326874063e-01  -3.2536089477e-01
  -7.9808359309e-02  -8.0174500628e-02   5.3974225635e-01   4.5473951647e-01  -5.1318130144e-01
  -7.9050623663e-02  -7.9442217990e-02   5.3928179902e-01   2.1511924255e-01  -7.0145074676e-01
  -7.8235731267e-02  -7.8659029337e-02   5.2083683942e-01  -4.2487871010e-02  -8.8336887931e-01
  -7.7345517805e-02  -7.7812433198e-02   4.7820160578e-01  -3.0698959242e-01  -1.0431728325e+00
  -7.6375433710e-02  -7.6878602411e-02   4.0406532117e-01  -5.5542315473e-01  -1.1546823817e+00
  -7.5471448216e-02  -7.5872265010e-02   3.0952814363e-01  -7.3482131813e-01  -1.1890929716e+00
  -7.4730520140e-02  -7.5070631421e-02   2.1355288591e-01  -8.3510094415e-01  -1.1600482928e+00
  -7.4086614609e-02  -7.4390408859e-02   1.1804456940e-01  -8.8449810365e-01  -1.0918995043e+00
  -7.3502912940e-02  -7.3782820358e-02   2.2232508794e-02  -8.9841353972e-01  -9.9588122654e-01
  -7.2959244061e-02  -7.3223005522e-02  -7.3159490629e-02  -8.8517520527e-01  -8.7934490013e-01
  -7.2442658012e-02  -7.2695482600e-02  -1.6891871601e-01  -8.5000406754e-01  -7.4552764009e-01
  -7.1943901172e-02  -7.2189833424e-02  -2.6434347468e-01  -7.9665266868e-01  -5.9818249133e-01
  -7.1455567038e-02  -7.1697968919e-02  -3.6022497559e-01  -7.2705069278e-01  -4.3799892846e-01
  -7.0971112465e-02  -7.1213165156e-02  -4.5570070319e-01  -6.4340845434e-01  -2.6773600473e-01
  -7.0484393340e-02  -7.0729059775e-02  -5.5113608123e-01  -5.4648316029e-01  -8.7693572854e-02
  -6.9996658212e-02  -7.0239726906e-02  -6.4494418871e-01  -4.3857363156e-01   9.8453294926e-02
  -6.9511276973e-02  -6.9753589519e-02  -7.3525563770e-01  -3.2247556408e-01   2.8632322517e-01
  -6.9022863539e-02  -6.9268964428e-02  -8.2154776485e-01  -1.9923303330e-01   4.7433126624e-01
  -6.8521713187e-02  -6.8776762651e-02  -9.0351975993e-01  -6.8960175080e-02   6.6177750098e-01
  -6.7995632743e-02  -6.8266663724e-02  -9.8140253562e-01   7.0437171837e-02   8.5005016225e-01
  -6.7426554981e-02  -6.7724601762e-02  -1.0536536119e+00   2.2018845707e-01   1.0376850281e+00
  -6.6781407199e-02  -6.7128508200e-02  -1.1187490093e+00   3.8657044462e-01   1.2263338202e+00
  -6.5975470038e-02  -6.6434306199e-02  -1.1707076528e+00   5.8336069294e-01   1.4163382576e+00
  -6.4880583006e-02  -6.5516633878e-02  -1.1835702489e+00   8.2431960522e-01   1.5817316928e+00
  -6.3705728823e-02  -6.4244532135e-02  -1.1227847315e+00   1.0456552018e+00   1.6388857062e+00
  -6.2820122266e-02  -6.3166925512e-02  -1.0246386941e+00   1.1858406622e+00   1.5994692065e+00
  -6.2193281953e-02  -6.2473319020e-02  -9.2834953371e-01   1.2715423676e+00   1.5311634739e+00
  -6.1669103771e-02  -6.1913244887e-02  -8.3253184275e-01   1.3354771454e+00   1.4522265844e+00
  -6.1203556628e-02  -6.1424962656e-02  -7.3681448122e-01   1.3869248164e+00   1.3679204584e+00
  -6.0776363692e-02  -6.0982150600e-02  -6.4115341951e-01   1.4300357074e+00   1.2808085041e+00
  -6.0376008864e-02  -6.0570576785e-02  -5.4559747651e-01   1.4670913341e+00   1.1924360496e+00
  -5.9995114496e-02  -6.0181440943e-02  -4.5015846135e-01   1.4994982416e+00   1.1037864341e+00
  -5.9628574068e-02  -5.9808788048e-02  -3.5426245644e-01   1.5283356930e+00   1.0150203657e+00
  -5.9272575342e-02  -5.9448360087e-02  -2.5857903277e-01   1.5539964044e+00   9.2729364943e-01
  -5.8924085131e-02  -5.9096790597e-02  -1.6283116064e-01   1.5769793723e+00   8.4078684728e-01
  -5.8580597599e-02  -5.8751379665e-02  -6.7355267512e-02   1.5974873645e+00   7.5617230235e-01
  -5.8239934338e-02  -5.8409815533e-02   2.7984921849e-02   1.6157344336e+00   6.7365153251e-01
  -5.7900118172e-02  -5.8070053144e-02   1.2329781596e-01   1.6318261432e+00   5.9344305402e-01
  -5.7559235325e-02  -5.7730183200e-02   2.1962528291e-01   1.6458926878e+00   5.1504815064e-01
  -5.7215358516e-02  -5.7388287451e-02   3.1500679708e-01   1.6575697098e+00   4.4040567927e-01
  -5.6866471942e-02  -5.7042429581e-02   4.1048130137e-01   1.6668724148e+00   3.6901040027e-01
  -5.6510344049e-02  -5.6690514304e-02   5.0604473619e-01   1.6735490216e+00   3.0128092190e-01
  -5.6144405688e-02  -5.6330173793e-02   6.0154455816e-01   1.6772363851e+00   2.3779115279e-01
  -5.5765562446e-02  -5.5958637582e-02   6.9711095364e-01   1.6774443565e+00   1.7900807837e-01
  -5.5369886747e-02  -5.5572487310e-02   7.9292233526e-01   1.6734579787e+00   1.2553110970e-01
  -5.4952228430e-02  -5.5167286183e-02   8.8845577293e-01   1.6643108943e+00   7.8523693409e-02
  -5.4505407242e-02  -5.4737170677e-02   9.8413062755e-01   1.6485346659e+00   3.8919674356e-02
  -5.4018664344e-02  -5.4273643807e-02   1.0798085755e+00   1.6239096776e+00   8.4386681264e-03
  -5.3474392936e-02  -5.3763684880e-02   1.1755281624e+00   1.5867096164e+00  -1.0400412067e-02
  -5.2839307797e-02  -5.3185100992e-02   1.2713871110e+00   1.5298492663e+00  -1.3196437934e-02
  -5.2030170497e-02  -5.2493514603e-02   1.3680816100e+00   1.4354322630e+00   1.0091413252e-02
  -5.0872534113e-02  -5.1566826391e-02   1.4562414678e+00   1.2574515155e+00   8.4471439714e-02
  -4.9574456891e-02  -5.0178241836e-02   1.4921253476e+00   1.0045050696e+00   2.0080427984e-01
  -4.8444255376e-02  -4.8970671946e-02   1.4715606057e+00   7.4126883619e-01   3.1062890231e-01
  -4.7436240106e-02  -4.7917838806e-02   1.4168968925e+00   4.7781733119e-01   3.9983744394e-01
  -4.6500673341e-02  -4.6954641406e-02   1.3392764999e+00   2.1503569465e-01   4.6527197038e-01
  -4.5641744036e-02  -4.6046705276e-02   1.2474784073e+00  -3.8549648185e-02   5.0545796305e-01
  -4.4883663770e-02  -4.5236782795e-02   1.1518520017e+00  -2.6831858766e-01   5.2223119950e-01
  -4.4210884131e-02  -4.4530544745e-02   1.0562666048e+00  -4.7500764784e-01   5.2134811196e-01
  -4.3595217012e-02  -4.3891223517e-02   9.6063913098e-01  -6.6451979854e-01   5.0723776988e-01
  -4.3020738819e-02  -4.3299210508e-02   8.6520288107e-01  -8.3950699443e-01   4.8275635723e-01
  -4.2477179504e-02  -4.2742267130e-02   7.6959714020e-01  -1.0024325620e+00   4.4972840666e-01
  -4.1957255471e-02  -4.2212091879e-02   6.7413966127e-01  -1.1538074261e+00   4.0961379215e-01
  -4.1455368312e-02  -4.1702419064e-02   5.7851046636e-01  -1.2947267704e+00   3.6325367597e-01
  -4.0966940906e-02  -4.1208317560e-02   4.8299365533e-01  -1.4249960513e+00   3.1146357896e-01
  -4.0487971903e-02  -4.0725564251e-02   3.8768955719e-01  -1.5444957767e+00   2.5478321131e-01
  -4.0014789992e-02  -4.0250379555e-02   2.9172514877e-01  -1.6538813190e+00   1.9289121192e-01
  -3.9543785224e-02  -3.9779200429e-02   1.9646185142e-01  -1.7509715308e+00   1.2671674345e-01
  -3.9071180061e-02  -3.9308370018e-02   1.0084268130e-01  -1.8359451005e+00   5.5407713472e-02
  -3.8592776249e-02  -3.8833990105e-02   5.1558295493e-03  -1.9069780182e+00  -2.1257976249e-02
  -3.8103591837e-02  -3.8351562393e-02  -9.0313034274e-02  -1.9618368977e+00  -1.0371782092e-01
  -3.7597286353e-02  -3.7855621282e-02  -1.8586259684e-01  -1.9977384877e+00  -1.9331300181e-01
  -3.7065103237e-02  -3.7338951425e-02  -2.8152327770e-01  -2.0101072556e+00  -2.9185071538e-01
  -3.6493856711e-02  -3.6791255049e-02  -3.7717720492e-01  -1.9917366007e+00  -4.0209269349e-01
  -3.5861218753e-02  -3.6196458373e-02  -4.7282477898e-01  -1.9302329571e+00  -5.2911003646e-01
  -3.5124483354e-02  -3.5525979133e-02  -5.6869317931e-01  -1.7999496519e+00  -6.8376353325e-01
  -3.4317883711e-02  -3.4722987574e-02  -6.5184412524e-01  -1.5846039041e+00  -8.5958529209e-01
  -3.3584458764e-02  -3.3912779847e-02  -7.0654047313e-01  -1.3230554678e+00  -1.0248881567e+00
  -3.2974660001e-02  -3.3256137681e-02  -7.3613206200e-01  -1.0583264175e+00  -1.1658621256e+00
  -3.2440459413e-02  -3.2693182321e-02  -7.5039236615e-01  -7.9425320262e-01  -1.2911597401e+00
  -3.1954188186e-02  -3.2187736505e-02  -7.5440571569e-01  -5.3059329080e-01  -1.4061116457e+00
  -3.1500414940e-02  -3.1720639867e-02  -7.5098058144e-01  -2.6600874343e-01  -1.5141047560e+00
  -3.1069178982e-02  -3.1280190014e-02  -7.4194913679e-01  -2.6612425149e-03  -1.6160134119e+00
  -3.0653346278e-02  -3.0858167950e-02  -7.2852109857e-01   2.6118740992e-01  -1.7136914991e+00
  -3.0247398236e-02  -3.0448524607e-02  -7.1154884271e-01   5.2589834304e-01  -1.8080187075e+00
  -2.9846592122e-02  -3.0046271866e-02  -6.9197298601e-01   7.8835575745e-01  -1.8984672743e+00
  -2.9446494561e-02  -2.9646912379e-02  -6.7000003117e-01   1.0534896720e+00  -1.9870979216e+00
  -2.9042557977e-02  -2.9246076744e-02  -6.4648620598e-01   1.3168512420e+00  -2.0726275416e+00
  -2.8629610709e-02  -2.8839039210e-02  -6.2174056383e-01   1.5804428686e+00  -2.1558232215e+00
  -2.8201094744e-02  -2.8420182208e-02  -5.9617358696e-01   1.8448493224e+00  -2.2367738388e+00
  -2.7747804487e-02  -2.7982007279e-02  -5.7048459305e-01   2.1084237990e+00  -2.3146727906e+00
  -2.7254896322e-02  -2.7513601694e-02  -5.4520696372e-01   2.3730770184e+00  -2.3893663084e+00
  -2.6693524376e-02  -2.6996190950e-02  -5.2156427283e-01   2.6385367052e+00  -2.4590811672e+00
  -2.5984013013e-02  -2.6390857802e-02  -5.0229723113e-01   2.9061735000e+00  -2.5192388861e+00
  -2.4657838170e-02  -2.5577168224e-02  -5.0869820800e-01   3.1496848399e+00  -2.5254100638e+00
  -2.3218035394e-02  -2.3738508117e-02  -5.7387359367e-01   3.0527769224e+00  -2.3788146522e+00
  -2.2378388881e-02  -2.2697562670e-02  -6.4318020274e-01   2.7864108551e+00  -2.1999784751e+00
  -2.1808679248e-02  -2.2059215092e-02  -7.0132811115e-01   2.5199966747e+00  -2.0382774192e+00
  -2.1342790029e-02  -2.1558143404e-02  -7.5408376540e-01   2.2551534768e+00  -1.8828709687e+00
  -2.0934024948e-02  -2.1127436654e-02  -8.0348196800e-01   1.9899207253e+00  -1.7295629523e+00
  -2.0562101634e-02  -2.0740613242e-02  -8.4980187587e-01   1.7268057173e+00  -1.5784597892e+00
  -2.0215850561e-02  -2.0383590027e-02  -8.9382936259e-01   1.4637187730e+00  -1.4276198618e+00
  -1.9888461160e-02  -2.0048111096e-02  -9.3621167666e-01   1.1978379505e+00  -1.2749524860e+00
  -1.9575169616e-02  -1.9728811225e-02  -9.7603070186e-01   9.3582708130e-01  -1.1239484416e+00
  -1.9272450529e-02  -1.9421528007e-02  -1.0142536329e+00   6.7199785189e-01  -9.7107397172e-01
  -1.8977681546e-02  -1.9123373050e-02  -1.0508070928e+00   4.0675998226e-01  -8.1631859950e-01
  -1.8688664855e-02  -1.8831990042e-02  -1.0852416340e+00   1.4339618266e-01  -6.6139255024e-01
  -1.8403516019e-02  -1.8545339667e-02  -1.1178166908e+00  -1.2013326757e-01  -5.0491113949e-01
  -1.8120575494e-02  -1.8261692371e-02  -1.1484954225e+00  -3.8407219223e-01  -3.4651673121e-01
  -1.7838279563e-02  -1.7979458618e-02  -1.1771893708e+00  -6.4854272267e-01  -1.8589940026e-01
  -1.7555086282e-02  -1.7697100507e-02  -1.2036336074e+00  -9.1216969557e-01  -2.3648675535e-02
  -1.7269408498e-02  -1.7413072057e-02  -1.2277602965e+00  -1.1757000682e+00   1.4096735215e-01
  -1.6979531635e-02  -1.7125744939e-02  -1.2493609964e+00  -1.4390437920e+00   3.0822826664e-01
  -1.6683471903e-02  -1.6833318331e-02  -1.2683094558e+00  -1.7044172731e+00   4.8000762376e-01
  -1.6378877243e-02  -1.6533625474e-02  -1.2839785178e+00  -1.9681480725e+00   6.5447389452e-01
  -1.6062897941e-02  -1.6224129011e-02  -1.2959558555e+00  -2.2297102139e+00   8.3185917766e-01
  -1.5732206849e-02  -1.5901666872e-02  -1.3038142914e+00  -2.4958740933e+00   1.0177959491e+00
  -1.5387609501e-02  -1.5562746826e-02  -1.3063376866e+00  -2.7535724320e+00   1.2043432269e+00
  -1.5030940772e-02  -1.5212472176e-02  -1.3027882126e+00  -3.0017498496e+00   1.3918201545e+00
  -1.4659460941e-02  -1.4849409367e-02  -1.2922264981e+00  -3.2367735076e+00   1.5789303122e+00
  -1.4268227796e-02  -1.4469512514e-02  -1.2730819978e+00  -3.4587818881e+00   1.7680218299e+00
  -1.3850365811e-02  -1.4066943077e-02  -1.2438826068e+00  -3.6594602435e+00   1.9551196584e+00
  -1.3395411793e-02  -1.3633788545e-02  -1.2014456029e+00  -3.8365094679e+00   2.1430205766e+00
  -1.2885374097e-02  -1.3157035040e-02  -1.1409977585e+00  -3.9797898402e+00   2.3309671174e+00
  -1.2319148397e-02  -1.2613713155e-02  -1.0583068083e+00  -4.0691680002e+00   2.5101065078e+00
  -1.1766939803e-02  -1.2024583638e-02  -9.6305037778e-01  -4.0855835059e+00   2.6530857199e+00
  -1.1277489339e-02  -1.1509295969e-02  -8.6746888915e-01  -4.0413761541e+00   2.7518678046e+00
  -1.0831509801e-02  -1.1045682709e-02  -7.7172622383e-01  -3.9543187413e+00   2.8189794583e+00
  -1.0415768518e-02  -1.0617336894e-02  -6.7600987768e-01  -3.8348139754e+00   2.8615178788e+00
  -1.0021848459e-02  -1.0214200142e-02  -5.8058258999e-01  -3.6899188397e+00   2.8840304340e+00
  -9.6439485492e-03  -9.8294967764e-03  -4.8510299368e-01  -3.5236362832e+00   2.8896286575e+00
  -9.2778050783e-03  -9.4584003221e-03  -3.8934516481e-01  -3.3386236525e+00   2.8802405582e+00
  -8.9200404356e-03  -9.0972098346e-03  -2.9357497528e-01  -3.1376555932e+00   2.8571893345e+00
  -8.5678107105e-03  -8.7428710366e-03  -1.9790315388e-01  -2.9227941715e+00   2.8214492791e+00
  -8.2186042506e-03  -8.3927503844e-03  -1.0233485348e-01  -2.6954934121e+00   2.7736339248e+00
  -7.8700777871e-03  -8.0444581167e-03  -6.8160834279e-03  -2.4567303767e+00   2.7140024315e+00
  -7.5199097938e-03  -7.6956974574e-03   8.8721650904e-02  -2.2071530951e+00   2.6424760359e+00
  -7.1668664001e-03  -7.3441221302e-03   1.8398373378e-01  -1.9481702190e+00   2.5589825342e+00
  -6.8140768079e-03  -6.9896106701e-03   2.7739713026e-01  -1.6847903463e+00   2.4646663915e+00
  -6.4634904874e-03  -6.6385429457e-03   3.6783627465e-01  -1.4210717448e+00   2.3606132386e+00
  -6.1121712293e-03  -6.2884380292e-03   4.5551589757e-01  -1.1571921043e+00   2.2464168518e+00
  -5.7566412883e-03  -5.9359044295e-03   5.4065622725e-01  -8.9301064273e-01   2.1211605986e+00
  -5.3930843476e-03  -5.5773781471e-03   6.2328343534e-01  -6.2870992767e-01   1.9836189868e+00
  -5.0169731434e-03  -5.2087905480e-03   7.0316686820e-01  -3.6506736601e-01   1.8323637675e+00
  -4.6225437566e-03  -4.8251557389e-03   7.8041788938e-01  -1.0139951398e-01   1.6642669637e+00
  -4.2162125198e-03  -4.4199317743e-03   8.5228908869e-01   1.5320144390e-01   1.4821535346e+00
  -3.8171349222e-03  -4.0124932654e-03   9.1530199167e-01   3.8609050587e-01   1.2932438272e+00
  -3.4329535906e-03  -3.6217765790e-03   9.6718518602e-01   5.8744030087e-01   1.1064484789e+00
  -3.0605142378e-03  -3.2441306023e-03   1.0097750619e+00   7.6262768064e-01   9.1892775163e-01
  -2.6973829157e-03  -2.8768978734e-03   1.0435824552e+00   9.1250765772e-01   7.3108246736e-01
  -2.3415054562e-03  -2.5178679581e-03   1.0690840648e+00   1.0379729670e+00   5.4324027019e-01
  -1.9910927875e-03  -2.1651429542e-03   1.0867301928e+00   1.1399743785e+00   3.5556736470e-01
  -1.6445352060e-03  -1.8170426208e-03   1.0969198572e+00   1.2194155590e+00   1.6810272159e-01
  -1.3003310079e-03  -1.4720277913e-03   1.0999834974e+00   1.2770732290e+00  -1.9209387442e-02
  -9.5702242009e-04  -1.1286342244e-03   1.0961722642e+00   1.3135397915e+00  -2.0648710774e-01
  -6.1312286088e-04  -7.8541061575e-04   1.0855367612e+00   1.3291470207e+00  -3.9513288485e-01
  -2.6705867020e-04  -4.4083510601e-04   1.0683140616e+00   1.3238329446e+00  -5.8269763022e-01
   8.2889920209e-05  -9.3282234395e-05   1.0445639697e+00   1.2978767596e+00  -7.7012198189e-01
   4.3869076120e-04   2.5906207481e-04   1.0142411383e+00   1.2510607610e+00  -9.5766210881e-01
   8.0268952130e-04   6.1831944759e-04   9.7727442367e-01   1.1829731458e+00  -1.1451240947e+00
   1.1778099273e-03   9.8705959502e-04   9.3339273572e-01   1.0926871410e+00  -1.3327688664e+00
   1.5679059346e-03   1.3685602596e-03   8.8205058995e-01   9.7845956674e-01  -1.5211039915e+00
   1.9782232194e-03   1.7672516095e-03   8.2309246906e-01   8.3923152595e-01  -1.7085401317e+00
   2.4164043715e-03   2.1891948294e-03   7.5537809981e-01   6.7142563244e-01  -1.8959073376e+00
   2.8948860838e-03   2.6436139136e-03   6.7680081566e-01   4.6838488503e-01  -2.0842188151e+00
   3.4213017739e-03   3.1461582541e-03   5.8702935134e-01   2.2747262875e-01  -2.2680065212e+00
   3.9663730882e-03   3.6964452937e-03   4.9298805648e-01  -3.3621308352e-02  -2.4293913149e+00
   4.5036626281e-03   4.2363008826e-03   4.0058250938e-01  -2.9814177861e-01  -2.5581753146e+00
   5.0426468503e-03   4.7710243735e-03   3.1103116258e-01  -5.6165807799e-01  -2.6538347208e+00
   5.5978454168e-03   5.3142693271e-03   2.2354543424e-01  -8.2576548872e-01  -2.7162583786e+00
   6.1879650917e-03   5.8814215066e-03   1.3800938801e-01  -1.0903322220e+00  -2.7408774410e+00
   6.8441104254e-03   6.4945086769e-03   5.4369847876e-02  -1.3548933373e+00  -2.7172310427e+00
   7.6264138188e-03   7.1937121739e-03  -2.7366909964e-02  -1.6177594967e+00  -2.6200396769e+00
   8.4237048428e-03   8.0591154636e-03  -8.9627674935e-02  -1.8169631210e+00  -2.4508855098e+00
   9.0800624329e-03   8.7882942220e-03  -1.2400573570e-01  -1.9198968699e+00  -2.2617067948e+00
   9.6266247763e-03   9.3718306438e-03  -1.4110259184e-01  -1.9596101383e+00  -2.0735008294e+00
   1.0113651191e-02   9.8814189088e-03  -1.4795738801e-01  -1.9583735358e+00  -1.8849171118e+00
   1.0563304563e-02   1.0345883474e-02  -1.4769612060e-01  -1.9262363535e+00  -1.6975560515e+00
   1.0987983321e-02   1.0780725653e-02  -1.4211916981e-01  -1.8685076365e+00  -1.5099263031e+00
   1.1395534582e-02   1.1195240990e-02  -1.3231786246e-01  -1.7884076200e+00  -1.3224549006e+00
   1.1791511962e-02   1.1595828174e-02  -1.1893232582e-01  -1.6871612774e+00  -1.1339986906e+00
   1.2180191266e-02   1.1987195750e-02  -1.0266071106e-01  -1.5672532137e+00  -9.4688483578e-01
   1.2565097750e-02   1.2373186783e-02  -8.3753951684e-02  -1.4283543254e+00  -7.5940393315e-01
   1.2949311528e-02   1.2757008718e-02  -6.2390363535e-02  -1.2699242145e+00  -5.7093550667e-01
   1.3335723622e-02   1.3141614338e-02  -3.9104304464e-02  -1.0942833968e+00  -3.8428846376e-01
   1.3727244847e-02   1.3529832906e-02  -1.3561803506e-02  -8.9732171693e-01  -1.9569056027e-01
   1.4126929379e-02   1.3924656788e-02   1.3618872593e-02  -6.8228151410e-01  -9.0565007357e-03
   1.4538225347e-02   1.4329201971e-02   4.2925577846e-02  -4.4375011542e-01   1.7927003030e-01
   1.4957792415e-02   1.4747248724e-02   7.3486021612e-02  -1.8736201992e-01   3.6383064739e-01
   1.5371173469e-02   1.5168336106e-02   1.0397347152e-01   7.6359724942e-02   5.3762362404e-01
   1.5771452014e-02   1.5574010833e-02   1.3345332724e-01   3.3903910198e-01   6.9688773334e-01
   1.6162885495e-02   1.5968893196e-02   1.6241315327e-01   6.0451328140e-01   8.4556370726e-01
   1.6549182811e-02   1.6356877794e-02   1.9032151598e-01   8.6732356750e-01   9.8195364777e-01
   1.6933713129e-02   1.6741487828e-02   2.1760284728e-01   1.1308105715e+00   1.1090067482e+00
   1.7319733186e-02   1.7125938430e-02   2.4438600614e-01   1.3958034788e+00   1.2278316497e+00
   1.7710645005e-02   1.7513527943e-02   2.7027709090e-01   1.6578858763e+00   1.3372166063e+00
   1.8110362188e-02   1.7907762067e-02   2.9595557071e-01   1.9235759197e+00   1.4404071646e+00
   1.8523661351e-02   1.8312962309e-02   3.2084746548e-01   2.1867118299e+00   1.5353974475e+00
   1.8956823170e-02   1.8734360393e-02   3.4525444481e-01   2.4503088333e+00   1.6237413768e+00
   1.9419099760e-02   1.9179285948e-02   3.6918689995e-01   2.7148072170e+00   1.7057591159e+00
   1.9925401771e-02   1.9658913573e-02   3.9240230527e-01   2.9785069292e+00   1.7810423184e+00
   2.0504441297e-02   2.0191889969e-02   4.1488380812e-01   3.2440786563e+00   1.8502142821e+00
   2.1231405144e-02   2.0816992624e-02   4.3579196119e-01   3.5110880816e+00   1.9124247815e+00
   2.2211719908e-02   2.1645817664e-02   4.4943058242e-01   3.7423577641e+00   1.9582126732e+00
   2.3343524395e-02   2.2777622152e-02   4.4196062620e-01   3.8152669739e+00   1.9650565890e+00
   2.4489829826e-02   2.3909426639e-02   4.0528395018e-01   3.6659799492e+00   1.9275233105e+00
   2.5424962228e-02   2.5070233013e-02   3.5339043681e-01   3.3912152090e+00   1.8686648272e+00
   2.6066650637e-02   2.5779691443e-02   3.0576273509e-01   3.1255205788e+00   1.8137531245e+00
   2.6605235672e-02   2.6353609832e-02   2.5889277865e-01   2.8609845643e+00   1.7591527751e+00
   2.7086701716e-02   2.6856861513e-02   2.1208409653e-01   2.5961197832e+00   1.7038554974e+00
   2.7532002509e-02   2.7316541919e-02   1.6552083357e-01   2.3327328023e+00   1.6478200452e+00
   2.7953078980e-02   2.7747463100e-02   1.1891393216e-01   2.0693256344e+00   1.5904216197e+00
   2.8357594405e-02   2.8158694860e-02   7.2056872703e-02   1.8045533444e+00   1.5310758001e+00
   2.8751110310e-02   2.8556493951e-02   2.5586325661e-02   1.5416231708e+00   1.4702439196e+00
   2.9137993095e-02   2.8945726668e-02  -2.1077956322e-02   1.2766753296e+00   1.4067629513e+00
   2.9521916985e-02   2.9330259521e-02  -6.7036649364e-02   1.0140639418e+00   1.3413940210e+00
   2.9906264950e-02   2.9713574449e-02  -1.1286209168e-01   7.4954062922e-01   1.2727637490e+00
   3.0294365289e-02   3.0098955451e-02  -1.5787743292e-01   4.8572167188e-01   1.2011524467e+00
   3.0689755198e-02   3.0489775127e-02  -2.0186976422e-01   2.2221452104e-01   1.1260209707e+00
   3.1096463157e-02   3.0889735270e-02  -2.4448886439e-01  -4.1081502964e-02   1.0467997049e+00
   3.1519486007e-02   3.1303191045e-02  -2.8545740668e-01  -3.0569206583e-01   9.6225676472e-01
   3.1965425398e-02   3.1735780969e-02  -3.2379007651e-01  -5.7004373414e-01   8.7185725077e-01
   3.2443548203e-02   3.2195069828e-02  -3.5833516110e-01  -8.3343219530e-01   7.7447442571e-01
   3.2968345513e-02   3.2692026579e-02  -3.8758884218e-01  -1.0973259341e+00   6.6740287871e-01
   3.3565743809e-02   3.3244664448e-02  -4.0846570394e-01  -1.3620987777e+00   5.4658323258e-01
   3.4293014475e-02   3.3886823171e-02  -4.1416409628e-01  -1.6280189796e+00   4.0363401933e-01
   3.5223929815e-02   3.4699205779e-02  -3.8844178801e-01  -1.8741809518e+00   2.3167625988e-01
   3.6268305336e-02   3.5748653850e-02  -3.1714694567e-01  -2.0297776367e+00   5.7617954803e-02
   3.7183674612e-02   3.6787956821e-02  -2.2146128132e-01  -2.0674167856e+00  -7.4670076794e-02
   3.7921128425e-02   3.7579392403e-02  -1.2543764675e-01  -2.0363119680e+00  -1.6592866704e-01
   3.8579174575e-02   3.8262864447e-02  -2.9684298777e-02  -1.9693473347e+00  -2.3582275652e-01
   3.9201752613e-02   3.8895484703e-02   6.6253613779e-02  -1.8774421092e+00  -2.9254712915e-01
   3.9816094117e-02   3.9508020523e-02   1.6177030238e-01  -1.7656057188e+00  -3.3995243551e-01
   4.0446942165e-02   4.0124167712e-02   2.5759491633e-01  -1.6336196402e+00  -3.8116403174e-01
   4.1127404621e-02   4.0769716619e-02   3.5351424579e-01  -1.4783438407e+00  -4.1834977835e-01
   4.1926793134e-02   4.1485092624e-02   4.5010255652e-01  -1.2868783231e+00  -4.5466024811e-01
   4.2921960227e-02   4.2368493644e-02   5.3626780396e-01  -1.0480864093e+00  -4.9255089168e-01
   4.4081474382e-02   4.3475426810e-02   5.7790761930e-01  -7.8465804919e-01  -5.3174696067e-01
   4.5323113191e-02   4.4687521953e-02   5.4283088760e-01  -5.3614707367e-01  -5.7150406661e-01
   4.6370056894e-02   4.5958704429e-02   4.5138965704e-01  -3.5940176054e-01  -6.0325592740e-01
   4.7102671865e-02   4.6781409358e-02   3.5474090525e-01  -2.5609425567e-01  -6.2295935292e-01
   4.7703439578e-02   4.7423934371e-02   2.5878412483e-01  -1.8403036159e-01  -6.3622430097e-01
   4.8238909777e-02   4.7982944785e-02   1.6304464945e-01  -1.2926813986e-01  -6.4488956754e-01
   4.8736844284e-02   4.8494874768e-02   6.7223440824e-02  -8.6148623972e-02  -6.4952276343e-01
   4.9212948452e-02   4.8978813800e-02  -2.8405737939e-02  -5.1975225241e-02  -6.5021878169e-01
   4.9678005080e-02   4.9447083105e-02  -1.2388335340e-01  -2.5101771828e-02  -6.4686838068e-01
   5.0140720161e-02   4.9908927055e-02  -2.1963234475e-01  -4.5657884074e-03  -6.3910328538e-01
   5.0609394858e-02   5.0372513266e-02  -3.1513109078e-01   9.8998404017e-03  -6.2640981512e-01
   5.1093399947e-02   5.0846276449e-02  -4.1096460642e-01   1.8309631544e-02  -6.0783136859e-01
   5.1605138709e-02   5.1340523444e-02  -5.0658653863e-01   2.0024111596e-02  -5.8210295957e-01
   5.2164234870e-02   5.1869753975e-02  -6.0250353712e-01   1.3619815228e-02  -5.4676655402e-01
   5.2809542442e-02   5.2458715765e-02  -6.9853584405e-01  -4.2510405898e-03  -4.9724959513e-01
   5.3663277286e-02   5.3160369118e-02  -7.9635200318e-01  -4.4684739353e-02  -4.1899776345e-01
   5.5005862635e-02   5.4166185453e-02  -8.6975455524e-01  -1.4287402985e-01  -2.7800503705e-01
   5.6516222065e-02   5.5845539817e-02  -8.3637262852e-01  -2.8878703859e-01  -1.2005614922e-01
   5.7575277330e-02   5.7186904313e-02  -7.3808000470e-01  -4.0402817110e-01  -2.8987815636e-02
   5.8272177444e-02   5.7963650348e-02  -6.4165232634e-01  -4.8010790309e-01   1.3220161527e-02
   5.8849738319e-02   5.8580704541e-02  -5.4559982450e-01  -5.4041678234e-01   3.4643092844e-02
   5.9364310598e-02   5.9118772098e-02  -4.5002400115e-01  -5.9003494347e-01   4.1951682667e-02
   5.9840171427e-02   5.9609849098e-02  -3.5425398733e-01  -6.3141342002e-01   3.8136089352e-02
   6.0290786959e-02   6.0070493755e-02  -2.5876437040e-01  -6.6533465691e-01   2.4779280150e-02
   6.0724907382e-02   6.0511080163e-02  -1.6303551427e-01  -6.9243981009e-01   2.7401949617e-03
   6.1148866002e-02   6.0938734602e-02  -6.7375340032e-02  -7.1273378749e-01  -2.7389642775e-02
   6.1567770318e-02   6.1358997402e-02   2.8173811161e-02  -7.2610320072e-01  -6.5259345209e-02
   6.1986122847e-02   6.1776543234e-02   1.2369885275e-01  -7.3222935089e-01  -1.1075935726e-01
   6.2408302333e-02   6.2195702460e-02   2.1929929830e-01  -7.3052351926e-01  -1.6398597448e-01
   6.2839008800e-02   6.2620902206e-02   3.1497800155e-01  -7.2008148830e-01  -2.2517177090e-01
   6.3283761096e-02   6.3057115395e-02   4.1052796945e-01  -6.9966456149e-01  -2.9457567843e-01
   6.3749693256e-02   6.3510406797e-02   5.0620598821e-01  -6.6734728189e-01  -3.7305215560e-01
   6.4246972172e-02   6.3988979715e-02   6.0186629430e-01  -6.2030889494e-01  -4.6157053810e-01
   6.4791852853e-02   6.4504964628e-02   6.9761039590e-01  -5.5378273478e-01  -5.6204581403e-01
   6.5414880048e-02   6.5078741079e-02   7.9345503499e-01  -4.5894492796e-01  -6.7789361478e-01
   6.6194402199e-02   6.5751019017e-02   8.9038134358e-01  -3.1272960606e-01  -8.1874290896e-01
   6.7176035467e-02   6.6637785381e-02   9.7198008615e-01  -9.1909940653e-02  -9.7715501961e-01
   6.8199223584e-02   6.7714285553e-02   1.0076698967e+00   1.7165754969e-01  -1.1073014214e+00
   6.9150305328e-02   6.8684161616e-02   9.9381238245e-01   4.3558356385e-01  -1.1841430918e+00
   7.0091189684e-02   6.9616449040e-02   9.3775571130e-01   6.9943091931e-01  -1.2110042999e+00
   7.0979810457e-02   7.0565930328e-02   8.5085184377e-01   9.3696731715e-01  -1.1896447102e+00
   7.1736207965e-02   7.1393690586e-02   7.5462023906e-01   1.1199628402e+00  -1.1357488811e+00
   7.2386099085e-02   7.2078725344e-02   6.5890115892e-01   1.2560099051e+00  -1.0646948956e+00
   7.2981456851e-02   7.2693472826e-02   5.6315292491e-01   1.3594075224e+00  -9.8141829205e-01
   7.3547247459e-02   7.3269440877e-02   4.6736494167e-01   1.4356464391e+00  -8.8824518107e-01
   7.4099293393e-02   7.3825054040e-02   3.7185727852e-01   1.4869383470e+00  -7.8669773529e-01
   7.4649876432e-02   7.4373532746e-02   2.7639341900e-01   1.5140750409e+00  -6.7708102265e-01
   7.5210583083e-02   7.4926220118e-02   1.8068890792e-01   1.5160643828e+00  -5.5903901286e-01
   7.5794672628e-02   7.5494946047e-02   8.4857220721e-02   1.4901355359e+00  -4.3216273833e-01
   7.6420107697e-02   7.6094399209e-02  -1.0685897588e-02   1.4316713828e+00  -2.9590254641e-01
   7.7116269222e-02   7.6745816185e-02  -1.0644086504e-01   1.3314938576e+00  -1.4731811703e-01
   7.7944133528e-02   7.7486722258e-02  -2.0263098617e-01   1.1700926392e+00   1.8910917111e-02
   7.8911040647e-02   7.8401544798e-02  -2.8777473601e-01   9.3873030404e-01   1.8988134760e-01
   7.9903672501e-02   7.9420536497e-02  -3.4410154976e-01   6.7419764365e-01   3.3180947234e-01
   8.0894471639e-02   8.0386808506e-02  -3.7010015669e-01   4.0938282372e-01   4.3245885141e-01
   8.2024566242e-02   8.1402134772e-02  -3.6951893061e-01   1.4259180812e-01   4.9387432576e-01
   8.3879342982e-02   8.2646997713e-02  -3.2979840525e-01  -1.1412587834e-01   4.7710593867e-01
   8.6127633643e-02   8.5111688250e-02  -2.9131477272e-01  -7.4662797018e-02   3.4029646570e-01
   8.7776836752e-02   8.7143579035e-02  -3.1202321214e-01   1.8942311527e-01   2.1953118603e-01
   8.8979429411e-02   8.8410094468e-02  -3.6533527605e-01   4.5587875796e-01   1.6137877486e-01
   9.0145302973e-02   8.9548764355e-02  -4.4335938892e-01   7.1711205218e-01   1.5249320859e-01
   9.1315988257e-02   9.0741841592e-02  -5.3704151113e-01   9.3631767679e-01   2.0328560663e-01
   9.2504824261e-02   9.1890134922e-02  -6.3254215002e-01   1.0753403141e+00   3.2263432896e-01
   9.3652200435e-02   9.3119513599e-02  -7.0845175059e-01   1.1100199671e+00   4.9696182751e-01
   9.4643508662e-02   9.4184887271e-02  -7.4845658398e-01   1.0553805303e+00   6.8556386524e-01
   9.5534915293e-02   9.5102130053e-02  -7.5602151911e-01   9.4422629430e-01   8.7347594883e-01
   9.6405627517e-02   9.5967700533e-02  -7.3280447077e-01   7.8919032880e-01   1.0614767062e+00
   9.7317135680e-02   9.6843554500e-02  -6.7360966814e-01   5.9198503776e-01   1.2484847142e+00
   9.8187719156e-02   9.7790716860e-02  -5.8497437211e-01   3.8617484386e-01   1.4041239075e+00
   9.8910387399e-02   9.8584721452e-02  -4.8879577013e-01   2.1238993698e-01   1.5067062778e+00
   9.9524507314e-02   9.9236053345e-02  -3.9297729935e-01   6.8923443952e-02   1.5691618578e+00
   1.0007943910e-01   9.9812961283e-02  -2.9746013427e-01  -5.3580008511e-02   1.6028840906e+00
   1.0059902437e-01   1.0034591692e-01  -2.0161876891e-01  -1.6057081837e-01   1.6130163484e+00
   1.0109775473e-01   1.0085213183e-01  -1.0592781067e-01  -2.5435212202e-01   1.6017931658e+00
   1.0158609084e-01   1.0134337763e-01  -1.0244187461e-02  -3.3710452704e-01   1.5701573498e+00
   1.0207272004e-01   1.0182880405e-01   8.5269811612e-02  -4.1023608292e-01   1.5180486456e+00
   1.0256602976e-01   1.0231663604e-01   1.8085970070e-01  -4.7520560789e-01   1.4441581057e+00
   1.0307543170e-01   1.0281542348e-01   2.7646700285e-01  -5.3312928854e-01   1.3460347685e+00
   1.0361320110e-01   1.0333543993e-01   3.7221026073e-01  -5.8534747076e-01   1.2191816776e+00
   1.0419089949e-01   1.0389096228e-01   4.6679351760e-01  -6.3294606851e-01   1.0585325919e+00
   1.0476940553e-01   1.0449083671e-01   5.5158433585e-01  -6.7449775888e-01   8.7437482234e-01
   1.0530433672e-01   1.0504797435e-01   6.1921428541e-01  -7.0957537858e-01   6.8678700704e-01
   1.0580248409e-01   1.0556069908e-01   6.7233839799e-01  -7.4163911059e-01   4.9876332796e-01
   1.0627654900e-01   1.0604426910e-01   7.1323579983e-01  -7.7312825106e-01   3.1174102835e-01
   1.0673521780e-01   1.0650882890e-01   7.4410078750e-01  -8.0642457934e-01   1.2302117782e-01
   1.0718512958e-01   1.0696160670e-01   7.6551300196e-01  -8.4249512598e-01  -6.4208546772e-02
   1.0763196164e-01   1.0740865247e-01   7.7854103876e-01  -8.8295816444e-01  -2.5160406521e-01
   1.0808101589e-01   1.0785527081e-01   7.8363278619e-01  -9.2918598909e-01  -4.3935658448e-01
   1.0853788237e-01   1.0830676097e-01   7.8098652903e-01  -9.8263913148e-01  -6.2750678693e-01
   1.0900903386e-01   1.0876900378e-01   7.7068843047e-01  -1.0445471351e+00  -8.1477654816e-01
   1.0950285593e-01   1.0924906393e-01   7.5244610491e-01  -1.1174522806e+00  -1.0026984970e+00
   1.1003144782e-01   1.0975664792e-01   7.2574496247e-01  -1.2037954383e+00  -1.1901603437e+00
   1.1061496481e-01   1.1030624772e-01   6.8900285801e-01  -1.3089290863e+00  -1.3787936259e+00
   1.1129359057e-01   1.1092368191e-01   6.3967190503e-01  -1.4403374071e+00  -1.5669740750e+00
   1.1217351011e-01   1.1166349924e-01   5.6934347731e-01  -1.6202549193e+00  -1.7560030997e+00
   1.1328614284e-01   1.1268352099e-01   4.7949508093e-01  -1.8442554685e+00  -1.8974688366e+00
   1.1459860224e-01   1.1388876469e-01   3.8361540820e-01  -2.0687645570e+00  -1.9179641031e+00
   1.1592351849e-01   1.1530843978e-01   3.0545833192e-01  -2.2095333327e+00  -1.7898342983e+00
   1.1696349315e-01   1.1653859720e-01   2.5778433098e-01  -2.2327113251e+00  -1.5976367231e+00
   1.1774938447e-01   1.1738838911e-01   2.2798442399e-01  -2.1868439886e+00  -1.4090637037e+00
   1.1844077166e-01   1.1811037983e-01   2.0388846621e-01  -2.0984800875e+00  -1.2208095025e+00
   1.1908689630e-01   1.1877116350e-01   1.8135020688e-01  -1.9753120984e+00  -1.0333284752e+00
   1.1971405160e-01   1.1940262910e-01   1.5753580295e-01  -1.8183282353e+00  -8.4519588425e-01
   1.2034148687e-01   1.2002547409e-01   1.3026116329e-01  -1.6274296046e+00  -6.5763171102e-01
   1.2098660222e-01   1.2065749965e-01   9.6882760972e-02  -1.3987163191e+00  -4.7035439909e-01
   1.2163056127e-01   1.2131570478e-01   5.6692979775e-02  -1.1419228596e+00  -2.9403687186e-01
   1.2223939503e-01   1.2194541776e-01   1.1364655833e-02  -8.7820431752e-01  -1.4191518344e-01
   1.2281469871e-01   1.2253337229e-01  -3.8838095879e-02  -6.1418381328e-01  -1.4158231399e-02
   1.2337049811e-01   1.2309602513e-01  -9.4300919913e-02  -3.5064014993e-01   9.1696505118e-02
   1.2391720990e-01   1.2364497108e-01  -1.5566179796e-01  -8.6933407728e-02   1.7745726324e-01
   1.2446368593e-01   1.2418944871e-01  -2.2358939663e-01   1.7722785449e-01   2.4370583338e-01
   1.2501852742e-01   1.2473792315e-01  -2.9843224372e-01   4.4062842934e-01   2.9001247327e-01
   1.2559125324e-01   1.2529913169e-01  -3.8137241201e-01   7.0447950649e-01   3.1567677603e-01
   1.2618720578e-01   1.2588337480e-01  -4.7219122112e-01   9.6505545274e-01   3.1883736792e-01
   1.2678979054e-01   1.2649103676e-01  -5.6772013482e-01   1.2119515811e+00   2.9870530678e-01
   1.2738668163e-01   1.2708854432e-01  -6.6317540476e-01   1.4342320113e+00   2.5745012709e-01
   1.2798959678e-01   1.2768481894e-01  -7.5873444202e-01   1.6349384831e+00   1.9661511947e-01
   1.2861543119e-01   1.2829437462e-01  -8.5445272277e-01   1.8159028679e+00   1.1628317944e-01
   1.2928985923e-01   1.2893648776e-01  -9.5021990444e-01   1.9779846211e+00   1.4833554035e-02
   1.3006565988e-01   1.2964323071e-01  -1.0465599039e+00   2.1222674968e+00  -1.1409974591e-01
   1.3103569501e-01   1.3048808904e-01  -1.1380027511e+00   2.2412117631e+00  -2.7937889298e-01
   1.3225863049e-01   1.3158330099e-01  -1.1953192383e+00   2.3061546496e+00  -4.6818192621e-01
   1.3365768214e-01   1.3293396000e-01  -1.1668476040e+00   2.2885321948e+00  -6.1797453540e-01
   1.3477062284e-01   1.3438140428e-01  -1.0695396119e+00   2.2255948428e+00  -6.6543592214e-01
   1.3545713497e-01   1.3515984139e-01  -9.7274185067e-01   2.1700146673e+00  -6.5274625896e-01
   1.3600673151e-01   1.3575442855e-01  -8.7691079978e-01   2.1192078586e+00  -6.1871714184e-01
   1.3648376706e-01   1.3625903448e-01  -7.8115916596e-01   2.0712802349e+00  -5.7189854174e-01
   1.3691450526e-01   1.3670849965e-01  -6.8545977286e-01   2.0253517716e+00  -5.1606328836e-01
   1.3731303420e-01   1.3712051088e-01  -5.8992158415e-01   1.9808349843e+00  -4.5342369619e-01
   1.3768800224e-01   1.3750555752e-01  -4.9430662731e-01   1.9371139612e+00  -3.8516749489e-01
   1.3804520013e-01   1.3787044696e-01  -3.9844002480e-01   1.8936821902e+00  -3.1206201182e-01
   1.3838882995e-01   1.3821995330e-01  -3.0286081935e-01   1.8503989154e+00  -2.3519233335e-01
   1.3872212392e-01   1.3855770661e-01  -2.0784422225e-01   1.8070379670e+00  -1.5535275971e-01
   1.3904758687e-01   1.3888654124e-01  -1.1130577963e-01   1.7622927107e+00  -7.1125280409e-02
   1.3936734022e-01   1.3920863251e-01  -1.6738914687e-02   1.7174513232e+00   1.4098838494e-02
   1.3968324362e-01   1.3952604793e-01   7.9912178930e-02   1.6702312643e+00   1.0371167702e-01
   1.3999695237e-01   1.3984043931e-01   1.7489696420e-01   1.6220862917e+00   1.9403620751e-01
   1.4031006588e-01   1.4015346543e-01   2.7033199230e-01   1.5715886077e+00   2.8684379685e-01
   1.4062415240e-01   1.4046666634e-01   3.6655300321e-01   1.5180640338e+00   3.8234500960e-01
   1.4094082134e-01   1.4078163845e-01   4.6127569428e-01   1.4623236445e+00   4.7810527801e-01
   1.4126184876e-01   1.4110000422e-01   5.5783109166e-01   1.4017946739e+00   5.7737282896e-01
   1.4158920421e-01   1.4142369329e-01   6.5258506211e-01   1.3380695989e+00   6.7629569410e-01
   1.4192522657e-01   1.4175471512e-01   7.4865728663e-01   1.2682414002e+00   7.7800574067e-01
   1.4227284871e-01   1.4209573802e-01   8.4424416034e-01   1.1924487556e+00   8.8051382900e-01
   1.4263577993e-01   1.4244995939e-01   9.3953681713e-01   1.1092470466e+00   9.8389894968e-01
   1.4303699945e-01   1.4282160047e-01   1.0396666753e+00   1.0113903970e+00   1.0937058144e+00