# time = 1.5
# Grid points = 474
# Pressure (Pa) = 101325
#             1_pos             2_posf             3_uvel             4_vvel             5_wvel
  -4.9917840810e-01  -5.0000000000e-01   1.1138997321e+00   6.9370287518e-01   1.0078853774e+00
  -4.9750814511e-01  -4.9835681619e-01   1.2107584060e+00   5.9240321372e-01   1.1004172202e+00
  -4.9566236670e-01  -4.9665947403e-01   1.3042239963e+00   4.7338804456e-01   1.1901580905e+00
  -4.9337913820e-01  -4.9466525936e-01   1.3977202170e+00   3.1735746980e-01   1.2799097876e+00
  -4.9070684198e-01  -4.9209301703e-01   1.4745534407e+00   1.2504129254e-01   1.3526470667e+00
  -4.8796632188e-01  -4.8932066692e-01   1.5149550088e+00  -7.9360764315e-02   1.3883749294e+00
  -4.8525041762e-01  -4.8661197685e-01   1.5155837387e+00  -2.8371752936e-01   1.3834803691e+00
  -4.8247325112e-01  -4.8388885839e-01   1.4765021031e+00  -4.8816507756e-01   1.3379091206e+00
  -4.7971240761e-01  -4.8105764385e-01   1.4003466116e+00  -6.8016961224e-01   1.2550433421e+00
  -4.7731406729e-01  -4.7836717138e-01   1.3070689550e+00  -8.3206063922e-01   1.1565210301e+00
  -4.7535629892e-01  -4.7626096320e-01   1.2133856214e+00  -9.4282251730e-01   1.0596199252e+00
  -4.7363463088e-01  -4.7445163464e-01   1.1201992378e+00  -1.0277147397e+00   9.6492496489e-01
  -4.7205820286e-01  -4.7281762713e-01   1.0271305785e+00  -1.0941719580e+00   8.7194086646e-01
  -4.7057922324e-01  -4.7129877858e-01   9.3383000161e-01  -1.1459899266e+00   7.8032477854e-01
  -4.6916801250e-01  -4.6985966791e-01   8.4109772565e-01  -1.1849296968e+00   6.9090190599e-01
  -4.6780432622e-01  -4.6847635709e-01   7.4750150696e-01  -1.2128588812e+00   6.0238572840e-01
  -4.6647318109e-01  -4.6713229535e-01   6.5478267296e-01  -1.2301072100e+00   5.1653429713e-01
  -4.6516256736e-01  -4.6581406684e-01   5.6186367982e-01  -1.2375596454e+00   4.3245954358e-01
  -4.6386252316e-01  -4.6451106789e-01   4.6839830134e-01  -1.2353969237e+00   3.5004521245e-01
  -4.6256404824e-01  -4.6321397844e-01   3.7529389777e-01  -1.2237309768e+00   2.7029751318e-01
  -4.6125861670e-01  -4.6191411803e-01   2.8237443550e-01  -1.2026214210e+00   1.9327198229e-01
  -4.5993776484e-01  -4.6060311536e-01   1.8960119267e-01  -1.1719592080e+00   1.1919299927e-01
  -4.5859242112e-01  -4.5927241432e-01   9.6042175482e-02  -1.1309913919e+00   4.7690926864e-02
  -4.5721266704e-01  -4.5791242792e-01   3.4702931110e-03  -1.0800829806e+00  -1.9494648436e-02
  -4.5578682495e-01  -4.5651290616e-01  -9.0049046358e-02  -1.0175207592e+00  -8.3267754373e-02
  -4.5430067193e-01  -4.5506074373e-01  -1.8287347823e-01  -9.4348347871e-01  -1.4186905910e-01
  -4.5273610223e-01  -4.5354060013e-01  -2.7608089482e-01  -8.5602319382e-01  -1.9521393878e-01
  -4.5106864371e-01  -4.5193160433e-01  -3.6904752439e-01  -7.5411538949e-01  -2.4188971430e-01
  -4.4926329074e-01  -4.5020568309e-01  -4.6225533000e-01  -6.3501176933e-01  -2.8070559973e-01
  -4.4726609887e-01  -4.4832089838e-01  -5.5530902499e-01  -4.9593115484e-01  -3.0942341157e-01
  -4.4498442178e-01  -4.4621129935e-01  -6.4855018320e-01  -3.3113606560e-01  -3.2492377151e-01
  -4.4235257510e-01  -4.4375754422e-01  -7.3850370197e-01  -1.3924804025e-01  -3.2205443036e-01
  -4.3946564586e-01  -4.4094760599e-01  -8.1550494110e-01   6.4853597547e-02  -2.9770493158e-01
  -4.3633688466e-01  -4.3798368573e-01  -8.7421420729e-01   2.6978023673e-01  -2.5273578598e-01
  -4.3268516130e-01  -4.3469008358e-01  -9.1166409819e-01   4.7517670310e-01  -1.8737566756e-01
  -4.2755929390e-01  -4.3068023901e-01  -9.1173707553e-01   6.8409054780e-01  -9.8898635314e-02
  -4.2166997226e-01  -4.2443834879e-01  -8.4819417592e-01   8.0901835890e-01  -3.7140975683e-02
  -4.1704632770e-01  -4.1890159573e-01  -7.5333190426e-01   8.2479545139e-01  -3.7212876763e-02
  -4.1367958978e-01  -4.1519105967e-01  -6.5995719963e-01   7.9741594581e-01  -6.8040305976e-02
  -4.1084966285e-01  -4.1216811989e-01  -5.6690293413e-01   7.5515975942e-01  -1.1156305770e-01
  -4.0833775233e-01  -4.0953120581e-01  -4.7373969485e-01   7.0626348989e-01  -1.6095207750e-01
  -4.0603685963e-01  -4.0714429884e-01  -3.8080773270e-01   6.5444086554e-01  -2.1220238950e-01
  -4.0388289794e-01  -4.0492942043e-01  -2.8774924868e-01   6.0108467367e-01  -2.6313033993e-01
  -4.0183252169e-01  -4.0283637546e-01  -1.9475438324e-01   5.4693664196e-01  -3.1202785398e-01
  -3.9985311918e-01  -4.0082866791e-01  -1.0170046948e-01   4.9202358423e-01  -3.5780041256e-01
  -3.9791788163e-01  -3.9887757044e-01  -8.7897390034e-03   4.3621240753e-01  -3.9945961219e-01
  -3.9600259296e-01  -3.9695819283e-01   8.4338840951e-02   3.7875108890e-01  -4.3640332349e-01
  -3.9408304632e-01  -3.9504699309e-01   1.7744369199e-01   3.1896855435e-01  -4.6780120510e-01
  -3.9213230721e-01  -3.9311909955e-01   2.7041738275e-01   2.5578955608e-01  -4.9288470482e-01
  -3.9011678658e-01  -3.9114551487e-01   3.6349065296e-01   1.8740280246e-01  -5.1081335924e-01
  -3.8798888510e-01  -3.8908805828e-01   4.5663808959e-01   1.1128016523e-01  -5.2030402534e-01
  -3.8567048920e-01  -3.8688971191e-01   5.4981578299e-01   2.3187563358e-02  -5.1934776320e-01
  -3.8300187036e-01  -3.8445126649e-01   6.4340652834e-01  -8.5943283520e-02  -5.0398339205e-01
  -3.7960165421e-01  -3.8155247422e-01   7.3573186264e-01  -2.3785884835e-01  -4.6431250377e-01
  -3.7567331486e-01  -3.7765083420e-01   7.9929283806e-01  -4.3064339887e-01  -3.9700276982e-01
  -3.7184186692e-01  -3.7369579552e-01   8.1060604134e-01  -6.3443319616e-01  -3.1692896017e-01
  -3.6818376169e-01  -3.6998793832e-01   7.7196263285e-01  -8.3858149767e-01  -2.3573328111e-01
  -3.6476920525e-01  -3.6637958505e-01   6.9413795874e-01  -1.0303657868e+00  -1.6299551591e-01
  -3.6190222515e-01  -3.6315882545e-01   6.0048019597e-01  -1.1868975867e+00  -1.0810271606e-01
  -3.5955743529e-01  -3.6064562486e-01   5.0716645786e-01  -1.3076526431e+00  -6.9431726549e-02
  -3.5747581335e-01  -3.5846924571e-01   4.1390005935e-01  -1.4069632387e+00  -4.0489568037e-02
  -3.5554555589e-01  -3.5648238098e-01   3.2057803515e-01  -1.4904141893e+00  -1.8497880985e-02
  -3.5370428246e-01  -3.5460873079e-01   2.2769652201e-01  -1.5603131598e+00  -1.9867515301e-03
  -3.5191009141e-01  -3.5279983412e-01   1.3460539184e-01  -1.6184754291e+00   1.0172521500e-02
  -3.5013002733e-01  -3.5102034870e-01   4.1472587988e-02  -1.6651446011e+00   1.8640319773e-02
  -3.4833352158e-01  -3.4923970596e-01  -5.1797907285e-02  -1.7000508715e+00   2.3970248392e-02
  -3.4648782394e-01  -3.4742733720e-01  -1.4471170502e-01  -1.7220745140e+00   2.6636430180e-02
  -3.4455195495e-01  -3.4554831069e-01  -2.3789645627e-01  -1.7294230479e+00   2.7158213422e-02
  -3.4246600922e-01  -3.4355559922e-01  -3.3112383524e-01  -1.7184033265e+00   2.6137421127e-02
  -3.4012589732e-01  -3.4137641922e-01  -4.2442222050e-01  -1.6820779037e+00   2.4546606055e-02
  -3.3729386531e-01  -3.3887537541e-01  -5.1824565437e-01  -1.6039127554e+00   2.4513889595e-02
  -3.3373119516e-01  -3.3571235521e-01  -6.0259861293e-01  -1.4543367696e+00   3.1850871067e-02
  -3.3013995431e-01  -3.3175003512e-01  -6.4838309092e-01  -1.2523096816e+00   5.1679113432e-02
  -3.2713093899e-01  -3.2852987349e-01  -6.5474954509e-01  -1.0474857732e+00   8.0782268350e-02
  -3.2444947423e-01  -3.2573200448e-01  -6.3708157110e-01  -8.4270978796e-01   1.1699949943e-01
  -3.2194996463e-01  -3.2316694398e-01  -6.0263406809e-01  -6.3855315638e-01   1.5883052450e-01
  -3.1954784063e-01  -3.2073298528e-01  -5.5488895484e-01  -4.3373508611e-01   2.0539585045e-01
  -3.1718162262e-01  -3.1836269597e-01  -4.9624678254e-01  -2.2979420170e-01   2.5522981978e-01
  -3.1479564044e-01  -3.1600054927e-01  -4.2708947429e-01  -2.4802571082e-02   3.0756247645e-01
  -3.1232750552e-01  -3.1359073161e-01  -3.4800605505e-01   1.7943262610e-01   3.6034678321e-01
  -3.0974859368e-01  -3.1106427944e-01  -2.5942871386e-01   3.7984933050e-01   4.1049951935e-01
  -3.0714129829e-01  -3.0843290792e-01  -1.6655161532e-01   5.6271320914e-01   4.5158471015e-01
  -3.0455287342e-01  -3.0584968867e-01  -7.3668406577e-02   7.1862006850e-01   4.7829238701e-01
  -3.0192288339e-01  -3.0325605817e-01   1.9490441755e-02   8.4626402800e-01   4.8686118511e-01
  -2.9918504232e-01  -3.0058970861e-01   1.1233990281e-01   9.4067648094e-01   4.7195435595e-01
  -2.9625455536e-01  -2.9778037603e-01   2.0537778875e-01   9.9493706467e-01   4.2579984673e-01
  -2.9299442333e-01  -2.9472873469e-01   2.9846871670e-01   9.9553770630e-01   3.3593074171e-01
  -2.8955416173e-01  -2.9126011198e-01   3.8262361047e-01   9.2977594028e-01   1.9920740343e-01
  -2.8641489689e-01  -2.8784821147e-01   4.4466014073e-01   8.1496223386e-01   4.2241316546e-02
  -2.8367227528e-01  -2.8498158232e-01   4.8584354440e-01   6.7662283107e-01  -1.1472062045e-01
  -2.8109973593e-01  -2.8236296824e-01   5.1214736802e-01   5.2202931185e-01  -2.7117844512e-01
  -2.7855854486e-01  -2.7983650363e-01   5.2553578444e-01   3.5258753292e-01  -4.2772475609e-01
  -2.7591378759e-01  -2.7728058609e-01   5.2508737296e-01   1.6679244765e-01  -5.8464549959e-01
  -2.7306953365e-01  -2.7454698909e-01   5.0712774977e-01  -3.2948990211e-02  -7.3627269280e-01
  -2.6996238336e-01  -2.7159207822e-01   4.6561446249e-01  -2.3803610957e-01  -8.6946821208e-01
  -2.6657645717e-01  -2.6833268850e-01   3.9342913564e-01  -4.3066413768e-01  -9.6241118001e-01
  -2.6342123777e-01  -2.6482022584e-01   3.0137981932e-01  -5.6976380469e-01  -9.9109315373e-01
  -2.6083514468e-01  -2.6202224969e-01   2.0793028772e-01  -6.4751708290e-01  -9.6688579790e-01
  -2.5858769354e-01  -2.5964803967e-01   1.1493542013e-01  -6.8581747564e-01  -9.1008554334e-01
  -2.5655037453e-01  -2.5752734742e-01   2.1644808838e-02  -6.9660629642e-01  -8.3005634488e-01
  -2.5465278369e-01  -2.5557340165e-01  -7.1236791349e-02  -6.8634082127e-01  -7.3292554810e-01
  -2.5284972121e-01  -2.5373216573e-01  -1.6447595039e-01  -6.5906924037e-01  -6.2139126563e-01
  -2.5110888879e-01  -2.5196727669e-01  -2.5738944308e-01  -6.1770117968e-01  -4.9858161558e-01
  -2.4940443518e-01  -2.5025050088e-01  -3.5074765744e-01  -5.6373285736e-01  -3.6507127720e-01
  -2.4771352258e-01  -2.4855836948e-01  -4.4371077759e-01  -4.9887809917e-01  -2.2315988435e-01
  -2.4601470591e-01  -2.4686867567e-01  -5.3663461176e-01  -4.2372401997e-01  -7.3097365237e-02
  -2.4431234304e-01  -2.4516073614e-01  -6.2797400293e-01  -3.4005307739e-01   8.2053161803e-02
  -2.4261819605e-01  -2.4346394993e-01  -7.1590876087e-01  -2.5003299496e-01   2.3863988652e-01
  -2.4091346566e-01  -2.4177244216e-01  -7.9992997889e-01  -1.5447332549e-01   3.9534177368e-01
  -2.3916427906e-01  -2.4005448915e-01  -8.7974476556e-01  -5.3462569987e-02   5.5157545330e-01
  -2.3732807788e-01  -2.3827406896e-01  -9.5557796070e-01   5.4623028652e-02   7.0849800250e-01
  -2.3534180132e-01  -2.3638208681e-01  -1.0259276832e+00   1.7073673768e-01   8.6488902601e-01
  -2.3309001431e-01  -2.3430151584e-01  -1.0893100719e+00   2.9974537409e-01   1.0221252390e+00
  -2.3027701721e-01  -2.3187851277e-01  -1.1399014837e+00   4.5233162529e-01   1.1804915387e+00
  -2.2645548597e-01  -2.2867552165e-01  -1.1524258527e+00   6.3916469565e-01   1.3183452950e+00
  -2.2235484195e-01  -2.2423545029e-01  -1.0932403805e+00   8.1078171670e-01   1.3659834214e+00
  -2.1926377134e-01  -2.2047423360e-01  -9.9767753577e-01   9.1947680647e-01   1.3331313761e+00
  -2.1707588367e-01  -2.1805330907e-01  -9.0392261101e-01   9.8592670324e-01   1.2762003875e+00
  -2.1524632204e-01  -2.1609845826e-01  -8.1062670137e-01   1.0354991278e+00   1.2104084138e+00
  -2.1362140285e-01  -2.1439418582e-01  -7.1742844577e-01   1.0753893961e+00   1.1401412221e+00
  -2.1213035299e-01  -2.1284861988e-01  -6.2428497790e-01   1.1088155581e+00   1.0675353903e+00
  -2.1073297734e-01  -2.1141208611e-01  -5.3124383396e-01   1.1375466390e+00   9.9387893449e-01
  -2.0940352536e-01  -2.1005386857e-01  -4.3831651311e-01   1.1626732360e+00   9.1999145828e-01
  -2.0812417356e-01  -2.0875318216e-01  -3.4494420147e-01   1.1850321752e+00   8.4600691710e-01
  -2.0688161592e-01  -2.0749516496e-01  -2.5177884814e-01   1.2049279643e+00   7.7288865513e-01
  -2.0566526556e-01  -2.0626806687e-01  -1.5855071293e-01   1.2227475093e+00   7.0078717205e-01
  -2.0446637627e-01  -2.0506246426e-01  -6.5587368359e-02   1.2386480343e+00   6.3026285502e-01
  -2.0327734466e-01  -2.0387028829e-01   2.7243876209e-02   1.2527955088e+00   5.6148366831e-01
  -2.0209126970e-01  -2.0268440103e-01   1.2004857865e-01   1.2652717837e+00   4.9463174370e-01
  -2.0090147165e-01  -2.0149813836e-01   2.1384119362e-01   1.2761778003e+00   4.2929141662e-01
  -1.9970122365e-01  -2.0030480494e-01   3.0671279021e-01   1.2852310626e+00   3.6707868279e-01
  -1.9848348986e-01  -1.9909764236e-01   3.9967497553e-01   1.2924433530e+00   3.0757244023e-01
  -1.9724048137e-01  -1.9786933735e-01   4.9272380220e-01   1.2976194480e+00   2.5112159325e-01
  -1.9596323099e-01  -1.9661162539e-01   5.8571074733e-01   1.3004777778e+00   1.9820448567e-01
  -1.9464093815e-01  -1.9531483659e-01   6.7876257995e-01   1.3006382947e+00   1.4921034426e-01
  -1.9325989426e-01  -1.9396703971e-01   7.7205302937e-01   1.2975466416e+00   1.0463877099e-01
  -1.9180212350e-01  -1.9255274881e-01   8.6507293894e-01   1.2904535380e+00   6.5459477949e-02
  -1.9024256431e-01  -1.9105149818e-01   9.5823065574e-01   1.2782203985e+00   3.2450814182e-02
  -1.8854366466e-01  -1.8943363044e-01   1.0513915252e+00   1.2591262005e+00   7.0460527100e-03
  -1.8664397079e-01  -1.8765369889e-01   1.1445931265e+00   1.2302816719e+00  -8.6553300482e-03
  -1.8442730585e-01  -1.8563424269e-01   1.2379306982e+00   1.1861931460e+00  -1.0985060458e-02
  -1.8160313917e-01  -1.8322036901e-01   1.3320823246e+00   1.1129843071e+00   8.4257355914e-03
  -1.7756259117e-01  -1.7998590933e-01   1.4179248447e+00   9.7498267869e-01   7.0420997747e-02
  -1.7303185648e-01  -1.7513927301e-01   1.4528674733e+00   7.7885520853e-01   1.6738281666e-01
  -1.6908706558e-01  -1.7092443995e-01   1.4328464692e+00   5.7474968729e-01   2.5891960548e-01
  -1.6556874658e-01  -1.6724969121e-01   1.3796233434e+00   3.7047743388e-01   3.3327284684e-01
  -1.6230329771e-01  -1.6388780195e-01   1.3040472367e+00   1.6672468173e-01   3.8781053967e-01
  -1.5930533986e-01  -1.6071879347e-01   1.2146661120e+00  -2.9897482483e-02   4.2130378359e-01
  -1.5665937975e-01  -1.5789188625e-01   1.1215570160e+00  -2.0805310688e-01   4.3528279494e-01
  -1.5431114807e-01  -1.5542687324e-01   1.0284875376e+00  -3.6831328543e-01   4.3454552164e-01
  -1.5216225868e-01  -1.5319542290e-01   9.3537685589e-01  -5.1525500350e-01   4.2278352665e-01
  -1.5015713276e-01  -1.5112909446e-01   8.4245217766e-01  -6.5093450711e-01   4.0237740119e-01
  -1.4825992434e-01  -1.4918517106e-01   7.4936231005e-01  -7.7726178353e-01   3.7484786298e-01
  -1.4644521115e-01  -1.4733467761e-01   6.5641666336e-01  -8.9463298849e-01   3.4141170086e-01
  -1.4469345284e-01  -1.4555574469e-01   5.6330369208e-01  -1.0038972926e+00   3.0277000838e-01
  -1.4298867368e-01  -1.4383116098e-01   4.7030002830e-01  -1.1049038524e+00   2.5960251501e-01
  -1.4131690759e-01  -1.4214618637e-01   3.7750336572e-01  -1.1975600169e+00   2.1235906367e-01
  -1.3966534044e-01  -1.4048762881e-01   2.8406364907e-01  -1.2823739380e+00   1.6077179498e-01
  -1.3802137227e-01  -1.3884305207e-01   1.9130647880e-01  -1.3576544234e+00   1.0561517069e-01
  -1.3637181817e-01  -1.3719969246e-01   9.8202670452e-02  -1.4235400177e+00   4.6178972655e-02
  -1.3470202479e-01  -1.3554394387e-01   5.0328195730e-03  -1.4786164379e+00  -1.7721909239e-02
  -1.3299460342e-01  -1.3386010571e-01  -8.7924938209e-02  -1.5211519828e+00  -8.6452115083e-02
  -1.3122742364e-01  -1.3212910114e-01  -1.8096146275e-01  -1.5489885993e+00  -1.6112950023e-01
  -1.2936992205e-01  -1.3032574614e-01  -2.7410642020e-01  -1.5585785533e+00  -2.4326033220e-01
  -1.2737607576e-01  -1.2841409796e-01  -3.6724511246e-01  -1.5443340582e+00  -3.3514646569e-01
  -1.2516795232e-01  -1.2633805357e-01  -4.6037805795e-01  -1.4966455063e+00  -4.4101457668e-01
  -1.2259649311e-01  -1.2399785107e-01  -5.5372672879e-01  -1.3956272182e+00  -5.6991695201e-01
  -1.1978118372e-01  -1.2119513514e-01  -6.3469325975e-01  -1.2286540624e+00  -7.1646253920e-01
  -1.1722127913e-01  -1.1836723231e-01  -6.8795395634e-01  -1.0258568255e+00  -8.5424042031e-01
  -1.1509287231e-01  -1.1607532595e-01  -7.1677012225e-01  -8.2059354856e-01  -9.7174024060e-01
  -1.1322832905e-01  -1.1411041867e-01  -7.3065817510e-01  -6.1583885782e-01  -1.0761738797e+00
  -1.1153107570e-01  -1.1234623943e-01  -7.3456874210e-01  -4.1140467756e-01  -1.1719844089e+00
  -1.0994725144e-01  -1.1071591197e-01  -7.3123645158e-01  -2.0625359650e-01  -1.2619948011e+00
  -1.0844209005e-01  -1.0917859092e-01  -7.2244527176e-01  -2.0617109343e-03  -1.3469338287e+00
  -1.0699069130e-01  -1.0770558918e-01  -7.0937312397e-01   2.0251873262e-01  -1.4283466901e+00
  -1.0557379342e-01  -1.0627579343e-01  -6.9284997121e-01   4.0776774730e-01  -1.5069666026e+00
  -1.0417484262e-01  -1.0487179340e-01  -6.7379166009e-01   6.1126943828e-01  -1.5823536965e+00
  -1.0277836491e-01  -1.0347789183e-01  -6.5239931239e-01   8.1684639899e-01  -1.6562255508e+00
  -1.0136848770e-01  -1.0207883800e-01  -6.2950659005e-01   1.0210491302e+00  -1.7275127269e+00
  -9.9927160114e-02  -1.0065813741e-01  -6.0541443656e-01   1.2254302370e+00  -1.7968545814e+00
  -9.8431492431e-02  -9.9196182820e-02  -5.8052254044e-01   1.4304431367e+00  -1.8643251950e+00
  -9.6849353975e-02  -9.7666802042e-02  -5.5551180436e-01   1.6348109501e+00  -1.9292522834e+00
  -9.5128935434e-02  -9.6031905908e-02  -5.3090158991e-01   1.8400151986e+00  -1.9915076832e+00
  -9.3169554815e-02  -9.4225964960e-02  -5.0788326511e-01   2.0458447793e+00  -2.0496134444e+00
  -9.0693116826e-02  -9.2113144671e-02  -4.8912541004e-01   2.2533624744e+00  -2.0997534806e+00
  -8.6064311804e-02  -8.9273088982e-02  -4.9535968929e-01   2.4421742518e+00  -2.1048966658e+00
  -8.1038906322e-02  -8.2855534627e-02  -5.5881856771e-01   2.3670353251e+00  -1.9827119405e+00
  -7.8108252031e-02  -7.9222278017e-02  -6.2629856488e-01   2.1605034716e+00  -1.8336552961e+00
  -7.6119770026e-02  -7.6994226045e-02  -6.8291356244e-01   1.9539342065e+00  -1.6988804685e+00
  -7.4493656872e-02  -7.5245314008e-02  -7.3427822497e-01   1.7485829892e+00  -1.5693520673e+00
  -7.3066926550e-02  -7.3741999736e-02  -7.8237377544e-01   1.5429296970e+00  -1.4415726570e+00
  -7.1768786630e-02  -7.2391853364e-02  -8.2747204487e-01   1.3389184184e+00  -1.3156309338e+00
  -7.0560251636e-02  -7.1145719897e-02  -8.7033820176e-01   1.1349288840e+00  -1.1899085946e+00
  -6.9417550346e-02  -6.9974783374e-02  -9.1160243001e-01   9.2877304896e-01  -1.0626630905e+00
  -6.8324055410e-02  -6.8860317318e-02  -9.5037084193e-01   7.2561784540e-01  -9.3680392305e-01
  -6.7267461975e-02  -6.7787793503e-02  -9.8758511886e-01   5.2105273033e-01  -8.0938576853e-01
  -6.6238617133e-02  -6.6747130448e-02  -1.0231738166e+00   3.1539538851e-01  -6.8039989317e-01
  -6.5229849759e-02  -6.5730103818e-02  -1.0566993486e+00   1.1119113362e-01  -5.5127173855e-01
  -6.4234582529e-02  -6.4729595701e-02  -1.0884142981e+00  -9.3141571224e-02  -4.2084719334e-01
  -6.3247023061e-02  -6.3739569357e-02  -1.1182827888e+00  -2.9779177956e-01  -2.8882817246e-01
  -6.2261713444e-02  -6.2754476766e-02  -1.1462186859e+00  -5.0285418858e-01  -1.5495635654e-01
  -6.1273271772e-02  -6.1768950123e-02  -1.1719640449e+00  -7.0726253869e-01  -1.9723105754e-02
  -6.0276158330e-02  -6.0777593420e-02  -1.1954528031e+00  -9.1159599833e-01   1.1748161640e-01
  -5.9264388663e-02  -5.9774723239e-02  -1.2164820001e+00  -1.1157847472e+00   2.5689084159e-01
  -5.8231038661e-02  -5.8754054088e-02  -1.2349286746e+00  -1.3215473206e+00   4.0006615248e-01
  -5.7167898835e-02  -5.7708023234e-02  -1.2501822089e+00  -1.5260362218e+00   5.4548100462e-01
  -5.6065022706e-02  -5.6627774435e-02  -1.2618411246e+00  -1.7288436259e+00   6.9332885411e-01
  -5.4910797379e-02  -5.5502270977e-02  -1.2694893862e+00  -1.9352190970e+00   8.4830429120e-01
  -5.3708034454e-02  -5.4319323781e-02  -1.2719430059e+00  -2.1350306628e+00   1.0037886406e+00
  -5.2463138266e-02  -5.3096745126e-02  -1.2684835694e+00  -2.3274600160e+00   1.1600479128e+00
  -5.1166546254e-02  -5.1829531406e-02  -1.2581964529e+00  -2.5096903657e+00   1.3160015733e+00
  -4.9801008403e-02  -5.0503561102e-02  -1.2395524054e+00  -2.6818290928e+00   1.4736067728e+00
  -4.8342526768e-02  -4.9098455703e-02  -1.2111181394e+00  -2.8374291965e+00   1.6295503856e+00
  -4.6754581213e-02  -4.7586597833e-02  -1.1697946501e+00  -2.9747080309e+00   1.7861635244e+00
  -4.4974374735e-02  -4.5922564593e-02  -1.1109343528e+00  -3.0858035783e+00   1.9428149110e+00
  -4.2998052848e-02  -4.4026184878e-02  -1.0304165334e+00  -3.1551050501e+00   2.0921259433e+00
  -4.1070655474e-02  -4.1969920818e-02  -9.3766460253e-01  -3.1678335126e+00   2.2112981605e+00
  -3.9362305491e-02  -4.0171390129e-02  -8.4459696576e-01  -3.1335568278e+00   2.2936327337e+00
  -3.7805683954e-02  -3.8553220854e-02  -7.5137296236e-01  -3.0660554900e+00   2.3495704752e+00
  -3.6354604293e-02  -3.7058147054e-02  -6.5817502268e-01  -2.9733954471e+00   2.3850267905e+00
  -3.4979688191e-02  -3.5651061533e-02  -5.6525888626e-01  -2.8610484724e+00   2.4037918390e+00
  -3.3660687901e-02  -3.4308314849e-02  -4.7229211167e-01  -2.7321183345e+00   2.4084590413e+00
  -3.2382721616e-02  -3.3013060953e-02  -3.7905468325e-01  -2.5886654620e+00   2.4006353657e+00
  -3.1134000315e-02  -3.1752382279e-02  -2.8580544826e-01  -2.4328412316e+00   2.3814236744e+00
  -2.9904597774e-02  -3.0515618351e-02  -1.9265220004e-01  -2.2662445082e+00   2.3516360234e+00
  -2.8685747466e-02  -2.9293577198e-02  -9.9599940669e-02  -2.0900026996e+00   2.3117837819e+00
  -2.7469270579e-02  -2.8077917734e-02  -6.5960909455e-03  -1.9048733916e+00   2.2620829552e+00
  -2.6247064189e-02  -2.6860623423e-02   8.6426045549e-02  -1.7113590485e+00   2.2024678941e+00
  -2.5014821667e-02  -2.5633504956e-02   1.7917961227e-01  -1.5105518970e+00   2.1328784127e+00
  -2.3783464998e-02  -2.4396138378e-02   2.7013299950e-01  -1.3063354484e+00   2.0542683850e+00
  -2.2559798503e-02  -2.3170791618e-02   3.5819028842e-01  -1.1018563586e+00   1.9675426534e+00
  -2.1333573805e-02  -2.1948805389e-02   4.4356055837e-01  -8.9725240515e-01   1.8723626371e+00
  -2.0092652379e-02  -2.0718342222e-02   5.2645823499e-01  -6.9241443297e-01   1.7679643361e+00
  -1.8823713972e-02  -1.9466962537e-02   6.0690879173e-01  -4.8748400224e-01   1.6533263176e+00
  -1.7510956879e-02  -1.8180465406e-02   6.8468763521e-01  -2.8306389334e-01   1.5272581503e+00
  -1.6134263046e-02  -1.6841448352e-02   7.5990316691e-01  -7.8624190228e-02   1.3871527057e+00
  -1.4716027676e-02  -1.5427077741e-02   8.2988033822e-01   1.1878530997e-01   1.2353645115e+00
  -1.3323109993e-02  -1.4004977611e-02   8.9123233120e-01   2.9936007021e-01   1.0779115836e+00
  -1.1982185388e-02  -1.2641242376e-02   9.4174763234e-01   4.5548025927e-01   9.2222079027e-01
  -1.0682244316e-02  -1.1323128401e-02   9.8321426102e-01   5.9131491717e-01   7.6592527116e-01
  -9.4147914636e-03  -1.0041360232e-02   1.0161296125e+00   7.0752699366e-01   6.0935911242e-01
  -8.1726570787e-03  -8.7882226952e-03   1.0409578421e+00   8.0480868741e-01   4.5279540730e-01
  -6.9495966886e-03  -7.5570914623e-03   1.0581374013e+00   8.8389719581e-01   2.9637269106e-01
  -5.7399918747e-03  -6.3421019150e-03   1.0680568053e+00   9.4549319376e-01   1.4012345050e-01
  -4.5386011756e-03  -5.1378818345e-03   1.0710377952e+00   9.9019892581e-01  -1.5998758876e-02
  -3.3403364641e-03  -3.9393205168e-03   1.0673249097e+00   1.0184737226e+00  -1.7209240641e-01
  -2.1400090595e-03  -2.7413524114e-03   1.0569674064e+00   1.0305748293e+00  -3.2932641221e-01
  -9.3212634877e-04  -1.5386657077e-03   1.0401961442e+00   1.0264541978e+00  -4.8565948904e-01
   2.8931424925e-04  -3.2558698988e-04   1.0170693439e+00   1.0063283067e+00  -6.4187564612e-01
   1.5311812089e-03   9.0421548837e-04   9.8754285027e-01   9.7002835393e-01  -7.9818839794e-01
   2.8016617177e-03   2.1581469294e-03   9.5154739590e-01   9.1723503992e-01  -9.5443611908e-01
   4.1109605850e-03   3.4451765061e-03   9.0881902591e-01   8.4722977269e-01  -1.1108362930e+00
   5.4725294366e-03   4.7767446639e-03   8.5882661292e-01   7.5866094281e-01  -1.2678119792e+00
   6.9046774823e-03   6.1683142094e-03   8.0141875208e-01   6.5070751581e-01  -1.4240384871e+00
   8.4340799804e-03   7.6410407552e-03   7.3548518362e-01   5.2059569433e-01  -1.5802076704e+00
   1.0104145255e-02   9.2271192055e-03   6.5897469616e-01   3.6316384133e-01  -1.7371640553e+00
   1.1941516552e-02   1.0981171305e-02   5.7156480537e-01   1.7636758248e-01  -1.8903501025e+00
   1.3844002375e-02   1.2901861799e-02   4.7999774442e-01  -2.6076904995e-02  -2.0248636731e+00
   1.5719327137e-02   1.4786142951e-02   3.9002371353e-01  -2.3117817647e-01  -2.1322048737e+00
   1.7600566921e-02   1.6652511322e-02   3.0282908665e-01  -4.3550079738e-01  -2.2119371048e+00
   1.9538400328e-02   1.8548622520e-02   2.1764603866e-01  -6.4028169868e-01  -2.2639677301e+00
   2.1598120379e-02   2.0528178135e-02   1.3436172292e-01  -8.4541868552e-01  -2.2844886723e+00
   2.3888292623e-02   2.2668062623e-02   5.2924452364e-02  -1.0505512359e+00  -2.2647809280e+00
   2.6618799763e-02   2.5108522624e-02  -2.6659448054e-02  -1.2543694366e+00  -2.1837743346e+00
   2.9401618874e-02   2.8129076902e-02  -8.7279491614e-02  -1.4088255122e+00  -2.0427873357e+00
   3.1692531966e-02   3.0674160846e-02  -1.2075080170e-01  -1.4886368161e+00  -1.8851096928e+00
   3.3600221992e-02   3.2710903086e-02  -1.3739595228e-01  -1.5194288775e+00  -1.7282425524e+00
   3.5300111210e-02   3.4489540898e-02  -1.4406874959e-01  -1.5184696433e+00  -1.5710603918e+00
   3.6869555690e-02   3.6110681521e-02  -1.4381290207e-01  -1.4935510297e+00  -1.4148971795e+00
   3.8351830203e-02   3.7628429858e-02  -1.3838137889e-01  -1.4487895043e+00  -1.2585099231e+00
   3.9774323875e-02   3.9075230547e-02  -1.2883677979e-01  -1.3866819394e+00  -1.1022545662e+00
   4.1156420734e-02   4.0473417203e-02  -1.1580237399e-01  -1.3081781378e+00  -9.4517831209e-01
   4.2513044807e-02   4.1839424264e-02  -9.9957950654e-02  -1.2152045915e+00  -7.8922083348e-01
   4.3856500443e-02   4.3186665349e-02  -8.1547829018e-02  -1.1075061179e+00  -6.3295736534e-01
   4.5197538296e-02   4.4526335537e-02  -6.0745632123e-02  -9.8466370561e-01  -4.7587074901e-01
   4.6546249027e-02   4.5868741055e-02  -3.8071670059e-02  -8.4847661819e-01  -3.2030218355e-01
   4.7912792377e-02   4.7223756999e-02  -1.3200751545e-02  -6.9575795341e-01  -1.6310753882e-01
   4.9307828469e-02   4.8601827754e-02   1.3265108147e-02  -5.2902173206e-01  -7.5496847361e-03
   5.0743392454e-02   5.0013829184e-02   4.1800925402e-02  -3.4407111812e-01   1.4941888756e-01
   5.2207825414e-02   5.1472955725e-02   7.1557345907e-02  -1.4527494624e-01   3.0324866217e-01
   5.3650667067e-02   5.2942695103e-02   1.0124254758e-01   5.9207507926e-02   4.4810375399e-01
   5.5047776467e-02   5.4358639031e-02   1.2994653914e-01   2.6288171843e-01   5.8084920213e-01
   5.6414013560e-02   5.5736913904e-02   1.5814406818e-01   4.6872292200e-01   7.0476957007e-01
   5.7762323677e-02   5.7091113216e-02   1.8531770288e-01   6.7249860189e-01   8.1844966542e-01
   5.9104466362e-02   5.8433534137e-02   2.1188071359e-01   8.7679897568e-01   9.2434761480e-01
   6.0451808752e-02   5.9775398588e-02   2.3795857372e-01   1.0822669713e+00   1.0233874599e+00
   6.1816225066e-02   6.1128218917e-02   2.6316776275e-01   1.2854782283e+00   1.1145592131e+00
   6.3211375120e-02   6.2504231215e-02   2.8816986034e-01   1.4914867406e+00   1.2005680164e+00
   6.4653930942e-02   6.3918519026e-02   3.1240600947e-01   1.6955148401e+00   1.2797419788e+00
   6.6165814248e-02   6.5389342859e-02   3.3616993738e-01   1.8999004485e+00   1.3533762837e+00
   6.7779318088e-02   6.6942285637e-02   3.5947176186e-01   2.1049849525e+00   1.4217377841e+00
   6.9546485745e-02   6.8616350540e-02   3.8207534512e-01   2.3094501810e+00   1.4844861231e+00
   7.1567532276e-02   7.0476620951e-02   4.0396426544e-01   2.5153669096e+00   1.5421408166e+00
   7.4104885422e-02   7.2658443602e-02   4.2432115398e-01   2.7223983852e+00   1.5939932041e+00
   7.7526520153e-02   7.5551327241e-02   4.3759984199e-01   2.9017182995e+00   1.6321574169e+00
   8.1476905976e-02   7.9501713064e-02   4.3032596689e-01   2.9582500833e+00   1.6378618131e+00
   8.5477905063e-02   8.3452098887e-02   3.9461480231e-01   2.8424973500e+00   1.6065776777e+00
   8.8741837857e-02   8.7503711239e-02   3.4408775845e-01   2.6294528335e+00   1.5575188704e+00
   9.0981550477e-02   8.9979964474e-02   2.9771428097e-01   2.4234410013e+00   1.5117497109e+00
   9.2861396960e-02   9.1983136480e-02   2.5207860997e-01   2.2183275223e+00   1.4662400694e+00
   9.4541878575e-02   9.3739657440e-02   2.0650259736e-01   2.0129591253e+00   1.4201495466e+00
   9.6096131064e-02   9.5344099709e-02   1.6116553124e-01   1.8087365694e+00   1.3734437694e+00
   9.7565832357e-02   9.6848162418e-02   1.1578596264e-01   1.6044983588e+00   1.3256019702e+00
   9.8977729923e-02   9.8283502295e-02   7.0162808660e-02   1.3992016693e+00   1.2761370371e+00
   1.0035123539e-01   9.9671957551e-02   2.4915973606e-02   1.1953332989e+00   1.2254334974e+00
   1.0170158899e-01   1.0103051323e-01  -2.0519509903e-02   9.8990048280e-01   1.1725219698e+00
   1.0304161504e-01   1.0237266476e-01  -6.5267998714e-02   7.8627927777e-01   1.1180368597e+00
   1.0438312125e-01   1.0371056532e-01  -1.0988675840e-01   5.8117561365e-01   1.0608334588e+00
   1.0573772454e-01   1.0505567718e-01  -1.5371675938e-01   3.7661807545e-01   1.0011454141e+00
   1.0711777092e-01   1.0641977189e-01  -1.9655069593e-01   1.7230228965e-01   9.3852335707e-01
   1.0853732118e-01   1.0781576996e-01  -2.3804756438e-01  -3.1849811289e-02   8.7249252283e-01
   1.1001381601e-01   1.0925887241e-01  -2.7793733429e-01  -2.3702118921e-01   8.0202614995e-01
   1.1157029742e-01   1.1076875960e-01  -3.1526062679e-01  -4.4199185617e-01   7.2667841802e-01
   1.1323910999e-01   1.1237183524e-01  -3.4889604165e-01  -6.4621571801e-01   6.4551021662e-01
   1.1507083258e-01   1.1410638474e-01  -3.7737933536e-01  -8.5083141099e-01   5.5626662922e-01
   1.1715595752e-01   1.1603528043e-01  -3.9770629290e-01  -1.0561288180e+00   4.5556424074e-01
   1.1969438156e-01   1.1827663460e-01  -4.0325426611e-01  -1.2623159957e+00   3.3641725890e-01
   1.2294359536e-01   1.2111212852e-01  -3.7820850526e-01  -1.4531834671e+00   1.9309232055e-01
   1.2658882411e-01   1.2477506220e-01  -3.0878970112e-01  -1.5738294999e+00   4.8017174459e-02
   1.2978377682e-01   1.2840258601e-01  -2.1562213775e-01  -1.6030147028e+00  -6.2242520260e-02
   1.3235774354e-01   1.3116496762e-01  -1.2212559140e-01  -1.5788977182e+00  -1.3830454238e-01
   1.3465455028e-01   1.3355051945e-01  -2.8892271896e-02  -1.5269760122e+00  -1.9655944783e-01
   1.3682756115e-01   1.3575858111e-01   6.4520706658e-02  -1.4557160584e+00  -2.4383750579e-01
   1.3897182370e-01   1.3789654119e-01   1.5752349138e-01  -1.3690020271e+00  -2.8334820129e-01
   1.4117369974e-01   1.4004710620e-01   2.5082602075e-01  -1.2666644923e+00  -3.1769647361e-01
   1.4354874708e-01   1.4230029328e-01   3.4422065336e-01  -1.1462687651e+00  -3.4868920370e-01
   1.4633888714e-01   1.4479720088e-01   4.3826643320e-01  -9.9781256547e-01  -3.7895232540e-01
   1.4981236160e-01   1.4788057341e-01   5.2216301424e-01  -8.1266076287e-01  -4.1053250156e-01
   1.5385946366e-01   1.5174414979e-01   5.6270530381e-01  -6.0840627393e-01  -4.4320107303e-01
   1.5819320894e-01   1.5597477754e-01   5.2854930181e-01  -4.1571779886e-01  -4.7633795741e-01
   1.6184740152e-01   1.6041164034e-01   4.3951211917e-01  -2.7867398744e-01  -5.0280319673e-01
   1.6440447902e-01   1.6328316269e-01   3.4540500880e-01  -1.9857170067e-01  -5.1922640030e-01
   1.6650136438e-01   1.6552579535e-01   2.5197193357e-01  -1.4269481067e-01  -5.3028326627e-01
   1.6837033901e-01   1.6747693341e-01   1.5875060403e-01  -1.0023313649e-01  -5.3750638568e-01
   1.7010830122e-01   1.6926374462e-01   6.5449805522e-02  -6.6798876039e-02  -5.4136884684e-01
   1.7177006805e-01   1.7095285781e-01  -2.7663919622e-02  -4.0301173341e-02  -5.4194973434e-01
   1.7339327517e-01   1.7258727828e-01  -1.2062998350e-01  -1.9463633230e-02  -5.3915799377e-01
   1.7500830949e-01   1.7419927206e-01  -2.1386020235e-01  -3.5399763142e-03  -5.3268667423e-01
   1.7664414492e-01   1.7581734693e-01  -3.0684667433e-01   7.6769086307e-03  -5.2210762414e-01
   1.7833348868e-01   1.7747094292e-01  -4.0015901612e-01   1.4198283297e-02  -5.0662353307e-01
   1.8011963246e-01   1.7919603443e-01  -4.9326523185e-01   1.5528317095e-02  -4.8518004699e-01
   1.8207106981e-01   1.8104323049e-01  -5.8665861151e-01   1.0563303655e-02  -4.5572843182e-01
   1.8432341455e-01   1.8309890913e-01  -6.8016406285e-01  -3.2925248691e-03  -4.1445752241e-01
   1.8730324195e-01   1.8554791997e-01  -7.7540603152e-01  -3.4642871270e-02  -3.4923650781e-01
   1.9198932527e-01   1.8905856393e-01  -8.4687568793e-01  -1.1077529501e-01  -2.3172162594e-01
   1.9726099767e-01   1.9492008661e-01  -8.1436954256e-01  -2.2391199436e-01  -1.0007315578e-01
   2.0095746375e-01   1.9960190873e-01  -7.1866108910e-01  -3.1326714897e-01  -2.4168184636e-02
   2.0338988416e-01   2.0231301878e-01  -6.2476921889e-01  -3.7225775250e-01   1.1012337749e-02
   2.0540576969e-01   2.0446674954e-01  -5.3124294666e-01  -4.1902012420e-01   2.8868806385e-02
   2.0720180342e-01   2.0634478985e-01  -4.3818101066e-01  -4.5749324206e-01   3.4961160891e-02
   2.0886272091e-01   2.0805881699e-01  -3.4493014714e-01  -4.8957756619e-01   3.1781662702e-02
   2.1043552366e-01   2.0966662483e-01  -2.5195243931e-01  -5.1587977594e-01   2.0649689985e-02
   2.1195075282e-01   2.1120442249e-01  -1.5874190901e-01  -5.3689700706e-01   2.2811618977e-03
   2.1343051381e-01   2.1269708315e-01  -6.5598371644e-02  -5.5263306189e-01  -2.2830896710e-02
   2.1489263354e-01   2.1416394446e-01   2.7436947853e-02  -5.6300002135e-01  -5.4394025260e-02
   2.1635282734e-01   2.1562132261e-01   1.2044867535e-01  -5.6775077576e-01  -9.2316909566e-02
   2.1782637853e-01   2.1708433207e-01   2.1353370172e-01  -5.6642885024e-01  -1.3667980878e-01
   2.1932969182e-01   2.1856842500e-01   3.0669479749e-01  -5.5833314078e-01  -1.8767656875e-01
   2.2088202986e-01   2.2009095864e-01   3.9973040429e-01  -5.4250319656e-01  -2.4552300542e-01
   2.2250829290e-01   2.2167310109e-01   4.9289053257e-01  -5.1744607653e-01  -3.1093129357e-01
   2.2424396686e-01   2.2334348470e-01   5.8603322577e-01  -4.8097464896e-01  -3.8470935842e-01
   2.2614578731e-01   2.2514444901e-01   6.7925727266e-01  -4.2939298145e-01  -4.6845330898e-01
   2.2832036589e-01   2.2714712560e-01   7.7257888506e-01  -3.5585930091e-01  -5.6501001493e-01
   2.3104116554e-01   2.2949360617e-01   8.6695314388e-01  -2.4248901580e-01  -6.8240505044e-01
   2.3446740230e-01   2.3258872491e-01   9.4640239687e-01  -7.1272584238e-02  -8.1443846703e-01
   2.3803867974e-01   2.3634607970e-01   9.8115039559e-01   1.3308964615e-01  -9.2291307781e-01
   2.4135828121e-01   2.3973127978e-01   9.6765496919e-01   3.3773029233e-01  -9.8695927802e-01
   2.4464229029e-01   2.4298528263e-01   9.1307095283e-01   5.4231032100e-01  -1.0093477422e+00
   2.4774388155e-01   2.4629929796e-01   8.2845183482e-01   7.2648987817e-01  -9.9154508127e-01
   2.5038396827e-01   2.4918846514e-01   7.3475101803e-01   8.6838012032e-01  -9.4662405013e-01
   2.5265231116e-01   2.5157947139e-01   6.4154971124e-01   9.7386789679e-01  -8.8740199226e-01
   2.5473031395e-01   2.5372515093e-01   5.4832034579e-01   1.0540402466e+00  -8.1799259551e-01
   2.5670511721e-01   2.5573547696e-01   4.5505254740e-01   1.1131545338e+00  -7.4033463399e-01
   2.5863194685e-01   2.5767475745e-01   3.6205793702e-01   1.1529256363e+00  -6.5569681289e-01
   2.6055367048e-01   2.5958913624e-01   2.6910621212e-01   1.1739674902e+00  -5.6433340311e-01
   2.6251072899e-01   2.6151820472e-01   1.7592041043e-01   1.1755108223e+00  -4.6594766217e-01
   2.6454940182e-01   2.6350325326e-01   8.2611044467e-02   1.1554072049e+00  -3.6019872497e-01
   2.6673238471e-01   2.6559555038e-01  -1.0417041710e-02   1.1100766553e+00  -2.4662846809e-01
   2.6916222718e-01   2.6786921904e-01  -1.0365101392e-01   1.0324027719e+00  -1.2278619287e-01
   2.7205175754e-01   2.7045523533e-01  -1.9730812383e-01   9.0725781986e-01   1.5762521891e-02
   2.7542659499e-01   2.7364827974e-01  -2.8020894389e-01   7.2786695021e-01   1.5826309298e-01
   2.7889122059e-01   2.7720491024e-01  -3.3505094259e-01   5.2275651214e-01   2.7655744430e-01
   2.8234944938e-01   2.8057753094e-01  -3.6036293578e-01   3.1742701779e-01   3.6044672991e-01
   2.8629386712e-01   2.8412136782e-01  -3.5979466025e-01   1.1056498833e-01   4.1163526383e-01
   2.9276767405e-01   2.8846636642e-01  -3.2111747596e-01  -8.8486875528e-02   3.9765886689e-01
   3.0061497953e-01   2.9706898168e-01  -2.8364770524e-01  -5.7888842940e-02   2.8363025838e-01
   3.0637126398e-01   3.0416097737e-01  -3.0381422382e-01   1.4687574392e-01   1.8297420886e-01
   3.1056872481e-01   3.0858155059e-01  -3.5572613081e-01   3.5347808592e-01   1.3450493926e-01
   3.1463802338e-01   3.1255589902e-01  -4.3169951998e-01   5.5603142433e-01   1.2709875635e-01
   3.1872411652e-01   3.1672014775e-01  -5.2291819371e-01   7.2599792377e-01   1.6943320799e-01
   3.2287356189e-01   3.2072808529e-01  -6.1590639547e-01   8.3379296580e-01   2.6890834484e-01
   3.2687829824e-01   3.2501903849e-01  -6.8981774391e-01   8.6068341159e-01   4.1420758624e-01
   3.3033830393e-01   3.2873755799e-01  -7.2876813434e-01   8.1831817553e-01   5.7140462022e-01
   3.3344961879e-01   3.3193904987e-01  -7.3613164005e-01   7.3213276263e-01   7.2802675837e-01
   3.3648870306e-01   3.3496018770e-01  -7.1352263950e-01   6.1192250716e-01   8.8472298758e-01
   3.3967017916e-01   3.3801721842e-01  -6.5588206667e-01   4.5901512226e-01   1.0405920033e+00
   3.4270881407e-01   3.4132313990e-01  -5.6957570471e-01   2.9943548819e-01   1.1703157355e+00
   3.4523117408e-01   3.4409448823e-01  -4.7592516421e-01   1.6468719674e-01   1.2558173835e+00
   3.4737466320e-01   3.4636785992e-01  -3.8262584220e-01   5.3446863723e-02   1.3078738990e+00
   3.4931156545e-01   3.4838146648e-01  -2.8962029636e-01  -4.1539378911e-02   1.3359815597e+00
   3.5112509625e-01   3.5024166442e-01  -1.9629939326e-01  -1.2449760847e-01   1.3444272981e+00
   3.5286583623e-01   3.5200852807e-01  -1.0312521954e-01  -1.9721360382e-01   1.3350735629e+00
   3.5457029672e-01   3.5372314438e-01  -9.9584438569e-03  -2.6137814500e-01   1.3087061692e+00
   3.5626879955e-01   3.5541744907e-01   8.3042922928e-02  -3.1808299248e-01   1.2652748911e+00
   3.5799061964e-01   3.5712015003e-01   1.7611793443e-01  -3.6845927643e-01   1.2036887364e+00
   3.5976860714e-01   3.5886108925e-01   2.6920963770e-01  -4.1337246042e-01   1.1219048559e+00
   3.6164560677e-01   3.6067612502e-01   3.6243342587e-01  -4.5386181988e-01   1.0161750899e+00
   3.6366197227e-01   3.6261508852e-01   4.5452739674e-01  -4.9076934279e-01   8.8227677524e-01
   3.6568115675e-01   3.6470885602e-01   5.3708628580e-01  -5.2298824741e-01   7.2878418731e-01
   3.6754825006e-01   3.6665345748e-01   6.0293567819e-01  -5.5018723667e-01   5.7243256168e-01
   3.6928695524e-01   3.6844304263e-01   6.5466081036e-01  -5.7504924936e-01   4.1571752872e-01
   3.7094160435e-01   3.7013086785e-01   6.9448088144e-01  -5.9946565827e-01   2.5983702815e-01
   3.7254251576e-01   3.7175234086e-01   7.2453245520e-01  -6.2528324672e-01   1.0254154900e-01
   3.7411286219e-01   3.7333269067e-01   7.4537995907e-01  -6.5325182028e-01  -5.3512015936e-02
   3.7567245930e-01   3.7489303370e-01   7.5806387348e-01  -6.8462615219e-01  -2.0970384937e-01
   3.7723981263e-01   3.7645188489e-01   7.6302031176e-01  -7.2047028368e-01  -3.6619331875e-01
   3.7883443336e-01   3.7802774038e-01   7.6044235191e-01  -7.6191667062e-01  -5.2301433340e-01
   3.8047891362e-01   3.7964112633e-01   7.5041391012e-01  -8.0991866404e-01  -6.7910159394e-01
   3.8220252201e-01   3.8131670090e-01   7.3265029591e-01  -8.6644747693e-01  -8.3573253522e-01
   3.8404748900e-01   3.8308834311e-01   7.0665048288e-01  -9.3339568505e-01  -9.9198008648e-01
   3.8608416343e-01   3.8500663490e-01   6.7087396834e-01  -1.0149134399e+00  -1.1492041385e+00
   3.8845280006e-01   3.8716169196e-01   6.2283995709e-01  -1.1168037434e+00  -1.3060509199e+00
   3.9152402103e-01   3.8974390817e-01   5.5436116401e-01  -1.2563065547e+00  -1.4636052550e+00
   3.9540749083e-01   3.9330413390e-01   4.6687662840e-01  -1.4299898763e+00  -1.5815164275e+00
   3.9998842425e-01   3.9751084777e-01   3.7352056057e-01  -1.6040672324e+00  -1.5986002487e+00
   4.0461283637e-01   4.0246600073e-01   2.9742162734e-01  -1.7132145681e+00  -1.4918065782e+00
   4.0824270461e-01   4.0675967201e-01   2.5100364062e-01  -1.7311854405e+00  -1.3316127135e+00
   4.1098573482e-01   4.0972573721e-01   2.2198904300e-01  -1.6956206581e+00  -1.1744395827e+00
   4.1339891324e-01   4.1224573243e-01   1.9852805406e-01  -1.6271052895e+00  -1.0175320511e+00
   4.1565410983e-01   4.1455209406e-01   1.7658354492e-01  -1.5316038355e+00  -8.6126886970e-01
   4.1784309690e-01   4.1675612559e-01   1.5339624096e-01  -1.4098825077e+00  -7.0446256352e-01
   4.2003306119e-01   4.1893006820e-01   1.2683949578e-01  -1.2618646149e+00  -5.4812999098e-01
   4.2228473499e-01   4.2113605417e-01   9.4339301249e-02  -1.0845262779e+00  -3.9203649366e-01
   4.2453237295e-01   4.2343341581e-01   5.5206626541e-02  -8.8541535158e-01  -2.4507784742e-01
   4.2665741155e-01   4.2563133009e-01   1.1070325184e-02  -6.8093492666e-01  -1.1828616759e-01
   4.2866541872e-01   4.2768349302e-01  -3.7812392851e-02  -4.7622038395e-01  -1.1802238729e-02
   4.3060534923e-01   4.2964734442e-01  -9.1816999905e-02  -2.7187557783e-01   7.6426415241e-02
   4.3251356087e-01   4.3156335404e-01  -1.5156468266e-01  -6.7404325141e-02   1.4790693352e-01
   4.3442094964e-01   4.3346376770e-01  -2.1770651407e-01   1.3741935478e-01   2.0312422601e-01
   4.3635753672e-01   4.3537813158e-01  -2.9058184899e-01   3.4165322624e-01   2.4172010246e-01
   4.3835654627e-01   4.3733694186e-01  -3.7134167812e-01   5.4623641754e-01   2.6311077436e-01
   4.4043662500e-01   4.3937615068e-01  -4.5977306539e-01   7.4828017395e-01   2.6574480422e-01
   4.4253985249e-01   4.4149709932e-01  -5.5279076548e-01   9.3971697569e-01   2.4896462578e-01
   4.4462320710e-01   4.4358260566e-01  -6.4573678191e-01   1.1120674261e+00   2.1457853987e-01
   4.4672758775e-01   4.4566380855e-01  -7.3878386537e-01   1.2676900074e+00   1.6387286463e-01
   4.4891196447e-01   4.4779136694e-01  -8.3198604420e-01   1.4080051011e+00   9.6916695545e-02
   4.5126594965e-01   4.5003256200e-01  -9.2523589878e-01   1.5336791005e+00   1.2359157497e-02
   4.5397375997e-01   4.5249933730e-01  -1.0190436275e+00   1.6455523087e+00  -9.5105725931e-02
   4.5735951527e-01   4.5544818263e-01  -1.1080831855e+00   1.7377785800e+00  -2.3286443406e-01
   4.6162797951e-01   4.5927084791e-01  -1.1638939825e+00   1.7881334532e+00  -3.9022982105e-01
   4.6651114958e-01   4.6398511111e-01  -1.1361725594e+00   1.7744690297e+00  -5.1507991198e-01
   4.7039569429e-01   4.6903718805e-01  -1.0414244207e+00   1.7256684744e+00  -5.5463767254e-01
   4.7279185709e-01   4.7175420054e-01  -9.4717260397e-01   1.6825725831e+00  -5.4406026025e-01
   4.7471013751e-01   4.7382951364e-01  -8.5386190860e-01   1.6431778715e+00  -5.1569667375e-01
   4.7637515518e-01   4.7559076137e-01  -7.6062844649e-01   1.6060156231e+00  -4.7667320503e-01
   4.7787857922e-01   4.7715954898e-01  -6.6744578393e-01   1.5704034843e+00  -4.3013446287e-01
   4.7926958189e-01   4.7859760947e-01  -5.7442003386e-01   1.5358859330e+00  -3.7792438637e-01
   4.8057834895e-01   4.7994155431e-01  -4.8131949050e-01   1.5019854048e+00  -3.2103293278e-01
   4.8182509209e-01   4.8121514360e-01  -3.8797388019e-01   1.4683091622e+00  -2.6009965951e-01
   4.8302447802e-01   4.8243504059e-01  -2.9490807393e-01   1.4347480685e+00  -1.9602897771e-01
   4.8418778828e-01   4.8361391545e-01  -2.0239004866e-01   1.4011267582e+00  -1.2948292972e-01
   4.8532376560e-01   4.8476166111e-01  -1.0839016423e-01   1.3664320936e+00  -5.9279605583e-02
   4.8643981443e-01   4.8588587009e-01  -1.6309982220e-02   1.3316629063e+00   1.1754388131e-02
   4.8754242565e-01   4.8699375878e-01   7.7799654331e-02   1.2950493600e+00   8.6446339376e-02
   4.8863737676e-01   4.8809109251e-01   1.7028683018e-01   1.2577186742e+00   1.6173146089e-01
   4.8973025032e-01   4.8918366101e-01   2.6321244239e-01   1.2185637650e+00   2.3908618088e-01
   4.9082651997e-01   4.9027683962e-01   3.5690340511e-01   1.1770618916e+00   3.1868600395e-01
   4.9193180318e-01   4.9137620032e-01   4.4913548106e-01   1.1338419485e+00   3.9850172943e-01
   4.9305229898e-01   4.9248740604e-01   5.4315211425e-01   1.0869090709e+00   4.8124073858e-01
   4.9419488176e-01   4.9361719191e-01   6.3541472854e-01   1.0374980362e+00   5.6369243449e-01
   4.9536771504e-01   4.9477257160e-01   7.2896098380e-01   9.8335481017e-01   6.4846721161e-01
   4.9658103552e-01   4.9596285849e-01   8.2203470342e-01   9.2458692757e-01   7.3390713100e-01
   4.9784778996e-01   4.9719921256e-01   9.1482200359e-01   8.6007427147e-01   8.2007802921e-01
   4.9924818369e-01   4.9849636737e-01   1.0123194100e+00   7.8419857308e-01   9.1160138603e-01