# time = 2.4
# Grid points = 474
# Pressure (Pa) = 101325
#             1_pos             2_posf             3_uvel             4_vvel             5_wvel
  -4.9917840810e-01  -5.0000000000e-01   1.1338612560e+00   8.7192617937e-01   1.1846667585e+00
  -4.9750814511e-01  -4.9835681619e-01   1.2324543636e+00   7.4460237337e-01   1.2934290194e+00
  -4.9566236670e-01  -4.9665947403e-01   1.3275934575e+00   5.9501179476e-01   1.3989108209e+00
  -4.9337913820e-01  -4.9466525936e-01   1.4227634409e+00   3.9889627637e-01   1.5044054467e+00
  -4.9070684198e-01  -4.9209301703e-01   1.5009716355e+00   1.5717303059e-01   1.5899013999e+00
  -4.8796632188e-01  -4.8932066692e-01   1.5420954266e+00  -9.9741228214e-02   1.6318964706e+00
  -4.8525041762e-01  -4.8661197685e-01   1.5427338731e+00  -3.5659875599e-01   1.6261438916e+00
  -4.8247325112e-01  -4.8388885839e-01   1.5029505669e+00  -6.1357058576e-01   1.5725798791e+00
  -4.7971240761e-01  -4.8105764385e-01   1.4254293406e+00  -8.5490288358e-01   1.4751797990e+00
  -4.7731406729e-01  -4.7836717138e-01   1.3304795124e+00  -1.0458163032e+00   1.3593769189e+00
  -4.7535629892e-01  -4.7626096320e-01   1.2351170421e+00  -1.1850341956e+00   1.2454795168e+00
  -4.7363463088e-01  -4.7445163464e-01   1.1402606107e+00  -1.2917363263e+00   1.1341751666e+00
  -4.7205820286e-01  -4.7281762713e-01   1.0455241416e+00  -1.3752673663e+00   1.0248817312e+00
  -4.7057922324e-01  -4.7129877858e-01   9.5055169955e-01  -1.4403982293e+00   9.1719623282e-01
  -4.6916801250e-01  -4.6985966791e-01   8.5615782455e-01  -1.4893423899e+00   8.1208862317e-01
  -4.6780432622e-01  -4.6847635709e-01   7.6088459888e-01  -1.5244472720e+00   7.0804673104e-01
  -4.6647318109e-01  -4.6713229535e-01   6.6650454240e-01  -1.5461273071e+00   6.0713697299e-01
  -4.6516256736e-01  -4.6581406684e-01   5.7192079879e-01  -1.5554948169e+00   5.0831551634e-01
  -4.6386252316e-01  -4.6451106789e-01   4.7678093572e-01  -1.5527769724e+00   4.1144571711e-01
  -4.6256404824e-01  -4.6321397844e-01   3.8200856661e-01  -1.5381144575e+00   3.1771027623e-01
  -4.6125861670e-01  -4.6191411803e-01   2.8742450160e-01  -1.5115822057e+00   2.2717447370e-01
  -4.5993776484e-01  -4.6060311536e-01   1.9298932348e-01  -1.4730431543e+00   1.4010204763e-01
  -4.5859242112e-01  -4.5927241432e-01   9.7754342668e-02  -1.4215509263e+00   5.6058529200e-02
  -4.5721266704e-01  -4.5791242792e-01   3.5242267661e-03  -1.3575642937e+00  -2.2911368999e-02
  -4.5578682495e-01  -4.5651290616e-01  -9.1670270045e-02  -1.2789299164e+00  -9.7870237105e-02
  -4.5430067193e-01  -4.5506074373e-01  -1.8615736327e-01  -1.1858724600e+00  -1.6675015293e-01
  -4.5273610223e-01  -4.5354060013e-01  -2.8103425110e-01  -1.0759435459e+00  -2.2945164381e-01
  -4.5106864371e-01  -4.5193160433e-01  -3.7566598673e-01  -9.4785545241e-01  -2.8431424049e-01
  -4.4926329074e-01  -4.5020568309e-01  -4.7054316186e-01  -7.9815383217e-01  -3.2993828350e-01
  -4.4726609887e-01  -4.4832089838e-01  -5.6526340430e-01  -6.2334300404e-01  -3.6369299961e-01
  -4.4498442178e-01  -4.4621129935e-01  -6.6017439525e-01  -4.1621149687e-01  -3.8191185093e-01
  -4.4235257510e-01  -4.4375754422e-01  -7.5173878220e-01  -1.7502669933e-01  -3.7853886596e-01
  -4.3946564586e-01  -4.4094760599e-01  -8.3011884044e-01   8.1509521111e-02  -3.4991803236e-01
  -4.3633688466e-01  -4.3798368573e-01  -8.8987924800e-01   3.3908277724e-01  -2.9706082322e-01
  -4.3268516130e-01  -4.3469008358e-01  -9.2799941487e-01   5.9724667126e-01  -2.2023605122e-01
  -4.2755929390e-01  -4.3068023901e-01  -9.2807291139e-01   8.5983180909e-01  -1.1623977577e-01
  -4.2166997226e-01  -4.2443834879e-01  -8.6339067049e-01   1.0168548311e+00  -4.3650103147e-02
  -4.1704632770e-01  -4.1890159573e-01  -7.6682794643e-01   1.0366859027e+00  -4.3735546987e-02
  -4.1367958978e-01  -4.1519105967e-01  -6.7177949640e-01   1.0022731937e+00  -7.9971232143e-02
  -4.1084966285e-01  -4.1216811989e-01  -5.7705722411e-01   9.4916190459e-01  -1.3112908985e-01
  -4.0833775233e-01  -4.0953120581e-01  -4.8222402061e-01   8.8770466177e-01  -1.8918220389e-01
  -4.0603685963e-01  -4.0714429884e-01  -3.8762624479e-01   8.2256926487e-01  -2.4942309033e-01
  -4.0388289794e-01  -4.0492942043e-01  -2.9289969441e-01   7.5550631560e-01  -3.0928506670e-01
  -4.0183252169e-01  -4.0283637546e-01  -1.9823792853e-01   6.8744809105e-01  -3.6676044416e-01
  -3.9985311918e-01  -4.0082866791e-01  -1.0351609183e-01   6.1842829172e-01  -4.2056271470e-01
  -3.9791788163e-01  -3.9887757044e-01  -8.9400512333e-03   5.4827962796e-01  -4.6953009628e-01
  -3.9600259296e-01  -3.9695819283e-01   8.5857685575e-02   4.7605687762e-01  -5.1295484108e-01
  -3.9408304632e-01  -3.9504699309e-01   1.8063119692e-01   4.0091655877e-01  -5.4986095310e-01
  -3.9213230721e-01  -3.9311909955e-01   2.7527111004e-01   3.2150718151e-01  -5.7934506418e-01
  -3.9011678658e-01  -3.9114551487e-01   3.7001227826e-01   2.3555211942e-01  -6.0041928212e-01
  -3.8798888510e-01  -3.8908805828e-01   4.6482880099e-01   1.3987374557e-01  -6.1157538021e-01
  -3.8567048920e-01  -3.8688971191e-01   5.5967592916e-01   2.9150206210e-02  -6.1045201770e-01
  -3.8300187036e-01  -3.8445126649e-01   6.5494321036e-01  -1.0801649561e-01  -5.9239316061e-01
  -3.7960165421e-01  -3.8155247422e-01   7.4892183157e-01  -2.9895970339e-01  -5.4576404260e-01
  -3.7567331486e-01  -3.7765083420e-01   8.1361993207e-01  -5.4127173820e-01  -4.6664755729e-01
  -3.7184186692e-01  -3.7369579552e-01   8.2513355380e-01  -7.9741678355e-01  -3.7252752488e-01
  -3.6818376169e-01  -3.6998793832e-01   7.8579511905e-01  -1.0540128208e+00  -2.7708836652e-01
  -3.6476920525e-01  -3.6637958505e-01   7.0657330442e-01  -1.2950687159e+00  -1.9159039475e-01
  -3.6190222515e-01  -3.6315882545e-01   6.1123505274e-01  -1.4918155675e+00  -1.2706752799e-01
  -3.5955743529e-01  -3.6064562486e-01   5.1624742735e-01  -1.6435943170e+00  -8.1612045715e-02
  -3.5747581335e-01  -3.5846924571e-01   4.2130825103e-01  -1.7684193374e+00  -4.7591990981e-02
  -3.5554555589e-01  -3.5648238098e-01   3.2631264262e-01  -1.8733102334e+00  -2.1741635008e-02
  -3.5370428246e-01  -3.5460873079e-01   2.3176559960e-01  -1.9611675265e+00  -2.3332241303e-03
  -3.5191009141e-01  -3.5279983412e-01   1.3700531584e-01  -2.0342728620e+00   1.1959939771e-02
  -3.5013002733e-01  -3.5102034870e-01   4.2202736733e-02  -2.0929324283e+00   2.1914075308e-02
  -3.4833352158e-01  -3.4923970596e-01  -5.2739879703e-02  -2.1368071083e+00   2.8179895903e-02
  -3.4648782394e-01  -3.4742733720e-01  -1.4731927876e-01  -2.1644895072e+00   3.1314682880e-02
  -3.4455195495e-01  -3.4554831069e-01  -2.4217435255e-01  -2.1737266488e+00   3.1928884762e-02
  -3.4246600922e-01  -3.4355559922e-01  -3.3707265959e-01  -2.1598765893e+00   3.0729878644e-02
  -3.4012589732e-01  -3.4137641922e-01  -4.3204304209e-01  -2.1142196035e+00   2.8860795020e-02
  -3.3729386531e-01  -3.3887537541e-01  -5.2754757164e-01  -2.0159739621e+00   2.8823010285e-02
  -3.3373119516e-01  -3.3571235521e-01  -6.1341138691e-01  -1.8279714524e+00   3.7447366805e-02
  -3.3013995431e-01  -3.3175003512e-01  -6.6001512223e-01  -1.5740424982e+00   6.0753581350e-02
  -3.2713093899e-01  -3.2852987349e-01  -6.6649436492e-01  -1.3165979226e+00   9.4961248698e-02
  -3.2444947423e-01  -3.2573200448e-01  -6.4850845054e-01  -1.0592134169e+00   1.3753065076e-01
  -3.2194996463e-01  -3.2316694398e-01  -6.1344230643e-01  -8.0260726794e-01   1.8669840963e-01
  -3.1954784063e-01  -3.2073298528e-01  -5.6484024347e-01  -5.4516966256e-01   2.4143078909e-01
  -3.1718162262e-01  -3.1836269597e-01  -5.0514583879e-01  -2.8883452393e-01   3.0000506650e-01
  -3.1479564044e-01  -3.1600054927e-01  -4.3474783867e-01  -3.1178620709e-02   3.6151622593e-01
  -3.1232750552e-01  -3.1359073161e-01  -3.5424582042e-01   2.2552659043e-01   4.2355816865e-01
  -3.0974859368e-01  -3.1106427944e-01  -2.6407971420e-01   4.7743238907e-01   4.8250685692e-01
  -3.0714129829e-01  -3.0843290792e-01  -1.6953683167e-01   7.0727596675e-01   5.3079746383e-01
  -3.0455287342e-01  -3.0584968867e-01  -7.4987802874e-02   9.0323710358e-01   5.6218866186e-01
  -3.0192288339e-01  -3.0325605817e-01   1.9841758425e-02   1.0636744405e+00   5.7225930433e-01
  -2.9918504232e-01  -3.0058970861e-01   1.1435635140e-01   1.1823429084e+00   5.5473653984e-01
  -2.9625455536e-01  -2.9778037603e-01   2.0906273128e-01   1.2505442760e+00   5.0048502978e-01
  -2.9299442333e-01  -2.9472873469e-01   3.0382310209e-01   1.2513001776e+00   3.9485106796e-01
  -2.8955416173e-01  -2.9126011198e-01   3.8948719645e-01   1.1686447289e+00   2.3414440961e-01
  -2.8641489689e-01  -2.8784821147e-01   4.5263628351e-01   1.0243354140e+00   4.9644550166e-02
  -2.8367227528e-01  -2.8498158232e-01   4.9455828464e-01   8.5045631599e-01  -1.3485017345e-01
  -2.8109973593e-01  -2.8236296824e-01   5.2133386942e-01   6.5614718233e-01  -3.1875217548e-01
  -2.7855854486e-01  -2.7983650363e-01   5.3496243358e-01   4.4317506145e-01  -5.0275802470e-01
  -2.7591378759e-01  -2.7728058609e-01   5.3450603162e-01   2.0964824271e-01  -6.8720381267e-01
  -2.7306953365e-01  -2.7454698909e-01   5.1622438408e-01  -4.1407998888e-02  -8.6542730496e-01
  -2.6996238336e-01  -2.7159207822e-01   4.7396667419e-01  -2.9918349663e-01  -1.0219857796e+00
  -2.6657645717e-01  -2.6833268850e-01   4.0048686606e-01  -5.4129941090e-01  -1.1312307293e+00
  -2.6342123777e-01  -2.6482022584e-01   3.0678682698e-01  -7.1613545040e-01  -1.1649425891e+00
  -2.6083514468e-01  -2.6202224969e-01   2.1166144910e-01  -8.1386490626e-01  -1.1364879268e+00
  -2.5858769354e-01  -2.5964803967e-01   1.1699888174e-01  -8.6200581841e-01  -1.0697233390e+00
  -2.5655037453e-01  -2.5752734742e-01   2.2035262815e-02  -8.7556729399e-01  -9.7565527748e-01
  -2.5465278369e-01  -2.5557340165e-01  -7.2512012621e-02  -8.6266550986e-01  -8.6148587793e-01
  -2.5284972121e-01  -2.5373216573e-01  -1.6742326054e-01  -8.2838866524e-01  -7.3038651224e-01
  -2.5110888879e-01  -2.5196727669e-01  -2.6200300234e-01  -7.7639387720e-01  -5.8603400189e-01
  -2.4940443518e-01  -2.5025050088e-01  -3.5703544082e-01  -7.0856175791e-01  -4.2910381969e-01
  -2.4771352258e-01  -2.4855836948e-01  -4.5166569851e-01  -6.2704641527e-01  -2.6229898269e-01
  -2.4601470591e-01  -2.4686867567e-01  -5.4625596342e-01  -5.3258580038e-01  -8.5913254222e-02
  -2.4431234304e-01  -2.4516073614e-01  -6.3923336749e-01  -4.2742027761e-01   9.6452934577e-02
  -2.4261819605e-01  -2.4346394993e-01  -7.2874507713e-01  -3.1427445126e-01   2.8050719638e-01
  -2.4091346566e-01  -2.4177244216e-01  -8.1427305760e-01  -1.9416584692e-01   4.6469676991e-01
  -2.3916427906e-01  -2.4005448915e-01  -8.9551916274e-01  -6.7205698355e-02   6.4833595347e-01
  -2.3732807788e-01  -2.3827406896e-01  -9.7271226081e-01   6.8646902064e-02   8.3278478540e-01
  -2.3534180132e-01  -2.3638208681e-01  -1.0443235316e+00   2.1459013781e-01   1.0166087837e+00
  -2.3309001431e-01  -2.3430151584e-01  -1.1088424919e+00   3.7674115525e-01   1.2014261270e+00
  -2.3027701721e-01  -2.3187851277e-01  -1.1603410339e+00   5.6852714782e-01   1.3875716034e+00
  -2.2645548597e-01  -2.2867552165e-01  -1.1730897483e+00   8.0335856909e-01   1.5496059734e+00
  -2.2235484195e-01  -2.2423545029e-01  -1.1128425375e+00   1.0190656122e+00   1.6055993151e+00
  -2.1926377134e-01  -2.2047423360e-01  -1.0155656422e+00   1.1556861014e+00   1.5669834919e+00
  -2.1707588367e-01  -2.1805330907e-01  -9.2012917269e-01   1.2392083418e+00   1.5000651559e+00
  -2.1524632204e-01  -2.1609845826e-01  -8.2515999307e-01   1.3015171811e+00   1.4227315742e+00
  -2.1362140285e-01  -2.1439418582e-01  -7.3029025082e-01   1.3516564571e+00   1.3401378011e+00
  -2.1213035299e-01  -2.1284861988e-01  -6.3547630656e-01   1.3936709552e+00   1.2547951838e+00
  -2.1073297734e-01  -2.1141208611e-01  -5.4076654702e-01   1.4297841729e+00   1.1682176653e+00
  -2.0940352536e-01  -2.1005386857e-01  -4.4617267674e-01   1.4613668874e+00   1.0813686137e+00
  -2.0812417356e-01  -2.0875318216e-01  -3.5112586031e-01   1.4894709159e+00   9.9440547414e-01
  -2.0688161592e-01  -2.0749516496e-01  -2.5628973934e-01   1.5144789888e+00   9.0846057676e-01
  -2.0566526556e-01  -2.0626806687e-01  -1.6138973714e-01   1.5368774127e+00   8.2371081689e-01
  -2.0446637627e-01  -2.0506246426e-01  -6.6759301855e-02   1.5568637997e+00   7.4081488212e-01
  -2.0327734466e-01  -2.0387028829e-01   2.7736635227e-02   1.5746467590e+00   6.5997019774e-01
  -2.0209126970e-01  -2.0268440103e-01   1.2220552292e-01   1.5903291696e+00   5.8139084214e-01
  -2.0090147165e-01  -2.0149813836e-01   2.1768000390e-01   1.6040379143e+00   5.0458822906e-01
  -1.9970122365e-01  -2.0030480494e-01   3.1221691357e-01   1.6154179031e+00   4.3146183543e-01
  -1.9848348986e-01  -1.9909764236e-01   4.0684599540e-01   1.6244839539e+00   3.6151668407e-01
  -1.9724048137e-01  -1.9786933735e-01   5.0156322639e-01   1.6309906882e+00   2.9516288133e-01
  -1.9596323099e-01  -1.9661162539e-01   5.9621741469e-01   1.6345841961e+00   2.3296267968e-01
  -1.9464093815e-01  -1.9531483659e-01   6.9093759490e-01   1.6347867930e+00   1.7537358019e-01
  -1.9325989426e-01  -1.9396703971e-01   7.8590060114e-01   1.6309017030e+00   1.2298282009e-01
  -1.9180212350e-01  -1.9255274881e-01   8.8058813542e-01   1.6219871438e+00   7.6930215890e-02
  -1.9024256431e-01  -1.9105149818e-01   9.7541584772e-01   1.6066120197e+00   3.8130646447e-02
  -1.8854366466e-01  -1.8943363044e-01   1.0702466427e+00   1.5826131597e+00   8.2688017370e-03
  -1.8664397079e-01  -1.8765369889e-01   1.1651187305e+00   1.5463590109e+00  -1.0187564299e-02
  -1.8442730585e-01  -1.8563424269e-01   1.2601289786e+00   1.4909445335e+00  -1.2926710624e-02
  -1.8160313917e-01  -1.8322036901e-01   1.3559674366e+00   1.3989284656e+00   9.8882557551e-03
  -1.7756259117e-01  -1.7998590933e-01   1.4433469399e+00   1.2254736797e+00   8.2757700539e-02
  -1.7303185648e-01  -1.7513927301e-01   1.4789134234e+00   9.7895960660e-01   1.9672783436e-01
  -1.6908706558e-01  -1.7092443995e-01   1.4585310856e+00   7.2241745527e-01   3.0432186701e-01
  -1.6556874658e-01  -1.6724969121e-01   1.4043516686e+00   4.6566552857e-01   3.9171848923e-01
  -1.6230329771e-01  -1.6388780195e-01   1.3274188056e+00   2.0956644838e-01   4.5582391594e-01
  -1.5930533986e-01  -1.6071879347e-01   1.2364337381e+00  -3.7570192331e-02   4.9519358707e-01
  -1.5665937975e-01  -1.5789188625e-01   1.1416542098e+00  -2.6149607788e-01   5.1162601034e-01
  -1.5431114807e-01  -1.5542687324e-01   1.0469152901e+00  -4.6292900445e-01   5.1076071027e-01
  -1.5216225868e-01  -1.5319542290e-01   9.5213463821e-01  -6.4762182955e-01   4.9693680165e-01
  -1.5015713276e-01  -1.5112909446e-01   8.5754349468e-01  -8.1815906877e-01   4.7295245970e-01
  -1.4825992434e-01  -1.4918517106e-01   7.6278434224e-01  -9.7694140608e-01   4.4059516034e-01
  -1.4644521115e-01  -1.4733467761e-01   6.6817212238e-01  -1.1244667735e+00   4.0129512810e-01
  -1.4469345284e-01  -1.4555574469e-01   5.7338969205e-01  -1.2618025040e+00   3.5587644086e-01
  -1.4298867368e-01  -1.4383116098e-01   4.7871863641e-01  -1.3887590012e+00   3.0513805678e-01
  -1.4131690759e-01  -1.4214618637e-01   3.8425839666e-01  -1.5052198118e+00   2.4960872478e-01
  -1.3966534044e-01  -1.4048762881e-01   2.8914367957e-01  -1.6118236414e+00   1.8897360945e-01
  -1.3802137227e-01  -1.3884305207e-01   1.9472385173e-01  -1.7064448096e+00   1.2414300432e-01
  -1.3637181817e-01  -1.3719969246e-01   9.9951287095e-02  -1.7892574604e+00   5.4282121573e-02
  -1.3470202479e-01  -1.3554394387e-01   5.1116235035e-03  -1.8584839681e+00  -2.0826625580e-02
  -1.3299460342e-01  -1.3386010571e-01  -8.9512001020e-02  -1.9119477414e+00  -1.0161184614e-01
  -1.3122742364e-01  -1.3212910114e-01  -1.8421563217e-01  -1.9469363065e+00  -1.8938748203e-01
  -1.2936992205e-01  -1.3032574614e-01  -2.7902942564e-01  -1.9589904863e+00  -2.8592402506e-01
  -1.2737607576e-01  -1.2841409796e-01  -3.7383656172e-01  -1.9410869429e+00  -3.9392711534e-01
  -1.2516795232e-01  -1.2633805357e-01  -4.6863745244e-01  -1.8811472773e+00  -5.1836485773e-01
  -1.2259649311e-01  -1.2399785107e-01  -5.6365729735e-01  -1.7541770084e+00  -6.6987745601e-01
  -1.1978118372e-01  -1.2119513514e-01  -6.4607237761e-01  -1.5443074316e+00  -8.4212836219e-01
  -1.1722127913e-01  -1.1836723231e-01  -7.0028482265e-01  -1.2894101107e+00  -1.0040739697e+00
  -1.1509287231e-01  -1.1607532595e-01  -7.2961476361e-01  -1.0314130724e+00  -1.1421847674e+00
  -1.1322832905e-01  -1.1411041867e-01  -7.4374914635e-01  -7.7405520032e-01  -1.2649375772e+00
  -1.1153107570e-01  -1.1234623943e-01  -7.4772729004e-01  -5.1710012680e-01  -1.3775547858e+00
  -1.0994725144e-01  -1.1071591197e-01  -7.4433280382e-01  -2.5924393528e-01  -1.4833545223e+00
  -1.0844209005e-01  -1.0917859092e-01  -7.3538163823e-01  -2.5933354054e-03  -1.5831933723e+00
  -1.0699069130e-01  -1.0770558918e-01  -7.2207280253e-01   2.5454566931e-01  -1.6788875707e+00
  -1.0557379342e-01  -1.0627579343e-01  -7.0525112693e-01   5.1252502505e-01  -1.7712989417e+00
  -1.0417484262e-01  -1.0487179340e-01  -6.8584889694e-01   7.6830816742e-01  -1.8599104430e+00
  -1.0277836491e-01  -1.0347789183e-01  -6.6407079294e-01   1.0266997456e+00  -1.9467409432e+00
  -1.0136848770e-01  -1.0207883800e-01  -6.4076545681e-01   1.2833640491e+00  -2.0305333960e+00
  -9.9927160114e-02  -1.0065813741e-01  -6.1623920792e-01   1.5402525584e+00  -2.1120393089e+00
  -9.8431492431e-02  -9.9196182820e-02  -5.9089889463e-01   1.7979351739e+00  -2.1913457549e+00
  -9.6849353975e-02  -9.7666802042e-02  -5.6543764067e-01   2.0548069697e+00  -2.2676625141e+00
  -9.5128935434e-02  -9.6031905908e-02  -5.4038410636e-01   2.3127300770e+00  -2.3408389410e+00
  -9.3169554815e-02  -9.4225964960e-02  -5.1695102983e-01   2.5714391459e+00  -2.4091378260e+00
  -9.0693116826e-02  -9.2113144671e-02  -4.9785485144e-01   2.8322699646e+00  -2.4680736788e+00
  -8.6064311804e-02  -8.9273088982e-02  -5.0419934777e-01   3.0695888649e+00  -2.4741194772e+00
  -8.1038906322e-02  -8.2855534627e-02  -5.6879743161e-01   2.9751453766e+00  -2.3305014755e+00
  -7.8108252031e-02  -7.9222278017e-02  -6.3748999510e-01   2.7155530345e+00  -2.1552975506e+00
  -7.6119770026e-02  -7.6994226045e-02  -6.9512267647e-01   2.4559137904e+00  -1.9968807244e+00
  -7.4493656872e-02  -7.5245314008e-02  -7.4741085512e-01   2.1978055737e+00  -1.8446306554e+00
  -7.3066926550e-02  -7.3741999736e-02  -7.9637131121e-01   1.9393177065e+00  -1.6944363983e+00
  -7.1768786630e-02  -7.2391853364e-02  -8.4228073201e-01   1.6828937264e+00  -1.5464022105e+00
  -7.0560251636e-02  -7.1145719897e-02  -8.8591802923e-01   1.4264970943e+00  -1.3986259098e+00
  -6.9417550346e-02  -6.9974783374e-02  -9.2792471609e-01   1.1673776310e+00  -1.2490592744e+00
  -6.8324055410e-02  -6.8860317318e-02  -9.6739081441e-01   9.1202970660e-01  -1.1011221850e+00
  -6.7267461975e-02  -6.7787793503e-02  -1.0052749471e+00   6.5490966163e-01  -9.5135265664e-01
  -6.6238617133e-02  -6.6747130448e-02  -1.0415043870e+00   3.9641679698e-01  -7.9974042508e-01
  -6.5229849759e-02  -6.5730103818e-02  -1.0756336706e+00   1.3975034354e-01  -6.4796098018e-01
  -6.4234582529e-02  -6.4729595701e-02  -1.1079199319e+00  -1.1707754916e-01  -4.9465776081e-01
  -6.3247023061e-02  -6.3739569357e-02  -1.1383266558e+00  -3.7430450450e-01  -3.3948039446e-01
  -6.2261713444e-02  -6.2754476766e-02  -1.1667661669e+00  -6.3204954806e-01  -1.8212525042e-01
  -6.1273271772e-02  -6.1768950123e-02  -1.1929758844e+00  -8.8897248696e-01  -2.3169883800e-02
  -6.0276158330e-02  -6.0777593420e-02  -1.2168885715e+00  -1.1458012834e+00   1.3810274959e-01
  -5.9264388663e-02  -5.9774723239e-02  -1.2382976318e+00  -1.4024481789e+00   3.0196655554e-01
  -5.8231038661e-02  -5.8754054088e-02  -1.2570779283e+00  -1.6610732164e+00   4.7025703811e-01
  -5.7167898835e-02  -5.7708023234e-02  -1.2726078617e+00  -1.9180973472e+00   6.4117986766e-01
  -5.6065022706e-02  -5.6627774435e-02  -1.2844787561e+00  -2.1730079708e+00   8.1496242964e-01
  -5.4910797379e-02  -5.5502270977e-02  -1.2922672048e+00  -2.4324033126e+00   9.9712280476e-01
  -5.3708034454e-02  -5.4319323781e-02  -1.2947678553e+00  -2.6835483945e+00   1.1798812946e+00
  -5.2463138266e-02  -5.3096745126e-02  -1.2912494127e+00  -2.9254146749e+00   1.3635505618e+00
  -5.1166546254e-02  -5.1829531406e-02  -1.2807808267e+00  -3.1544616986e+00   1.5468605187e+00
  -4.9801008403e-02  -5.0503561102e-02  -1.2618054554e+00  -3.3708244267e+00   1.7321116066e+00
  -4.8342526768e-02  -4.9098455703e-02  -1.2328642386e+00  -3.5663995562e+00   1.9154095123e+00
  -4.6754581213e-02  -4.7586597833e-02  -1.1908026329e+00  -3.7389464485e+00   2.0994942165e+00
  -4.4974374735e-02  -4.5922564593e-02  -1.1308896816e+00  -3.8785832376e+00   2.2836236434e+00
  -4.2998052848e-02  -4.4026184878e-02  -1.0489306176e+00  -3.9656885554e+00   2.4591248267e+00
  -4.1070655474e-02  -4.1969920818e-02  -9.5451742446e-01  -3.9816866615e+00   2.5992002654e+00
  -3.9362305491e-02  -4.0171390129e-02  -8.5978214626e-01  -3.9386035464e+00   2.6959762230e+00
  -3.7805683954e-02  -3.8553220854e-02  -7.6488718606e-01  -3.8537600453e+00   2.7617249778e+00
  -3.6354604293e-02  -3.7058147054e-02  -6.7001836384e-01  -3.7372943257e+00   2.8033995828e+00
  -3.4979688191e-02  -3.5651061533e-02  -5.7543608217e-01  -3.5960839123e+00   2.8254550480e+00
  -3.3660687901e-02  -3.4308314849e-02  -4.8080198997e-01  -3.4340299591e+00   2.8309397121e+00
  -3.2382721616e-02  -3.3013060953e-02  -3.8589215952e-01  -3.2537222372e+00   2.8217424264e+00
  -3.1134000315e-02  -3.1752382279e-02  -2.9097010507e-01  -3.0578648328e+00   2.7991595144e+00
  -2.9904597774e-02  -3.0515618351e-02  -1.9614557234e-01  -2.8484673740e+00   2.7641454807e+00
  -2.8685747466e-02  -2.9293577198e-02  -1.0142366682e-01  -2.6269469096e+00   2.7173013971e+00
  -2.7469270579e-02  -2.8077917734e-02  -6.7508748482e-03  -2.3942556551e+00   2.6588811599e+00
  -2.6247064189e-02  -2.6860623423e-02   8.7940692166e-02  -2.1510251609e+00   2.5888076052e+00
  -2.5014821667e-02  -2.5633504956e-02   1.8235902803e-01  -1.8986282567e+00   2.5070099953e+00
  -2.3783464998e-02  -2.4396138378e-02   2.7494503067e-01  -1.6419461716e+00   2.4146095485e+00
  -2.2559798503e-02  -2.3170791618e-02   3.6458310452e-01  -1.3849339712e+00   2.3126698448e+00
  -2.1333573805e-02  -2.1948805389e-02   4.5148607866e-01  -1.1277648271e+00   2.2007929109e+00
  -2.0092652379e-02  -2.0718342222e-02   5.3587223029e-01  -8.7030153745e-01   2.0780807311e+00
  -1.8823713972e-02  -1.9466962537e-02   6.1776749814e-01  -6.1272202756e-01   1.9433327027e+00
  -1.7510956879e-02  -1.8180465406e-02   6.9694326982e-01  -3.5578393512e-01   1.7951495838e+00
  -1.6134263046e-02  -1.6841448352e-02   7.7350991892e-01  -9.8821196951e-02   1.6304669261e+00
  -1.4716027676e-02  -1.5427077741e-02   8.4474437108e-01   1.4930521753e-01   1.4520523098e+00
  -1.3323109993e-02  -1.4004977611e-02   9.0719896808e-01   3.7627187054e-01   1.2669794317e+00
  -1.1982185388e-02  -1.2641242376e-02   9.5862242617e-01   5.7250130264e-01   1.0839779518e+00
  -1.0682244316e-02  -1.1323128401e-02   1.0008348688e+00   7.4323363136e-01   9.0026580960e-01
  -9.4147914636e-03  -1.0041360232e-02   1.0343426085e+00   8.8930212611e-01   7.1623568714e-01
  -8.1726570787e-03  -8.7882226952e-03   1.0596181232e+00   1.0115768194e+00   5.3220857487e-01
  -6.9495966886e-03  -7.5570914623e-03   1.0771077277e+00   1.1109843031e+00   3.4834730252e-01
  -5.7399918747e-03  -6.3421019150e-03   1.0872069059e+00   1.1884052637e+00   1.6469004990e-01
  -4.5386011756e-03  -5.1378818345e-03   1.0902431713e+00   1.2445966694e+00  -1.8817778931e-02
  -3.3403364641e-03  -3.9393205168e-03   1.0864654501e+00   1.2801358584e+00  -2.0229192941e-01
  -2.1400090595e-03  -2.7413524114e-03   1.0759238962e+00   1.2953461676e+00  -3.8710636362e-01
  -9.3212634877e-04  -1.5386657077e-03   1.0588534864e+00   1.2901672014e+00  -5.7086173317e-01
   2.8931424925e-04  -3.2558698988e-04   1.0353134943e+00   1.2648710558e+00  -7.5447957185e-01
   1.5311812089e-03   9.0421548837e-04   1.0052589739e+00   1.2192455625e+00  -9.3821084597e-01
   2.8016617177e-03   2.1581469294e-03   9.6861941231e-01   1.1528893905e+00  -1.1218655778e+00
   4.1109605850e-03   3.4451765061e-03   9.2512611980e-01   1.0648993347e+00  -1.3056993954e+00
   5.4725294366e-03   4.7767446639e-03   8.7423844249e-01   9.5357654416e-01  -1.4902095585e+00
   6.9046774823e-03   6.1683142094e-03   8.1580224261e-01   8.1788904989e-01  -1.6738390085e+00
   8.4340799804e-03   7.6410407552e-03   7.4868734480e-01   6.5435043857e-01  -1.8574009398e+00
   1.0104145255e-02   9.2271192055e-03   6.7080573909e-01   4.5647299658e-01  -2.0418879841e+00
   1.1941516552e-02   1.0981171305e-02   5.8182910127e-01   2.2168711996e-01  -2.2219431538e+00
   1.3844002375e-02   1.2901861799e-02   4.8862047828e-01  -3.2767213506e-02  -2.3800504179e+00
   1.5719327137e-02   1.4786142951e-02   3.9703315834e-01  -2.9056093853e-01  -2.5062190015e+00
   1.7600566921e-02   1.6652511322e-02   3.0827480288e-01  -5.4737602380e-01  -2.5999357408e+00
   1.9538400328e-02   1.8548622520e-02   2.2156381357e-01  -8.0476718319e-01  -2.6610917398e+00
   2.1598120379e-02   2.0528178135e-02   1.3678528546e-01  -1.0626059782e+00  -2.6852109437e+00
   2.3888292623e-02   2.2668062623e-02   5.3886524454e-02  -1.3204392896e+00  -2.6620449451e+00
   2.6618799763e-02   2.5108522624e-02  -2.7126222481e-02  -1.5766207334e+00  -2.5668276575e+00
   2.9401618874e-02   2.8129076902e-02  -8.8835388480e-02  -1.7707585671e+00  -2.4011090815e+00
   3.1692531966e-02   3.0674160846e-02  -1.2290877764e-01  -1.8710746659e+00  -2.2157726007e+00
   3.3600221992e-02   3.2710903086e-02  -1.3985402075e-01  -1.9097779816e+00  -2.0313890811e+00
   3.5300111210e-02   3.4489540898e-02  -1.4664791883e-01  -1.9085727808e+00  -1.8466354617e+00
   3.6869555690e-02   3.6110681521e-02  -1.4638878451e-01  -1.8772528014e+00  -1.6630796533e+00
   3.8351830203e-02   3.7628429858e-02  -1.4086105159e-01  -1.8209920787e+00  -1.4792606026e+00
   3.9774323875e-02   3.9075230547e-02  -1.3114638222e-01  -1.7429289575e+00  -1.2955966727e+00
   4.1156420734e-02   4.0473417203e-02  -1.1787923373e-01  -1.6442572594e+00  -1.1109679280e+00
   4.2513044807e-02   4.1839424264e-02  -1.0175157648e-01  -1.5273984064e+00  -9.2765426854e-01
   4.3856500443e-02   4.3186665349e-02  -8.3012120550e-02  -1.3920316634e+00  -7.4398100908e-01
   4.5197538296e-02   4.4526335537e-02  -6.1837602711e-02  -1.2376303747e+00  -5.5934027536e-01
   4.6546249027e-02   4.5868741055e-02  -3.8757650863e-02  -1.0664560456e+00  -3.7648392764e-01
   4.7912792377e-02   4.7223756999e-02  -1.3441250075e-02  -8.7450304088e-01  -1.9171633392e-01
   4.9307828469e-02   4.8601827754e-02   1.3498805291e-02  -6.6493124797e-01  -8.8726933656e-03
   5.0743392454e-02   5.0013829184e-02   4.2546049594e-02  -4.3246563677e-01   1.7562905224e-01
   5.2207825414e-02   5.1472955725e-02   7.2835913873e-02  -1.8259742263e-01   3.5644137383e-01
   5.3650667067e-02   5.2942695103e-02   1.0305341316e-01   7.4417945479e-02   5.2670474467e-01
   5.5047776467e-02   5.4358639031e-02   1.3227222448e-01   3.3041745070e-01   6.8273432472e-01
   5.6414013560e-02   5.5736913904e-02   1.6097559676e-01   5.8914068523e-01   8.2839081193e-01
   5.7762323677e-02   5.7091113216e-02   1.8863680404e-01   8.4526776694e-01   9.6201079047e-01
   5.9104466362e-02   5.8433534137e-02   2.1567652096e-01   1.1020543563e+00   1.0864835574e+00
   6.0451808752e-02   5.9775398588e-02   2.4222246614e-01   1.3603085527e+00   1.2028952380e+00
   6.1816225066e-02   6.1128218917e-02   2.6788422761e-01   1.6157262518e+00   1.3100586951e+00
   6.3211375120e-02   6.2504231215e-02   2.9333525699e-01   1.8746598540e+00   1.4111535612e+00
   6.4653930942e-02   6.3918519026e-02   3.1800665881e-01   2.1311042728e+00   1.5042146962e+00
   6.6165814248e-02   6.5389342859e-02   3.4219743102e-01   2.3879980584e+00   1.5907644630e+00
   6.7779318088e-02   6.6942285637e-02   3.6591787291e-01   2.6457703014e+00   1.6711165227e+00
   6.9546485745e-02   6.8616350540e-02   3.8892760703e-01   2.9027641821e+00   1.7448708218e+00
   7.1567532276e-02   7.0476620951e-02   4.1120992857e-01   3.1615824720e+00   1.8126379994e+00
   7.4104885422e-02   7.2658443602e-02   4.3193282215e-01   3.4218018996e+00   1.8735850971e+00
   7.7526520153e-02   7.5551327241e-02   4.4545055831e-01   3.6471904407e+00   1.9184431108e+00
   8.1476905976e-02   7.9501713064e-02   4.3804669294e-01   3.7182455915e+00   1.9251480355e+00
   8.5477905063e-02   8.3452098887e-02   4.0169482831e-01   3.5727549255e+00   1.8883769775e+00
   8.8741837857e-02   8.7503711239e-02   3.5026093038e-01   3.3049774237e+00   1.8307137819e+00
   9.0981550477e-02   8.9979964474e-02   3.0305507168e-01   3.0460393784e+00   1.7769172152e+00
   9.2861396960e-02   9.1983136480e-02   2.5660024857e-01   2.7882304849e+00   1.7234256793e+00
   9.4541878575e-02   9.3739657440e-02   2.1020615676e-01   2.5301011851e+00   1.6692513697e+00
   9.6096131064e-02   9.5344099709e-02   1.6405530919e-01   2.2734121050e+00   1.6143538782e+00
   9.7565832357e-02   9.6848162418e-02   1.1786120808e-01   2.0167033510e+00   1.5581210951e+00
   9.8977729923e-02   9.8283502295e-02   7.1419162771e-02   1.7586641894e+00   1.4999804684e+00
   1.0035123539e-01   9.9671957551e-02   2.5360204621e-02   1.5024202990e+00   1.4403839631e+00
   1.0170158899e-01   1.0103051323e-01  -2.0890774475e-02   1.2442100495e+00   1.3781921717e+00
   1.0304161504e-01   1.0237266476e-01  -6.6442415819e-02   9.8827683697e-01   1.3141507637e+00
   1.0438312125e-01   1.0371056532e-01  -1.1186198834e-01   7.3048031868e-01   1.2469142509e+00
   1.0573772454e-01   1.0505567718e-01  -1.5647863628e-01   4.7337024277e-01   1.1767572528e+00
   1.0711777092e-01   1.0641977189e-01  -2.0008133617e-01   2.1656404265e-01   1.1031515760e+00
   1.0853732118e-01   1.0781576996e-01  -2.4232296822e-01  -4.0036401455e-02   1.0255391737e+00
   1.1001381601e-01   1.0925887241e-01  -2.8292866136e-01  -2.9791795836e-01   9.4271318048e-01
   1.1157029742e-01   1.1076875960e-01  -3.2092182681e-01  -5.5554720758e-01   8.5414956206e-01
   1.1323910999e-01   1.1237183524e-01  -3.5516095092e-01  -8.1223774821e-01   7.5874446627e-01
   1.1507083258e-01   1.1410638474e-01  -3.8415553215e-01  -1.0694207235e+00   6.5384742988e-01
   1.1715595752e-01   1.1603528043e-01  -4.0484747729e-01  -1.3274604574e+00   5.3548152399e-01
   1.1969438156e-01   1.1827663460e-01  -4.1049536746e-01  -1.5866183888e+00   3.9543551362e-01
   1.2294359536e-01   1.2111212852e-01  -3.8500080479e-01  -1.8265205686e+00   2.2697015230e-01
   1.2658882411e-01   1.2477506220e-01  -3.1433728207e-01  -1.9781605531e+00   5.6446975734e-02
   1.2978377682e-01   1.2840258601e-01  -2.1949894030e-01  -2.0148426474e+00  -7.3154220376e-02
   1.3235774354e-01   1.3116496762e-01  -1.2432562873e-01  -1.9845289120e+00  -1.6255925865e-01
   1.3465455028e-01   1.3355051945e-01  -2.9420214836e-02  -1.9192672638e+00  -2.3103369691e-01
   1.3682756115e-01   1.3575858111e-01   6.5668124702e-02  -1.8296992549e+00  -2.8660588674e-01
   1.3897182370e-01   1.3789654119e-01   1.6033896468e-01  -1.7207069243e+00  -3.3304827463e-01
   1.4117369974e-01   1.4004710620e-01   2.5531499490e-01  -1.5920773069e+00  -3.7342274062e-01
   1.4354874708e-01   1.4230029328e-01   3.5038488849e-01  -1.4407502206e+00  -4.0985311606e-01
   1.4633888714e-01   1.4479720088e-01   4.4611781326e-01  -1.2541537137e+00  -4.4542598301e-01
   1.4981236160e-01   1.4788057341e-01   5.3151992306e-01  -1.0214343033e+00  -4.8254693230e-01
   1.5385946366e-01   1.5174414979e-01   5.7279081131e-01  -7.6470491242e-01  -5.2094683766e-01
   1.5819320894e-01   1.5597477754e-01   5.3802441650e-01  -5.2251350121e-01  -5.5989647245e-01
   1.6184740152e-01   1.6041164034e-01   4.4739264159e-01  -3.5026272132e-01  -5.9100352340e-01
   1.6440447902e-01   1.6328316269e-01   3.5159952284e-01  -2.4958223483e-01  -6.1030686104e-01
   1.6650136438e-01   1.6552579535e-01   2.5649227978e-01  -1.7935083971e-01  -6.2330249096e-01
   1.6837033901e-01   1.6747693341e-01   1.6160043609e-01  -1.2598113817e-01  -6.3179186124e-01
   1.7010830122e-01   1.6926374462e-01   6.6627596179e-02  -8.3958069956e-02  -6.3633105376e-01
   1.7177006805e-01   1.7095285781e-01  -2.8154902923e-02  -5.0653620304e-02  -6.3701303347e-01
   1.7339327517e-01   1.7258727828e-01  -1.2278717063e-01  -2.4463479132e-02  -6.3373077709e-01
   1.7500830949e-01   1.7419927206e-01  -2.1768840174e-01  -4.4496462610e-03  -6.2612348945e-01
   1.7664414492e-01   1.7581734693e-01  -3.1234159316e-01   9.6482007069e-03  -6.1368792198e-01
   1.7833348868e-01   1.7747094292e-01  -4.0732657903e-01   1.7844210204e-02  -5.9548690236e-01
   1.8011963246e-01   1.7919603443e-01  -5.0210184185e-01   1.9515170328e-02  -5.7028113547e-01
   1.8207106981e-01   1.8104323049e-01  -5.9716954168e-01   1.3273815087e-02  -5.3566251021e-01
   1.8432341455e-01   1.8309890913e-01  -6.9235150467e-01  -4.1425042990e-03  -4.8715133784e-01
   1.8730324195e-01   1.8554791997e-01  -7.8930147672e-01  -4.3547890786e-02  -4.1048889785e-01
   1.9198932527e-01   1.8905856393e-01  -8.6205388825e-01  -1.3924016183e-01  -2.7235980132e-01
   1.9726099767e-01   1.9492008661e-01  -8.2896724218e-01  -2.8144262538e-01  -1.1761881223e-01
   2.0095746375e-01   1.9960190873e-01  -7.3154471912e-01  -3.9375325614e-01  -2.8399971684e-02
   2.0338988416e-01   2.0231301878e-01  -6.3597071274e-01  -4.6789836154e-01   1.2950860924e-02
   2.0540576969e-01   2.0446674954e-01  -5.4076859591e-01  -5.2667366780e-01   3.3938789961e-02
   2.0720180342e-01   2.0634478985e-01  -4.4603896070e-01  -5.7503012131e-01   4.1099038170e-02
   2.0886272091e-01   2.0805881699e-01  -3.5111687289e-01  -6.1535642618e-01   3.7361034715e-02
   2.1043552366e-01   2.0966662483e-01  -2.5647271550e-01  -6.4841512925e-01   2.4275596475e-02
   2.1195075282e-01   2.1120442249e-01  -1.6159145189e-01  -6.7483108222e-01   2.6842189172e-03
   2.1343051381e-01   2.1269708315e-01  -6.6778276141e-02  -6.9460906785e-01  -2.6833588561e-02
   2.1489263354e-01   2.1416394446e-01   2.7924845773e-02  -7.0763858108e-01  -6.3934064580e-02
   2.1635282734e-01   2.1562132261e-01   1.2260405763e-01  -7.1360902754e-01  -1.0850987894e-01
   2.1782637853e-01   2.1708433207e-01   2.1735799134e-01  -7.1194665954e-01  -1.6065537121e-01
   2.1932969182e-01   2.1856842500e-01   3.1218947443e-01  -7.0177025370e-01  -2.2059839172e-01
   2.2088202986e-01   2.2009095864e-01   4.0689334533e-01  -6.8187261318e-01  -2.8859261348e-01
   2.2250829290e-01   2.2167310109e-01   5.0172411425e-01  -6.5037724539e-01  -3.6547514050e-01
   2.2424396686e-01   2.2334348470e-01   5.9653730501e-01  -6.0453512707e-01  -4.5219562106e-01
   2.2614578731e-01   2.2514444901e-01   6.9143352128e-01  -5.3970080817e-01  -5.5063014919e-01
   2.2832036589e-01   2.2714712560e-01   7.8642934629e-01  -4.4727480525e-01  -6.6412498374e-01
   2.3104116554e-01   2.2949360617e-01   8.8249719674e-01  -3.0477781297e-01  -8.0211352534e-01
   2.3446740230e-01   2.3258872491e-01   9.6337311580e-01  -8.9573642163e-02  -9.5730818787e-01
   2.3803867974e-01   2.3634607970e-01   9.9874658144e-01   1.6729132643e-01  -1.0848112527e+00
   2.4135828121e-01   2.3973127978e-01   9.8501147534e-01   4.2450575091e-01  -1.1600922467e+00
   2.4464229029e-01   2.4298528263e-01   9.2945090107e-01   6.8164355992e-01  -1.1864079161e+00
   2.4774388155e-01   2.4629929796e-01   8.4331632641e-01   9.1313952737e-01  -1.1654821799e+00
   2.5038396827e-01   2.4918846514e-01   7.4793668048e-01   1.0914815973e+00  -1.1126810293e+00
   2.5265231116e-01   2.5157947139e-01   6.5306507608e-01   1.2240691018e+00  -1.0430702096e+00
   2.5473031395e-01   2.5372515093e-01   5.5816461445e-01   1.3248374301e+00  -9.6148501732e-01
   2.5670511721e-01   2.5573547696e-01   4.6322478723e-01   1.3991377000e+00  -8.7020431903e-01
   2.5863194685e-01   2.5767475745e-01   3.6856282649e-01   1.4491253600e+00  -7.7071937164e-01
   2.6055367048e-01   2.5958913624e-01   2.7394430895e-01   1.4755720698e+00  -6.6332904729e-01
   2.6251072899e-01   2.6151820472e-01   1.7908729916e-01   1.4775109215e+00  -5.4768454714e-01
   2.6454940182e-01   2.6350325326e-01   8.4104270413e-02   1.4522415400e+00  -4.2338521007e-01
   2.6673238471e-01   2.6559555038e-01  -1.0592709152e-02   1.3952642204e+00  -2.8989254725e-01
   2.6916222718e-01   2.6786921904e-01  -1.0549961656e-01   1.2976342938e+00  -1.4432595829e-01
   2.7205175754e-01   2.7045523533e-01  -2.0083775836e-01   1.1403375840e+00   1.8526864358e-02
   2.7542659499e-01   2.7364827974e-01  -2.8522727513e-01   9.1485884674e-01   1.8602478414e-01
   2.7889122059e-01   2.7720491024e-01  -3.4105500899e-01   6.5705327052e-01   3.2507026512e-01
   2.8234944938e-01   2.8057753094e-01  -3.6682310880e-01   3.9897267805e-01   4.2367539512e-01
   2.8629386712e-01   2.8412136782e-01  -3.6624675649e-01   1.3896611549e-01   4.8384348042e-01
   2.9276767405e-01   2.8846636642e-01  -3.2687773996e-01  -1.1122332710e-01   4.6741564498e-01
   3.0061497953e-01   2.9706898168e-01  -2.8873502391e-01  -7.2763842077e-02   3.3338479050e-01
   3.0637126398e-01   3.0416097737e-01  -3.0926044479e-01   1.8460641044e-01   2.1507225787e-01
   3.1056872481e-01   3.0858155059e-01  -3.6210074897e-01   4.4428616980e-01   1.5810090597e-01
   3.1463802338e-01   3.1255589902e-01  -4.3943424218e-01   6.9887641326e-01   1.4939577286e-01
   3.1872411652e-01   3.1672014775e-01  -5.3228701014e-01   9.1250776666e-01   1.9915653274e-01
   3.2287356189e-01   3.2072808529e-01  -6.2694205685e-01   1.0479951854e+00   3.1608123534e-01
   3.2687829824e-01   3.2501903849e-01  -7.0217938510e-01   1.0817930368e+00   4.8686810775e-01
   3.3033830393e-01   3.2873755799e-01  -7.4182976489e-01   1.0285431399e+00   6.7163962736e-01
   3.3344961879e-01   3.3193904987e-01  -7.4932742856e-01   9.2021557848e-01   8.5573522928e-01
   3.3648870306e-01   3.3496018770e-01  -7.2631562051e-01   7.6912216720e-01   1.0399177285e+00
   3.3967017916e-01   3.3801721842e-01  -6.6764457609e-01   5.7693175977e-01   1.2231276714e+00
   3.4270881407e-01   3.4132313990e-01  -5.7979373393e-01   3.7635524116e-01   1.3756059231e+00
   3.4523117408e-01   3.4409448823e-01  -4.8446645740e-01   2.0698959620e-01   1.4761049385e+00
   3.4737466320e-01   3.4636785992e-01  -3.8949619064e-01   6.7171365940e-02   1.5372921351e+00
   3.4931156545e-01   3.4838146648e-01  -2.9482460937e-01  -5.2216915350e-02   1.5703295561e+00
   3.5112509625e-01   3.5024166442e-01  -1.9983173604e-01  -1.5648704253e-01   1.5802561125e+00
   3.5286583623e-01   3.5200852807e-01  -1.0498797162e-01  -2.4788358290e-01   1.5692609551e+00
   3.5457029672e-01   3.5372314438e-01  -1.0151508121e-02  -3.2853169152e-01   1.5382677424e+00
   3.5626879955e-01   3.5541744907e-01   8.4516803319e-02  -3.9980361137e-01   1.4872174428e+00
   3.5799061964e-01   3.5712015003e-01   1.7926030274e-01  -4.6312106371e-01   1.4148276933e+00
   3.5976860714e-01   3.5886108925e-01   2.7402102912e-01  -5.1957185117e-01   1.3186973103e+00
   3.6164560677e-01   3.6067612502e-01   3.6891647165e-01  -5.7046223599e-01   1.1944206695e+00
   3.6366197227e-01   3.6261508852e-01   4.6266214338e-01  -6.1685051760e-01   1.0370344223e+00
   3.6568115675e-01   3.6470885602e-01   5.4670204898e-01  -6.5734566084e-01   8.5661693771e-01
   3.6754825006e-01   3.6665345748e-01   6.1373302057e-01  -6.9153135520e-01   6.7283905333e-01
   3.6928695524e-01   3.6844304263e-01   6.6638658797e-01  -7.2277979336e-01   4.8863414222e-01
   3.7094160435e-01   3.7013086785e-01   7.0692170135e-01  -7.5346824210e-01   3.0541025956e-01
   3.7254251576e-01   3.7175234086e-01   7.3751322770e-01  -7.8591791488e-01   1.2052329148e-01
   3.7411286219e-01   3.7333269067e-01   7.5873568006e-01  -8.2107125063e-01  -6.2903825684e-02
   3.7567245930e-01   3.7489303370e-01   7.7164819199e-01  -8.6050537162e-01  -2.4649337955e-01
   3.7723981263e-01   3.7645188489e-01   7.7669468699e-01  -9.0555767545e-01  -4.3043269353e-01
   3.7883443336e-01   3.7802774038e-01   7.7407169530e-01  -9.5765155280e-01  -6.1476162381e-01
   3.8047891362e-01   3.7964112633e-01   7.6386461956e-01  -1.0179852799e+00  -7.9822800457e-01
   3.8220252201e-01   3.8131670090e-01   7.4578366325e-01  -1.0890364879e+00  -9.8233333820e-01
   3.8404748900e-01   3.8308834311e-01   7.1931879580e-01  -1.1731839756e+00  -1.1659879263e+00
   3.8608416343e-01   3.8500663490e-01   6.8290188280e-01  -1.2756441078e+00  -1.3507901732e+00
   3.8845280006e-01   3.8716169196e-01   6.3400760445e-01  -1.4037107435e+00  -1.5351488031e+00
   3.9152402103e-01   3.8974390817e-01   5.6430180070e-01  -1.5790529759e+00  -1.7203388075e+00
   3.9540749083e-01   3.9330413390e-01   4.7524894526e-01  -1.7973571977e+00  -1.8589315538e+00
   3.9998842425e-01   3.9751084777e-01   3.8021834746e-01  -2.0161569969e+00  -1.8790107181e+00
   4.0461283637e-01   4.0246600073e-01   3.0275352725e-01  -2.1533459646e+00  -1.7534833145e+00
   4.0824270461e-01   4.0675967201e-01   2.5550186294e-01  -2.1759344685e+00  -1.5651892837e+00
   4.1098573482e-01   4.0972573721e-01   2.2596597714e-01  -2.1312334665e+00  -1.3804461608e+00
   4.1339891324e-01   4.1224573243e-01   2.0208350438e-01  -2.0451165833e+00  -1.1960153659e+00
   4.1565410983e-01   4.1455209406e-01   1.7974491049e-01  -1.9250806742e+00  -1.0123420329e+00
   4.1784309690e-01   4.1675612559e-01   1.5614144575e-01  -1.7720888207e+00  -8.2803036370e-01
   4.2003306119e-01   4.1893006820e-01   1.2910835572e-01  -1.5860446426e+00  -6.4427556445e-01
   4.2228473499e-01   4.2113605417e-01   9.6025516710e-02  -1.3631474240e+00  -4.6080179917e-01
   4.2453237295e-01   4.2343341581e-01   5.6191573606e-02  -1.1128841015e+00  -2.8806522951e-01
   4.2665741155e-01   4.2563133009e-01   1.1264552943e-02  -8.5587180092e-01  -1.3903309105e-01
   4.2866541872e-01   4.2768349302e-01  -3.8493763882e-02  -5.9856521839e-01  -1.3870852181e-02
   4.3060534923e-01   4.2964734442e-01  -9.3465603608e-02  -3.4172335132e-01   8.9833994146e-02
   4.3251356087e-01   4.3156335404e-01  -1.5428329771e-01  -8.4722552143e-02   1.7385295963e-01
   4.3442094964e-01   4.3346376770e-01  -2.2160959198e-01   1.7272120966e-01   2.3875601797e-01
   4.3635753672e-01   4.3537813158e-01  -2.9578992784e-01   4.2942362938e-01   2.8412215426e-01
   4.3835654627e-01   4.3733694186e-01  -3.7799591364e-01   6.8656509711e-01   3.0926518565e-01
   4.4043662500e-01   4.3937615068e-01  -4.6801080438e-01   9.4051472120e-01   3.1236154194e-01
   4.4253985249e-01   4.4149709932e-01  -5.6269411110e-01   1.1811324011e+00   2.9263830546e-01
   4.4462320710e-01   4.4358260566e-01  -6.5730443027e-01   1.3977603505e+00   2.5222095093e-01
   4.4672758775e-01   4.4566380855e-01  -7.5201760281e-01   1.5933629588e+00   1.9262142552e-01
   4.4891196447e-01   4.4779136694e-01  -8.4688861502e-01   1.7697255133e+00   1.1392094148e-01
   4.5126594965e-01   4.5003256200e-01  -9.4180810375e-01   1.9276856133e+00   1.4531663278e-02
   4.5397375997e-01   4.5249933730e-01  -1.0372953549e+00   2.0682994522e+00  -1.1178310687e-01
   4.5735951527e-01   4.5544818263e-01  -1.1279288337e+00   2.1842190261e+00  -2.7370554851e-01
   4.6162797951e-01   4.5927084791e-01  -1.1847380936e+00   2.2475104329e+00  -4.5867408572e-01
   4.6651114958e-01   4.6398511111e-01  -1.1565186992e+00   2.2303360602e+00  -6.0542441488e-01
   4.7039569429e-01   4.6903718805e-01  -1.0600722816e+00   2.1689991073e+00  -6.5192177882e-01
   4.7279185709e-01   4.7175420054e-01  -9.6413151715e-01   2.1148322525e+00  -6.3948974549e-01
   4.7471013751e-01   4.7382951364e-01  -8.6914888406e-01   2.0653173838e+00  -6.0615165757e-01
   4.7637515518e-01   4.7559076137e-01  -7.7424495310e-01   2.0186084859e+00  -5.6028383753e-01
   4.7787857922e-01   4.7715954898e-01  -6.7939279199e-01   1.9738479120e+00  -5.0558248996e-01
   4.7926958189e-01   4.7859760947e-01  -5.8470040160e-01   1.9304631171e+00  -4.4421499799e-01
   4.8057834895e-01   4.7994155431e-01  -4.8993191727e-01   1.8878538513e+00  -3.7734496864e-01
   4.8182509209e-01   4.8121514360e-01  -3.9491401027e-01   1.8455264829e+00  -3.0572414497e-01
   4.8302447802e-01   4.8243504059e-01  -3.0018095170e-01   1.8033438354e+00  -2.3041557609e-01
   4.8418778828e-01   4.8361391545e-01  -2.0600551680e-01   1.7610854907e+00  -1.5219743055e-01
   4.8532376560e-01   4.8476166111e-01  -1.1032170502e-01   1.7174780405e+00  -6.9680495300e-02
   4.8643981443e-01   4.8588587009e-01  -1.6592013290e-02   1.6737769053e+00   1.3812835858e-02
   4.8754242565e-01   4.8699375878e-01   7.9203459854e-02   1.6277575872e+00   1.0160575456e-01
   4.8863737676e-01   4.8809109251e-01   1.7334737973e-01   1.5808368772e+00   1.9009590892e-01
   4.8973025032e-01   4.8918366101e-01   2.6793756050e-01   1.5316232850e+00   2.8101869178e-01
   4.9082651997e-01   4.9027683962e-01   3.6330677021e-01   1.4794597759e+00   3.7458039142e-01
   4.9193180318e-01   4.9137620032e-01   4.5719092828e-01   1.4251368004e+00   4.6839588326e-01
   4.9305229898e-01   4.9248740604e-01   5.5289157329e-01   1.3661470156e+00   5.6564742656e-01
   4.9419488176e-01   4.9361719191e-01   6.4680674339e-01   1.3040424040e+00   6.6256128190e-01
   4.9536771504e-01   4.9477257160e-01   7.4202850340e-01   1.2359898694e+00   7.6220571183e-01
   4.9658103552e-01   4.9596285849e-01   8.3676921541e-01   1.1621245641e+00   8.6263197370e-01
   4.9784778996e-01   4.9719921256e-01   9.3121832215e-01   1.0810386058e+00   9.6391745373e-01
   4.9924818369e-01   4.9849636737e-01   1.0304618197e+00   9.8567037662e-01   1.0714942559e+00