# time = 0.9
# Grid points = 474
# Pressure (Pa) = 101325
#             1_pos             2_posf             3_uvel             4_vvel             5_wvel
  -4.9917840810e-01  -5.0000000000e-01   1.1719040212e+00   5.9918166550e-01   9.3443163890e-01
  -4.9750814511e-01  -4.9835681619e-01   1.2738069906e+00   5.1168417801e-01   1.0202195987e+00
  -4.9566236670e-01  -4.9665947403e-01   1.3721402412e+00   4.0888497763e-01   1.1034199661e+00
  -4.9337913820e-01  -4.9466525936e-01   1.4705058417e+00   2.7411382427e-01   1.1866303188e+00
  -4.9070684198e-01  -4.9209301703e-01   1.5513408320e+00   1.0800111432e-01   1.2540662190e+00
  -4.8796632188e-01  -4.8932066692e-01   1.5938470080e+00  -6.8550672439e-02   1.2871899454e+00
  -4.8525041762e-01  -4.8661197685e-01   1.5945091517e+00  -2.4506326476e-01   1.2826518264e+00
  -4.8247325112e-01  -4.8388885839e-01   1.5533929893e+00  -4.2165419731e-01   1.2404015520e+00
  -4.7971240761e-01  -4.8105764385e-01   1.4732722877e+00  -5.8749744222e-01   1.1635748032e+00
  -4.7731406729e-01  -4.7836717138e-01   1.3751376444e+00  -7.1869272288e-01   1.0722326272e+00
  -4.7535629892e-01  -4.7626096320e-01   1.2765760655e+00  -8.1436281277e-01   9.8239355723e-01
  -4.7363463088e-01  -4.7445163464e-01   1.1785372331e+00  -8.8768805854e-01   8.9459987953e-01
  -4.7205820286e-01  -4.7281762713e-01   1.0806221981e+00  -9.4509011918e-01   8.0839239746e-01
  -4.7057922324e-01  -4.7129877858e-01   9.8246312334e-01  -9.8984756611e-01   7.2345324134e-01
  -4.6916801250e-01  -4.6985966791e-01   8.8490190527e-01  -1.0234815041e+00   6.4054747229e-01
  -4.6780432622e-01  -4.6847635709e-01   7.8643172207e-01  -1.0476050753e+00   5.5848232884e-01
  -4.6647318109e-01  -4.6713229535e-01   6.8888458284e-01  -1.0625030864e+00   4.7888773451e-01
  -4.6516256736e-01  -4.6581406684e-01   5.9112683361e-01  -1.0689399190e+00   4.0094034165e-01
  -4.6386252316e-01  -4.6451106789e-01   4.9279421950e-01  -1.0670716824e+00   3.2453236680e-01
  -4.6256404824e-01  -4.6321397844e-01   3.9484135268e-01  -1.0569950591e+00   2.5059668611e-01
  -4.6125861670e-01  -4.6191411803e-01   2.9708303334e-01  -1.0387615417e+00   1.7918478786e-01
  -4.5993776484e-01  -4.6060311536e-01   1.9947852352e-01  -1.0122769398e+00   1.1050469815e-01
  -4.5859242112e-01  -4.5927241432e-01   1.0104729439e-01  -9.7689089584e-01   4.4213718538e-02
  -4.5721266704e-01  -4.5791242792e-01   3.6545814288e-03  -9.3291868777e-01  -1.8075346521e-02
  -4.5578682495e-01  -4.5651290616e-01  -9.4734955072e-02  -8.7888052588e-01  -7.7200639289e-02
  -4.5430067193e-01  -4.5506074373e-01  -1.9239342248e-01  -8.1493080886e-01  -1.3153104917e-01
  -4.5273610223e-01  -4.5354060013e-01  -2.9045484825e-01  -7.3938700067e-01  -1.8098812009e-01
  -4.5106864371e-01  -4.5193160433e-01  -3.8826297868e-01  -6.5136417938e-01  -2.2426213014e-01
  -4.4926329074e-01  -4.5020568309e-01  -4.8632487988e-01  -5.4848850841e-01  -2.6024907885e-01
  -4.4726609887e-01  -4.4832089838e-01  -5.8422468468e-01  -4.2835775075e-01  -2.8687390330e-01
  -4.4498442178e-01  -4.4621129935e-01  -6.8232176429e-01  -2.8601616823e-01  -3.0124456765e-01
  -4.4235257510e-01  -4.4375754422e-01  -7.7696004818e-01  -1.2027312287e-01  -2.9858432287e-01
  -4.3946564586e-01  -4.4094760599e-01  -8.5797157304e-01   5.6019383688e-02  -2.7600940696e-01
  -4.3633688466e-01  -4.3798368573e-01  -9.1973855712e-01   2.3302445170e-01  -2.3431761586e-01
  -4.3268516130e-01  -4.3469008358e-01  -9.5913907667e-01   4.1043529034e-01  -1.7372094961e-01
  -4.2755929390e-01  -4.3068023901e-01  -9.5921631155e-01   5.9088416402e-01  -9.1692094131e-02
  -4.2166997226e-01  -4.2443834879e-01  -8.9236480719e-01   6.9879008859e-01  -3.4435170142e-02
  -4.1704632770e-01  -4.1890159573e-01  -7.9256284920e-01   7.1241719476e-01  -3.4501552080e-02
  -4.1367958978e-01  -4.1519105967e-01  -6.9432586011e-01   6.8876787159e-01  -6.3081971632e-02
  -4.1084966285e-01  -4.1216811989e-01  -5.9642598149e-01   6.5226884013e-01  -1.0343246221e-01
  -4.0833775233e-01  -4.0953120581e-01  -4.9841144845e-01   6.1003444678e-01  -1.4922167866e-01
  -4.0603685963e-01  -4.0714429884e-01  -4.0064023109e-01   5.6527242079e-01  -1.9673653550e-01
  -4.0388289794e-01  -4.0492942043e-01  -3.0273589748e-01   5.1918578018e-01  -2.4395252728e-01
  -4.0183252169e-01  -4.0283637546e-01  -2.0489848693e-01   4.7241519322e-01  -2.8928606833e-01
  -3.9985311918e-01  -4.0082866791e-01  -1.0699894201e-01   4.2498382140e-01  -3.3172241104e-01
  -3.9791788163e-01  -3.9887757044e-01  -9.2500218732e-03   3.7677670815e-01  -3.7034519051e-01
  -3.9600259296e-01  -3.9695819283e-01   8.8728110406e-02   3.2714429537e-01  -4.0459616247e-01
  -3.9408304632e-01  -3.9504699309e-01   1.8668130135e-01   2.7550694680e-01  -4.3370550494e-01
  -3.9213230721e-01  -3.9311909955e-01   2.8449653110e-01   2.2093592157e-01  -4.5696068197e-01
  -3.9011678658e-01  -3.9114551487e-01   3.8241656306e-01   1.6186672206e-01  -4.7358248760e-01
  -3.8798888510e-01  -3.8908805828e-01   4.8041467295e-01   9.6115686457e-02  -4.8238130184e-01
  -3.8567048920e-01  -3.8688971191e-01   5.7844468445e-01   2.0025642125e-02  -4.8149460850e-01
  -3.8300187036e-01  -3.8445126649e-01   6.7690936745e-01  -7.4236108346e-02  -4.6724994154e-01
  -3.7960165421e-01  -3.8155247422e-01   7.7404295742e-01  -2.0545300048e-01  -4.3047035423e-01
  -3.7567331486e-01  -3.7765083420e-01   8.4091456344e-01  -3.7197023040e-01  -3.6806645979e-01
  -3.7184186692e-01  -3.7369579552e-01   8.5281778446e-01  -5.4799302082e-01  -2.9382893093e-01
  -3.6818376169e-01  -3.6998793832e-01   8.1216301974e-01  -7.2432530175e-01  -2.1855143340e-01
  -3.6476920525e-01  -3.6637958505e-01   7.3028664795e-01  -8.8997808429e-01  -1.5111549967e-01
  -3.6190222515e-01  -3.6315882545e-01   6.3175254682e-01  -1.0251816010e+00  -1.0022392887e-01
  -3.5955743529e-01  -3.6064562486e-01   5.3358021923e-01  -1.1294830798e+00  -6.4371821975e-02
  -3.5747581335e-01  -3.5846924571e-01   4.3545759716e-01  -1.2152619796e+00  -3.7539448815e-02
  -3.5554555589e-01  -3.5648238098e-01   3.3727638015e-01  -1.2873421652e+00  -1.7150953319e-02
  -3.5370428246e-01  -3.5460873079e-01   2.3955855200e-01  -1.3477168752e+00  -1.8435553365e-03
  -3.5191009141e-01  -3.5279983412e-01   1.4162013991e-01  -1.3979540478e+00   9.4291788114e-03
  -3.5013002733e-01  -3.5102034870e-01   4.3637835151e-02  -1.4382640949e+00   1.7279500286e-02
  -3.4833352158e-01  -3.4923970596e-01  -5.4489379299e-02  -1.4684139727e+00   2.2220665899e-02
  -3.4648782394e-01  -3.4742733720e-01  -1.5224137273e-01  -1.4874365217e+00   2.4692245898e-02
  -3.4455195495e-01  -3.4554831069e-01  -2.5027848432e-01  -1.4937834889e+00   2.5175737747e-02
  -3.4246600922e-01  -3.4355559922e-01  -3.4836050947e-01  -1.4842649291e+00   2.4229107644e-02
  -3.4012589732e-01  -3.4137641922e-01  -4.4651732514e-01  -1.4528886412e+00   2.2754035553e-02
  -3.3729386531e-01  -3.3887537541e-01  -5.4522666662e-01  -1.3853734036e+00   2.2723561233e-02
  -3.3373119516e-01  -3.3571235521e-01  -6.3397259892e-01  -1.2561772760e+00   2.9525786138e-02
  -3.3013995431e-01  -3.3175003512e-01  -6.8214182553e-01  -1.0816767655e+00   4.7909049884e-02
  -3.2713093899e-01  -3.2852987349e-01  -6.8884040698e-01  -9.0476062618e-01   7.4891352991e-02
  -3.2444947423e-01  -3.2573200448e-01  -6.7025300152e-01  -7.2788594963e-01   1.0846930174e-01
  -3.2194996463e-01  -3.2316694398e-01  -6.3401229310e-01  -5.5154628550e-01   1.4725193866e-01
  -3.1954784063e-01  -3.2073298528e-01  -5.8378152035e-01  -3.7463534275e-01   1.9042386316e-01
  -3.1718162262e-01  -3.1836269597e-01  -5.2208623666e-01  -1.9848209817e-01   2.3662623062e-01
  -3.1479564044e-01  -3.1600054927e-01  -4.4932826155e-01  -2.1421305677e-02   2.8514520343e-01
  -3.1232750552e-01  -3.1359073161e-01  -3.6612729173e-01   1.5498608743e-01   3.3408293447e-01
  -3.0974859368e-01  -3.1106427944e-01  -2.7293801976e-01   3.2809523303e-01   3.8058091192e-01
  -3.0714129829e-01  -3.0843290792e-01  -1.7522505634e-01   4.8604314750e-01   4.1867220082e-01
  -3.0455287342e-01  -3.0584968867e-01  -7.7505613749e-02   6.2070699171e-01   4.4343381416e-01
  -3.0192288339e-01  -3.0325605817e-01   2.0503866500e-02   7.3095880874e-01   4.5137852563e-01
  -2.9918504232e-01  -3.0058970861e-01   1.1818789548e-01   8.1250697284e-01   4.3755853648e-01
  -2.9625455536e-01  -2.9778037603e-01   2.1607020952e-01   8.5937402750e-01   3.9476823609e-01
  -2.9299442333e-01  -2.9472873469e-01   3.1400838682e-01   8.5989239541e-01   3.1144931571e-01
  -2.8955416173e-01  -2.9126011198e-01   4.0254529929e-01   8.0309038274e-01   1.8469092177e-01
  -2.8641489689e-01  -2.8784821147e-01   4.6781219305e-01   7.0391993832e-01   3.9165002430e-02
  -2.8367227528e-01  -2.8498158232e-01   5.1114015969e-01   5.8442930841e-01  -1.0635715929e-01
  -2.8109973593e-01  -2.8236296824e-01   5.3881378168e-01   4.5089928080e-01  -2.5141201323e-01
  -2.7855854486e-01  -2.7983650363e-01   5.5289950541e-01   3.0454415298e-01  -3.9654896035e-01
  -2.7591378759e-01  -2.7728058609e-01   5.5242793349e-01   1.4406394777e-01  -5.4203311088e-01
  -2.7306953365e-01  -2.7454698909e-01   5.3353335450e-01  -2.8462315115e-02  -6.8260958823e-01
  -2.6996238336e-01  -2.7159207822e-01   4.8985867645e-01  -2.0560579155e-01  -8.0609781905e-01
  -2.6657645717e-01  -2.6833268850e-01   4.1391485113e-01  -3.7198760455e-01  -8.9226729139e-01
  -2.6342123777e-01  -2.6482022584e-01   3.1707266199e-01  -4.9213428899e-01  -9.1885928270e-01
  -2.6083514468e-01  -2.6202224969e-01   2.1875728488e-01  -5.5929312244e-01  -8.9641659531e-01
  -2.5858769354e-01  -2.5964803967e-01   1.2092020513e-01  -5.9237459191e-01  -8.4375642089e-01
  -2.5655037453e-01  -2.5752734742e-01   2.2771953392e-02  -6.0169298429e-01  -7.6956025994e-01
  -2.5465278369e-01  -2.5557340165e-01  -7.4946012284e-02  -5.9282576467e-01  -6.7950888583e-01
  -2.5284972121e-01  -2.5373216573e-01  -1.7304017313e-01  -5.6926954727e-01  -5.7610377242e-01
  -2.5110888879e-01  -2.5196727669e-01  -2.7079172542e-01  -5.3353752004e-01  -4.6224505338e-01
  -2.4940443518e-01  -2.5025050088e-01  -3.6901116994e-01  -4.8692203550e-01  -3.3846552784e-01
  -2.4771352258e-01  -2.4855836948e-01  -4.6681495993e-01  -4.3090341188e-01  -2.0689722554e-01
  -2.4601470591e-01  -2.4686867567e-01  -5.6457743024e-01  -3.6598876718e-01  -6.7771860946e-02
  -2.4431234304e-01  -2.4516073614e-01  -6.6067296578e-01  -2.9371770361e-01   7.6070698555e-02
  -2.4261819605e-01  -2.4346394993e-01  -7.5318659684e-01  -2.1596259749e-01   2.2124479954e-01
  -2.4091346566e-01  -2.4177244216e-01  -8.4158291751e-01  -1.3342270135e-01   3.6652568803e-01
  -2.3916427906e-01  -2.4005448915e-01  -9.2555378601e-01  -4.6174459450e-02   5.1137251248e-01
  -2.3732807788e-01  -2.3827406896e-01  -1.0053357524e+00   4.7184646211e-02   6.5685802043e-01
  -2.3534180132e-01  -2.3638208681e-01  -1.0793487352e+00   1.4747799088e-01   8.0185076814e-01
  -2.3309001431e-01  -2.3430151584e-01  -1.1460316170e+00   2.5890927114e-01   9.4762714249e-01
  -2.3027701721e-01  -2.3187851277e-01  -1.1992575367e+00   3.9070560949e-01   1.0944513076e+00
  -2.2645548597e-01  -2.2867552165e-01  -1.2124343301e+00   5.5208238723e-01   1.2222580970e+00
  -2.2235484195e-01  -2.2423545029e-01  -1.1501673526e+00   7.0031598049e-01   1.2664246167e+00
  -2.1926377134e-01  -2.2047423360e-01  -1.0496287446e+00   7.9420069776e-01   1.2359673407e+00
  -2.1707588367e-01  -2.1805330907e-01  -9.5099212445e-01   8.5159621978e-01   1.1831860027e+00
  -2.1524632204e-01  -2.1609845826e-01  -8.5283838945e-01   8.9441386139e-01   1.1221894696e+00
  -2.1362140285e-01  -2.1439418582e-01  -7.5478737345e-01   9.2886856176e-01   1.0570438720e+00
  -2.1213035299e-01  -2.1284861988e-01  -6.5679398286e-01   9.5773990514e-01   9.8973007213e-01
  -2.1073297734e-01  -2.1141208611e-01  -5.5890823162e-01   9.8255588434e-01   9.2144221387e-01
  -2.0940352536e-01  -2.1005386857e-01  -4.6114221904e-01   1.0042585006e+00   8.5294016729e-01
  -2.0812417356e-01  -2.0875318216e-01  -3.6290803475e-01   1.0235705587e+00   7.8434812738e-01
  -2.0688161592e-01  -2.0749516496e-01  -2.6489157496e-01   1.0407550796e+00   7.1655922558e-01
  -2.0566526556e-01  -2.0626806687e-01  -1.6680905425e-01   1.0561462518e+00   6.4971299396e-01
  -2.0446637627e-01  -2.0506246426e-01  -6.9005101726e-02   1.0698798789e+00   5.8432897631e-01
  -2.0327734466e-01  -2.0387028829e-01   2.8659882730e-02   1.0820993165e+00   5.2056289576e-01
  -2.0209126970e-01  -2.0268440103e-01   1.2629695392e-01   1.0928752629e+00   4.5858361017e-01
  -2.0090147165e-01  -2.0149813836e-01   2.2497339043e-01   1.1022949020e+00   3.9800575274e-01
  -1.9970122365e-01  -2.0030480494e-01   3.2268086352e-01   1.1101142373e+00   3.4032753498e-01
  -1.9848348986e-01  -1.9909764236e-01   4.2048365626e-01   1.1163434417e+00   2.8515854884e-01
  -1.9724048137e-01  -1.9786933735e-01   5.1837761734e-01   1.1208138921e+00   2.3282226915e-01
  -1.9596323099e-01  -1.9661162539e-01   6.1620649214e-01   1.1232823845e+00   1.8376217577e-01
  -1.9464093815e-01  -1.9531483659e-01   7.1410365327e-01   1.1234206540e+00   1.3833912727e-01
  -1.9325989426e-01  -1.9396703971e-01   8.1225187986e-01   1.1207498761e+00   9.7016312780e-02
  -1.9180212350e-01  -1.9255274881e-01   9.1011550729e-01   1.1146228652e+00   6.0692766395e-02
  -1.9024256431e-01  -1.9105149818e-01   1.0081241524e+00   1.1040561709e+00   3.0090108220e-02
  -1.8854366466e-01  -1.8943363044e-01   1.1061361585e+00   1.0875632674e+00   6.5371471876e-03
  -1.8664397079e-01  -1.8765369889e-01   1.2041910772e+00   1.0626485567e+00  -8.0196604847e-03
  -1.8442730585e-01  -1.8563424269e-01   1.3023891351e+00   1.0245669045e+00  -1.0179403598e-02
  -1.8160313917e-01  -1.8322036901e-01   1.4014437961e+00   9.6133269166e-01   7.8168251884e-03
  -1.7756259117e-01  -1.7998590933e-01   1.4917570091e+00   8.4213397616e-01   6.5293720752e-02
  -1.7303185648e-01  -1.7513927301e-01   1.5285201258e+00   6.7272944524e-01   1.5518848442e-01
  -1.6908706558e-01  -1.7092443995e-01   1.5074575138e+00   4.9643406882e-01   2.4005345073e-01
  -1.6556874658e-01  -1.6724969121e-01   1.4514638072e+00   3.1999476323e-01   3.0898716854e-01
  -1.6230329771e-01  -1.6388780195e-01   1.3719530816e+00   1.4400422111e-01   3.5954949528e-01
  -1.5930533986e-01  -1.6071879347e-01   1.2779183904e+00  -2.5827279885e-02   3.9060112906e-01
  -1.5665937975e-01  -1.5789188625e-01   1.1799614859e+00  -1.7970837418e-01   4.0356080276e-01
  -1.5431114807e-01  -1.5542687324e-01   1.0820461608e+00  -3.1813234825e-01   4.0287678470e-01
  -1.5216225868e-01  -1.5319542290e-01   9.8408741137e-01  -4.4505255486e-01   3.9197157886e-01
  -1.5015713276e-01  -1.5112909446e-01   8.8632428929e-01  -5.6224506814e-01   3.7305226946e-01
  -1.4825992434e-01  -1.4918517106e-01   7.8838732471e-01  -6.7135963093e-01   3.4752873603e-01
  -1.4644521115e-01  -1.4733467761e-01   6.9060204449e-01  -7.7273842093e-01   3.1652908444e-01
  -1.4469345284e-01  -1.4555574469e-01   5.9264068489e-01  -8.6711490483e-01   2.8070330837e-01
  -1.4298867368e-01  -1.4383116098e-01   4.9479428439e-01  -9.5435879203e-01   2.4068159750e-01
  -1.4131690759e-01  -1.4214618637e-01   3.9716562479e-01  -1.0343900552e+00   1.9688100926e-01
  -1.3966534044e-01  -1.4048762881e-01   2.9886038707e-01  -1.1076476065e+00   1.4905320363e-01
  -1.3802137227e-01  -1.3884305207e-01   2.0127319581e-01  -1.1726706868e+00   9.7916203237e-02
  -1.3637181817e-01  -1.3719969246e-01   1.0332127257e-01  -1.2295789611e+00   4.2811549814e-02
  -1.3470202479e-01  -1.3554394387e-01   5.2998190223e-03  -1.2771508477e+00  -1.6432372609e-02
  -1.3299460342e-01  -1.3386010571e-01  -9.2498552771e-02  -1.3138905959e+00  -8.0153624831e-02
  -1.3122742364e-01  -1.3212910114e-01  -1.9037985890e-01  -1.3379341941e+00  -1.4938858724e-01
  -1.2936992205e-01  -1.3032574614e-01  -2.8837532644e-01  -1.3462172988e+00  -2.2553374106e-01
  -1.2737607576e-01  -1.2841409796e-01  -3.8636430984e-01  -1.3339134787e+00  -3.1072316659e-01
  -1.2516795232e-01  -1.2633805357e-01  -4.8434739857e-01  -1.2927224681e+00  -4.0887547322e-01
  -1.2259649311e-01  -1.2399785107e-01  -5.8255768949e-01  -1.2054680793e+00  -5.2838316204e-01
  -1.1978118372e-01  -1.2119513514e-01  -6.6774133935e-01  -1.0612454240e+00  -6.6424804480e-01
  -1.1722127913e-01  -1.1836723231e-01  -7.2377653199e-01  -8.8607989810e-01  -7.9198411259e-01
  -1.1509287231e-01  -1.1607532595e-01  -7.5409425196e-01  -7.0878438898e-01  -9.0091997641e-01
  -1.1322832905e-01  -1.1411041867e-01  -7.6870647293e-01  -5.3192820055e-01  -9.9774192223e-01
  -1.1153107570e-01  -1.1234623943e-01  -7.7282162789e-01  -3.5534887286e-01  -1.0865692100e+00
  -1.0994725144e-01  -1.1071591197e-01  -7.6931675610e-01  -1.7815033983e-01  -1.1700190717e+00
  -1.0844209005e-01  -1.0917859092e-01  -7.6006871832e-01  -1.7803200426e-03  -1.2487671718e+00
  -1.0699069130e-01  -1.0770558918e-01  -7.4631678229e-01   1.7492530648e-01  -1.3242460913e+00
  -1.0557379342e-01  -1.0627579343e-01  -7.2893413246e-01   3.5220840199e-01  -1.3971356101e+00
  -1.0417484262e-01  -1.0487179340e-01  -7.0888429674e-01   5.2798224778e-01  -1.4670279235e+00
  -1.0277836491e-01  -1.0347789183e-01  -6.8637888751e-01   7.0554859641e-01  -1.5355154234e+00
  -1.0136848770e-01  -1.0207883800e-01  -6.6229496320e-01   8.8192795684e-01  -1.6016066222e+00
  -9.9927160114e-02  -1.0065813741e-01  -6.3694914526e-01   1.0584613876e+00  -1.6658942767e+00
  -9.8431492431e-02  -9.9196182820e-02  -6.1076193681e-01   1.2355405276e+00  -1.7284470690e+00
  -9.6849353975e-02  -9.7666802042e-02  -5.8444969086e-01   1.4120624793e+00  -1.7886417165e+00
  -9.5128935434e-02  -9.6031905908e-02  -5.5855881820e-01   1.5893069047e+00  -1.8463593960e+00
  -9.3169554815e-02  -9.4225964960e-02  -5.3434271984e-01   1.7670914701e+00  -1.9002298786e+00
  -9.0693116826e-02  -9.2113144671e-02  -5.1460892917e-01   1.9463341650e+00  -1.9467152114e+00
  -8.6064311804e-02  -8.9273088982e-02  -5.2116849417e-01   2.1094198220e+00  -1.9514832939e+00
  -8.1038906322e-02  -8.2855534627e-02  -5.8793125900e-01   2.0445191671e+00  -1.8382040394e+00
  -7.8108252031e-02  -7.9222278017e-02  -6.5892401653e-01   1.8661282912e+00  -1.7000115703e+00
  -7.6119770026e-02  -7.6994226045e-02  -7.1848604354e-01   1.6877050450e+00  -1.5750599866e+00
  -7.4493656872e-02  -7.5245314008e-02  -7.7252435478e-01   1.5103338593e+00  -1.4549724381e+00
  -7.3066926550e-02  -7.3741999736e-02  -8.2312332614e-01   1.3327017441e+00  -1.3365064002e+00
  -7.1768786630e-02  -7.2391853364e-02  -8.7056895041e-01   1.1564879010e+00  -1.2197441029e+00
  -7.0560251636e-02  -7.1145719897e-02  -9.1566623058e-01   9.8029283178e-01  -1.1031851940e+00
  -6.9417550346e-02  -6.9974783374e-02  -9.5907815376e-01   8.0222662327e-01  -9.8521413198e-01
  -6.8324055410e-02  -6.8860317318e-02  -9.9986431053e-01   6.2675219160e-01  -8.6852835512e-01
  -6.7267461975e-02  -6.7787793503e-02  -1.0390153951e+00   4.5005994988e-01  -7.5039721270e-01
  -6.6238617133e-02  -6.6747130448e-02  -1.0764562442e+00   2.7242429722e-01  -6.3081260683e-01
  -6.5229849759e-02  -6.5730103818e-02  -1.1117264972e+00   9.6043737716e-02  -5.1109608381e-01
  -6.4234582529e-02  -6.4729595701e-02  -1.1450918817e+00  -8.0447774211e-02  -3.9017765036e-01
  -6.3247023061e-02  -6.3739569357e-02  -1.1765146518e+00  -2.5721353273e-01  -2.6778094690e-01
  -6.2261713444e-02  -6.2754476766e-02  -1.2059041861e+00  -4.3433533219e-01  -1.4366648109e-01
  -6.1273271772e-02  -6.1768950123e-02  -1.2329891135e+00  -6.1089219541e-01  -1.8289799038e-02
  -6.0276158330e-02  -6.0777593420e-02  -1.2576999274e+00  -7.8738437684e-01   1.0891467378e-01
  -5.9264388663e-02  -5.9774723239e-02  -1.2798230985e+00  -9.6375156977e-01   2.3816298564e-01
  -5.8231038661e-02  -5.8754054088e-02  -1.2992292521e+00  -1.1414781524e+00   3.7090290421e-01
  -5.7167898835e-02  -5.7708023234e-02  -1.3152759881e+00  -1.3181046116e+00   5.0571914995e-01
  -5.6065022706e-02  -5.6627774435e-02  -1.3275409227e+00  -1.4932786908e+00   6.4279108092e-01
  -5.4910797379e-02  -5.5502270977e-02  -1.3355863256e+00  -1.6715346810e+00   7.8647112511e-01
  -5.3708034454e-02  -5.4319323781e-02  -1.3381666079e+00  -1.8441211329e+00   9.3062301391e-01
  -5.2463138266e-02  -5.3096745126e-02  -1.3345259476e+00  -2.0103312377e+00   1.0754933733e+00
  -5.1166546254e-02  -5.1829531406e-02  -1.3237021065e+00  -2.1677320048e+00   1.2200804278e+00
  -4.9801008403e-02  -5.0503561102e-02  -1.3040861952e+00  -2.3164161864e+00   1.3661986892e+00
  -4.8342526768e-02  -4.9098455703e-02  -1.2741703221e+00  -2.4508152130e+00   1.5107765152e+00
  -4.6754581213e-02  -4.7586597833e-02  -1.2306941083e+00  -2.5693893362e+00   1.6559751311e+00
  -4.4974374735e-02  -4.5922564593e-02  -1.1687679845e+00  -2.6653477764e+00   1.8012092917e+00
  -4.2998052848e-02  -4.4026184878e-02  -1.0840567328e+00  -2.7252067829e+00   1.9396382033e+00
  -4.1070655474e-02  -4.1969920818e-02  -9.8647457992e-01  -2.7362010941e+00   2.0501250213e+00
  -3.9362305491e-02  -4.0171390129e-02  -8.8856054186e-01  -2.7065948943e+00   2.1264591021e+00
  -3.7805683954e-02  -3.8553220854e-02  -7.9048217984e-01  -2.6482910313e+00   2.1783202796e+00
  -3.6354604293e-02  -3.7058147054e-02  -6.9243138027e-01  -2.5682564363e+00   2.2111928151e+00
  -3.4979688191e-02  -3.5651061533e-02  -5.9467717084e-01  -2.4712173318e+00   2.2285906210e+00
  -3.3660687901e-02  -3.4308314849e-02  -4.9686978129e-01  -2.3598545867e+00   2.2329180980e+00
  -3.2382721616e-02  -3.3013060953e-02  -3.9877772779e-01  -2.2359478888e+00   2.2256650916e+00
  -3.1134000315e-02  -3.1752382279e-02  -3.0067332616e-01  -2.1013554815e+00   2.2078540801e+00
  -2.9904597774e-02  -3.0515618351e-02  -2.0266997520e-01  -1.9574583780e+00   2.1802379319e+00
  -2.8685747466e-02  -2.9293577198e-02  -1.0477293227e-01  -1.8052303732e+00   2.1432907445e+00
  -2.7469270579e-02  -2.8077917734e-02  -6.9268770619e-03  -1.6453258295e+00   2.0972127790e+00
  -2.6247064189e-02  -2.6860623423e-02   9.0938361421e-02  -1.4781787493e+00   2.0419431706e+00
  -2.5014821667e-02  -2.5633504956e-02   1.8852099273e-01  -1.3047325395e+00   1.9774261173e+00
  -2.3783464998e-02  -2.4396138378e-02   2.8420966773e-01  -1.1283415658e+00   1.9045459625e+00
  -2.2559798503e-02  -2.3170791618e-02   3.7685141319e-01  -9.5172373831e-01   1.8241415934e+00
  -2.1333573805e-02  -2.1948805389e-02   4.6666619532e-01  -7.7499806338e-01   1.7358991063e+00
  -2.0092652379e-02  -2.0718342222e-02   5.5387960299e-01  -5.9807026030e-01   1.6391101847e+00
  -1.8823713972e-02  -1.9466962537e-02   6.3851843379e-01  -4.2106260284e-01   1.5328278407e+00
  -1.7510956879e-02  -1.8180465406e-02   7.2034639783e-01  -2.4449574180e-01   1.4159484037e+00
  -1.6134263046e-02  -1.6841448352e-02   7.9947753236e-01  -6.7911967736e-02   1.2860547618e+00
  -1.4716027676e-02  -1.5427077741e-02   8.7309752188e-01   1.0259948900e-01   1.1453298203e+00
  -1.3323109993e-02  -1.4004977611e-02   9.3764323721e-01   2.5857000671e-01   9.9935296071e-01
  -1.1982185388e-02  -1.2641242376e-02   9.9078805152e-01   3.9341799534e-01   8.5500974198e-01
  -1.0682244316e-02  -1.1323128401e-02   1.0344130707e+00   5.1074444228e-01   7.1010581837e-01
  -9.4147914636e-03  -1.0041360232e-02   1.0690415893e+00   6.1112196734e-01   5.6495092915e-01
  -8.1726570787e-03  -8.7882226952e-03   1.0951619312e+00   6.9514845404e-01   4.1979826595e-01
  -6.9495966886e-03  -7.5570914623e-03   1.1132353769e+00   7.6346065332e-01   2.7477626938e-01
  -5.7399918747e-03  -6.3421019150e-03   1.1236706705e+00   8.1666376991e-01   1.2991506055e-01
  -4.5386011756e-03  -5.1378818345e-03   1.1268063049e+00   8.5527798973e-01  -1.4828418279e-02
  -3.3403364641e-03  -3.9393205168e-03   1.1228995507e+00   8.7970005737e-01  -1.5954545840e-01
  -2.1400090595e-03  -2.7413524114e-03   1.1120022264e+00   8.9015216586e-01  -3.0531978500e-01
  -9.3212634877e-04  -1.5386657077e-03   1.0943572183e+00   8.8659281583e-01  -4.5025888545e-01
   2.8931424925e-04  -3.2558698988e-04   1.0700257758e+00   8.6920898886e-01  -5.9508962757e-01
   1.5311812089e-03   9.0421548837e-04   1.0389614446e+00   8.3785488241e-01  -7.4000996460e-01
   2.8016617177e-03   2.1581469294e-03   1.0010913517e+00   7.9225470283e-01  -8.8487005153e-01
   4.1109605850e-03   3.4451765061e-03   9.5613779925e-01   7.3178776889e-01  -1.0298715227e+00
   5.4725294366e-03   4.7767446639e-03   9.0354200595e-01   6.5528663288e-01  -1.1754066071e+00
   6.9046774823e-03   6.1683142094e-03   8.4314468933e-01   5.6204213095e-01  -1.3202471632e+00
   8.4340799804e-03   7.6410407552e-03   7.7377778274e-01   4.4965840609e-01  -1.4650346273e+00
   1.0104145255e-02   9.2271192055e-03   6.9328327762e-01   3.1367711435e-01  -1.6105519867e+00
   1.1941516552e-02   1.0981171305e-02   6.0132191653e-01   1.5233244063e-01  -1.7525738733e+00
   1.3844002375e-02   1.2901861799e-02   5.0498701447e-01  -2.2528306539e-02  -1.8772842234e+00
   1.5719327137e-02   1.4786142951e-02   4.1032818033e-01  -1.9968381022e-01  -1.9768026075e+00
   1.7600566921e-02   1.6652511322e-02   3.1859355543e-01  -3.7616672672e-01  -2.0507242386e+00
   1.9538400328e-02   1.8548622520e-02   2.2897533632e-01  -5.5304544903e-01  -2.0989632360e+00
   2.1598120379e-02   2.0528178135e-02   1.4135481036e-01  -7.3023170086e-01  -2.1179890667e+00
   2.3888292623e-02   2.2668062623e-02   5.5677621977e-02  -9.0741406982e-01  -2.0997181943e+00
   2.6618799763e-02   2.5108522624e-02  -2.8049520421e-02  -1.0834610922e+00  -2.0246161114e+00
   2.9401618874e-02   2.8129076902e-02  -9.1825305325e-02  -1.2168716950e+00  -1.8939050551e+00
   3.1692531966e-02   3.0674160846e-02  -1.2703885232e-01  -1.2858081513e+00  -1.7477196398e+00
   3.3600221992e-02   3.2710903086e-02  -1.4455022258e-01  -1.3124044309e+00  -1.6022855398e+00
   3.5300111210e-02   3.4489540898e-02  -1.5157005767e-01  -1.3115756503e+00  -1.4565593073e+00
   3.6869555690e-02   3.6110681521e-02  -1.5130053778e-01  -1.2900520473e+00  -1.3117777061e+00
   3.8351830203e-02   3.7628429858e-02  -1.4558589668e-01  -1.2513892016e+00  -1.1667883477e+00
   3.9774323875e-02   3.9075230547e-02  -1.3554405924e-01  -1.1977437765e+00  -1.0219212397e+00
   4.1156420734e-02   4.0473417203e-02  -1.2183074414e-01  -1.1299361583e+00  -8.7629303129e-01
   4.2513044807e-02   4.1839424264e-02  -1.0516113796e-01  -1.0496303495e+00  -7.3170203044e-01
   4.3856500443e-02   4.3186665349e-02  -8.5792279211e-02  -9.5660593409e-01  -5.8682731361e-01
   4.5197538296e-02   4.4526335537e-02  -6.3906831938e-02  -8.5050099079e-01  -4.4118941411e-01
   4.6546249027e-02   4.5868741055e-02  -4.0052200651e-02  -7.3286963004e-01  -2.9695890131e-01
   4.7912792377e-02   4.7223756999e-02  -1.3886262464e-02  -6.0095917060e-01  -1.5122079337e-01
   4.9307828469e-02   4.8601827754e-02   1.3957618163e-02  -4.5694109352e-01  -7.0001575608e-03
   5.0743392454e-02   5.0013829184e-02   4.3979187362e-02  -2.9719039072e-01   1.3852841054e-01
   5.2207825414e-02   5.1472955725e-02   7.5284864675e-02  -1.2548063450e-01   2.8114696904e-01
   5.3650667067e-02   5.2942695103e-02   1.0651557055e-01   5.1140619632e-02   4.1544495466e-01
   5.5047776467e-02   5.4358639031e-02   1.3671394109e-01   2.2706374165e-01   5.3851588027e-01
   5.6414013560e-02   5.5736913904e-02   1.6637944442e-01   4.0485858703e-01   6.5340492593e-01
   5.7762323677e-02   5.7091113216e-02   1.9496771494e-01   5.8086933100e-01   7.5880003534e-01
   5.9104466362e-02   5.8433534137e-02   2.2291354122e-01   7.5733326884e-01   8.5698018421e-01
   6.0451808752e-02   5.9775398588e-02   2.5034893084e-01   9.3480572864e-01   9.4880206853e-01
   6.1816225066e-02   6.1128218917e-02   2.7687040099e-01   1.1103289285e+00   1.0333293058e+00
   6.3211375120e-02   6.2504231215e-02   3.0317397215e-01   1.2882682432e+00   1.1130698879e+00
   6.4653930942e-02   6.3918519026e-02   3.2867169749e-01   1.4644969747e+00   1.1864737682e+00
   6.6165814248e-02   6.5389342859e-02   3.5367259516e-01   1.6410344973e+00   1.2547417371e+00
   6.7779318088e-02   6.6942285637e-02   3.7818730943e-01   1.8181756830e+00   1.3181211993e+00
   6.9546485745e-02   6.8616350540e-02   4.0196740962e-01   1.9947819656e+00   1.3762966014e+00
   7.1567532276e-02   7.0476620951e-02   4.2499561339e-01   2.1726419724e+00   1.4297495986e+00
   7.4104885422e-02   7.2658443602e-02   4.4641198840e-01   2.3514648357e+00   1.4778231767e+00
   7.7526520153e-02   7.5551327241e-02   4.6038163675e-01   2.5063519196e+00   1.5132061572e+00
   8.1476905976e-02   7.9501713064e-02   4.5272881654e-01   2.5551811215e+00   1.5184948605e+00
   8.5477905063e-02   8.3452098887e-02   4.1515837601e-01   2.4552000960e+00   1.4894905463e+00
   8.8741837857e-02   8.7503711239e-02   3.6200083062e-01   2.2711835890e+00   1.4440068537e+00
   9.0981550477e-02   8.9979964474e-02   3.1321312473e-01   2.0932415344e+00   1.4015730706e+00
   9.2861396960e-02   9.1983136480e-02   2.6520164261e-01   1.9160754277e+00   1.3593798944e+00
   9.4541878575e-02   9.3739657440e-02   2.1725292473e-01   1.7386891353e+00   1.3166481731e+00
   9.6096131064e-02   9.5344099709e-02   1.6955559035e-01   1.5622925582e+00   1.2733460411e+00
   9.7565832357e-02   9.6848162418e-02   1.2181353718e-01   1.3858824580e+00   1.2289906839e+00
   9.8977729923e-02   9.8283502295e-02   7.3815213525e-02   1.2085580981e+00   1.1831304894e+00
   1.0035123539e-01   9.9671957551e-02   2.6212796512e-02   1.0324674419e+00   1.1361219648e+00
   1.0170158899e-01   1.0103051323e-01  -2.1588093267e-02   8.5502549753e-01   1.0870663744e+00
   1.0304161504e-01   1.0237266476e-01  -6.8666225106e-02   6.7914832267e-01   1.0365518934e+00
   1.0438312125e-01   1.0371056532e-01  -1.1560787502e-01   5.0199067364e-01   9.8351723708e-01
   1.0573772454e-01   1.0505567718e-01  -1.6171970214e-01   3.2530473322e-01   9.2817902815e-01
   1.0711777092e-01   1.0641977189e-01  -2.0678360596e-01   1.4882759831e-01   8.7012064972e-01
   1.0853732118e-01   1.0781576996e-01  -2.5044082689e-01  -2.7508163496e-02   8.0890193989e-01
   1.1001381601e-01   1.0925887241e-01  -2.9240727211e-01  -2.0472433453e-01   7.4357096978e-01
   1.1157029742e-01   1.1076875960e-01  -3.3167361060e-01  -3.8176715742e-01   6.7371441607e-01
   1.1323910999e-01   1.1237183524e-01  -3.6706005220e-01  -5.5816494990e-01   5.9846161733e-01
   1.1507083258e-01   1.1410638474e-01  -3.9702610861e-01  -7.3490121388e-01   5.1572200451e-01
   1.1715595752e-01   1.1603528043e-01  -4.1841113549e-01  -9.1222634959e-01   4.2235876377e-01
   1.1969438156e-01   1.1827663460e-01  -4.2424764385e-01  -1.0903200972e+00   3.1189526611e-01
   1.2294359536e-01   1.2111212852e-01  -3.9789743688e-01  -1.2551816266e+00   1.7901607900e-01
   1.2658882411e-01   1.2477506220e-01  -3.2486380128e-01  -1.3593897341e+00   4.4514464372e-02
   1.2978377682e-01   1.2840258601e-01  -2.2684495432e-01  -1.3845988352e+00  -5.7708960020e-02
   1.3235774354e-01   1.3116496762e-01  -1.2848007775e-01  -1.3637682736e+00  -1.2822706493e-01
   1.3465455028e-01   1.3355051945e-01  -3.0392179108e-02  -1.3189214359e+00  -1.8223585086e-01
   1.3682756115e-01   1.3575858111e-01   6.7884699320e-02  -1.2573712257e+00  -2.2606778715e-01
   1.3897182370e-01   1.3789654119e-01   1.6572999356e-01  -1.1824725871e+00  -2.6269844899e-01
   1.4117369974e-01   1.4004710620e-01   2.6389060272e-01  -1.0940791848e+00  -2.9454291762e-01
   1.4354874708e-01   1.4230029328e-01   3.6214805975e-01  -9.9008806494e-01  -3.2327638016e-01
   1.4633888714e-01   1.4479720088e-01   4.6109047861e-01  -8.6185979174e-01  -3.5133336870e-01
   1.4981236160e-01   1.4788057341e-01   5.4935507483e-01  -7.0193576264e-01  -3.8061139601e-01
   1.5385946366e-01   1.5174414979e-01   5.9200773496e-01  -5.2551170014e-01  -4.1089858306e-01
   1.5819320894e-01   1.5597477754e-01   5.5607239548e-01  -3.5907750379e-01  -4.4162016927e-01
   1.6184740152e-01   1.6041164034e-01   4.6239826697e-01  -2.4070603915e-01  -4.6615658754e-01
   1.6440447902e-01   1.6328316269e-01   3.6339042515e-01  -1.7151762594e-01  -4.8138295870e-01
   1.6650136438e-01   1.6552579535e-01   2.6509181376e-01  -1.2325382596e-01  -4.9163413981e-01
   1.6837033901e-01   1.6747693341e-01   1.6701603003e-01  -8.6577376319e-02  -4.9833100793e-01
   1.7010830122e-01   1.6926374462e-01   6.8856678869e-02  -5.7698324983e-02  -5.0191216578e-01
   1.7177006805e-01   1.7095285781e-01  -2.9105825048e-02  -3.4810701939e-02  -5.0245093036e-01
   1.7339327517e-01   1.7258727828e-01  -1.2691295016e-01  -1.6812024183e-02  -4.9986288185e-01
   1.7500830949e-01   1.7419927206e-01  -2.2499795877e-01  -3.0576931861e-03  -4.9386344093e-01
   1.7664414492e-01   1.7581734693e-01  -3.2282650069e-01   6.6311817206e-03  -4.8405565932e-01
   1.7833348868e-01   1.7747094292e-01  -4.2099785194e-01   1.2264330803e-02  -4.6970033851e-01
   1.8011963246e-01   1.7919603443e-01  -5.1895230957e-01   1.3413481514e-02  -4.4981996826e-01
   1.8207106981e-01   1.8104323049e-01  -6.1720884112e-01   9.1253151004e-03  -4.2251513532e-01
   1.8432341455e-01   1.8309890913e-01  -7.1558321751e-01  -2.8422508225e-03  -3.8425244701e-01
   1.8730324195e-01   1.8554791997e-01  -8.1578441110e-01  -2.9920617892e-02  -3.2378523920e-01
   1.9198932527e-01   1.8905856393e-01  -8.9097510680e-01  -9.5679383214e-02  -2.1483549883e-01
   1.9726099767e-01   1.9492008661e-01  -8.5677553073e-01  -1.9340081115e-01  -9.2782040519e-02
   2.0095746375e-01   1.9960190873e-01  -7.5608276321e-01  -2.7058128407e-01  -2.2409121778e-02
   2.0338988416e-01   2.0231301878e-01  -6.5730138867e-01  -3.2153451273e-01   1.0207507509e-02
   2.0540576969e-01   2.0446674954e-01  -5.5890473905e-01  -3.6192566374e-01   2.6762728896e-02
   2.0720180342e-01   2.0634478985e-01  -4.6099666546e-01  -3.9515701011e-01   3.2411250916e-02
   2.0886272091e-01   2.0805881699e-01  -3.6288987365e-01  -4.2287006754e-01   2.9463690510e-02
   2.1043552366e-01   2.0966662483e-01  -2.6507050301e-01  -4.4558885024e-01   1.9143263464e-02
   2.1195075282e-01   2.1120442249e-01  -1.6700622408e-01  -4.6374275848e-01   2.1137112410e-03
   2.1343051381e-01   2.1269708315e-01  -6.9012463082e-02  -4.7733507482e-01  -2.1167875267e-02
   2.1489263354e-01   2.1416394446e-01   2.8867408866e-02  -4.8628985885e-01  -5.0430350881e-02
   2.1635282734e-01   2.1562132261e-01   1.2672242375e-01  -4.9039367044e-01  -8.5589056086e-02
   2.1782637853e-01   2.1708433207e-01   2.2465451608e-01  -4.8925223112e-01  -1.2671839960e-01
   2.1932969182e-01   2.1856842500e-01   3.2266659774e-01  -4.8225996454e-01  -1.7399809818e-01
   2.2088202986e-01   2.2009095864e-01   4.2054661081e-01  -4.6858728365e-01  -2.2762823765e-01
   2.2250829290e-01   2.2167310109e-01   5.1855757752e-01  -4.4694466661e-01  -2.8826908452e-01
   2.2424396686e-01   2.2334348470e-01   6.1655013959e-01  -4.1544298522e-01  -3.5666967726e-01
   2.2614578731e-01   2.2514444901e-01   7.1462821314e-01  -3.7088989080e-01  -4.3430979009e-01
   2.2832036589e-01   2.2714712560e-01   8.1280882327e-01  -3.0737582509e-01  -5.2382879445e-01
   2.3104116554e-01   2.2949360617e-01   9.1209670209e-01  -2.0945303678e-01  -6.3266730836e-01
   2.3446740230e-01   2.3258872491e-01   9.9568215365e-01  -6.1565772984e-02  -7.5507727191e-01
   2.3803867974e-01   2.3634607970e-01   1.0322385874e+00   1.1495126264e-01  -8.5564554031e-01
   2.4135828121e-01   2.3973127978e-01   1.0180395506e+00   2.9170900131e-01  -9.1502360508e-01
   2.4464229029e-01   2.4298528263e-01   9.6061244361e-01   4.6841457644e-01  -9.3578018679e-01
   2.4774388155e-01   2.4629929796e-01   8.7158640479e-01   6.2749945754e-01  -9.1927500426e-01
   2.5038396827e-01   2.4918846514e-01   7.7300597576e-01   7.5005712967e-01  -8.7762800511e-01
   2.5265231116e-01   2.5157947139e-01   6.7495122979e-01   8.4117229264e-01  -8.2272233175e-01
   2.5473031395e-01   2.5372515093e-01   5.7686707754e-01   9.1042134125e-01  -7.5837183968e-01
   2.5670511721e-01   2.5573547696e-01   4.7874258481e-01   9.6148155919e-01  -6.8637399324e-01
   2.5863194685e-01   2.5767475745e-01   3.8090559022e-01   9.9583416445e-01  -6.0790502729e-01
   2.6055367048e-01   2.5958913624e-01   2.8311379597e-01   1.0140094430e+00  -5.2320068043e-01
   2.6251072899e-01   2.6151820472e-01   1.8507582101e-01   1.0153429388e+00  -4.3198583952e-01
   2.6454940182e-01   2.6350325326e-01   8.6907940743e-02   9.9797895345e-01  -3.3394448549e-01
   2.6673238471e-01   2.6559555038e-01  -1.0963906117e-02   9.5882528623e-01  -2.2865188834e-01
   2.6916222718e-01   2.6786921904e-01  -1.0905222271e-01   8.9173517023e-01  -1.1383597520e-01
   2.7205175754e-01   2.7045523533e-01  -2.0758551035e-01   7.8364207396e-01   1.4614459027e-02
   2.7542659499e-01   2.7364827974e-01  -2.9480220500e-01   6.2869418840e-01   1.4672867823e-01
   2.7889122059e-01   2.7720491024e-01  -3.5249895889e-01   4.5153097073e-01   2.5640093942e-01
   2.8234944938e-01   2.8057753094e-01  -3.7912809336e-01   2.7417839761e-01   3.3417575965e-01
   2.8629386712e-01   2.8412136782e-01  -3.7852938791e-01   9.5501969804e-02   3.8163322565e-01
   2.9276767405e-01   2.8846636642e-01  -3.3783754511e-01  -7.6428667451e-02   3.6867529216e-01
   3.0061497953e-01   2.9706898168e-01  -2.9841703982e-01  -4.9999987746e-02   2.6295757836e-01
   3.0637126398e-01   3.0416097737e-01  -3.1963465307e-01   1.2686477451e-01   1.6963788299e-01
   3.1056872481e-01   3.0858155059e-01  -3.7425058579e-01   3.0531707134e-01   1.2470135400e-01
   3.1463802338e-01   3.1255589902e-01  -4.5418082067e-01   4.8027219027e-01   1.1783503894e-01
   3.1872411652e-01   3.1672014775e-01  -5.5014995629e-01   6.2708063912e-01   1.5708402298e-01
   3.2287356189e-01   3.2072808529e-01  -6.4798039627e-01   7.2018875257e-01   2.4930901301e-01
   3.2687829824e-01   3.2501903849e-01  -7.2574019919e-01   7.4341574961e-01   3.8401824469e-01
   3.3033830393e-01   3.2873755799e-01  -7.6671826468e-01   7.0682324692e-01   5.2975811779e-01
   3.3344961879e-01   3.3193904987e-01  -7.7446448354e-01   6.3238108414e-01   6.7496501822e-01
   3.3648870306e-01   3.3496018770e-01  -7.5067733054e-01   5.2854996007e-01   8.2024064234e-01
   3.3967017916e-01   3.3801721842e-01  -6.9003430710e-01   3.9647666523e-01   9.6474939092e-01
   3.4270881407e-01   3.4132313990e-01  -5.9923283812e-01   2.5864010219e-01   1.0850184713e+00
   3.4523117408e-01   3.4409448823e-01  -5.0070496534e-01   1.4225145489e-01   1.1642885619e+00
   3.4737466320e-01   3.4636785992e-01  -4.0254677194e-01   4.6167694618e-02   1.2125511350e+00
   3.4931156545e-01   3.4838146648e-01  -3.0469777361e-01  -3.5876673578e-02   1.2386103405e+00
   3.5112509625e-01   3.5024166442e-01  -2.0651709157e-01  -1.0753190807e-01   1.2464406621e+00
   3.5286583623e-01   3.5200852807e-01  -1.0849086341e-01  -1.7034046619e-01   1.2377688038e+00
   3.5457029672e-01   3.5372314438e-01  -1.0472494517e-02  -2.2576275380e-01   1.2133233059e+00
   3.5626879955e-01   3.5541744907e-01   8.7371779697e-02  -2.7474177549e-01   1.1730576014e+00
   3.5799061964e-01   3.5712015003e-01   1.8529346181e-01  -3.1825454414e-01   1.1159602119e+00
   3.5976860714e-01   3.5886108925e-01   2.8323263042e-01  -3.5704860416e-01   1.0401371756e+00
   3.6164560677e-01   3.6067612502e-01   3.8131068059e-01  -3.9202163249e-01   9.4211350910e-01
   3.6366197227e-01   3.6261508852e-01   4.7819999049e-01  -4.2390089570e-01   8.1797430502e-01
   3.6568115675e-01   3.6470885602e-01   5.6505763046e-01  -4.5173037429e-01   6.7566889847e-01
   3.6754825006e-01   3.6665345748e-01   6.3433563944e-01  -4.7522386393e-01   5.3071279153e-01
   3.6928695524e-01   3.6844304263e-01   6.8875389021e-01  -4.9669875050e-01   3.8541972865e-01
   3.7094160435e-01   3.7013086785e-01   7.3064715140e-01  -5.1778870756e-01   2.4090034337e-01
   3.7254251576e-01   3.7175234086e-01   7.6226324353e-01  -5.4008889928e-01   9.5069079049e-02
   3.7411286219e-01   3.7333269067e-01   7.8419599518e-01  -5.6424696622e-01  -4.9610813460e-02
   3.7567245930e-01   3.7489303370e-01   7.9754006788e-01  -5.9134672064e-01  -1.9441892395e-01
   3.7723981263e-01   3.7645188489e-01   8.0275428771e-01  -6.2230722683e-01  -3.3950300500e-01
   3.7883443336e-01   3.7802774038e-01   8.0004179050e-01  -6.5810664108e-01  -4.8489449564e-01
   3.8047891362e-01   3.7964112633e-01   7.8949086834e-01  -6.9956841642e-01  -6.2960573984e-01
   3.8220252201e-01   3.8131670090e-01   7.7080200921e-01  -7.4839518342e-01  -7.7482107272e-01
   3.8404748900e-01   3.8308834311e-01   7.4344810585e-01  -8.0622164613e-01  -9.1968099527e-01
   3.8608416343e-01   3.8500663490e-01   7.0580844755e-01  -8.7663248314e-01  -1.0654462954e+00
   3.8845280006e-01   3.8716169196e-01   6.5527308054e-01  -9.6464001097e-01  -1.2108618836e+00
   3.9152402103e-01   3.8974390817e-01   5.8322844024e-01  -1.0851351705e+00  -1.3569335657e+00
   3.9540749083e-01   3.9330413390e-01   4.9118860117e-01  -1.2351535312e+00  -1.4662514987e+00
   3.9998842425e-01   3.9751084777e-01   3.9297176428e-01  -1.3855120759e+00  -1.4820906992e+00
   4.0461283637e-01   4.0246600073e-01   3.1291081391e-01  -1.4797873788e+00  -1.3830808353e+00
   4.0824270461e-01   4.0675967201e-01   2.6407622005e-01  -1.4953092893e+00  -1.2345625351e+00
   4.1098573482e-01   4.0972573721e-01   2.3355106913e-01  -1.4645899897e+00  -1.0888446853e+00
   4.1339891324e-01   4.1224573243e-01   2.0886860697e-01  -1.4054097324e+00  -9.4337301527e-01
   4.1565410983e-01   4.1455209406e-01   1.8578149928e-01  -1.3229203252e+00  -7.9849869064e-01
   4.1784309690e-01   4.1675612559e-01   1.6138679429e-01  -1.2177835706e+00  -6.5312079191e-01
   4.2003306119e-01   4.1893006820e-01   1.3344710218e-01  -1.0899332212e+00  -5.0818207138e-01
   4.2228473499e-01   4.2113605417e-01   9.9254369637e-02  -9.3675740107e-01  -3.6346497589e-01
   4.2453237295e-01   4.2343341581e-01   5.8083686778e-02  -7.6477555890e-01  -2.2721694285e-01
   4.2665741155e-01   4.2563133009e-01   1.1648750597e-02  -5.8815583940e-01  -1.0966605259e-01
   4.2866541872e-01   4.2768349302e-01  -3.9779818412e-02  -4.1133391442e-01  -1.0942835464e-02
   4.3060534923e-01   4.2964734442e-01  -9.6597036738e-02  -2.3483135733e-01   7.0855592061e-02
   4.3251356087e-01   4.3156335404e-01  -1.5945643545e-01  -5.8219587139e-02   1.3712652334e-01
   4.3442094964e-01   4.3346376770e-01  -2.2904299008e-01   1.1869658916e-01   1.8831952517e-01
   4.3635753672e-01   4.3537813158e-01  -3.0571372443e-01   2.9510331873e-01   2.2410251099e-01
   4.3835654627e-01   4.3733694186e-01  -3.9067956926e-01   4.7181177401e-01   2.4393423881e-01
   4.4043662500e-01   4.3937615068e-01  -4.8371649491e-01   6.4632679826e-01   2.4637634105e-01
   4.4253985249e-01   4.4149709932e-01  -5.8157857351e-01   8.1168008277e-01   2.3081917375e-01
   4.4462320710e-01   4.4358260566e-01  -6.7936522035e-01   9.6054755958e-01   1.9893924381e-01
   4.4672758775e-01   4.4566380855e-01  -7.7725818606e-01   1.0949663636e+00   1.5192912152e-01
   4.4891196447e-01   4.4779136694e-01  -8.7531431699e-01   1.2161633455e+00   8.9852868329e-02
   4.5126594965e-01   4.5003256200e-01  -9.7342060587e-01   1.3247140985e+00   1.1458066240e-02
   4.5397375997e-01   4.5249933730e-01  -1.0721138361e+00   1.4213444261e+00  -8.8174545741e-02
   4.5735951527e-01   4.5544818263e-01  -1.1657906217e+00   1.5010047084e+00  -2.1589309190e-01
   4.6162797951e-01   4.5927084791e-01  -1.2245082470e+00   1.5444985504e+00  -3.6178929263e-01
   4.6651114958e-01   4.6398511111e-01  -1.1953435937e+00   1.5326956745e+00  -4.7753987579e-01
   4.7039569429e-01   4.6903718805e-01  -1.0956616042e+00   1.4905439628e+00  -5.1421436049e-01
   4.7279185709e-01   4.7175420054e-01  -9.9650166152e-01   1.4533197112e+00  -5.0440766862e-01
   4.7471013751e-01   4.7382951364e-01  -8.9833181005e-01   1.4192923716e+00  -4.7811111001e-01
   4.7637515518e-01   4.7559076137e-01  -8.0024319153e-01   1.3871933311e+00  -4.4193159067e-01
   4.7787857922e-01   4.7715954898e-01  -7.0220800216e-01   1.3564332043e+00  -3.9878453168e-01
   4.7926958189e-01   4.7859760947e-01  -6.0433788411e-01   1.3266185329e+00  -3.5037948123e-01
   4.8057834895e-01   4.7994155431e-01  -5.0638906714e-01   1.2973368199e+00  -2.9763424553e-01
   4.8182509209e-01   4.8121514360e-01  -4.0818241144e-01   1.2682488379e+00  -2.4114176921e-01
   4.8302447802e-01   4.8243504059e-01  -3.1027012164e-01   1.2392603206e+00  -1.8174054878e-01
   4.8418778828e-01   4.8361391545e-01  -2.1293413022e-01   1.2102197969e+00  -1.2004437590e-01
   4.8532376560e-01   4.8476166111e-01  -1.1403910138e-01   1.1802521667e+00  -5.4957477748e-02
   4.8643981443e-01   4.8588587009e-01  -1.7163736607e-02   1.1502201753e+00   1.0899542978e-02
   4.8754242565e-01   4.8699375878e-01   8.1846778360e-02   1.1185951223e+00   8.0147921085e-02
   4.8863737676e-01   4.8809109251e-01   1.7915035069e-01   1.0863506484e+00   1.4994623202e-01
   4.8973025032e-01   4.8918366101e-01   2.7691520186e-01   1.0525305080e+00   2.2166330141e-01
   4.9082651997e-01   4.9027683962e-01   3.7548527157e-01   1.0166831846e+00   2.9546184271e-01
   4.9193180318e-01   4.9137620032e-01   4.7252049264e-01   9.7935188843e-01   3.6946054442e-01
   4.9305229898e-01   4.9248740604e-01   5.7143321838e-01   9.3881355369e-01   4.4616947158e-01
   4.9419488176e-01   4.9361719191e-01   6.6850059616e-01   8.9613472309e-01   5.2261201749e-01
   4.9536771504e-01   4.9477257160e-01   7.6691848000e-01   8.4936847455e-01   6.0120832816e-01
   4.9658103552e-01   4.9596285849e-01   8.6483923939e-01   7.9860769436e-01   6.8042129567e-01
   4.9784778996e-01   4.9719921256e-01   9.6245868604e-01   7.4288488413e-01   7.6031195710e-01
   4.9924818369e-01   4.9849636737e-01   1.0650335602e+00   6.7734726998e-01   8.4516497034e-01