# time = 3.3
# Grid points = 474
# Pressure (Pa) = 101325
#             1_pos             2_posf             3_uvel             4_vvel             5_wvel
  -4.9917840810e-01  -5.0000000000e-01   1.2792757451e+00   1.1007518636e+00   1.4422175312e+00
  -4.9750814511e-01  -4.9835681619e-01   1.3905114622e+00   9.4001506243e-01   1.5746255934e+00
  -4.9566236670e-01  -4.9665947403e-01   1.4978500388e+00   7.5116800733e-01   1.7030400580e+00
  -4.9337913820e-01  -4.9466525936e-01   1.6052230975e+00   5.0358648947e-01   1.8314702326e+00
  -4.9070684198e-01  -4.9209301703e-01   1.6934588338e+00   1.9842833361e-01   1.9355539921e+00
  -4.8796632188e-01  -4.8932066692e-01   1.7398543571e+00  -1.2590760704e-01   1.9866795353e+00
  -4.8525041762e-01  -4.8661197685e-01   1.7405727149e+00  -4.5017214623e-01   1.9796767867e+00
  -4.8247325112e-01  -4.8388885839e-01   1.6956856543e+00  -7.7458120049e-01   1.9144680944e+00
  -4.7971240761e-01  -4.8105764385e-01   1.6082212970e+00  -1.0792466502e+00   1.7958930688e+00
  -4.7731406729e-01  -4.7836717138e-01   1.5010936774e+00  -1.3202619118e+00   1.6549142722e+00
  -4.7535629892e-01  -4.7626096320e-01   1.3935008815e+00  -1.4960152148e+00   1.5162551310e+00
  -4.7363463088e-01  -4.7445163464e-01   1.2864792535e+00  -1.6307196580e+00   1.3807527384e+00
  -4.7205820286e-01  -4.7281762713e-01   1.1795931343e+00  -1.7361722328e+00   1.2476984155e+00
  -4.7057922324e-01  -4.7129877858e-01   1.0724409054e+00  -1.8183958839e+00   1.1166015848e+00
  -4.6916801250e-01  -4.6985966791e-01   9.6594154539e-01  -1.8801849630e+00   9.8864307640e-01
  -4.6780432622e-01  -4.6847635709e-01   8.5845015292e-01  -1.9245029360e+00   8.6198197034e-01
  -4.6647318109e-01  -4.6713229535e-01   7.5196655195e-01  -1.9518729836e+00   7.3913393595e-01
  -4.6516256736e-01  -4.6581406684e-01   6.4525321412e-01  -1.9636993404e+00   6.1882820942e-01
  -4.6386252316e-01  -4.6451106789e-01   5.3791250637e-01  -1.9602687963e+00   5.0089844266e-01
  -4.6256404824e-01  -4.6321397844e-01   4.3098648369e-01  -1.9417589498e+00   3.8678446450e-01
  -4.6125861670e-01  -4.6191411803e-01   3.2427297324e-01  -1.9082644009e+00   2.7656575003e-01
  -4.5993776484e-01  -4.6060311536e-01   2.1772750048e-01  -1.8596121184e+00   1.7056337838e-01
  -4.5859242112e-01  -4.5927241432e-01   1.1027971604e-01  -1.7946073745e+00   6.8248429064e-02
  -4.5721266704e-01  -4.5791242792e-01   3.9657145328e-03  -1.7138293267e+00  -2.7889851692e-02
  -4.5578682495e-01  -4.5651290616e-01  -1.0343628232e-01  -1.6145595477e+00  -1.1914506028e-01
  -4.5430067193e-01  -4.5506074373e-01  -2.1004010407e-01  -1.4970816534e+00  -2.0299969371e-01
  -4.5273610223e-01  -4.5354060013e-01  -3.1708364959e-01  -1.3583047468e+00  -2.7933264507e-01
  -4.5106864371e-01  -4.5193160433e-01  -4.2385054701e-01  -1.1966031685e+00  -3.4612244253e-01
  -4.4926329074e-01  -4.5020568309e-01  -5.3089429650e-01  -1.0076160547e+00  -4.0166511999e-01
  -4.4726609887e-01  -4.4832089838e-01  -6.3776092277e-01  -7.8693035634e-01  -4.4275794407e-01
  -4.4498442178e-01  -4.4621129935e-01  -7.4484268294e-01  -5.2544210886e-01  -4.6493722425e-01
  -4.4235257510e-01  -4.4375754422e-01  -8.4814860385e-01  -2.2096399734e-01  -4.6083036794e-01
  -4.3946564586e-01  -4.4094760599e-01  -9.3657943315e-01   1.0289425593e-01  -4.2598655954e-01
  -4.3633688466e-01  -4.3798368573e-01  -1.0040028544e+00   4.2806178903e-01  -3.6163721403e-01
  -4.3268516130e-01  -4.3469008358e-01  -1.0470108783e+00   7.5397508043e-01  -2.6810962155e-01
  -4.2755929390e-01  -4.3068023901e-01  -1.0470929075e+00   1.0854701226e+00  -1.4150344771e-01
  -4.2166997226e-01  -4.2443834879e-01  -9.7411455913e-01   1.2837009949e+00  -5.3132685201e-02
  -4.1704632770e-01  -4.1890159573e-01  -8.6516721679e-01   1.3087370853e+00  -5.3237841952e-02
  -4.1367958978e-01  -4.1519105967e-01  -7.5792837554e-01   1.2652942834e+00  -9.7352748092e-02
  -4.1084966285e-01  -4.1216811989e-01  -6.5105752299e-01   1.1982458685e+00  -1.5963410218e-01
  -4.0833775233e-01  -4.0953120581e-01  -5.4406149933e-01   1.1206612895e+00  -2.3030983507e-01
  -4.0603685963e-01  -4.0714429884e-01  -4.3733110181e-01   1.0384333026e+00  -3.0364898659e-01
  -4.0388289794e-01  -4.0492942043e-01  -3.3045543362e-01   9.5377191664e-01  -3.7652684434e-01
  -4.0183252169e-01  -4.0283637546e-01  -2.2365289393e-01   8.6785406014e-01  -4.4649921567e-01
  -3.9985311918e-01  -4.0082866791e-01  -1.1678262877e-01   7.8072227592e-01  -5.1199988669e-01
  -3.9791788163e-01  -3.9887757044e-01  -1.0076922745e-02   6.9216536849e-01  -5.7161448272e-01
  -3.9600259296e-01  -3.9695819283e-01   9.6878832877e-02   6.0099006278e-01  -6.2448138243e-01
  -3.9408304632e-01  -3.9504699309e-01   2.0380715837e-01   5.0613151824e-01  -6.6941238819e-01
  -3.9213230721e-01  -3.9311909955e-01   3.1058463255e-01   4.0588357121e-01  -7.0530772106e-01
  -3.9011678658e-01  -3.9114551487e-01   4.1747620003e-01   2.9737214078e-01  -7.3096470324e-01
  -3.8798888510e-01  -3.8908805828e-01   5.2445259595e-01   1.7658569316e-01  -7.4454718846e-01
  -3.8567048920e-01  -3.8688971191e-01   6.3146326282e-01   3.6805757143e-02  -7.4318043112e-01
  -3.8300187036e-01  -3.8445126649e-01   7.3894756524e-01  -1.3635684318e-01  -7.2119608161e-01
  -3.7960165421e-01  -3.8155247422e-01   8.4497717999e-01  -3.7740856864e-01  -6.6442971291e-01
  -3.7567331486e-01  -3.7765083420e-01   9.1797018024e-01  -6.8331012182e-01  -5.6811226502e-01
  -3.7184186692e-01  -3.7369579552e-01   9.3095735096e-01  -1.0066753264e+00  -4.5352862766e-01
  -3.6818376169e-01  -3.6998793832e-01   8.8657051723e-01  -1.3306102782e+00  -3.3733848806e-01
  -3.6476920525e-01  -3.6637958505e-01   7.9718537701e-01  -1.6349271861e+00  -2.3325048831e-01
  -3.6190222515e-01  -3.6315882545e-01   6.8961740941e-01  -1.8833071266e+00  -1.5469782660e-01
  -3.5955743529e-01  -3.6064562486e-01   5.8244561164e-01  -2.0749179595e+00  -9.9358201528e-02
  -3.5747581335e-01  -3.5846924571e-01   4.7532882119e-01  -2.2325015814e+00  -5.7940305638e-02
  -3.5554555589e-01  -3.5648238098e-01   3.6814861259e-01  -2.3649197571e+00  -2.6468372653e-02
  -3.5370428246e-01  -3.5460873079e-01   2.6147470799e-01  -2.4758341906e+00  -2.8390073167e-03
  -3.5191009141e-01  -3.5279983412e-01   1.5456038937e-01  -2.5681253066e+00   1.4562946129e-02
  -3.5013002733e-01  -3.5102034870e-01   4.7598515073e-02  -2.6421796465e+00   2.6682467314e-02
  -3.4833352158e-01  -3.4923970596e-01  -5.9521197328e-02  -2.6975691011e+00   3.4311745537e-02
  -3.4648782394e-01  -3.4742733720e-01  -1.6623094440e-01  -2.7325169307e+00   3.8129215310e-02
  -3.4455195495e-01  -3.4554831069e-01  -2.7325154723e-01  -2.7441789177e+00   3.8878048910e-02
  -3.4246600922e-01  -3.4355559922e-01  -3.8032072425e-01  -2.7266949341e+00   3.7419406105e-02
  -3.4012589732e-01  -3.4137641922e-01  -4.8747096070e-01  -2.6690569433e+00   3.5144934192e-02
  -3.3729386531e-01  -3.3887537541e-01  -5.9522345403e-01  -2.5450294830e+00   3.5099810245e-02
  -3.3373119516e-01  -3.3571235521e-01  -6.9209816963e-01  -2.3076902341e+00   4.5599817294e-02
  -3.3013995431e-01  -3.3175003512e-01  -7.4467722685e-01  -1.9871232106e+00   7.3973169013e-02
  -3.2713093899e-01  -3.2852987349e-01  -7.5198580124e-01  -1.6621176704e+00   1.1561766119e-01
  -3.2444947423e-01  -3.2573200448e-01  -7.3169158461e-01  -1.3371877898e+00   1.6744158550e-01
  -3.2194996463e-01  -3.2316694398e-01  -6.9212662898e-01  -1.0132404096e+00   2.2729826272e-01
  -3.1954784063e-01  -3.2073298528e-01  -6.3728978921e-01  -6.8824327964e-01   2.9392924269e-01
  -3.1718162262e-01  -3.1836269597e-01  -5.6993803416e-01  -3.6463785742e-01   3.6523728715e-01
  -3.1479564044e-01  -3.1600054927e-01  -4.9050993845e-01  -3.9364985006e-02   4.4012061454e-01
  -3.1232750552e-01  -3.1359073161e-01  -3.9968196748e-01   2.8470778371e-01   5.1565001349e-01
  -3.0974859368e-01  -3.1106427944e-01  -2.9795046286e-01   6.0272171417e-01   5.8741353567e-01
  -3.0714129829e-01  -3.0843290792e-01  -1.9128090030e-01   8.9288369968e-01   6.4620173631e-01
  -3.0455287342e-01  -3.0584968867e-01  -8.4604478704e-02   1.1402715231e+00   6.8441639811e-01
  -3.0192288339e-01  -3.0325605817e-01   2.2388416573e-02   1.3428130956e+00   6.9667514689e-01
  -2.9918504232e-01  -3.0058970861e-01   1.2902593212e-01   1.4926244651e+00   6.7534133314e-01
  -2.9625455536e-01  -2.9778037603e-01   2.3587985151e-01   1.5787247500e+00   6.0929346241e-01
  -2.9299442333e-01  -2.9472873469e-01   3.4279473892e-01   1.5796799879e+00   4.8069191623e-01
  -2.8955416173e-01  -2.9126011198e-01   4.3944669320e-01   1.4753343090e+00   2.8504426901e-01
  -2.8641489689e-01  -2.8784821147e-01   5.1069580580e-01   1.2931548354e+00   6.0430783931e-02
  -2.8367227528e-01  -2.8498158232e-01   5.5799516021e-01   1.0736454244e+00  -1.6417614597e-01
  -2.8109973593e-01  -2.8236296824e-01   5.8820535597e-01   8.2834441083e-01  -3.8806127254e-01
  -2.7855854486e-01  -2.7983650363e-01   6.0358223931e-01   5.5948258608e-01  -6.1207263610e-01
  -2.7591378759e-01  -2.7728058609e-01   6.0306755925e-01   2.6467179192e-01  -8.3661938527e-01
  -2.7306953365e-01  -2.7454698909e-01   5.8244128203e-01  -5.2268818157e-02  -1.0535907735e+00
  -2.6996238336e-01  -2.7159207822e-01   5.3476363929e-01  -3.7769224996e-01  -1.2441865377e+00
  -2.6657645717e-01  -2.6833268850e-01   4.5185915344e-01  -6.8334690371e-01  -1.3771817407e+00
  -2.6342123777e-01  -2.6482022584e-01   3.4614080112e-01  -9.0406576659e-01  -1.4182216673e+00
  -2.6083514468e-01  -2.6202224969e-01   2.3881420675e-01  -1.0274431345e+00  -1.3835792238e+00
  -2.5858769354e-01  -2.5964803967e-01   1.3200973498e-01  -1.0882185318e+00  -1.3022977753e+00
  -2.5655037453e-01  -2.5752734742e-01   2.4865562959e-02  -1.1053398831e+00  -1.1877767114e+00
  -2.5465278369e-01  -2.5557340165e-01  -8.1808888228e-02  -1.0890532699e+00  -1.0487840183e+00
  -2.5284972121e-01  -2.5373216573e-01  -1.8889401652e-01  -1.0457821852e+00  -8.8918055509e-01
  -2.5110888879e-01  -2.5196727669e-01  -2.9560513304e-01  -9.8014346877e-01  -7.1344254309e-01
  -2.4940443518e-01  -2.5025050088e-01  -4.0282702415e-01  -8.9451126589e-01  -5.2239230086e-01
  -2.4771352258e-01  -2.4855836948e-01  -5.0959515797e-01  -7.9160497385e-01  -3.1932052963e-01
  -2.4601470591e-01  -2.4686867567e-01  -6.1631817668e-01  -6.7235620622e-01  -1.0458485593e-01
  -2.4431234304e-01  -2.4516073614e-01  -7.2122146379e-01  -5.3959324549e-01   1.1743148482e-01
  -2.4261819605e-01  -2.4346394993e-01  -8.2221452672e-01  -3.9675568935e-01   3.4150285653e-01
  -2.4091346566e-01  -2.4177244216e-01  -9.1871288155e-01  -2.4512808490e-01   5.6573889910e-01
  -2.3916427906e-01  -2.4005448915e-01  -1.0103801370e+00  -8.4850853197e-02   7.8930482519e-01
  -2.3732807788e-01  -2.3827406896e-01  -1.0974745138e+00   8.6652503403e-02   1.0138563655e+00
  -2.3534180132e-01  -2.3638208681e-01  -1.1782710899e+00   2.7089462224e-01   1.2376471390e+00
  -2.3309001431e-01  -2.3430151584e-01  -1.2510656283e+00   4.7559797864e-01   1.4626471119e+00
  -2.3027701721e-01  -2.3187851277e-01  -1.3091696206e+00   7.1771350541e-01   1.6892637655e+00
  -2.2645548597e-01  -2.2867552165e-01  -1.3235533863e+00   1.0141712119e+00   1.8865266438e+00
  -2.2235484195e-01  -2.2423545029e-01  -1.2555782188e+00   1.2864865319e+00   1.9546926950e+00
  -2.1926377134e-01  -2.2047423360e-01  -1.1458237438e+00   1.4589611312e+00   1.9076797860e+00
  -2.1707588367e-01  -2.1805330907e-01  -1.0381458322e+00   1.5644029723e+00   1.8262110787e+00
  -2.1524632204e-01  -2.1609845826e-01  -9.3099519099e-01   1.6430644054e+00   1.7320627351e+00
  -2.1362140285e-01  -2.1439418582e-01  -8.2395677671e-01   1.7063626313e+00   1.6315105773e+00
  -2.1213035299e-01  -2.1284861988e-01  -7.1698134968e-01   1.7594039021e+00   1.5276119503e+00
  -2.1073297734e-01  -2.1141208611e-01  -6.1012350205e-01   1.8049952234e+00   1.4222099485e+00
  -2.0940352536e-01  -2.1005386857e-01  -5.0339643966e-01   1.8448671028e+00   1.3164773889e+00
  -2.0812417356e-01  -2.0875318216e-01  -3.9615836570e-01   1.8803473898e+00   1.2106059389e+00
  -2.0688161592e-01  -2.0749516496e-01  -2.8915804571e-01   1.9119192467e+00   1.1059741221e+00
  -2.0566526556e-01  -2.0626806687e-01  -1.8208568591e-01   1.9401966035e+00   1.0027972895e+00
  -2.0446637627e-01  -2.0506246426e-01  -7.5317506112e-02   1.9654289274e+00   9.0187734130e-01
  -2.0327734466e-01  -2.0387028829e-01   3.1298884754e-02   1.9878795734e+00   8.0345462421e-01
  -2.0209126970e-01  -2.0268440103e-01   1.3788471450e-01   2.0076784196e+00   7.0778975927e-01
  -2.0090147165e-01  -2.0149813836e-01   2.4560507194e-01   2.0249856556e+00   6.1428792175e-01
  -1.9970122365e-01  -2.0030480494e-01   3.5226755122e-01   2.0393529860e+00   5.2526158799e-01
  -1.9848348986e-01  -1.9909764236e-01   4.5903396929e-01   2.0507991265e+00   4.4010815315e-01
  -1.9724048137e-01  -1.9786933735e-01   5.6589978055e-01   2.0590143033e+00   3.5932688781e-01
  -1.9596323099e-01  -1.9661162539e-01   6.7269439312e-01   2.0635517274e+00   2.8360228954e-01
  -1.9464093815e-01  -1.9531483659e-01   7.7956338164e-01   2.0638083559e+00   2.1349132701e-01
  -1.9325989426e-01  -1.9396703971e-01   8.8670624750e-01   2.0589045583e+00   1.4970891163e-01
  -1.9180212350e-01  -1.9255274881e-01   9.9353819893e-01   2.0476513941e+00   9.3642682084e-02
  -1.9024256431e-01  -1.9105149818e-01   1.1005281725e+00   2.0282422073e+00   4.6406424776e-02
  -1.8854366466e-01  -1.8943363044e-01   1.2075214535e+00   1.9979461419e+00   1.0051114270e-02
  -1.8664397079e-01  -1.8765369889e-01   1.3145610956e+00   1.9521786131e+00  -1.2418959209e-02
  -1.8442730585e-01  -1.8563424269e-01   1.4217562859e+00   1.8822224856e+00  -1.5754599901e-02
  -1.8160313917e-01  -1.8322036901e-01   1.5298853240e+00   1.7660593783e+00   1.2019811537e-02
  -1.7756259117e-01  -1.7998590933e-01   1.6284693027e+00   1.5470854481e+00   1.0073161077e-01
  -1.7303185648e-01  -1.7513927301e-01   1.6685940365e+00   1.2358788155e+00   2.3948078549e-01
  -1.6908706558e-01  -1.7092443995e-01   1.6455943377e+00   9.1201201405e-01   3.7046824805e-01
  -1.6556874658e-01  -1.6724969121e-01   1.5844632118e+00   5.8788016314e-01   4.7686744435e-01
  -1.6230329771e-01  -1.6388780195e-01   1.4976607134e+00   2.6457235537e-01   5.5491182409e-01
  -1.5930533986e-01  -1.6071879347e-01   1.3950041269e+00  -4.7421061522e-02   6.0284264070e-01
  -1.5665937975e-01  -1.5789188625e-01   1.2880668750e+00  -3.3011251477e-01   6.2284927997e-01
  -1.5431114807e-01  -1.5542687324e-01   1.1811758159e+00  -5.8440815329e-01   6.2179734709e-01
  -1.5216225868e-01  -1.5319542290e-01   1.0742379534e+00  -8.1757056468e-01   6.0496936266e-01
  -1.5015713276e-01  -1.5112909446e-01   9.6751413269e-01  -1.0328625221e+00   5.7577187266e-01
  -1.4825992434e-01  -1.4918517106e-01   8.6060094438e-01  -1.2333147266e+00   5.3638098789e-01
  -1.4644521115e-01  -1.4733467761e-01   7.5385370185e-01  -1.4195557830e+00   4.8853788400e-01
  -1.4469345284e-01  -1.4555574469e-01   6.4691456962e-01  -1.5929331283e+00   4.3324581239e-01
  -1.4298867368e-01  -1.4383116098e-01   5.4010123935e-01  -1.7532074097e+00   3.7147743387e-01
  -1.4131690759e-01  -1.4214618637e-01   4.3352590077e-01  -1.9002316135e+00   3.0387645445e-01
  -1.3966534044e-01  -1.4048762881e-01   3.2621228272e-01  -2.0348120668e+00   2.3005959963e-01
  -1.3802137227e-01  -1.3884305207e-01   2.1968281856e-01  -2.1542652390e+00   1.5113505551e-01
  -1.3637181817e-01  -1.3719969246e-01   1.1275552922e-01  -2.2588109809e+00   6.6086550326e-02
  -1.3470202479e-01  -1.3554394387e-01   5.7527030318e-03  -2.3462051626e+00  -2.5350816532e-02
  -1.3299460342e-01  -1.3386010571e-01  -1.0100618651e-01  -2.4136999876e+00  -1.2369884828e-01
  -1.3122742364e-01  -1.3212910114e-01  -2.0785511730e-01  -2.4578711483e+00  -2.3055716113e-01
  -1.2936992205e-01  -1.3032574614e-01  -3.1482805701e-01  -2.4730892435e+00  -3.4808118911e-01
  -1.2737607576e-01  -1.2841409796e-01  -4.2179311679e-01  -2.4504877969e+00  -4.7956483774e-01
  -1.2516795232e-01  -1.2633805357e-01  -5.2875060892e-01  -2.3748186692e+00  -6.3105638254e-01
  -1.2259649311e-01  -1.2399785107e-01  -6.3595429559e-01  -2.2145280660e+00  -8.1550942736e-01
  -1.1978118372e-01  -1.2119513514e-01  -7.2893572400e-01  -1.9495827769e+00  -1.0252099363e+00
  -1.1722127913e-01  -1.1836723231e-01  -7.9009720503e-01  -1.6277929294e+00  -1.2223650245e+00
  -1.1509287231e-01  -1.1607532595e-01  -8.2318517389e-01  -1.3020897616e+00  -1.3905035234e+00
  -1.1322832905e-01  -1.1411041867e-01  -8.3912888911e-01  -9.7719340916e-01  -1.5399451337e+00
  -1.1153107570e-01  -1.1234623943e-01  -8.4361391613e-01  -6.5280550310e-01  -1.6770476156e+00
  -1.0994725144e-01  -1.1071591197e-01  -8.3978082207e-01  -3.2727995544e-01  -1.8058504836e+00
  -1.0844209005e-01  -1.0917859092e-01  -8.2967846550e-01  -3.2763513169e-03  -1.9273965339e+00
  -1.0699069130e-01  -1.0770558918e-01  -8.1465959803e-01   3.2134385505e-01  -2.0438968694e+00
  -1.0557379342e-01  -1.0627579343e-01  -7.9567738923e-01   6.4702496615e-01  -2.1564006801e+00
  -1.0417484262e-01  -1.0487179340e-01  -7.7378372305e-01   9.6993352465e-01  -2.2642784934e+00
  -1.0277836491e-01  -1.0347789183e-01  -7.4920946953e-01   1.2961350648e+00  -2.3699881199e+00
  -1.0136848770e-01  -1.0207883800e-01  -7.2291216020e-01   1.6201560477e+00  -2.4719991927e+00
  -9.9927160114e-02  -1.0065813741e-01  -6.9523737675e-01   1.9444600794e+00  -2.5712266098e+00
  -9.8431492431e-02  -9.9196182820e-02  -6.6664414153e-01   2.2697666162e+00  -2.6677763716e+00
  -9.6849353975e-02  -9.7666802042e-02  -6.3791449525e-01   2.5940495449e+00  -2.7606864406e+00
  -9.5128935434e-02  -9.6031905908e-02  -6.0964488747e-01   2.9196596705e+00  -2.8497734166e+00
  -9.3169554815e-02  -9.4225964960e-02  -5.8320361558e-01   3.2462619943e+00  -2.9329223786e+00
  -9.0693116826e-02  -9.2113144671e-02  -5.6165555230e-01   3.5755428244e+00  -3.0046725910e+00
  -8.6064311804e-02  -8.9273088982e-02  -5.6881179808e-01   3.8751412011e+00  -3.0120332695e+00
  -8.1038906322e-02  -8.2855534627e-02  -6.4169717176e-01   3.7559121339e+00  -2.8371894920e+00
  -7.8108252031e-02  -7.9222278017e-02  -7.1920382540e-01   3.4281941602e+00  -2.6238921138e+00
  -7.6119770026e-02  -7.6994226045e-02  -7.8423194215e-01   3.1004170981e+00  -2.4310317428e+00
  -7.4493656872e-02  -7.5245314008e-02  -8.4323002498e-01   2.7745729052e+00  -2.2456789441e+00
  -7.3066926550e-02  -7.3741999736e-02  -8.9847357432e-01   2.4482494608e+00  -2.0628289606e+00
  -7.1768786630e-02  -7.2391853364e-02  -9.5027474286e-01   2.1245315570e+00  -1.8826087189e+00
  -7.0560251636e-02  -7.1145719897e-02  -9.9951237794e-01   1.8008481966e+00  -1.7027024587e+00
  -6.9417550346e-02  -6.9974783374e-02  -1.0469103141e+00   1.4737274623e+00  -1.5206166294e+00
  -6.8324055410e-02  -6.8860317318e-02  -1.0914417749e+00   1.1513680539e+00  -1.3405146720e+00
  -6.7267461975e-02  -6.7787793503e-02  -1.1341884134e+00   8.2677147659e-01  -1.1581818884e+00
  -6.6238617133e-02  -6.6747130448e-02  -1.1750681716e+00   5.0044182010e-01  -9.7360578443e-01
  -6.5229849759e-02  -6.5730103818e-02  -1.2135784096e+00   1.7641789540e-01  -7.8882613990e-01
  -6.4234582529e-02  -6.4729595701e-02  -1.2500092709e+00  -1.4780982377e-01  -6.0219144856e-01
  -6.3247023061e-02  -6.3739569357e-02  -1.2843195631e+00  -4.7254132061e-01  -4.1327516125e-01
  -6.2261713444e-02  -6.2754476766e-02  -1.3164103704e+00  -7.9792685652e-01  -2.2170763382e-01
  -6.1273271772e-02  -6.1768950123e-02  -1.3459854181e+00  -1.1222745290e+00  -2.8191996899e-02
  -6.0276158330e-02  -6.0777593420e-02  -1.3729688602e+00  -1.4465033401e+00   1.6814469133e-01
  -5.9264388663e-02  -5.9774723239e-02  -1.3971276061e+00  -1.7705024998e+00   3.6763588564e-01
  -5.8231038661e-02  -5.8754054088e-02  -1.4183205075e+00  -2.0969989133e+00   5.7251616105e-01
  -5.7167898835e-02  -5.7708023234e-02  -1.4358461944e+00  -2.4214742748e+00   7.8060105748e-01
  -5.6065022706e-02  -5.6627774435e-02  -1.4492435754e+00  -2.7432814593e+00   9.9216739188e-01
  -5.4910797379e-02  -5.5502270977e-02  -1.4580350562e+00  -3.0707502707e+00   1.2139329729e+00
  -5.3708034454e-02  -5.4319323781e-02  -1.4608605042e+00  -3.3878036691e+00   1.4364266309e+00
  -5.2463138266e-02  -5.3096745126e-02  -1.4568948289e+00  -3.6931431883e+00   1.6600289963e+00
  -5.1166546254e-02  -5.1829531406e-02  -1.4450875279e+00  -3.9822992424e+00   1.8831938256e+00
  -4.9801008403e-02  -5.0503561102e-02  -1.4236823421e+00  -4.2554422032e+00   2.1087216959e+00
  -4.8342526768e-02  -4.9098455703e-02  -1.3910329741e+00  -4.5023422011e+00   2.3318715743e+00
  -4.6754581213e-02  -4.7586597833e-02  -1.3435803141e+00  -4.7201705684e+00   2.5559791166e+00
  -4.4974374735e-02  -4.5922564593e-02  -1.2759865593e+00  -4.8964521061e+00   2.7801408335e+00
  -4.2998052848e-02  -4.4026184878e-02  -1.1835186960e+00  -5.0064161664e+00   2.9937980287e+00
  -4.1070655474e-02  -4.1969920818e-02  -1.0769984552e+00  -5.0266122028e+00   3.1643270666e+00
  -3.9362305491e-02  -4.0171390129e-02  -9.7011385725e-01  -4.9722222610e+00   3.2821424974e+00
  -3.7805683954e-02  -3.8553220854e-02  -8.6304841162e-01  -4.8651127039e+00   3.3621848267e+00
  -3.6354604293e-02  -3.7058147054e-02  -7.5601193018e-01  -4.7180822704e+00   3.4129188357e+00
  -3.4979688191e-02  -3.5651061533e-02  -6.4929831842e-01  -4.5398133632e+00   3.4397681421e+00
  -3.3660687901e-02  -3.4308314849e-02  -5.4252589649e-01  -4.3352309184e+00   3.4464438465e+00
  -3.2382721616e-02  -3.3013060953e-02  -4.3544205940e-01  -4.1076043419e+00   3.4352454693e+00
  -3.1134000315e-02  -3.1752382279e-02  -3.2834415416e-01  -3.8603473572e+00   3.4077511844e+00
  -2.9904597774e-02  -3.0515618351e-02  -2.2135602859e-01  -3.5959969811e+00   3.3651230261e+00
  -2.8685747466e-02  -2.9293577198e-02  -1.1448346107e-01  -3.3163421395e+00   3.3080927520e+00
  -2.7469270579e-02  -2.8077917734e-02  -7.6660850900e-03  -3.0225849373e+00   3.2369694609e+00
  -2.6247064189e-02  -2.6860623423e-02   9.9172690712e-02  -2.7155226621e+00   3.1516592127e+00
  -2.5014821667e-02  -2.5633504956e-02   2.0570339940e-01  -2.3968884167e+00   3.0520758964e+00
  -2.3783464998e-02  -2.4396138378e-02   3.1016692783e-01  -2.0728444240e+00   2.9395845292e+00
  -2.2559798503e-02  -2.3170791618e-02   4.1130455841e-01  -1.7483836872e+00   2.8154799509e+00
  -2.1333573805e-02  -2.1948805389e-02   5.0935641938e-01  -1.4237248204e+00   2.6792776609e+00
  -2.0092652379e-02  -2.0718342222e-02   6.0456879400e-01  -1.0986946128e+00   2.5298843974e+00
  -1.8823713972e-02  -1.9466962537e-02   6.9697096003e-01  -7.7351767944e-01   2.3658385278e+00
  -1.7510956879e-02  -1.8180465406e-02   7.8630499485e-01  -4.4915048368e-01   2.1854365969e+00
  -1.6134263046e-02  -1.6841448352e-02   8.7269546812e-01  -1.2475216026e-01   1.9849478937e+00
  -1.4716027676e-02  -1.5427077741e-02   9.5306996106e-01   1.8849091319e-01   1.7677417639e+00
  -1.3323109993e-02  -1.4004977611e-02   1.0235384643e+00   4.7502122168e-01   1.5424299040e+00
  -1.1982185388e-02  -1.2641242376e-02   1.0815607844e+00   7.2274786055e-01   1.3196399869e+00
  -1.0682244316e-02  -1.1323128401e-02   1.1291905545e+00   9.3828612958e-01   1.0959850562e+00
  -9.4147914636e-03  -1.0041360232e-02   1.1669990254e+00   1.1226879759e+00   8.7194316181e-01
  -8.1726570787e-03  -8.7882226952e-03   1.1955192748e+00   1.2770517575e+00   6.4790507539e-01
  -6.9495966886e-03  -7.5570914623e-03   1.2152548643e+00   1.4025472345e+00   4.2406902144e-01
  -5.7399918747e-03  -6.3421019150e-03   1.2266520065e+00   1.5002862145e+00   2.0048147436e-01
  -4.5386011756e-03  -5.1378818345e-03   1.2300802259e+00   1.5712243195e+00  -2.2924037140e-02
  -3.3403364641e-03  -3.9393205168e-03   1.2258203803e+00   1.6160904005e+00  -2.4628842742e-01
  -2.1400090595e-03  -2.7413524114e-03   1.2139290741e+00   1.6352926509e+00  -4.7128438111e-01
  -9.3212634877e-04  -1.5386657077e-03   1.1946713929e+00   1.6287548220e+00  -6.9499089572e-01
   2.8931424925e-04  -3.2558698988e-04   1.1681142247e+00   1.5968204188e+00  -9.1852986243e-01
   1.5311812089e-03   9.0421548837e-04   1.1342068606e+00   1.5392215934e+00  -1.1422068107e+00
   2.8016617177e-03   2.1581469294e-03   1.0928697385e+00   1.4554516930e+00  -1.3657904569e+00
   4.1109605850e-03   3.4451765061e-03   1.0437997044e+00   1.3443704831e+00  -1.5895920018e+00
   5.4725294366e-03   4.7767446639e-03   9.8638675606e-01   1.2038332806e+00  -1.8142168077e+00
   6.9046774823e-03   6.1683142094e-03   9.2045696109e-01   1.0325372930e+00  -2.0377692827e+00
   8.4340799804e-03   7.6410407552e-03   8.4473517740e-01   8.2608116136e-01  -2.2612394023e+00
   1.0104145255e-02   9.2271192055e-03   7.5686556135e-01   5.7627458959e-01  -2.4858355751e+00
   1.1941516552e-02   1.0981171305e-02   6.5647759852e-01   2.7987361963e-01  -2.7050361096e+00
   1.3844002375e-02   1.2901861799e-02   5.5131447875e-01  -4.1357472504e-02  -2.8975168245e+00
   1.5719327137e-02   1.4786142951e-02   4.4798020736e-01  -3.6680436582e-01  -3.0511148912e+00
   1.7600566921e-02   1.6652511322e-02   3.4783736037e-01  -6.9101584121e-01  -3.1652055991e+00
   1.9538400328e-02   1.8548622520e-02   2.5000408354e-01  -1.0159546219e+00  -3.2396563642e+00
   2.1598120379e-02   2.0528178135e-02   1.5435068485e-01  -1.3414585737e+00  -3.2690179651e+00
   2.3888292623e-02   2.2668062623e-02   6.0817598442e-02  -1.6669556872e+00  -3.2408138271e+00
   2.6618799763e-02   2.5108522624e-02  -3.0588397635e-02  -1.9903675705e+00  -3.1248933250e+00
   2.9401618874e-02   2.8129076902e-02  -1.0021538445e-01  -2.2354537581e+00  -2.9231437788e+00
   3.1692531966e-02   3.0674160846e-02  -1.3866170306e-01  -2.3620964309e+00  -2.6975115927e+00
   3.3600221992e-02   3.2710903086e-02  -1.5778263978e-01  -2.4109571636e+00  -2.4730398804e+00
   3.5300111210e-02   3.4489540898e-02  -1.6544997862e-01  -2.4094361235e+00  -2.2481178016e+00
   3.6869555690e-02   3.6110681521e-02  -1.6515945990e-01  -2.3698972363e+00  -2.0246541004e+00
   3.8351830203e-02   3.7628429858e-02  -1.5892443416e-01  -2.2988723749e+00  -1.8008700360e+00
   3.9774323875e-02   3.9075230547e-02  -1.4796531006e-01  -2.2003234861e+00  -1.5772749113e+00
   4.1156420734e-02   4.0473417203e-02  -1.3299793830e-01  -2.0757576932e+00  -1.3525052893e+00
   4.2513044807e-02   4.1839424264e-02  -1.1480302962e-01  -1.9282318717e+00  -1.1293367438e+00
   4.3856500443e-02   4.3186665349e-02  -9.3661208563e-02  -1.7573411215e+00  -9.0573048397e-01
   4.5197538296e-02   4.4526335537e-02  -6.9771881668e-02  -1.5624205795e+00  -6.8094647317e-01
   4.6546249027e-02   4.5868741055e-02  -4.3732589687e-02  -1.3463252356e+00  -4.5833485922e-01
   4.7912792377e-02   4.7223756999e-02  -1.5169874513e-02  -1.1039982620e+00  -2.3339653292e-01
   4.9307828469e-02   4.8601827754e-02   1.5224895560e-02  -8.3942879134e-01  -1.0800513361e-02
   5.0743392454e-02   5.0013829184e-02   4.7997270506e-02  -5.4595747280e-01   2.1381403773e-01
   5.2207825414e-02   5.1472955725e-02   8.2171815385e-02  -2.3051657500e-01   4.3393697448e-01
   5.3650667067e-02   5.2942695103e-02   1.1626489155e-01   9.3947123377e-02   6.4121743606e-01
   5.5047776467e-02   5.4358639031e-02   1.4923134969e-01   4.1712838837e-01   8.3116946706e-01
   5.6414013560e-02   5.5736913904e-02   1.8161640239e-01   7.4374818770e-01   1.0084931294e+00
   5.7762323677e-02   5.7091113216e-02   2.1282574633e-01   1.0670905438e+00   1.1711633714e+00
   5.9104466362e-02   5.8433534137e-02   2.4333400172e-01   1.3912654963e+00   1.3226976576e+00
   6.0451808752e-02   5.9775398588e-02   2.7328526146e-01   1.7172932125e+00   1.4644182512e+00
   6.1816225066e-02   6.1128218917e-02   3.0223902152e-01   2.0397400628e+00   1.5948799260e+00
   6.3211375120e-02   6.2504231215e-02   3.3095511974e-01   2.3666255045e+00   1.7179535962e+00
   6.4653930942e-02   6.3918519026e-02   3.5879167293e-01   2.6903685381e+00   1.8312468880e+00
   6.6165814248e-02   6.5389342859e-02   3.8608603233e-01   3.0146788755e+00   1.9366131409e+00
   6.7779318088e-02   6.6942285637e-02   4.1284981796e-01   3.3400982129e+00   2.0344342097e+00
   6.9546485745e-02   6.8616350540e-02   4.3881181467e-01   3.6645349309e+00   2.1242230690e+00
   7.1567532276e-02   7.0476620951e-02   4.6395318887e-01   3.9912748440e+00   2.2067231157e+00
   7.4104885422e-02   7.2658443602e-02   4.8733522289e-01   4.3197835969e+00   2.2809203028e+00
   7.7526520153e-02   7.5551327241e-02   5.0258792407e-01   4.6043207837e+00   2.3355305374e+00
   8.1476905976e-02   7.9501713064e-02   4.9423497756e-01   4.6940228399e+00   2.3436931542e+00
   8.5477905063e-02   8.3452098887e-02   4.5322014340e-01   4.5103509027e+00   2.2989281994e+00
   8.8741837857e-02   8.7503711239e-02   3.9518822880e-01   4.1723003650e+00   2.2287292510e+00
   9.0981550477e-02   8.9979964474e-02   3.4192663807e-01   3.8454090442e+00   2.1632375316e+00
   9.2861396960e-02   9.1983136480e-02   2.8951241099e-01   3.5199432034e+00   2.0981171509e+00
   9.4541878575e-02   9.3739657440e-02   2.3716670944e-01   3.1940728741e+00   2.0321655505e+00
   9.6096131064e-02   9.5344099709e-02   1.8509546863e-01   2.8700207242e+00   1.9653335311e+00
   9.7565832357e-02   9.6848162418e-02   1.3297544200e-01   2.5459437399e+00   1.8968759069e+00
   9.8977729923e-02   9.8283502295e-02   8.0575682829e-02   2.2201872117e+00   1.8260956492e+00
   1.0035123539e-01   9.9671957551e-02   2.8608173791e-02   1.8966970931e+00   1.7535429735e+00
   1.0170158899e-01   1.0103051323e-01  -2.3575969379e-02   1.5707245884e+00   1.6778307615e+00
   1.0304161504e-01   1.0237266476e-01  -7.4971043419e-02   1.2476266920e+00   1.5998667839e+00
   1.0438312125e-01   1.0371056532e-01  -1.2621708866e-01   9.2217651100e-01   1.5180130371e+00
   1.0573772454e-01   1.0505567718e-01  -1.7655719298e-01   5.9759292761e-01   1.4326038344e+00
   1.0711777092e-01   1.0641977189e-01  -2.2575326552e-01   2.7339298122e-01   1.3429961431e+00
   1.0853732118e-01   1.0781576996e-01  -2.7341366174e-01  -5.0547193595e-02   1.2485105844e+00
   1.1001381601e-01   1.0925887241e-01  -3.1922825550e-01  -3.7610465940e-01   1.1476779011e+00
   1.1157029742e-01   1.1076875960e-01  -3.6209518942e-01  -7.0134357196e-01   1.0398601111e+00
   1.1323910999e-01   1.1237183524e-01  -4.0072652924e-01  -1.0253973872e+00   9.2371335297e-01
   1.1507083258e-01   1.1410638474e-01  -4.3344059314e-01  -1.3500728054e+00   7.9601089645e-01
   1.1715595752e-01   1.1603528043e-01  -4.5678703567e-01  -1.6758297277e+00   6.5191113099e-01
   1.1969438156e-01   1.1827663460e-01  -4.6315973888e-01  -2.0029981321e+00   4.8141749227e-01
   1.2294359536e-01   1.2111212852e-01  -4.3439539826e-01  -2.3058572009e+00   2.7632528879e-01
   1.2658882411e-01   1.2477506220e-01  -3.5466831898e-01  -2.4972910995e+00   6.8727170710e-02
   1.2978377682e-01   1.2840258601e-01  -2.4766548348e-01  -2.5435986466e+00  -8.9052391086e-02
   1.3235774354e-01   1.3116496762e-01  -1.4028464554e-01  -2.5053287540e+00  -1.9789665361e-01
   1.3465455028e-01   1.3355051945e-01  -3.3206026116e-02  -2.4229396265e+00  -2.8125974015e-01
   1.3682756115e-01   1.3575858111e-01   7.4079024972e-02  -2.3098654546e+00  -3.4891547676e-01
   1.3897182370e-01   1.3789654119e-01   1.8089308060e-01  -2.1722694656e+00  -4.0545648291e-01
   1.4117369974e-01   1.4004710620e-01   2.8805155438e-01  -2.0098827940e+00  -4.5461034887e-01
   1.4354874708e-01   1.4230029328e-01   3.9531606472e-01  -1.8188421725e+00  -4.9896266486e-01
   1.4633888714e-01   1.4479720088e-01   5.0332891190e-01  -1.5832763856e+00  -5.4227111800e-01
   1.4981236160e-01   1.4788057341e-01   5.9968636950e-01  -1.2894837561e+00  -5.8746421117e-01
   1.5385946366e-01   1.5174414979e-01   6.4625284859e-01  -9.6538055927e-01  -6.3421387621e-01
   1.5819320894e-01   1.5597477754e-01   6.0702992517e-01  -6.5963113431e-01  -6.8163189833e-01
   1.6184740152e-01   1.6041164034e-01   5.0477607411e-01  -4.4217729019e-01  -7.1950145354e-01
   1.6440447902e-01   1.6328316269e-01   3.9669821874e-01  -3.1507597105e-01  -7.4300077086e-01
   1.6650136438e-01   1.6552579535e-01   2.8939389107e-01  -2.2641449522e-01  -7.5882092789e-01
   1.6837033901e-01   1.6747693341e-01   1.8233240312e-01  -1.5903972891e-01  -7.6915505952e-01
   1.7010830122e-01   1.6926374462e-01   7.5179395799e-02  -1.0598929776e-01  -7.7468015694e-01
   1.7177006805e-01   1.7095285781e-01  -3.1758972186e-02  -6.3945515690e-02  -7.7550940577e-01
   1.7339327517e-01   1.7258727828e-01  -1.3852794290e-01  -3.0883054655e-02  -7.7151251706e-01
   1.7500830949e-01   1.7419927206e-01  -2.4560047082e-01  -5.6177594717e-03  -7.6225025026e-01
   1.7664414492e-01   1.7581734693e-01  -3.5239324934e-01   1.2179011572e-02  -7.4710994892e-01
   1.7833348868e-01   1.7747094292e-01  -4.5956048867e-01   2.2525113360e-02  -7.2495067796e-01
   1.8011963246e-01   1.7919603443e-01  -5.6649123919e-01   2.4633786364e-02  -6.9426370457e-01
   1.8207106981e-01   1.8104323049e-01  -6.7375210301e-01   1.6753695881e-02  -6.5211734726e-01
   1.8432341455e-01   1.8309890913e-01  -7.8114213207e-01  -5.2340306139e-03  -5.9305795662e-01
   1.8730324195e-01   1.8554791997e-01  -8.9052741895e-01  -5.4981480123e-02  -4.9972669731e-01
   1.9198932527e-01   1.8905856393e-01  -9.7261288454e-01  -1.7578710016e-01  -3.3156510545e-01
   1.9726099767e-01   1.9492008661e-01  -9.3528567361e-01  -3.5530777012e-01  -1.4318103221e-01
   2.0095746375e-01   1.9960190873e-01  -8.2537032957e-01  -4.9709146204e-01  -3.4565460069e-02
   2.0338988416e-01   2.0231301878e-01  -7.1753973003e-01  -5.9069377757e-01   1.5774776102e-02
   2.0540576969e-01   2.0446674954e-01  -6.1012836126e-01  -6.6489276330e-01   4.1324860445e-02
   2.0720180342e-01   2.0634478985e-01  -5.0324983056e-01  -7.2593865518e-01   5.0040888957e-02
   2.0886272091e-01   2.0805881699e-01  -3.9615397635e-01  -7.7684702503e-01   4.5489192932e-02
   2.1043552366e-01   2.0966662483e-01  -2.8937153346e-01  -8.1858054153e-01   2.9557768516e-02
   2.1195075282e-01   2.1120442249e-01  -1.8232142481e-01  -8.5192803368e-01   3.2710611973e-03
   2.1343051381e-01   2.1269708315e-01  -7.5347993227e-02  -8.7689554303e-01  -3.2665421570e-02
   2.1489263354e-01   2.1416394446e-01   3.1501410009e-02  -8.9334356575e-01  -7.7833178952e-02
   2.1635282734e-01   2.1562132261e-01   1.3832397811e-01  -9.0087999783e-01  -1.3210154708e-01
   2.1782637853e-01   2.1708433207e-01   2.4523099845e-01  -8.9878052225e-01  -1.9558537878e-01
   2.1932969182e-01   2.1856842500e-01   3.5222567080e-01  -8.8593265596e-01  -2.6856206455e-01
   2.2088202986e-01   2.2009095864e-01   4.5907653346e-01  -8.6081239898e-01  -3.5134043020e-01
   2.2250829290e-01   2.2167310109e-01   5.6607076281e-01  -8.2105080769e-01  -4.4493958631e-01
   2.2424396686e-01   2.2334348470e-01   6.7304538581e-01  -7.6317743279e-01  -5.5051565401e-01
   2.2614578731e-01   2.2514444901e-01   7.8011396716e-01  -6.8132771572e-01  -6.7035263100e-01
   2.2832036589e-01   2.2714712560e-01   8.8729532340e-01  -5.6464540654e-01  -8.0852432449e-01
   2.3104116554e-01   2.2949360617e-01   9.9568687275e-01  -3.8475193647e-01  -9.7651516519e-01
   2.3446740230e-01   2.3258872491e-01   1.0869388531e+00  -1.1307085232e-01  -1.1654529928e+00
   2.3803867974e-01   2.3634607970e-01   1.1268525673e+00   2.1120364262e-01  -1.3206781993e+00
   2.4135828121e-01   2.3973127978e-01   1.1113587932e+00   5.3591880609e-01  -1.4123268679e+00
   2.4464229029e-01   2.4298528263e-01   1.0486747483e+00   8.6053681695e-01  -1.4443638947e+00
   2.4774388155e-01   2.4629929796e-01   9.5149475191e-01   1.1527834680e+00  -1.4188880801e+00
   2.5038396827e-01   2.4918846514e-01   8.4388319000e-01   1.3779269238e+00  -1.3546064109e+00
   2.5265231116e-01   2.5157947139e-01   7.3684427239e-01   1.5453084288e+00  -1.2698602918e+00
   2.5473031395e-01   2.5372515093e-01   6.2977240724e-01   1.6725204373e+00  -1.1705363133e+00
   2.5670511721e-01   2.5573547696e-01   5.2265580698e-01   1.7663183638e+00  -1.0594088149e+00
   2.5863194685e-01   2.5767475745e-01   4.1585242379e-01   1.8294233158e+00  -9.3829328485e-01
   2.6055367048e-01   2.5958913624e-01   3.0909777842e-01   1.8628094583e+00  -8.0755357372e-01
   2.6251072899e-01   2.6151820472e-01   2.0207376470e-01   1.8652561351e+00  -6.6676504301e-01
   2.6454940182e-01   2.6350325326e-01   9.4907254970e-02   1.8333543128e+00  -5.1543991711e-01
   2.6673238471e-01   2.6559555038e-01  -1.1936875504e-02   1.7614234324e+00  -3.5292262632e-01
   2.6916222718e-01   2.6786921904e-01  -1.1901831817e-01   1.6381714692e+00  -1.7570625733e-01
   2.7205175754e-01   2.7045523533e-01  -2.2658697321e-01   1.4395943507e+00   2.2554778710e-02
   2.7542659499e-01   2.7364827974e-01  -3.2180340295e-01   1.1549422958e+00   2.2647084940e-01
   2.7889122059e-01   2.7720491024e-01  -3.8479484622e-01   8.2948016524e-01   3.9574821138e-01
   2.8234944938e-01   2.8057753094e-01  -4.1387095668e-01   5.0367116670e-01   5.1579250471e-01
   2.8629386712e-01   2.8412136782e-01  -4.1322343554e-01   1.7543105382e-01   5.8904263198e-01
   2.9276767405e-01   2.8846636642e-01  -3.6880702055e-01  -1.4041517068e-01   5.6904320287e-01
   3.0061497953e-01   2.9706898168e-01  -3.2577054883e-01  -9.1862196263e-02   4.0587138884e-01
   3.0637126398e-01   3.0416097737e-01  -3.4892502274e-01   2.3304972616e-01   2.6183551523e-01
   3.1056872481e-01   3.0858155059e-01  -4.0853954407e-01   5.6087685617e-01   1.9247773522e-01
   3.1463802338e-01   3.1255589902e-01  -4.9578917187e-01   8.8227853698e-01   1.8188030839e-01
   3.1872411652e-01   3.1672014775e-01  -6.0054946147e-01   1.1519722565e+00   2.4246045459e-01
   3.2287356189e-01   3.2072808529e-01  -7.0734456519e-01   1.3230146016e+00   3.8480724109e-01
   3.2687829824e-01   3.2501903849e-01  -7.9223299197e-01   1.3656810621e+00   5.9272668631e-01
   3.3033830393e-01   3.2873755799e-01  -8.3697118729e-01   1.2984561152e+00   8.1767104390e-01
   3.3344961879e-01   3.3193904987e-01  -8.4543341298e-01   1.1616997456e+00   1.0417922799e+00
   3.3648870306e-01   3.3496018770e-01  -8.1947357552e-01   9.7095473881e-01   1.2660190503e+00
   3.3967017916e-01   3.3801721842e-01  -7.5328141211e-01   7.2832794786e-01   1.4890614972e+00
   3.4270881407e-01   3.4132313990e-01  -6.5416676920e-01   4.7511457507e-01   1.6746903801e+00
   3.4523117408e-01   3.4409448823e-01  -5.4661597483e-01   2.6130290201e-01   1.7970387607e+00
   3.4737466320e-01   3.4636785992e-01  -4.3946729399e-01   8.4792840745e-02   1.8715282478e+00
   3.4931156545e-01   3.4838146648e-01  -3.3265512206e-01  -6.5925790666e-02   1.9117477094e+00
   3.5112509625e-01   3.5024166442e-01  -2.2548006725e-01  -1.9755876521e-01   1.9238316002e+00
   3.5286583623e-01   3.5200852807e-01  -1.1847290371e-01  -3.1293969945e-01   1.9104450375e+00
   3.5457029672e-01   3.5372314438e-01  -1.1473663541e-02  -4.1475145295e-01   1.8727125005e+00
   3.5626879955e-01   3.5541744907e-01   9.5336162251e-02  -5.0472638708e-01   1.8105621282e+00
   3.5799061964e-01   3.5712015003e-01   2.0223112619e-01  -5.8465932027e-01   1.7224327515e+00
   3.5976860714e-01   3.5886108925e-01   3.0914585240e-01  -6.5592352224e-01   1.6054011342e+00
   3.6164560677e-01   3.6067612502e-01   4.1621293844e-01  -7.2016804697e-01   1.4541038002e+00
   3.6366197227e-01   3.6261508852e-01   5.2198320638e-01  -7.7872892271e-01   1.2624983066e+00
   3.6568115675e-01   3.6470885602e-01   6.1680322456e-01  -8.2985015372e-01   1.0428543148e+00
   3.6754825006e-01   3.6665345748e-01   6.9243295019e-01  -8.7300627588e-01   8.1911949809e-01
   3.6928695524e-01   3.6844304263e-01   7.5184135445e-01  -9.1245443066e-01   5.9486496904e-01
   3.7094160435e-01   3.7013086785e-01   7.9757706970e-01  -9.5119573535e-01   3.7180489584e-01
   3.7254251576e-01   3.7175234086e-01   8.3209390801e-01  -9.9216053600e-01   1.4672027231e-01
   3.7411286219e-01   3.7333269067e-01   8.5604002223e-01  -1.0365385975e+00  -7.6586993560e-02
   3.7567245930e-01   3.7489303370e-01   8.7061038907e-01  -1.0863209141e+00  -3.0009190929e-01
   3.7723981263e-01   3.7645188489e-01   8.7630585808e-01  -1.1431958521e+00  -5.2402252759e-01
   3.7883443336e-01   3.7802774038e-01   8.7334815424e-01  -1.2089603407e+00  -7.4842736927e-01
   3.8047891362e-01   3.7964112633e-01   8.6183360954e-01  -1.2851271211e+00  -9.7178202613e-01
   3.8220252201e-01   3.8131670090e-01   8.4143525768e-01  -1.3748240275e+00  -1.1959144426e+00
   3.8404748900e-01   3.8308834311e-01   8.1157762382e-01  -1.4810541324e+00  -1.4194979917e+00
   3.8608416343e-01   3.8500663490e-01   7.7049143250e-01  -1.6104027381e+00  -1.6444785677e+00
   3.8845280006e-01   3.8716169196e-01   7.1532740800e-01  -1.7720778516e+00  -1.8689188822e+00
   3.9152402103e-01   3.8974390817e-01   6.3668235189e-01  -1.9934352413e+00  -2.0943709897e+00
   3.9540749083e-01   3.9330413390e-01   5.3620805295e-01  -2.2690293693e+00  -2.2630945423e+00
   3.9998842425e-01   3.9751084777e-01   4.2898798919e-01  -2.5452494245e+00  -2.2875377003e+00
   4.0461283637e-01   4.0246600073e-01   3.4158554930e-01  -2.7184417149e+00  -2.1347174697e+00
   4.0824270461e-01   4.0675967201e-01   2.8827138472e-01  -2.7469588776e+00  -1.9054847292e+00
   4.1098573482e-01   4.0972573721e-01   2.5494567485e-01  -2.6905276273e+00  -1.6805752627e+00
   4.1339891324e-01   4.1224573243e-01   2.2799877732e-01  -2.5818116959e+00  -1.4560461806e+00
   4.1565410983e-01   4.1455209406e-01   2.0279404342e-01  -2.4302753672e+00  -1.2324393335e+00
   4.1784309690e-01   4.1675612559e-01   1.7616246927e-01  -2.2371344887e+00  -1.0080554207e+00
   4.2003306119e-01   4.1893006820e-01   1.4566167856e-01  -2.0022674017e+00  -7.8434948080e-01
   4.2228473499e-01   4.2113605417e-01   1.0833553586e-01  -1.7208759909e+00  -5.6098568511e-01
   4.2453237295e-01   4.2343341581e-01   6.3392779444e-02  -1.4049368299e+00  -3.5069350373e-01
   4.2665741155e-01   4.2563133009e-01   1.2704067503e-02  -1.0804775492e+00  -1.6925943159e-01
   4.2866541872e-01   4.2768349302e-01  -4.3435293617e-02  -7.5564674601e-01  -1.6884901959e-02
   4.3060534923e-01   4.2964734442e-01  -1.0545658599e-01  -4.3140260927e-01   1.0936711567e-01
   4.3251356087e-01   4.3156335404e-01  -1.7407325481e-01  -1.0695783648e-01   2.1165329377e-01
   4.3442094964e-01   4.3346376770e-01  -2.5003304928e-01   2.1804613450e-01   2.9066753433e-01
   4.3635753672e-01   4.3537813158e-01  -3.3372571930e-01   5.4211420048e-01   3.4589729347e-01
   4.3835654627e-01   4.3733694186e-01  -4.2647311832e-01   8.6673651315e-01   3.7650721205e-01
   4.4043662500e-01   4.3937615068e-01  -5.2803071108e-01   1.1873293328e+00   3.8027725179e-01
   4.4253985249e-01   4.4149709932e-01  -6.3485530304e-01   1.4910915222e+00   3.5626643613e-01
   4.4462320710e-01   4.4358260566e-01  -7.4159750022e-01   1.7645684087e+00   3.0706232055e-01
   4.4672758775e-01   4.4566380855e-01  -8.4845568946e-01   2.0115023209e+00   2.3450556944e-01
   4.4891196447e-01   4.4779136694e-01  -9.5549189598e-01   2.2341470579e+00   1.3869504876e-01
   4.5126594965e-01   4.5003256200e-01  -1.0625827057e+00   2.4335600338e+00   1.7697699193e-02
   4.5397375997e-01   4.5249933730e-01  -1.1703139247e+00   2.6110746277e+00  -1.3607913099e-01
   4.5735951527e-01   4.5544818263e-01  -1.2725686493e+00   2.7574145621e+00  -3.3320531171e-01
   4.6162797951e-01   4.5927084791e-01  -1.3366612509e+00   2.8373154525e+00  -5.5838844959e-01
   4.6651114958e-01   4.6398511111e-01  -1.3048210925e+00   2.8156345447e+00  -7.3704492561e-01
   4.7039569429e-01   4.6903718805e-01  -1.1960050864e+00   2.7382018118e+00  -7.9365252248e-01
   4.7279185709e-01   4.7175420054e-01  -1.0877602018e+00   2.6698206955e+00  -7.7851854015e-01
   4.7471013751e-01   4.7382951364e-01  -9.8059653397e-01   2.6073123330e+00  -7.3793319230e-01
   4.7637515518e-01   4.7559076137e-01  -8.7352178308e-01   2.5483462843e+00  -6.8209395365e-01
   4.7787857922e-01   4.7715954898e-01  -7.6650552723e-01   2.4918398386e+00  -6.1550064114e-01
   4.7926958189e-01   4.7859760947e-01  -6.5966959849e-01   2.4370702019e+00  -5.4079185915e-01
   4.8057834895e-01   4.7994155431e-01  -5.5274787328e-01   2.3832796051e+00  -4.5938420286e-01
   4.8182509209e-01   4.8121514360e-01  -4.4554478830e-01   2.3298448759e+00  -3.7219285716e-01
   4.8302447802e-01   4.8243504059e-01  -3.3866312542e-01   2.2765928367e+00  -2.8051198869e-01
   4.8418778828e-01   4.8361391545e-01  -2.3241063700e-01   2.2232452246e+00  -1.8528894868e-01
   4.8532376560e-01   4.8476166111e-01  -1.2445637768e-01   2.1681944646e+00  -8.4832507749e-02
   4.8643981443e-01   4.8588587009e-01  -1.8706872089e-02   2.1130254165e+00   1.6812635488e-02
   4.8754242565e-01   4.8699375878e-01   8.9373290052e-02   2.0549298327e+00   1.2369214666e-01
   4.8863737676e-01   4.8809109251e-01   1.9559006713e-01   1.9956962908e+00   2.3142050427e-01
   4.8973025032e-01   4.8918366101e-01   3.0231029340e-01   1.9335681447e+00   3.4211038240e-01
   4.9082651997e-01   4.9027683962e-01   4.0990940785e-01   1.8677159367e+00   4.5601291729e-01
   4.9193180318e-01   4.9137620032e-01   5.1583298829e-01   1.7991375421e+00   5.7022444424e-01
   4.9305229898e-01   4.9248740604e-01   6.2380594929e-01   1.7246676362e+00   6.8861906427e-01
   4.9419488176e-01   4.9361719191e-01   7.2976442200e-01   1.6462654673e+00   8.0660260438e-01
   4.9536771504e-01   4.9477257160e-01   8.3719698032e-01   1.5603544687e+00   9.2791038727e-01
   4.9658103552e-01   4.9596285849e-01   9.4408673973e-01   1.4671052505e+00   1.0501700025e+00
   4.9784778996e-01   4.9719921256e-01   1.0506474275e+00   1.3647404620e+00   1.1734756621e+00
   4.9924818369e-01   4.9849636737e-01   1.1626172160e+00   1.2443453357e+00   1.3044404534e+00