# time = 1
# Grid points = 474
# Pressure (Pa) = 101325
#             1_pos             2_posf             3_uvel             4_vvel             5_wvel
  -4.9917840810e-01  -5.0000000000e-01   1.1583694562e+00   6.1366658301e-01   9.4416784340e-01
  -4.9750814511e-01  -4.9835681619e-01   1.2590954578e+00   5.2405396139e-01   1.0308497003e+00
  -4.9566236670e-01  -4.9665947403e-01   1.3562929614e+00   4.1876972279e-01   1.1149170074e+00
  -4.9337913820e-01  -4.9466525936e-01   1.4535224257e+00   2.8074064244e-01   1.1989944123e+00
  -4.9070684198e-01  -4.9209301703e-01   1.5334237339e+00   1.1061235154e-01   1.2671330097e+00
  -4.8796632188e-01  -4.8932066692e-01   1.5754389008e+00  -7.0207379568e-02   1.3006019174e+00
  -4.8525041762e-01  -4.8661197685e-01   1.5760933123e+00  -2.5098697913e-01   1.2960165586e+00
  -4.8247325112e-01  -4.8388885839e-01   1.5354519354e+00  -4.3184682303e-01   1.2533260992e+00
  -4.7971240761e-01  -4.8105764385e-01   1.4562565067e+00  -6.0169917491e-01   1.1756988900e+00
  -4.7731406729e-01  -4.7836717138e-01   1.3592552045e+00  -7.3606598888e-01   1.0834050000e+00
  -4.7535629892e-01  -4.7626096320e-01   1.2618319144e+00  -8.3404882805e-01   9.9262986895e-01
  -4.7363463088e-01  -4.7445163464e-01   1.1649253440e+00  -9.0914665997e-01   9.0392143671e-01
  -4.7205820286e-01  -4.7281762713e-01   1.0681411485e+00  -9.6793638065e-01   8.1681572375e-01
  -4.7057922324e-01  -4.7129877858e-01   9.7111573770e-01  -1.0137758177e+00   7.3099154921e-01
  -4.6916801250e-01  -4.6985966791e-01   8.7468128368e-01  -1.0482228466e+00   6.4722194622e-01
  -4.6780432622e-01  -4.6847635709e-01   7.7734836685e-01  -1.0729296064e+00   5.6430172571e-01
  -4.6647318109e-01  -4.6713229535e-01   6.8092783743e-01  -1.0881877878e+00   4.8387779440e-01
  -4.6516256736e-01  -4.6581406684e-01   5.8429913413e-01  -1.0947802510e+00   4.0511822595e-01
  -4.6386252316e-01  -4.6451106789e-01   4.8710220893e-01  -1.0928668793e+00   3.2791411393e-01
  -4.6256404824e-01  -4.6321397844e-01   3.9028064863e-01  -1.0825466921e+00   2.5320805474e-01
  -4.6125861670e-01  -4.6191411803e-01   2.9365139232e-01  -1.0638724271e+00   1.8105207320e-01
  -4.5993776484e-01  -4.6060311536e-01   1.9717417252e-01  -1.0367476166e+00   1.1165636300e-01
  -4.5859242112e-01  -4.5927241432e-01   9.9879785205e-02  -1.0005061821e+00   4.4674654902e-02
  -4.5721266704e-01  -4.5791242792e-01   3.6119232087e-03  -9.5547102244e-01  -1.8263441832e-02
  -4.5578682495e-01  -4.5651290616e-01  -9.3641245571e-02  -9.0012657627e-01  -7.8004802692e-02
  -4.5430067193e-01  -4.5506074373e-01  -1.9017178486e-01  -8.3463097433e-01  -1.3290132151e-01
  -4.5273610223e-01  -4.5354060013e-01  -2.8710062412e-01  -7.5726100757e-01  -1.8287372492e-01
  -4.5106864371e-01  -4.5193160433e-01  -3.8377908876e-01  -6.6711036205e-01  -2.2659864427e-01
  -4.4926329074e-01  -4.5020568309e-01  -4.8070838776e-01  -5.6174781668e-01  -2.6296057610e-01
  -4.4726609887e-01  -4.4832089838e-01  -5.7747745624e-01  -4.3871306321e-01  -2.8986283637e-01
  -4.4498442178e-01  -4.4621129935e-01  -6.7444151315e-01  -2.9293056459e-01  -3.0438325592e-01
  -4.4235257510e-01  -4.4375754422e-01  -7.6798671349e-01  -1.2318089988e-01  -3.0169531388e-01
  -4.3946564586e-01  -4.4094760599e-01  -8.4806253344e-01   5.7373249644e-02  -2.7888519882e-01
  -4.3633688466e-01  -4.3798368573e-01  -9.0911607716e-01   2.3865719035e-01  -2.3675901829e-01
  -4.3268516130e-01  -4.3469008358e-01  -9.4806147697e-01   4.2035671664e-01  -1.7553098198e-01
  -4.2755929390e-01  -4.3068023901e-01  -9.4813775097e-01   6.0516773277e-01  -9.2647446233e-02
  -4.2166997226e-01  -4.2443834879e-01  -8.8205829362e-01   7.1568218844e-01  -3.4793957985e-02
  -4.1704632770e-01  -4.1890159573e-01  -7.8340896906e-01   7.2963876439e-01  -3.4861058393e-02
  -4.1367958978e-01  -4.1519105967e-01  -6.8630655069e-01   7.0541779881e-01  -6.3739298087e-02
  -4.1084966285e-01  -4.1216811989e-01  -5.8953735292e-01   6.6803649953e-01  -1.0451024767e-01
  -4.0833775233e-01  -4.0953120581e-01  -4.9265482645e-01   6.2478119345e-01  -1.5077659232e-01
  -4.0603685963e-01  -4.0714429884e-01  -3.9601280637e-01   5.7893715217e-01  -1.9878655753e-01
  -4.0388289794e-01  -4.0492942043e-01  -2.9923920814e-01   5.3173647507e-01  -2.4649454325e-01
  -4.0183252169e-01  -4.0283637546e-01  -2.0253176085e-01   4.8383531739e-01  -2.9230046318e-01
  -3.9985311918e-01  -4.0082866791e-01  -1.0576289777e-01   4.3525740033e-01  -3.3517899625e-01
  -3.9791788163e-01  -3.9887757044e-01  -9.1429211432e-03   3.8588498800e-01  -3.7420422909e-01
  -3.9600259296e-01  -3.9695819283e-01   8.7703618685e-02   3.3505281997e-01  -4.0881210052e-01
  -3.9408304632e-01  -3.9504699309e-01   1.8452550306e-01   2.8216724751e-01  -4.3822476692e-01
  -3.9213230721e-01  -3.9311909955e-01   2.8121101680e-01   2.2627707819e-01  -4.6172226756e-01
  -3.9011678658e-01  -3.9114551487e-01   3.7800011862e-01   1.6577999418e-01  -4.7851727691e-01
  -3.8798888510e-01  -3.8908805828e-01   4.7486639157e-01   9.8439545579e-02  -4.8740777872e-01
  -3.8567048920e-01  -3.8688971191e-01   5.7176419039e-01   2.0510150886e-02  -4.8651184870e-01
  -3.8300187036e-01  -3.8445126649e-01   6.6909162861e-01  -7.6030235424e-02  -4.7211875228e-01
  -3.7960165421e-01  -3.8155247422e-01   7.6510332371e-01  -2.1041912224e-01  -4.3495591493e-01
  -3.7567331486e-01  -3.7765083420e-01   8.3120251562e-01  -3.8096171742e-01  -3.7190175267e-01
  -3.7184186692e-01  -3.7369579552e-01   8.4296816005e-01  -5.6123969008e-01  -2.9689063603e-01
  -3.6818376169e-01  -3.6998793832e-01   8.0278282488e-01  -7.4183466074e-01  -2.2082870212e-01
  -3.6476920525e-01  -3.6637958505e-01   7.2185196928e-01  -9.1149198520e-01  -1.5269003319e-01
  -3.6190222515e-01  -3.6315882545e-01   6.2445578769e-01  -1.0499639681e+00  -1.0126812116e-01
  -3.5955743529e-01  -3.6064562486e-01   5.2741721997e-01  -1.1567868843e+00  -6.5042390267e-02
  -3.5747581335e-01  -3.5846924571e-01   4.3042779483e-01  -1.2446394550e+00  -3.7930382293e-02
  -3.5554555589e-01  -3.5648238098e-01   3.3338045966e-01  -1.3184621574e+00  -1.7329399835e-02
  -3.5370428246e-01  -3.5460873079e-01   2.3679116843e-01  -1.3802964150e+00  -1.8624623714e-03
  -3.5191009141e-01  -3.5279983412e-01   1.3998384672e-01  -1.4317480698e+00   9.5277680303e-03
  -3.5013002733e-01  -3.5102034870e-01   4.3133144908e-02  -1.4730326204e+00   1.7459922111e-02
  -3.4833352158e-01  -3.4923970596e-01  -5.3860787369e-02  -1.5039113892e+00   2.2452604702e-02
  -3.4648782394e-01  -3.4742733720e-01  -1.5048382617e-01  -1.5233938369e+00   2.4949965928e-02
  -3.4455195495e-01  -3.4554831069e-01  -2.4738868357e-01  -1.5298942833e+00   2.5438520126e-02
  -3.4246600922e-01  -3.4355559922e-01  -3.4433792775e-01  -1.5201456698e+00   2.4482046513e-02
  -3.4012589732e-01  -3.4137641922e-01  -4.4136108789e-01  -1.4880109400e+00   2.2991618836e-02
  -3.3729386531e-01  -3.3887537541e-01  -5.3893037530e-01  -1.4188636397e+00   2.2960831944e-02
  -3.3373119516e-01  -3.3571235521e-01  -6.2665129520e-01  -1.2865443748e+00   2.9833921262e-02
  -3.3013995431e-01  -3.3175003512e-01  -6.7426412148e-01  -1.1078255239e+00   4.8408700632e-02
  -3.2713093899e-01  -3.2852987349e-01  -6.8088525923e-01  -9.2663263089e-01   7.5672109780e-02
  -3.2444947423e-01  -3.2573200448e-01  -6.6251244640e-01  -7.4548219244e-01   1.0959988434e-01
  -3.2194996463e-01  -3.2316694398e-01  -6.2669021489e-01  -5.6487969256e-01   1.4878657517e-01
  -3.1954784063e-01  -3.2073298528e-01  -5.7703949488e-01  -3.8369209834e-01   1.9240828590e-01
  -3.1718162262e-01  -3.1836269597e-01  -5.1605667178e-01  -2.0328051408e-01   2.3909201388e-01
  -3.1479564044e-01  -3.1600054927e-01  -4.4413892339e-01  -2.1939438106e-02   2.8811648308e-01
  -3.1232750552e-01  -3.1359073161e-01  -3.6189878970e-01   1.5873244820e-01   3.3756407165e-01
  -3.0974859368e-01  -3.1106427944e-01  -2.6978571254e-01   3.3602636080e-01   3.8454648334e-01
  -3.0714129829e-01  -3.0843290792e-01  -1.7320119472e-01   4.9779253969e-01   4.2303461304e-01
  -3.0455287342e-01  -3.0584968867e-01  -7.6610280796e-02   6.3571178361e-01   4.4805418016e-01
  -3.0192288339e-01  -3.0325605817e-01   2.0267313068e-02   7.4862886953e-01   4.5608162228e-01
  -2.9918504232e-01  -3.0058970861e-01   1.1682320546e-01   8.3214842713e-01   4.4211758660e-01
  -2.9625455536e-01  -2.9778037603e-01   2.1357508269e-01   8.8014850325e-01   3.9888138262e-01
  -2.9299442333e-01  -2.9472873469e-01   3.1038216484e-01   8.8067947200e-01   3.1469426888e-01
  -2.8955416173e-01  -2.9126011198e-01   3.9789654209e-01   8.2250440642e-01   1.8661506629e-01
  -2.8641489689e-01  -2.8784821147e-01   4.6240963615e-01   7.2093668985e-01   3.9572800192e-02
  -2.8367227528e-01  -2.8498158232e-01   5.0523717185e-01   5.9855755771e-01  -1.0746565864e-01
  -2.8109973593e-01  -2.8236296824e-01   5.3259115226e-01   4.6179963226e-01  -2.5403193305e-01
  -2.7855854486e-01  -2.7983650363e-01   5.4651415852e-01   3.1190656651e-01  -4.0068114949e-01
  -2.7591378759e-01  -2.7728058609e-01   5.4604798851e-01   1.4754695728e-01  -5.4768118000e-01
  -2.7306953365e-01  -2.7454698909e-01   5.2737157677e-01  -2.9149920847e-02  -6.8972239265e-01
  -2.6996238336e-01  -2.7159207822e-01   4.8420125189e-01  -2.1057564548e-01  -8.1449729486e-01
  -2.6657645717e-01  -2.6833268850e-01   4.0913446149e-01  -3.8097958025e-01  -9.0156457818e-01
  -2.6342123777e-01  -2.6482022584e-01   3.1341067689e-01  -5.0403072623e-01  -9.2843359960e-01
  -2.6083514468e-01  -2.6202224969e-01   2.1623073299e-01  -5.7281310863e-01  -9.0575702215e-01
  -2.5858769354e-01  -2.5964803967e-01   1.1952357205e-01  -6.0669434993e-01  -8.5254810522e-01
  -2.5655037453e-01  -2.5752734742e-01   2.2508839504e-02  -6.1623807230e-01  -7.7757880630e-01
  -2.5465278369e-01  -2.5557340165e-01  -7.4080571291e-02  -6.0715656836e-01  -6.8658909023e-01
  -2.5284972121e-01  -2.5373216573e-01  -1.7104182842e-01  -5.8303097910e-01  -5.8210649475e-01
  -2.5110888879e-01  -2.5196727669e-01  -2.6766443037e-01  -5.4643524504e-01  -4.6706137198e-01
  -2.4940443518e-01  -2.5025050088e-01  -3.6474951774e-01  -4.9869296025e-01  -3.4199207218e-01
  -2.4771352258e-01  -2.4855836948e-01  -4.6142374831e-01  -4.4132022713e-01  -2.0905284035e-01
  -2.4601470591e-01  -2.4686867567e-01  -5.5805713384e-01  -3.7483642282e-01  -6.8477805168e-02
  -2.4431234304e-01  -2.4516073614e-01  -6.5304283398e-01  -3.0081836630e-01   7.6863575039e-02
  -2.4261819605e-01  -2.4346394993e-01  -7.4448799569e-01  -2.2118369480e-01   2.2355036890e-01
  -2.4091346566e-01  -2.4177244216e-01  -8.3186339663e-01  -1.3664856396e-01   3.7034506075e-01
  -2.3916427906e-01  -2.4005448915e-01  -9.1486445377e-01  -4.7291265725e-02   5.1670116340e-01
  -2.3732807788e-01  -2.3827406896e-01  -9.9372498479e-01   4.8324621935e-02   6.6370260194e-01
  -2.3534180132e-01  -2.3638208681e-01  -1.0668831562e+00   1.5104237957e-01   8.1020614257e-01
  -2.3309001431e-01  -2.3430151584e-01  -1.1327958787e+00   2.6516732421e-01   9.5750147045e-01
  -2.3027701721e-01  -2.3187851277e-01  -1.1854070476e+00   4.0014963735e-01   1.1058554984e+00
  -2.2645548597e-01  -2.2867552165e-01  -1.1984316097e+00   5.6542749087e-01   1.2349939753e+00
  -2.2235484195e-01  -2.2423545029e-01  -1.1368837086e+00   7.1724449602e-01   1.2796206495e+00
  -2.1926377134e-01  -2.2047423360e-01  -1.0375061956e+00   8.1339883597e-01   1.2488459651e+00
  -2.1707588367e-01  -2.1805330907e-01  -9.4000871650e-01   8.7218189724e-01   1.1955146154e+00
  -2.1524632204e-01  -2.1609845826e-01  -8.4298855077e-01   9.1603467492e-01   1.1338824736e+00
  -2.1362140285e-01  -2.1439418582e-01  -7.4606992081e-01   9.5132234698e-01   1.0680580368e+00
  -2.1213035299e-01  -2.1284861988e-01  -6.4920825295e-01   9.8089169074e-01   1.0000428070e+00
  -2.1073297734e-01  -2.1141208611e-01  -5.5245298303e-01   1.0063076363e+00   9.3104337032e-01
  -2.0940352536e-01  -2.1005386857e-01  -4.5581607036e-01   1.0285349566e+00   8.6182751437e-01
  -2.0812417356e-01  -2.0875318216e-01  -3.5871639414e-01   1.0483139297e+00   7.9252072790e-01
  -2.0688161592e-01  -2.0749516496e-01  -2.6183192910e-01   1.0659139344e+00   7.2402544873e-01
  -2.0566526556e-01  -2.0626806687e-01  -1.6488216719e-01   1.0816772377e+00   6.5648266268e-01
  -2.0446637627e-01  -2.0506246426e-01  -6.8207757350e-02   1.0957429260e+00   5.9041732716e-01
  -2.0327734466e-01  -2.0387028829e-01   2.8329288288e-02   1.1082578203e+00   5.2598678783e-01
  -2.0209126970e-01  -2.0268440103e-01   1.2483874192e-01   1.1192943281e+00   4.6336166198e-01
  -2.0090147165e-01  -2.0149813836e-01   2.2237555597e-01   1.1289417413e+00   4.0215256708e-01
  -1.9970122365e-01  -2.0030480494e-01   3.1895459597e-01   1.1369501638e+00   3.4387332630e-01
  -1.9848348986e-01  -1.9909764236e-01   4.1562785339e-01   1.1433300150e+00   2.8812946336e-01
  -1.9724048137e-01  -1.9786933735e-01   5.1239122470e-01   1.1479085956e+00   2.3524782369e-01
  -1.9596323099e-01  -1.9661162539e-01   6.0909025970e-01   1.1504368219e+00   1.8567650823e-01
  -1.9464093815e-01  -1.9531483659e-01   7.0585679039e-01   1.1505784936e+00   1.3978013572e-01
  -1.9325989426e-01  -1.9396703971e-01   8.0287148459e-01   1.1478432112e+00   9.8026721710e-02
  -1.9180212350e-01  -1.9255274881e-01   8.9960486370e-01   1.1415681435e+00   6.1324668409e-02
  -1.9024256431e-01  -1.9105149818e-01   9.9648158212e-01   1.1307460662e+00   3.0403115251e-02
  -1.8854366466e-01  -1.8943363044e-01   1.0933616182e+00   1.1138545178e+00   6.6047175814e-03
  -1.8664397079e-01  -1.8765369889e-01   1.1902840651e+00   1.0883375715e+00  -8.1037859489e-03
  -1.8442730585e-01  -1.8563424269e-01   1.2873479888e+00   1.0493353833e+00  -1.0286045926e-02
  -1.8160313917e-01  -1.8322036901e-01   1.3852586054e+00   9.8457259243e-01   7.8976946457e-03
  -1.7756259117e-01  -1.7998590933e-01   1.4745286950e+00   8.6249240038e-01   6.5973501442e-02
  -1.7303185648e-01  -1.7513927301e-01   1.5108671209e+00   6.8899268473e-01   1.5680499137e-01
  -1.6908706558e-01  -1.7092443995e-01   1.4900476612e+00   5.0843551770e-01   2.4255428947e-01
  -1.6556874658e-01  -1.6724969121e-01   1.4347005392e+00   3.2773092939e-01   3.1220634602e-01
  -1.6230329771e-01  -1.6388780195e-01   1.3561080072e+00   1.4748594637e-01   3.6329558974e-01
  -1.5930533986e-01  -1.6071879347e-01   1.2631592583e+00  -2.6451108982e-02   3.9467084377e-01
  -1.5665937975e-01  -1.5789188625e-01   1.1663336068e+00  -1.8405217021e-01   4.0776561892e-01
  -1.5431114807e-01  -1.5542687324e-01   1.0695490653e+00  -3.2582244772e-01   4.0707453301e-01
  -1.5216225868e-01  -1.5319542290e-01   9.7272160894e-01  -4.5581086344e-01   3.9605575304e-01
  -1.5015713276e-01  -1.5112909446e-01   8.7608752715e-01  -5.7583642672e-01   3.7693936114e-01
  -1.4825992434e-01  -1.4918517106e-01   7.7928161609e-01  -6.8758876175e-01   3.5114992809e-01
  -1.4644521115e-01  -1.4733467761e-01   6.8262564259e-01  -7.9141831820e-01   3.1982731447e-01
  -1.4469345284e-01  -1.4555574469e-01   5.8579562784e-01  -8.8807629387e-01   2.8362828707e-01
  -1.4298867368e-01  -1.4383116098e-01   4.8907924894e-01  -9.7742924853e-01   2.4318960195e-01
  -1.4131690759e-01  -1.4214618637e-01   3.9257810058e-01  -1.0593952203e+00   1.9893266216e-01
  -1.3966534044e-01  -1.4048762881e-01   2.9540819233e-01  -1.1344237321e+00   1.5060654034e-01
  -1.3802137227e-01  -1.3884305207e-01   1.9894804241e-01  -1.2010187118e+00   9.8936740096e-02
  -1.3637181817e-01  -1.3719969246e-01   1.0212737777e-01  -1.2593027177e+00   4.3257942412e-02
  -1.3470202479e-01  -1.3554394387e-01   5.2379913590e-03  -1.3080246373e+00  -1.6603257291e-02
  -1.3299460342e-01  -1.3386010571e-01  -9.1430883409e-02  -1.3456525615e+00  -8.0988442820e-02
  -1.3122742364e-01  -1.3212910114e-01  -1.8818172721e-01  -1.3702774180e+00  -1.5094479391e-01
  -1.2936992205e-01  -1.3032574614e-01  -2.8504540466e-01  -1.3787607857e+00  -2.2788334372e-01
  -1.2737607576e-01  -1.2841409796e-01  -3.8190266071e-01  -1.3661595586e+00  -3.1396041065e-01
  -1.2516795232e-01  -1.2633805357e-01  -4.7875407309e-01  -1.3239728197e+00  -4.1313543761e-01
  -1.2259649311e-01  -1.2399785107e-01  -5.7583003622e-01  -1.2346091626e+00  -5.3388837878e-01
  -1.1978118372e-01  -1.2119513514e-01  -6.6002977497e-01  -1.0869000797e+00  -6.7116897152e-01
  -1.1722127913e-01  -1.1836723231e-01  -7.1541768680e-01  -9.0750010228e-01  -8.0023606327e-01
  -1.1509287231e-01  -1.1607532595e-01  -7.4538514741e-01  -7.2591864402e-01  -9.1030706231e-01
  -1.1322832905e-01  -1.1411041867e-01  -7.5982849915e-01  -5.4478712214e-01  -1.0081379217e+00
  -1.1153107570e-01  -1.1234623943e-01  -7.6389602036e-01  -3.6393915084e-01  -1.0978908223e+00
  -1.0994725144e-01  -1.1071591197e-01  -7.6043152154e-01  -1.8245700326e-01  -1.1822102667e+00
  -1.0844209005e-01  -1.0917859092e-01  -7.5129018762e-01  -1.8233958204e-03  -1.2617789591e+00
  -1.0699069130e-01  -1.0770558918e-01  -7.3769697280e-01   1.7915393262e-01  -1.3380444076e+00
  -1.0557379342e-01  -1.0627579343e-01  -7.2051497660e-01   3.6072269085e-01  -1.4116934752e+00
  -1.0417484262e-01  -1.0487179340e-01  -7.0069660000e-01   5.4074571530e-01  -1.4823141074e+00
  -1.0277836491e-01  -1.0347789183e-01  -6.7845100944e-01   7.2260457531e-01  -1.5515152890e+00
  -1.0136848770e-01  -1.0207883800e-01  -6.5464513563e-01   9.0324775306e-01  -1.6182952004e+00
  -9.9927160114e-02  -1.0065813741e-01  -6.2959194249e-01   1.0840487257e+00  -1.6832527753e+00
  -9.8431492431e-02  -9.9196182820e-02  -6.0370707643e-01   1.2654085996e+00  -1.7464574114e+00
  -9.6849353975e-02  -9.7666802042e-02  -5.7769861778e-01   1.4461978151e+00  -1.8072793309e+00
  -9.5128935434e-02  -9.6031905908e-02  -5.5210666608e-01   1.6277269685e+00  -1.8655984730e+00
  -9.3169554815e-02  -9.4225964960e-02  -5.2817014690e-01   1.8098093175e+00  -1.9200303307e+00
  -9.0693116826e-02  -9.2113144671e-02  -5.0866416901e-01   1.9933850404e+00  -1.9670000858e+00
  -8.6064311804e-02  -8.9273088982e-02  -5.1514789522e-01   2.1604131221e+00  -1.9718178928e+00
  -8.1038906322e-02  -8.2855534627e-02  -5.8113965659e-01   2.0939434986e+00  -1.8573582530e+00
  -7.8108252031e-02  -7.9222278017e-02  -6.5131261842e-01   1.9112401370e+00  -1.7177257755e+00
  -7.6119770026e-02  -7.6994226045e-02  -7.1018686330e-01   1.7285036318e+00  -1.5914721540e+00
  -7.4493656872e-02  -7.5245314008e-02  -7.6360118567e-01   1.5468446235e+00  -1.4701332518e+00
  -7.3066926550e-02  -7.3741999736e-02  -8.1361588979e-01   1.3649183801e+00  -1.3504327569e+00
  -7.1768786630e-02  -7.2391853364e-02  -8.6051366459e-01   1.1844446961e+00  -1.2324537563e+00
  -7.0560251636e-02  -7.1145719897e-02  -9.0509021691e-01   1.0039902410e+00  -1.1146802641e+00
  -6.9417550346e-02  -6.9974783374e-02  -9.4800087813e-01   8.2161941414e-01  -9.9547990412e-01
  -6.8324055410e-02  -6.8860317318e-02  -9.8831609706e-01   6.4190301929e-01  -8.7757822310e-01
  -6.7267461975e-02  -6.7787793503e-02  -1.0270151287e+00   4.6093937552e-01  -7.5821611609e-01
  -6.6238617133e-02  -6.6747130448e-02  -1.0640236775e+00   2.7900951528e-01  -6.3738540092e-01
  -6.5229849759e-02  -6.5730103818e-02  -1.0988866985e+00   9.8365089775e-02  -5.1642139486e-01
  -6.4234582529e-02  -6.4729595701e-02  -1.1318668512e+00  -8.2392969696e-02  -3.9424295507e-01
  -6.3247023061e-02  -6.3739569357e-02  -1.1629268257e+00  -2.6343190484e-01  -2.7057084230e-01
  -6.2261713444e-02  -6.2754476766e-02  -1.1919770474e+00  -4.4483548730e-01  -1.4516306873e-01
  -6.1273271772e-02  -6.1768950123e-02  -1.2187492788e+00  -6.2566047599e-01  -1.8479927505e-02
  -6.0276158330e-02  -6.0777593420e-02  -1.2431748163e+00  -8.0641921860e-01   1.1005004922e-01
  -5.9264388663e-02  -5.9774723239e-02  -1.2650425969e+00  -9.8704995053e-01   2.4064516085e-01
  -5.8231038661e-02  -5.8754054088e-02  -1.2842247410e+00  -1.1690729336e+00   3.7476826093e-01
  -5.7167898835e-02  -5.7708023234e-02  -1.3000862662e+00  -1.3499691978e+00   5.1098932212e-01
  -5.6065022706e-02  -5.6627774435e-02  -1.3122096670e+00  -1.5293779710e+00   6.4948957117e-01
  -5.4910797379e-02  -5.5502270977e-02  -1.3201622716e+00  -1.7119431569e+00   7.9466678882e-01
  -5.3708034454e-02  -5.4319323781e-02  -1.3227128711e+00  -1.8887017467e+00   9.4032076486e-01
  -5.2463138266e-02  -5.3096745126e-02  -1.3191143725e+00  -2.0589298451e+00   1.0867006947e+00
  -5.1166546254e-02  -5.1829531406e-02  -1.3084156492e+00  -2.2201356456e+00   1.2327943637e+00
  -4.9801008403e-02  -5.0503561102e-02  -1.2890263938e+00  -2.3724141422e+00   1.3804351901e+00
  -4.8342526768e-02  -4.9098455703e-02  -1.2594561265e+00  -2.5100621497e+00   1.5265195238e+00
  -4.6754581213e-02  -4.7586597833e-02  -1.2164821228e+00  -2.6315026967e+00   1.6732311086e+00
  -4.4974374735e-02  -4.5922564593e-02  -1.1552712813e+00  -2.7297808411e+00   1.8199785983e+00
  -4.2998052848e-02  -4.4026184878e-02  -1.0715384443e+00  -2.7910868724e+00   1.9598499143e+00
  -4.1070655474e-02  -4.1969920818e-02  -9.7508332541e-01  -2.8023469416e+00   2.0714879685e+00
  -3.9362305491e-02  -4.0171390129e-02  -8.7830012666e-01  -2.7720250151e+00   2.1486174082e+00
  -3.7805683954e-02  -3.8553220854e-02  -7.8135448208e-01  -2.7123116828e+00   2.2010189331e+00
  -3.6354604293e-02  -3.7058147054e-02  -6.8443606662e-01  -2.6303422955e+00   2.2342339513e+00
  -3.4979688191e-02  -3.5651061533e-02  -5.8781080402e-01  -2.5309573284e+00   2.2518129912e+00
  -3.3660687901e-02  -3.4308314849e-02  -4.9113296547e-01  -2.4169024579e+00   2.2561855076e+00
  -3.2382721616e-02  -3.3013060953e-02  -3.9417374183e-01  -2.2900003945e+00   2.2488568703e+00
  -3.1134000315e-02  -3.1752382279e-02  -2.9720230501e-01  -2.1521543028e+00   2.2308602123e+00
  -2.9904597774e-02  -3.0515618351e-02  -2.0033074499e-01  -2.0047785811e+00   2.2029562470e+00
  -2.8685747466e-02  -2.9293577198e-02  -1.0356425898e-01  -1.8488705648e+00   2.1656240124e+00
  -2.7469270579e-02  -2.8077917734e-02  -6.8481659585e-03  -1.6851004347e+00   2.1190658563e+00
  -2.6247064189e-02  -2.6860623423e-02   8.9886894448e-02  -1.5139126850e+00   2.0632202798e+00
  -2.5014821667e-02  -2.5633504956e-02   1.8634261680e-01  -1.3362735284e+00   1.9980308999e+00
  -2.3783464998e-02  -2.4396138378e-02   2.8092626006e-01  -1.1556184199e+00   1.9243912759e+00
  -2.2559798503e-02  -2.3170791618e-02   3.7249816545e-01  -9.7473097326e-01   1.8431490371e+00
  -2.1333573805e-02  -2.1948805389e-02   4.6127575875e-01  -7.9373307134e-01   1.7539870089e+00
  -2.0092652379e-02  -2.0718342222e-02   5.4748202367e-01  -6.1252815401e-01   1.6561894941e+00
  -1.8823713972e-02  -1.9466962537e-02   6.3114344844e-01  -4.3124145064e-01   1.5487996376e+00
  -1.7510956879e-02  -1.8180465406e-02   7.1202647219e-01  -2.5040619804e-01   1.4307022687e+00
  -1.6134263046e-02  -1.6841448352e-02   7.9024381586e-01  -6.9553621414e-02   1.2994550895e+00
  -1.4716027676e-02  -1.5427077741e-02   8.6301366382e-01   1.0507984610e-01   1.1572637531e+00
  -1.3323109993e-02  -1.4004977611e-02   9.2681403298e-01   2.6482085946e-01   1.0097657804e+00
  -1.1982185388e-02  -1.2641242376e-02   9.7934516258e-01   4.0292872253e-01   8.6391847908e-01
  -1.0682244316e-02  -1.1323128401e-02   1.0224664353e+00   5.2309147432e-01   7.1750463731e-01
  -9.4147914636e-03  -1.0041360232e-02   1.0566951024e+00   6.2589557733e-01   5.7083722150e-01
  -8.1726570787e-03  -8.7882226952e-03   1.0825138480e+00   7.1195336844e-01   4.2417206122e-01
  -6.9495966886e-03  -7.5570914623e-03   1.1003786256e+00   7.8191699159e-01   2.7763893514e-01
  -5.7399918747e-03  -6.3421019150e-03   1.1106934587e+00   8.3640628189e-01   1.3126827797e-01
  -4.5386011756e-03  -5.1378818345e-03   1.1137929312e+00   8.7595400039e-01  -1.4983416902e-02
  -3.3403364641e-03  -3.9393205168e-03   1.1099313427e+00   9.0096648272e-01  -1.6120839218e-01
  -2.1400090595e-03  -2.7413524114e-03   1.0991599136e+00   9.1167129351e-01  -3.0850166535e-01
  -9.3212634877e-04  -1.5386657077e-03   1.0817187244e+00   9.0802592980e-01  -4.5495100416e-01
   2.8931424925e-04  -3.2558698988e-04   1.0576683177e+00   8.9022189349e-01  -6.0129085033e-01
   1.5311812089e-03   9.0421548837e-04   1.0269627753e+00   8.5810985742e-01  -7.4772121972e-01
   2.8016617177e-03   2.1581469294e-03   9.8953006590e-01   8.1140736086e-01  -8.9409070583e-01
   4.1109605850e-03   3.4451765061e-03   9.4509569854e-01   7.4947871817e-01  -1.0406030438e+00
   5.4725294366e-03   4.7767446639e-03   8.9310734497e-01   6.7112825962e-01  -1.1876545491e+00
   6.9046774823e-03   6.1683142094e-03   8.3340756167e-01   5.7562967768e-01  -1.3340042830e+00
   8.4340799804e-03   7.6410407552e-03   7.6484177133e-01   4.6052919757e-01  -1.4803003645e+00
   1.0104145255e-02   9.2271192055e-03   6.8527688680e-01   3.2126069866e-01  -1.6273339379e+00
   1.1941516552e-02   1.0981171305e-02   5.9437756697e-01   1.5601567781e-01  -1.7708356068e+00
   1.3844002375e-02   1.2901861799e-02   4.9915520679e-01  -2.3072160264e-02  -1.8968453509e+00
   1.5719327137e-02   1.4786142951e-02   4.0558955018e-01  -2.0451023409e-01  -1.9974006324e+00
   1.7600566921e-02   1.6652511322e-02   3.1491432470e-01  -3.8525946701e-01  -2.0720924475e+00
   1.9538400328e-02   1.8548622520e-02   2.2633105591e-01  -5.6641407972e-01  -2.1208340201e+00
   2.1598120379e-02   2.0528178135e-02   1.3972240141e-01  -7.4788366295e-01  -2.1400580297e+00
   2.3888292623e-02   2.2668062623e-02   5.5034631693e-02  -9.2934927842e-01  -2.1215967106e+00
   2.6618799763e-02   2.5108522624e-02  -2.7725626310e-02  -1.1096521156e+00  -2.0457120092e+00
   2.9401618874e-02   2.8129076902e-02  -9.0764942644e-02  -1.2462878471e+00  -1.9136389133e+00
   3.1692531966e-02   3.0674160846e-02  -1.2557186634e-01  -1.3168908267e+00  -1.7659302416e+00
   3.3600221992e-02   3.2710903086e-02  -1.4288103976e-01  -1.3441300909e+00  -1.6189807293e+00
   3.5300111210e-02   3.4489540898e-02  -1.4981983432e-01  -1.3432813176e+00  -1.4717360502e+00
   3.6869555690e-02   3.6110681521e-02  -1.4955345035e-01  -1.3212374421e+00  -1.3254458525e+00
   3.8351830203e-02   3.7628429858e-02  -1.4390482406e-01  -1.2816399979e+00  -1.1789457386e+00
   3.9774323875e-02   3.9075230547e-02  -1.3397897006e-01  -1.2266977839e+00  -1.0325691540e+00
   4.1156420734e-02   4.0473417203e-02  -1.2042403460e-01  -1.1572510190e+00  -8.8542354298e-01
   4.2513044807e-02   4.1839424264e-02  -1.0394694472e-01  -1.0750039309e+00  -7.3932595108e-01
   4.3856500443e-02   4.3186665349e-02  -8.4801770549e-02  -9.7973077581e-01  -5.9294169093e-01
   4.5197538296e-02   4.4526335537e-02  -6.3169066425e-02  -8.7106088364e-01  -4.4578629993e-01
   4.6546249027e-02   4.5868741055e-02  -3.9589914989e-02  -7.5058593351e-01  -3.0005296390e-01
   4.7912792377e-02   4.7223756999e-02  -1.3726143957e-02  -6.1548670156e-01  -1.5279632814e-01
   4.9307828469e-02   4.8601827754e-02   1.3796196752e-02  -4.6798716167e-01  -7.0729799564e-03
   5.0743392454e-02   5.0013829184e-02   4.3471082675e-02  -3.0437467543e-01   1.3997192430e-01
   5.2207825414e-02   5.1472955725e-02   7.4415252702e-02  -1.2851403667e-01   2.8407649360e-01
   5.3650667067e-02   5.2942695103e-02   1.0528532148e-01   5.2376832544e-02   4.1977378964e-01
   5.5047776467e-02   5.4358639031e-02   1.3513497992e-01   2.3255269550e-01   5.4412704184e-01
   5.6414013560e-02   5.5736913904e-02   1.6445792819e-01   4.1464553071e-01   6.6021315976e-01
   5.7762323677e-02   5.7091113216e-02   1.9271608625e-01   5.9491113770e-01   7.6670641679e-01
   5.9104466362e-02   5.8433534137e-02   2.2033922173e-01   7.7564089566e-01   8.6590953452e-01
   6.0451808752e-02   5.9775398588e-02   2.4745781768e-01   9.5740355699e-01   9.5868813540e-01
   6.1816225066e-02   6.1128218917e-02   2.7367305003e-01   1.1371698386e+00   1.0440960808e+00
   6.3211375120e-02   6.2504231215e-02   2.9967290224e-01   1.3194106431e+00   1.1246674943e+00
   6.4653930942e-02   6.3918519026e-02   3.2487621621e-01   1.4998995143e+00   1.1988361791e+00
   6.6165814248e-02   6.5389342859e-02   3.4958844185e-01   1.6807046424e+00   1.2678154372e+00
   6.7779318088e-02   6.6942285637e-02   3.7382010058e-01   1.8621280275e+00   1.3318552510e+00
   6.9546485745e-02   6.8616350540e-02   3.9732563045e-01   2.0430035798e+00   1.3906367795e+00
   7.1567532276e-02   7.0476620951e-02   4.2008794946e-01   2.2251631648e+00   1.4446466961e+00
   7.4104885422e-02   7.2658443602e-02   4.4125705688e-01   2.4083088829e+00   1.4932211411e+00
   7.7526520153e-02   7.5551327241e-02   4.5506543320e-01   2.5669401988e+00   1.5289727625e+00
   8.1476905976e-02   7.9501713064e-02   4.4750102007e-01   2.6169497909e+00   1.5343165621e+00
   8.5477905063e-02   8.3452098887e-02   4.1036444884e-01   2.5145518172e+00   1.5050100627e+00
   8.8741837857e-02   8.7503711239e-02   3.5782075536e-01   2.3260868883e+00   1.4590524982e+00
   9.0981550477e-02   8.9979964474e-02   3.0959643515e-01   2.1438432566e+00   1.4161766201e+00
   9.2861396960e-02   9.1983136480e-02   2.6213937423e-01   1.9623943309e+00   1.3735438556e+00
   9.4541878575e-02   9.3739657440e-02   2.1474435267e-01   1.7807198970e+00   1.3303669345e+00
   9.6096131064e-02   9.5344099709e-02   1.6759781194e-01   1.6000591040e+00   1.2866136589e+00
   9.7565832357e-02   9.6848162418e-02   1.2040706912e-01   1.4193844612e+00   1.2417961835e+00
   9.8977729923e-02   9.8283502295e-02   7.2963015464e-02   1.2377734577e+00   1.1954581911e+00
   1.0035123539e-01   9.9671957551e-02   2.5910296880e-02   1.0574259819e+00   1.1479599026e+00
   1.0170158899e-01   1.0103051323e-01  -2.1338602436e-02   8.7569455240e-01   1.0983932186e+00
   1.0304161504e-01   1.0237266476e-01  -6.7873090039e-02   6.9556571982e-01   1.0473524421e+00
   1.0438312125e-01   1.0371056532e-01  -1.1427267202e-01   5.1412545968e-01   9.9376523066e-01
   1.0573772454e-01   1.0505567718e-01  -1.5985201430e-01   3.3316831223e-01   9.3785046366e-01
   1.0711777092e-01   1.0641977189e-01  -2.0439553529e-01   1.5242501918e-01   8.7918718310e-01
   1.0853732118e-01   1.0781576996e-01  -2.4754861875e-01  -2.8173481690e-02   8.1733064060e-01
   1.1001381601e-01   1.0925887241e-01  -2.8903045322e-01  -2.0967367285e-01   7.5131898855e-01
   1.1157029742e-01   1.1076875960e-01  -3.2784336408e-01  -3.9099632285e-01   6.8073459631e-01
   1.1323910999e-01   1.1237183524e-01  -3.6282118647e-01  -5.7165834617e-01   6.0469772994e-01
   1.1507083258e-01   1.1410638474e-01  -3.9244122361e-01  -7.5266701855e-01   5.2109603684e-01
   1.1715595752e-01   1.1603528043e-01  -4.1357933369e-01  -9.3427879103e-01   4.2676001741e-01
   1.1969438156e-01   1.1827663460e-01  -4.1934849575e-01  -1.1166777437e+00   3.1514555556e-01
   1.2294359536e-01   1.2111212852e-01  -3.9330266398e-01  -1.2855245814e+00   1.8088182521e-01
   1.2658882411e-01   1.2477506220e-01  -3.2111253331e-01  -1.3922517405e+00   4.4978734940e-02
   1.2978377682e-01   1.2840258601e-01  -2.2422572133e-01  -1.4180701704e+00  -5.8309858046e-02
   1.3235774354e-01   1.3116496762e-01  -1.2699686106e-01  -1.3967359851e+00  -1.2956277925e-01
   1.3465455028e-01   1.3355051945e-01  -3.0041771953e-02  -1.3508049594e+00  -1.8413436320e-01
   1.3682756115e-01   1.3575858111e-01   6.7100120136e-02  -1.2877667773e+00  -2.2842306078e-01
   1.3897182370e-01   1.3789654119e-01   1.6381541735e-01  -1.2110574844e+00  -2.6543545115e-01
   1.4117369974e-01   1.4004710620e-01   2.6084239330e-01  -1.1205272071e+00  -2.9761178057e-01
   1.4354874708e-01   1.4230029328e-01   3.5796510545e-01  -1.0140221543e+00  -3.2664469186e-01
   1.4633888714e-01   1.4479720088e-01   4.5576488030e-01  -8.8269404001e-01  -3.5499408699e-01
   1.4981236160e-01   1.4788057341e-01   5.4301016932e-01  -7.1890396269e-01  -3.8457724988e-01
   1.5385946366e-01   1.5174414979e-01   5.8517031525e-01  -5.3821500272e-01  -4.1518008159e-01
   1.5819320894e-01   1.5597477754e-01   5.4965009107e-01  -3.6775744170e-01  -4.4622181794e-01
   1.6184740152e-01   1.6041164034e-01   4.5705789407e-01  -2.4652450884e-01  -4.7101391168e-01
   1.6440447902e-01   1.6328316269e-01   3.5919355813e-01  -1.7566358170e-01  -4.8639893472e-01
   1.6650136438e-01   1.6552579535e-01   2.6203025016e-01  -1.2623309958e-01  -4.9675692160e-01
   1.6837033901e-01   1.6747693341e-01   1.6508718989e-01  -8.8670080817e-02  -5.0352355705e-01
   1.7010830122e-01   1.6926374462e-01   6.8061522804e-02  -5.9092955234e-02  -5.0714201492e-01
   1.7177006805e-01   1.7095285781e-01  -2.8769574106e-02  -3.5652095219e-02  -5.0768637669e-01
   1.7339327517e-01   1.7258727828e-01  -1.2544708983e-01  -1.7218366425e-02  -5.0507134320e-01
   1.7500830949e-01   1.7419927206e-01  -2.2239928256e-01  -3.1315881117e-03  -4.9900936991e-01
   1.7664414492e-01   1.7581734693e-01  -3.1909797348e-01   6.7914550420e-03  -4.8909937257e-01
   1.7833348868e-01   1.7747094292e-01  -4.1613551756e-01   1.2560728033e-02  -4.7459445022e-01
   1.8011963246e-01   1.7919603443e-01  -5.1295867645e-01   1.3737605282e-02  -4.5450690711e-01
   1.8207106981e-01   1.8104323049e-01  -6.1008042491e-01   9.3457217875e-03  -4.2691753802e-01
   1.8432341455e-01   1.8309890913e-01  -7.0731866347e-01  -2.9112057000e-03  -3.8825613229e-01
   1.8730324195e-01   1.8554791997e-01  -8.0636263334e-01  -3.0644229062e-02  -3.2715883492e-01
   1.9198932527e-01   1.8905856393e-01  -8.8068498851e-01  -9.7992709868e-02  -2.1707381989e-01
   1.9726099767e-01   1.9492008661e-01  -8.4688046869e-01  -1.9807646770e-01  -9.3748565065e-02
   2.0095746375e-01   1.9960190873e-01  -7.4735068342e-01  -2.7712266812e-01  -2.2642374063e-02
   2.0338988416e-01   2.0231301878e-01  -6.4971019438e-01  -3.2930759877e-01   1.0314106161e-02
   2.0540576969e-01   2.0446674954e-01  -5.5244997809e-01  -3.7067512043e-01   2.7041818338e-02
   2.0720180342e-01   2.0634478985e-01  -4.5567268912e-01  -4.0470975393e-01   3.2749183208e-02
   2.0886272091e-01   2.0805881699e-01  -3.5869897227e-01  -4.3309269721e-01   2.9770894268e-02
   2.1043552366e-01   2.0966662483e-01  -2.6200935294e-01  -4.5636063252e-01   1.9342913278e-02
   2.1195075282e-01   2.1120442249e-01  -1.6507765006e-01  -4.7495334037e-01   2.1358977754e-03
   2.1343051381e-01   2.1269708315e-01  -6.8215646998e-02  -4.8887418294e-01  -2.1388298455e-02
   2.1489263354e-01   2.1416394446e-01   2.8533785998e-02  -4.9804538414e-01  -5.0955704952e-02
   2.1635282734e-01   2.1562132261e-01   1.2525865275e-01  -5.0224834412e-01  -8.6480780141e-02
   2.1782637853e-01   2.1708433207e-01   2.2205971070e-01  -5.0107925306e-01  -1.2803870819e-01
   2.1932969182e-01   2.1856842500e-01   3.1893983844e-01  -4.9391789540e-01  -1.7581107865e-01
   2.2088202986e-01   2.2009095864e-01   4.1568942762e-01  -4.7991462972e-01  -2.3000006237e-01
   2.2250829290e-01   2.2167310109e-01   5.1256846353e-01  -4.5774876103e-01  -2.9127280614e-01
   2.2424396686e-01   2.2334348470e-01   6.0942931398e-01  -4.2548549328e-01  -3.6038615377e-01
   2.2614578731e-01   2.2514444901e-01   7.0637469681e-01  -3.7985530564e-01  -4.3883529938e-01
   2.2832036589e-01   2.2714712560e-01   8.0342144401e-01  -3.1480578169e-01  -5.2928711782e-01
   2.3104116554e-01   2.2949360617e-01   9.0156269300e-01  -2.1451573431e-01  -6.3925976157e-01
   2.3446740230e-01   2.3258872491e-01   9.8418289386e-01  -6.3053376131e-02  -7.6294527704e-01
   2.3803867974e-01   2.3634607970e-01   1.0203172368e+00   1.1773082019e-01  -8.6456150690e-01
   2.4135828121e-01   2.3973127978e-01   1.0062822884e+00   2.9876150265e-01  -9.2455832575e-01
   2.4464229029e-01   2.4298528263e-01   9.4951851377e-01   4.7973872925e-01  -9.4553122151e-01
   2.4774388155e-01   2.4629929796e-01   8.6152073470e-01   6.4266927453e-01  -9.2885407910e-01
   2.5038396827e-01   2.4918846514e-01   7.6407888803e-01   7.6818959214e-01  -8.8677313424e-01
   2.5265231116e-01   2.5157947139e-01   6.6715663477e-01   8.6150730729e-01  -8.3129535357e-01
   2.5473031395e-01   2.5372515093e-01   5.7020530199e-01   9.3243031494e-01  -7.6627433479e-01
   2.5670511721e-01   2.5573547696e-01   4.7321408399e-01   9.8472479374e-01  -6.9352627253e-01
   2.5863194685e-01   2.5767475745e-01   3.7650703408e-01   1.0199077691e+00  -6.1423965830e-01
   2.6055367048e-01   2.5958913624e-01   2.7984465316e-01   1.0385223460e+00  -5.2865268716e-01
   2.6251072899e-01   2.6151820472e-01   1.8293892501e-01   1.0398880057e+00  -4.3648737907e-01
   2.6454940182e-01   2.6350325326e-01   8.5904781171e-02   1.0221041902e+00  -3.3742442164e-01
   2.6673238471e-01   2.6559555038e-01  -1.0836760538e-02   9.8200394803e-01  -2.3103465851e-01
   2.6916222718e-01   2.6786921904e-01  -1.0779228774e-01   9.1329191982e-01  -1.1502234041e-01
   2.7205175754e-01   2.7045523533e-01  -2.0518767005e-01   8.0258570299e-01   1.4766579408e-02
   2.7542659499e-01   2.7364827974e-01  -2.9139718149e-01   6.4389203549e-01   1.4825747011e-01
   2.7889122059e-01   2.7720491024e-01  -3.4842769163e-01   4.6244602363e-01   2.5907256006e-01
   2.8234944938e-01   2.8057753094e-01  -3.7474938345e-01   2.8080610245e-01   3.3765783540e-01
   2.8629386712e-01   2.8412136782e-01  -3.7415769073e-01   9.7810345082e-02   3.8560984833e-01
   2.9276767405e-01   2.8846636642e-01  -3.3393588991e-01  -7.8276513668e-02   3.7251693138e-01
   3.0061497953e-01   2.9706898168e-01  -2.9497062537e-01  -5.1208900768e-02   2.6569763890e-01
   3.0637126398e-01   3.0416097737e-01  -3.1594308272e-01   1.2993139806e-01   1.7140552441e-01
   3.1056872481e-01   3.0858155059e-01  -3.6992814369e-01   3.1269757933e-01   1.2600072888e-01
   3.1463802338e-01   3.1255589902e-01  -4.4893515558e-01   4.9188201962e-01   1.1906283992e-01
   3.1872411652e-01   3.1672014775e-01  -5.4379585500e-01   6.4223935322e-01   1.5872077566e-01
   3.2287356189e-01   3.2072808529e-01  -6.4049640056e-01   7.3759818656e-01   2.5190673404e-01
   3.2687829824e-01   3.2501903849e-01  -7.1735815426e-01   7.6138659849e-01   3.8801962731e-01
   3.3033830393e-01   3.2873755799e-01  -7.5786300458e-01   7.2390945134e-01   5.3527810698e-01
   3.3344961879e-01   3.3193904987e-01  -7.6551983027e-01   6.4766768416e-01   6.8199806282e-01
   3.3648870306e-01   3.3496018770e-01  -7.4200748596e-01   5.4132652339e-01   8.2878745893e-01
   3.3967017916e-01   3.3801721842e-01  -6.8206494333e-01   4.0606048483e-01   9.7480198773e-01
   3.4270881407e-01   3.4132313990e-01  -5.9231226045e-01   2.6489187817e-01   1.0963242693e+00
   3.4523117408e-01   3.4409448823e-01  -4.9492238815e-01   1.4568968302e-01   1.1764203502e+00
   3.4737466320e-01   3.4636785992e-01  -3.9789790859e-01   4.7283232523e-02   1.2251858147e+00
   3.4931156545e-01   3.4838146648e-01  -3.0117904113e-01  -3.6744432412e-02   1.2515165523e+00
   3.5112509625e-01   3.5024166442e-01  -2.0413231135e-01  -1.1013181211e-01   1.2594284609e+00
   3.5286583623e-01   3.5200852807e-01  -1.0723824348e-01  -1.7445865191e-01   1.2506662371e+00
   3.5457029672e-01   3.5372314438e-01  -1.0351936844e-02  -2.3122066158e-01   1.2259660128e+00
   3.5626879955e-01   3.5541744907e-01   8.6362292597e-02  -2.8138364195e-01   1.1852807361e+00
   3.5799061964e-01   3.5712015003e-01   1.8315304251e-01  -3.2594822376e-01   1.1275883893e+00
   3.5976860714e-01   3.5886108925e-01   2.7996108361e-01  -3.6568002209e-01   1.0509752761e+00
   3.6164560677e-01   3.6067612502e-01   3.7690640932e-01  -4.0149841328e-01   9.5193020438e-01
   3.6366197227e-01   3.6261508852e-01   4.7267673142e-01  -4.3414824444e-01   8.2649747464e-01
   3.6568115675e-01   3.6470885602e-01   5.5853124829e-01  -4.6265039168e-01   6.8270925462e-01
   3.6754825006e-01   3.6665345748e-01   6.2700916884e-01  -4.8671173981e-01   5.3624271724e-01
   3.6928695524e-01   3.6844304263e-01   6.8079895167e-01  -5.0870569437e-01   3.8943571580e-01
   3.7094160435e-01   3.7013086785e-01   7.2220839945e-01  -5.3030542045e-01   2.4341045637e-01
   3.7254251576e-01   3.7175234086e-01   7.5345937172e-01  -5.5314464203e-01   9.6059651029e-02
   3.7411286219e-01   3.7333269067e-01   7.7513883788e-01  -5.7788665605e-01  -5.0127782644e-02
   3.7567245930e-01   3.7489303370e-01   7.8832881669e-01  -6.0564147394e-01  -1.9644476753e-01
   3.7723981263e-01   3.7645188489e-01   7.9348283470e-01  -6.3735037716e-01  -3.4304059564e-01
   3.7883443336e-01   3.7802774038e-01   7.9080168120e-01  -6.7401516779e-01  -4.8994703337e-01
   3.8047891362e-01   3.7964112633e-01   7.8037262795e-01  -7.1647920522e-01  -6.3616613329e-01
   3.8220252201e-01   3.8131670090e-01   7.6189962152e-01  -7.6648627917e-01  -7.8289457055e-01
   3.8404748900e-01   3.8308834311e-01   7.3486164136e-01  -8.2571061144e-01  -9.2926388977e-01
   3.8608416343e-01   3.8500663490e-01   6.9765669332e-01  -8.9782353699e-01  -1.0765480147e+00
   3.8845280006e-01   3.8716169196e-01   6.4770496398e-01  -9.8795854146e-01  -1.2234787762e+00
   3.9152402103e-01   3.8974390817e-01   5.7649236214e-01  -1.1113665427e+00  -1.3710724542e+00
   3.9540749083e-01   3.9330413390e-01   4.8551546862e-01  -1.2650114574e+00  -1.4815294023e+00
   3.9998842425e-01   3.9751084777e-01   3.8843289522e-01  -1.4190048075e+00  -1.4975335821e+00
   4.0461283637e-01   4.0246600073e-01   3.0929652169e-01  -1.5155591833e+00  -1.3974920068e+00
   4.0824270461e-01   4.0675967201e-01   2.6102588982e-01  -1.5314563832e+00  -1.2474261531e+00
   4.1098573482e-01   4.0972573721e-01   2.3085326331e-01  -1.4999945300e+00  -1.1001899465e+00
   4.1339891324e-01   4.1224573243e-01   2.0645586068e-01  -1.4393837020e+00  -9.5320249374e-01
   4.1565410983e-01   4.1455209406e-01   1.8363539883e-01  -1.3549002487e+00  -8.0681861723e-01
   4.1784309690e-01   4.1675612559e-01   1.5952245240e-01  -1.2472219727e+00  -6.5992592516e-01
   4.2003306119e-01   4.1893006820e-01   1.3190547206e-01  -1.1162810259e+00  -5.1347699268e-01
   4.2228473499e-01   4.2113605417e-01   9.8107681744e-02  -9.5940239433e-01  -3.6725199982e-01
   4.2453237295e-01   4.2343341581e-01   5.7412542500e-02  -7.8326312582e-01  -2.2958431912e-01
   4.2665741155e-01   4.2563133009e-01   1.1513954842e-02  -6.0237386172e-01  -1.1080860260e-01
   4.2866541872e-01   4.2768349302e-01  -3.9320588341e-02  -4.2127750145e-01  -1.1056739613e-02
   4.3060534923e-01   4.2964734442e-01  -9.5481542078e-02  -2.4050822759e-01   7.1593981379e-02
   4.3251356087e-01   4.3156335404e-01  -1.5761488974e-01  -5.9627099339e-02   1.3855541335e-01
   4.3442094964e-01   4.3346376770e-01  -2.2639769592e-01   1.2156579445e-01   1.9028180761e-01
   4.3635753672e-01   4.3537813158e-01  -3.0218286136e-01   3.0223692683e-01   2.2643761762e-01
   4.3835654627e-01   4.3733694186e-01  -3.8616733091e-01   4.8321707900e-01   2.4647596179e-01
   4.4043662500e-01   4.3937615068e-01  -4.7812966320e-01   6.6195077692e-01   2.4894348559e-01
   4.4253985249e-01   4.4149709932e-01  -5.7486142171e-01   8.3130126198e-01   2.3322419374e-01
   4.4462320710e-01   4.4358260566e-01  -6.7151862388e-01   9.8376741642e-01   2.0101206290e-01
   4.4672758775e-01   4.4566380855e-01  -7.6828092055e-01   1.1214356203e+00   1.5351208928e-01
   4.4891196447e-01   4.4779136694e-01  -8.6520450093e-01   1.2455623823e+00   9.0789001522e-02
   4.5126594965e-01   4.5003256200e-01  -9.6217766235e-01   1.3567372101e+00   1.1577331431e-02
   4.5397375997e-01   4.5249933730e-01  -1.0597309872e+00   1.4557034541e+00  -8.9093440000e-02
   4.5735951527e-01   4.5544818263e-01  -1.1523258056e+00   1.5372894293e+00  -2.1814279343e-01
   4.6162797951e-01   4.5927084791e-01  -1.2103652298e+00   1.5818347000e+00  -3.6555920833e-01
   4.6651114958e-01   4.6398511111e-01  -1.1815373859e+00   1.5697465468e+00  -4.8251589861e-01
   4.7039569429e-01   4.6903718805e-01  -1.0830066630e+00   1.5265759195e+00  -5.1957253779e-01
   4.7279185709e-01   4.7175420054e-01  -9.8499196600e-01   1.4884518559e+00  -5.0966367481e-01
   4.7471013751e-01   4.7382951364e-01  -8.8795592767e-01   1.4536019815e+00  -4.8309312379e-01
   4.7637515518e-01   4.7559076137e-01  -7.9100018546e-01   1.4207270182e+00  -4.4653663359e-01
   4.7787857922e-01   4.7715954898e-01  -6.9409725631e-01   1.3892233335e+00  -4.0294000338e-01
   4.7926958189e-01   4.7859760947e-01  -5.9735749277e-01   1.3586879582e+00  -3.5403059445e-01
   4.8057834895e-01   4.7994155431e-01  -5.0053993998e-01   1.3286984238e+00  -3.0073577636e-01
   4.8182509209e-01   4.8121514360e-01  -4.0346752709e-01   1.2989073028e+00  -2.4365467209e-01
   4.8302447802e-01   4.8243504059e-01  -3.0668608102e-01   1.2692180502e+00  -1.8363451499e-01
   4.8418778828e-01   4.8361391545e-01  -2.1047427805e-01   1.2394755330e+00  -1.2129549223e-01
   4.8532376560e-01   4.8476166111e-01  -1.1272144466e-01   1.2087834973e+00  -5.5530413474e-02
   4.8643981443e-01   4.8588587009e-01  -1.6964949892e-02   1.1780255432e+00   1.1012812899e-02
   4.8754242565e-01   4.8699375878e-01   8.0902034074e-02   1.1456360172e+00   8.0982734009e-02
   4.8863737676e-01   4.8809109251e-01   1.7708178892e-01   1.1126120955e+00   1.5150831872e-01
   4.8973025032e-01   4.8918366101e-01   2.7371749395e-01   1.0779744169e+00   2.2397265538e-01
   4.9082651997e-01   4.9027683962e-01   3.7114911637e-01   1.0412605500e+00   2.9854015291e-01
   4.9193180318e-01   4.9137620032e-01   4.6706361577e-01   1.0030268361e+00   3.7330989725e-01
   4.9305229898e-01   4.9248740604e-01   5.6483393382e-01   9.6150855697e-01   4.5081810759e-01
   4.9419488176e-01   4.9361719191e-01   6.6078021536e-01   9.1779803689e-01   5.2805716203e-01
   4.9536771504e-01   4.9477257160e-01   7.5806140311e-01   8.6990128987e-01   6.0747242391e-01
   4.9658103552e-01   4.9596285849e-01   8.5485120575e-01   8.1791344713e-01   6.8751076926e-01
   4.9784778996e-01   4.9719921256e-01   9.5134317300e-01   7.6084362210e-01   7.6823387140e-01
   4.9924818369e-01   4.9849636737e-01   1.0527333302e+00   6.9372173155e-01   8.5397103375e-01