# time = 2.1
# Grid points = 474
# Pressure (Pa) = 101325
#             1_pos             2_posf             3_uvel             4_vvel             5_wvel
  -4.9917840810e-01  -5.0000000000e-01   1.1128764940e+00   8.0734442709e-01   1.1169160089e+00
  -4.9750814511e-01  -4.9835681619e-01   1.2096453805e+00   6.8945081488e-01   1.2194580384e+00
  -4.9566236670e-01  -4.9665947403e-01   1.3030242232e+00   5.5093964323e-01   1.3189072035e+00
  -4.9337913820e-01  -4.9466525936e-01   1.3964334885e+00   3.6934944109e-01   1.4183684299e+00
  -4.9070684198e-01  -4.9209301703e-01   1.4731949490e+00   1.4552951221e-01   1.4989746891e+00
  -4.8796632188e-01  -4.8932066692e-01   1.5135582949e+00  -9.2356238632e-02   1.5385678935e+00
  -4.8525041762e-01  -4.8661197685e-01   1.5141854853e+00  -3.3018939961e-01   1.5331441612e+00
  -4.8247325112e-01  -4.8388885839e-01   1.4751389351e+00  -5.6812833624e-01   1.4826433564e+00
  -4.7971240761e-01  -4.8105764385e-01   1.3990527792e+00  -7.9158603921e-01   1.3908134997e+00
  -4.7731406729e-01  -4.7836717138e-01   1.3058604342e+00  -9.6835915373e-01   1.2816333350e+00
  -4.7535629892e-01  -4.7626096320e-01   1.2122629741e+00  -1.0972656121e+00   1.1742496997e+00
  -4.7363463088e-01  -4.7445163464e-01   1.1191621214e+00  -1.1960646161e+00   1.0693108337e+00
  -4.7205820286e-01  -4.7281762713e-01   1.0261789648e+00  -1.2734087149e+00   9.6626788701e-01
  -4.7057922324e-01  -4.7129877858e-01   9.3296416639e-01  -1.3337154598e+00   8.6474092536e-01
  -4.6916801250e-01  -4.6985966791e-01   8.4031719796e-01  -1.3790343840e+00   7.6564442693e-01
  -4.6780432622e-01  -4.6847635709e-01   7.4680712679e-01  -1.4115390451e+00   6.6755270033e-01
  -4.6647318109e-01  -4.6713229535e-01   6.5417367277e-01  -1.4316131818e+00   5.7241398251e-01
  -4.6516256736e-01  -4.6581406684e-01   5.6134028041e-01  -1.4402867292e+00   4.7924413673e-01
  -4.6386252316e-01  -4.6451106789e-01   4.6796104058e-01  -1.4377700319e+00   3.8791433288e-01
  -4.6256404824e-01  -4.6321397844e-01   3.7494247568e-01  -1.4241933551e+00   2.9953963227e-01
  -4.6125861670e-01  -4.6191411803e-01   2.8210871282e-01  -1.3996260821e+00   2.1418158073e-01
  -4.5993776484e-01  -4.6060311536e-01   1.8942106486e-01  -1.3639413015e+00   1.3208883231e-01
  -4.5859242112e-01  -4.5927241432e-01   9.5948397907e-02  -1.3162627286e+00   5.2851764499e-02
  -4.5721266704e-01  -4.5791242792e-01   3.4619846210e-03  -1.2570151589e+00  -2.1601848372e-02
  -4.5578682495e-01  -4.5651290616e-01  -8.9970980471e-02  -1.1842047374e+00  -9.2273828309e-02
  -4.5430067193e-01  -4.5506074373e-01  -1.8270964876e-01  -1.0980394922e+00  -1.5721451906e-01
  -4.5273610223e-01  -4.5354060013e-01  -2.7583091576e-01  -9.9625238341e-01  -2.1633013898e-01
  -4.5106864371e-01  -4.5193160433e-01  -3.6871158451e-01  -8.7765106595e-01  -2.6805518350e-01
  -4.4926329074e-01  -4.5020568309e-01  -4.6183316985e-01  -7.3903703958e-01  -3.1107004342e-01
  -4.4726609887e-01  -4.4832089838e-01  -5.5480074672e-01  -5.7717353302e-01  -3.4289440427e-01
  -4.4498442178e-01  -4.4621129935e-01  -6.4795556595e-01  -3.8538319577e-01  -3.6007142552e-01
  -4.4235257510e-01  -4.4375754422e-01  -7.3782573244e-01  -1.6206174795e-01  -3.5689148372e-01
  -4.3946564586e-01  -4.4094760599e-01  -8.1475555313e-01   7.5474092967e-02  -3.2990764667e-01
  -4.3633688466e-01  -4.3798368573e-01  -8.7341027861e-01   3.1397013418e-01  -2.8007353034e-01
  -4.3268516130e-01  -4.3469008358e-01  -9.1082522641e-01   5.5301303378e-01  -2.0764256403e-01
  -4.2755929390e-01  -4.3068023901e-01  -9.1089763000e-01   7.9614964571e-01  -1.0959399715e-01
  -4.2166997226e-01  -4.2443834879e-01  -8.4741271178e-01   9.4154252441e-01  -4.1155655919e-02
  -4.1704632770e-01  -4.1890159573e-01  -7.5263729960e-01   9.5990457353e-01  -4.1235899806e-02
  -4.1367958978e-01  -4.1519105967e-01  -6.5934812444e-01   9.2804043441e-01  -7.5398877771e-02
  -4.1084966285e-01  -4.1216811989e-01  -5.6637909421e-01   8.7886263271e-01  -1.2363059502e-01
  -4.0833775233e-01  -4.0953120581e-01  -4.7330118870e-01   8.2195702283e-01  -1.7836321209e-01
  -4.0603685963e-01  -4.0714429884e-01  -3.8045435189e-01   7.6164568361e-01  -2.3515847903e-01
  -4.0388289794e-01  -4.0492942043e-01  -2.8748111846e-01   6.9954955780e-01  -2.9159650777e-01
  -4.0183252169e-01  -4.0283637546e-01  -1.9457146077e-01   6.3653187428e-01  -3.4578443557e-01
  -3.9985311918e-01  -4.0082866791e-01  -1.0160283048e-01   5.7262383804e-01  -3.9650933346e-01
  -3.9791788163e-01  -3.9887757044e-01  -8.7772801614e-03   5.0767055108e-01  -4.4267586614e-01
  -3.9600259296e-01  -3.9695819283e-01   8.4265884979e-02   4.4079679955e-01  -4.8361676356e-01
  -3.9408304632e-01  -3.9504699309e-01   1.7728529994e-01   3.7122157592e-01  -5.1841185133e-01
  -3.9213230721e-01  -3.9311909955e-01   2.7017362218e-01   2.9769349035e-01  -5.4620942896e-01
  -3.9011678658e-01  -3.9114551487e-01   3.6316136638e-01   2.1810453680e-01  -5.6607810566e-01
  -3.8798888510e-01  -3.8908805828e-01   4.5622312319e-01   1.2951244302e-01  -5.7659591706e-01
  -3.8567048920e-01  -3.8688971191e-01   5.4931499115e-01   2.6989524484e-02  -5.7553657847e-01
  -3.8300187036e-01  -3.8445126649e-01   6.4281934796e-01  -1.0001801130e-01  -5.5851035524e-01
  -3.7960165421e-01  -3.8155247422e-01   7.3505910666e-01  -2.7681902920e-01  -5.1454793277e-01
  -3.7567331486e-01  -3.7765083420e-01   7.9856051102e-01  -5.0118411161e-01  -4.3995632196e-01
  -3.7184186692e-01  -3.7369579552e-01   8.0986189918e-01  -7.3835752172e-01  -3.5121943862e-01
  -3.6818376169e-01  -3.6998793832e-01   7.7125245010e-01  -9.7594840542e-01  -2.6123903286e-01
  -3.6476920525e-01  -3.6637958505e-01   6.9349775144e-01  -1.1991500575e+00  -1.8063136007e-01
  -3.6190222515e-01  -3.6315882545e-01   5.9992474754e-01  -1.3813244303e+00  -1.1979918176e-01
  -3.5955743529e-01  -3.6064562486e-01   5.0669571947e-01  -1.5218613148e+00  -7.6943834282e-02
  -3.5747581335e-01  -3.5846924571e-01   4.1351414735e-01  -1.6374408284e+00  -4.4869868829e-02
  -3.5554555589e-01  -3.5648238098e-01   3.2027711725e-01  -1.7345626607e+00  -2.0498338754e-02
  -3.5370428246e-01  -3.5460873079e-01   2.2748029164e-01  -1.8159125035e+00  -2.2003063547e-03
  -3.5191009141e-01  -3.5279983412e-01   1.3447412296e-01  -1.8836030078e+00   1.1275044922e-02
  -3.5013002733e-01  -3.5102034870e-01   4.1426395682e-02  -1.9379176838e+00   2.0659539631e-02
  -3.4833352158e-01  -3.4923970596e-01  -5.1758821798e-02  -1.9785425306e+00   2.6566674750e-02
  -3.4648782394e-01  -3.4742733720e-01  -1.4458759088e-01  -2.0041743945e+00   2.9521861387e-02
  -3.4455195495e-01  -3.4554831069e-01  -2.3768698170e-01  -2.0127271656e+00   3.0100634031e-02
  -3.4246600922e-01  -3.4355559922e-01  -3.3082886323e-01  -1.9999027099e+00   2.8969916324e-02
  -3.4012589732e-01  -3.4137641922e-01  -4.2404155994e-01  -1.9576271353e+00   2.7207464975e-02
  -3.3729386531e-01  -3.3887537541e-01  -5.1777863003e-01  -1.8666579265e+00   2.7171606552e-02
  -3.3373119516e-01  -3.3571235521e-01  -6.0205359978e-01  -1.6925797844e+00   3.5302561290e-02
  -3.3013995431e-01  -3.3175003512e-01  -6.4779525209e-01  -1.4574581752e+00   5.7275836365e-02
  -3.2713093899e-01  -3.2852987349e-01  -6.5415504472e-01  -1.2190814153e+00   8.9527202844e-02
  -3.2444947423e-01  -3.2573200448e-01  -6.3650247648e-01  -9.8076032594e-01   1.2966214613e-01
  -3.2194996463e-01  -3.2316694398e-01  -6.0208579196e-01  -7.4315997786e-01   1.7601811801e-01
  -3.1954784063e-01  -3.2073298528e-01  -5.5438370768e-01  -5.0478978278e-01   2.2762049492e-01
  -3.1718162262e-01  -3.1836269597e-01  -4.9579457391e-01  -2.6744042181e-01   2.8284507332e-01
  -3.1479564044e-01  -3.1600054927e-01  -4.2669995000e-01  -2.8868142006e-02   3.4083859833e-01
  -3.1232750552e-01  -3.1359073161e-01  -3.4768831812e-01   2.0882383715e-01   3.9933258032e-01
  -3.0974859368e-01  -3.1106427944e-01  -2.5919146845e-01   4.4207185270e-01   4.5491024786e-01
  -3.0714129829e-01  -3.0843290792e-01  -1.6639883517e-01   6.5489168787e-01   5.0043940295e-01
  -3.0455287342e-01  -3.0584968867e-01  -7.3600145732e-02   8.3633860331e-01   5.3003565819e-01
  -3.0192288339e-01  -3.0325605817e-01   1.9473897437e-02   9.8489280521e-01   5.3953072604e-01
  -2.9918504232e-01  -3.0058970861e-01   1.1223881007e-01   1.0947717681e+00   5.2301051346e-01
  -2.9625455536e-01  -2.9778037603e-01   2.0519195905e-01   1.1579214957e+00   4.7186215675e-01
  -2.9299442333e-01  -2.9472873469e-01   2.9819809142e-01   1.1586211306e+00   3.7227003022e-01
  -2.8955416173e-01  -2.9126011198e-01   3.8227632537e-01   1.0820873333e+00   2.2075490721e-01
  -2.8641489689e-01  -2.8784821147e-01   4.4425634412e-01   9.4846615161e-01   4.6807282123e-02
  -2.8367227528e-01  -2.8498158232e-01   4.8540223294e-01   7.8746534566e-01  -1.2713558576e-01
  -2.8109973593e-01  -2.8236296824e-01   5.1168209635e-01   6.0754770653e-01  -3.0051969181e-01
  -2.7855854486e-01  -2.7983650363e-01   5.2505831736e-01   4.1034939975e-01  -4.7400175850e-01
  -2.7591378759e-01  -2.7728058609e-01   5.2461031401e-01   1.9411882772e-01  -6.4789865937e-01
  -2.7306953365e-01  -2.7454698909e-01   5.0666704912e-01  -3.8342791457e-02  -8.1592920393e-01
  -2.6996238336e-01  -2.7159207822e-01   4.6519157440e-01  -2.7702593165e-01  -9.6353390051e-01
  -2.6657645717e-01  -2.6833268850e-01   3.9307199942e-01  -5.0120922847e-01  -1.0665311692e+00
  -2.6342123777e-01  -2.6482022584e-01   3.0110653103e-01  -6.6309569833e-01  -1.0983153442e+00
  -2.6083514468e-01  -2.6202224969e-01   2.0774212534e-01  -7.5358650667e-01  -1.0714884522e+00
  -2.5858769354e-01  -2.5964803967e-01   1.1483197176e-01  -7.9816156576e-01  -1.0085426672e+00
  -2.5655037453e-01  -2.5752734742e-01   2.1626345968e-02  -8.1071832571e-01  -9.1985495945e-01
  -2.5465278369e-01  -2.5557340165e-01  -7.1170639342e-02  -7.9877183800e-01  -8.1221555447e-01
  -2.5284972121e-01  -2.5373216573e-01  -1.6432485580e-01  -7.6703344029e-01  -6.8861444913e-01
  -2.5110888879e-01  -2.5196727669e-01  -2.5715370053e-01  -7.1888938608e-01  -5.5251817600e-01
  -2.4940443518e-01  -2.5025050088e-01  -3.5042685952e-01  -6.5608099704e-01  -4.0456357914e-01
  -2.4771352258e-01  -2.4855836948e-01  -4.4330528167e-01  -5.8060283888e-01  -2.4729908021e-01
  -2.4601470591e-01  -2.4686867567e-01  -5.3614445055e-01  -4.9313820510e-01  -8.1001642893e-02
  -2.4431234304e-01  -2.4516073614e-01  -6.2740061631e-01  -3.9576153140e-01   9.0934225173e-02
  -2.4261819605e-01  -2.4346394993e-01  -7.1525524644e-01  -2.9099562883e-01   2.6446163588e-01
  -2.4091346566e-01  -2.4177244216e-01  -7.9919989699e-01  -1.7978266123e-01   4.3811663624e-01
  -2.3916427906e-01  -2.4005448915e-01  -8.7894194205e-01  -6.2225624848e-02   6.1125274286e-01
  -2.3732807788e-01  -2.3827406896e-01  -9.5470601412e-01   6.3565227755e-02   7.8515220977e-01
  -2.3534180132e-01  -2.3638208681e-01  -1.0249915969e+00   1.9869933122e-01   9.5846260308e-01
  -2.3309001431e-01  -2.3430151584e-01  -1.0883161733e+00   3.4884075789e-01   1.1327095612e+00
  -2.3027701721e-01  -2.3187851277e-01  -1.1388613872e+00   5.2642219155e-01   1.3082087517e+00
  -2.2645548597e-01  -2.2867552165e-01  -1.1513741613e+00   7.4386075504e-01   1.4609759741e+00
  -2.2235484195e-01  -2.2423545029e-01  -1.0922423697e+00   9.4359117217e-01   1.5137672045e+00
  -2.1926377134e-01  -2.2047423360e-01  -9.9676638810e-01   1.0700925050e+00   1.4773603319e+00
  -2.1707588367e-01  -2.1805330907e-01  -9.0309673659e-01   1.1474283422e+00   1.4142696170e+00
  -2.1524632204e-01  -2.1609845826e-01  -8.0988571068e-01   1.2051219614e+00   1.3413593223e+00
  -2.1362140285e-01  -2.1439418582e-01  -7.1677227066e-01   1.2515473633e+00   1.2634896751e+00
  -2.1213035299e-01  -2.1284861988e-01  -6.2371358612e-01   1.2904497543e+00   1.1830283934e+00
  -2.1073297734e-01  -2.1141208611e-01  -5.3075714851e-01   1.3238879477e+00   1.1014028344e+00
  -2.0940352536e-01  -2.1005386857e-01  -4.3791444583e-01   1.3531311935e+00   1.0195212689e+00
  -2.0812417356e-01  -2.0875318216e-01  -3.4462717304e-01   1.3791534042e+00   9.3753213959e-01
  -2.0688161592e-01  -2.0749516496e-01  -2.5154668581e-01   1.4023089649e+00   8.5650301339e-01
  -2.0566526556e-01  -2.0626806687e-01  -1.5840349013e-01   1.4230481631e+00   7.7660066955e-01
  -2.0446637627e-01  -2.0506246426e-01  -6.5524860765e-02   1.4415539758e+00   6.9844612233e-01
  -2.0327734466e-01  -2.0387028829e-01   2.7221771166e-02   1.4580195611e+00   6.2222550618e-01
  -2.0209126970e-01  -2.0268440103e-01   1.1994186616e-01   1.4725401782e+00   5.4814065609e-01
  -2.0090147165e-01  -2.0149813836e-01   2.1364895202e-01   1.4852333095e+00   4.7573093287e-01
  -1.9970122365e-01  -2.0030480494e-01   3.0643583668e-01   1.4957701706e+00   4.0678717011e-01
  -1.9848348986e-01  -1.9909764236e-01   3.9931320262e-01   1.5041644793e+00   3.4084270314e-01
  -1.9724048137e-01  -1.9786933735e-01   4.9227710314e-01   1.5101890316e+00   2.7828418286e-01
  -1.9596323099e-01  -1.9661162539e-01   5.8517914734e-01   1.5135161308e+00   2.1964170406e-01
  -1.9464093815e-01  -1.9531483659e-01   6.7814598402e-01   1.5137034726e+00   1.6534660197e-01
  -1.9325989426e-01  -1.9396703971e-01   7.7135117772e-01   1.5101058883e+00   1.1595252797e-01
  -1.9180212350e-01  -1.9255274881e-01   8.6428602922e-01   1.5018513513e+00   7.2534106672e-02
  -1.9024256431e-01  -1.9105149818e-01   9.5735850139e-01   1.4876147609e+00   3.5953892488e-02
  -1.8854366466e-01  -1.8943363044e-01   1.0504340465e+00   1.4653931648e+00   7.8002208538e-03
  -1.8664397079e-01  -1.8765369889e-01   1.1435501833e+00   1.4318239854e+00  -9.6002951225e-03
  -1.8442730585e-01  -1.8563424269e-01   1.2368020153e+00   1.3805136131e+00  -1.2182520584e-02
  -1.8160313917e-01  -1.8322036901e-01   1.3308668902e+00   1.2953125928e+00   9.3278255342e-03
  -1.7756259117e-01  -1.7998590933e-01   1.4166297156e+00   1.1347047334e+00   7.8029798205e-02
  -1.7303185648e-01  -1.7513927301e-01   1.4515388144e+00   9.0644892789e-01   1.8548157396e-01
  -1.6908706558e-01  -1.7092443995e-01   1.4315346441e+00   6.6890790410e-01   2.8692173739e-01
  -1.6556874658e-01  -1.6724969121e-01   1.3783588779e+00   4.3117270527e-01   3.6931953877e-01
  -1.6230329771e-01  -1.6388780195e-01   1.3028507321e+00   1.9404203568e-01   4.2975817126e-01
  -1.5930533986e-01  -1.6071879347e-01   1.2135503750e+00  -3.4789989302e-02   4.6687572612e-01
  -1.5665937975e-01  -1.5789188625e-01   1.1205256645e+00  -2.4213038956e-01   4.8236788973e-01
  -1.5431114807e-01  -1.5542687324e-01   1.0275407062e+00  -4.2864380212e-01   4.8155165587e-01
  -1.5216225868e-01  -1.5319542290e-01   9.3451471020e-01  -5.9965699126e-01   4.6851796773e-01
  -1.5015713276e-01  -1.5112909446e-01   8.4167465133e-01  -7.5756304694e-01   4.4590496313e-01
  -1.4825992434e-01  -1.4918517106e-01   7.4866964062e-01  -9.0458484251e-01   4.1539788395e-01
  -1.4644521115e-01  -1.4733467761e-01   6.5580879593e-01  -1.0411834300e+00   3.7834515633e-01
  -1.4469345284e-01  -1.4555574469e-01   5.6278084914e-01  -1.1683470883e+00   3.3552372487e-01
  -1.4298867368e-01  -1.4383116098e-01   4.6986217564e-01  -1.2859002636e+00   2.8768685379e-01
  -1.4131690759e-01  -1.4214618637e-01   3.7715037749e-01  -1.3937351278e+00   2.3533305156e-01
  -1.3966534044e-01  -1.4048762881e-01   2.8379617750e-01  -1.4924430785e+00   1.7816548611e-01
  -1.3802137227e-01  -1.3884305207e-01   1.9112396507e-01  -1.5800558782e+00   1.1704239397e-01
  -1.3637181817e-01  -1.3719969246e-01   9.8105502320e-02  -1.6567347706e+00   5.1176728080e-02
  -1.3470202479e-01  -1.3554394387e-01   5.0211355645e-03  -1.7208337925e+00  -1.9636651836e-02
  -1.3299460342e-01  -1.3386010571e-01  -8.7851243974e-02  -1.7703375644e+00  -9.5801839011e-02
  -1.3122742364e-01  -1.3212910114e-01  -1.8080221272e-01  -1.8027345146e+00  -1.7855762608e-01
  -1.2936992205e-01  -1.3032574614e-01  -2.7386138381e-01  -1.8138957394e+00  -2.6957324210e-01
  -1.2737607576e-01  -1.2841409796e-01  -3.6691412397e-01  -1.7973180927e+00  -3.7139957822e-01
  -1.2516795232e-01  -1.2633805357e-01  -4.5996088031e-01  -1.7418177756e+00  -4.8872059003e-01
  -1.2259649311e-01  -1.2399785107e-01  -5.5322277369e-01  -1.6242515507e+00  -6.3156791923e-01
  -1.1978118372e-01  -1.2119513514e-01  -6.3411345380e-01  -1.4299260673e+00  -7.9396737504e-01
  -1.1722127913e-01  -1.1836723231e-01  -6.8732356693e-01  -1.1939079150e+00  -9.4665080828e-01
  -1.1509287231e-01  -1.1607532595e-01  -7.1611165571e-01  -9.5501966933e-01  -1.0768625404e+00
  -1.1322832905e-01  -1.1411041867e-01  -7.2998538955e-01  -7.1672327388e-01  -1.1925946095e+00
  -1.1153107570e-01  -1.1234623943e-01  -7.3389083234e-01  -4.7879985974e-01  -1.2987707332e+00
  -1.0994725144e-01  -1.1071591197e-01  -7.3056008506e-01  -2.4004208192e-01  -1.3985192740e+00
  -1.0844209005e-01  -1.0917859092e-01  -7.2177548496e-01  -2.4006112859e-03  -1.4926478337e+00
  -1.0699069130e-01  -1.0770558918e-01  -7.0871385848e-01   2.3569308291e-01  -1.5828687736e+00
  -1.0557379342e-01  -1.0627579343e-01  -6.9220440245e-01   4.7456488102e-01  -1.6699946300e+00
  -1.0417484262e-01  -1.0487179340e-01  -6.7316213839e-01   7.1140312677e-01  -1.7535379365e+00
  -1.0277836491e-01  -1.0347789183e-01  -6.5178797538e-01   9.5065660815e-01  -1.8354020939e+00
  -1.0136848770e-01  -1.0207883800e-01  -6.2891483422e-01   1.1883107454e+00  -1.9144019558e+00
  -9.9927160114e-02  -1.0065813741e-01  -6.0484337140e-01   1.4261724810e+00  -1.9912460484e+00
  -9.8431492431e-02  -9.9196182820e-02  -5.7997290652e-01   1.6647695064e+00  -2.0660164654e+00
  -9.6849353975e-02  -9.7666802042e-02  -5.5498372830e-01   1.9026157678e+00  -2.1379681854e+00
  -9.5128935434e-02  -9.6031905908e-02  -5.3039471587e-01   2.1414354773e+00  -2.2069591793e+00
  -9.3169554815e-02  -9.4225964960e-02  -5.0739615495e-01   2.3809829422e+00  -2.2713515978e+00
  -9.0693116826e-02  -9.2113144671e-02  -4.8865419667e-01   2.6224950234e+00  -2.3269164976e+00
  -8.6064311804e-02  -8.9273088982e-02  -4.9488181709e-01   2.8422367073e+00  -2.3326163864e+00
  -8.1038906322e-02  -8.2855534627e-02  -5.5828360284e-01   2.7547884931e+00  -2.1972126130e+00
  -7.8108252031e-02  -7.9222278017e-02  -6.2570361347e-01   2.5144233451e+00  -2.0320295328e+00
  -7.6119770026e-02  -7.6994226045e-02  -6.8226850012e-01   2.2740147335e+00  -1.8826734098e+00
  -7.4493656872e-02  -7.5245314008e-02  -7.3358782745e-01   2.0350237365e+00  -1.7391313301e+00
  -7.3066926550e-02  -7.3741999736e-02  -7.8164103015e-01   1.7956811993e+00  -1.5975274738e+00
  -7.1768786630e-02  -7.2391853364e-02  -8.2669968017e-01   1.5582496774e+00  -1.4579601348e+00
  -7.0560251636e-02  -7.1145719897e-02  -8.6952826191e-01   1.3208434727e+00  -1.3186359264e+00
  -6.9417550346e-02  -6.9974783374e-02  -9.1075640233e-01   1.0809161031e+00  -1.1776237748e+00
  -6.8324055410e-02  -6.8860317318e-02  -9.4949099121e-01   8.4448092333e-01  -1.0381479601e+00
  -6.7267461975e-02  -6.7787793503e-02  -9.8667288514e-01   6.0640487427e-01  -8.9694450559e-01
  -6.6238617133e-02  -6.6747130448e-02  -1.0222307040e+00   3.6705768203e-01  -7.5400373362e-01
  -6.5229849759e-02  -6.5730103818e-02  -1.0557272416e+00   1.2940162170e-01  -6.1090530407e-01
  -6.4234582529e-02  -6.4729595701e-02  -1.0874148640e+00  -1.0840392395e-01  -4.6637024390e-01
  -6.3247023061e-02  -6.3739569357e-02  -1.1172577305e+00  -3.4657897835e-01  -3.2006821953e-01
  -6.2261713444e-02  -6.2754476766e-02  -1.1451697871e+00  -5.8523375136e-01  -1.7171296566e-01
  -6.1273271772e-02  -6.1768950123e-02  -1.1708933178e+00  -8.2312731360e-01  -2.1849003538e-02
  -6.0276158330e-02  -6.0777593420e-02  -1.1943623266e+00  -1.0609337098e+00   1.3019970076e-01
  -5.9264388663e-02  -5.9774723239e-02  -1.2153740404e+00  -1.2985716817e+00   2.8469138819e-01
  -5.8231038661e-02  -5.8754054088e-02  -1.2338056274e+00  -1.5380412859e+00   4.4335658354e-01
  -5.7167898835e-02  -5.7708023234e-02  -1.2490470073e+00  -1.7760285616e+00   6.0450358477e-01
  -5.6065022706e-02  -5.6627774435e-02  -1.2606970687e+00  -2.0120588752e+00   7.6834677403e-01
  -5.4910797379e-02  -5.5502270977e-02  -1.2683402096e+00  -2.2522417463e+00   9.4008863269e-01
  -5.3708034454e-02  -5.4319323781e-02  -1.2707934403e+00  -2.4847854316e+00   1.1123944197e+00
  -5.2463138266e-02  -5.3096745126e-02  -1.2673390025e+00  -2.7087375708e+00   1.2855589185e+00
  -5.1166546254e-02  -5.1829531406e-02  -1.2570630907e+00  -2.9208199382e+00   1.4583846868e+00
  -4.9801008403e-02  -5.0503561102e-02  -1.2384378670e+00  -3.1211575012e+00   1.6330406014e+00
  -4.8342526768e-02  -4.9098455703e-02  -1.2100313073e+00  -3.3022471403e+00   1.8058550866e+00
  -4.6754581213e-02  -4.7586597833e-02  -1.1687472517e+00  -3.4620141773e+00   1.9794114262e+00
  -4.4974374735e-02  -4.5922564593e-02  -1.1099423328e+00  -3.5913086661e+00   2.1530100073e+00
  -4.2998052848e-02  -4.4026184878e-02  -1.0294994950e+00  -3.6719625270e+00   2.3184739233e+00
  -4.1070655474e-02  -4.1969920818e-02  -9.3683331068e-01  -3.6867758429e+00   2.4505382890e+00
  -3.9362305491e-02  -4.0171390129e-02  -8.4385127081e-01  -3.6468838669e+00   2.5417796462e+00
  -3.7805683954e-02  -3.8553220854e-02  -7.5071269529e-01  -3.5683245437e+00   2.6037683714e+00
  -3.6354604293e-02  -3.7058147054e-02  -6.5759992027e-01  -3.4604851437e+00   2.6430598434e+00
  -3.4979688191e-02  -3.5651061533e-02  -5.6476849918e-01  -3.3297337987e+00   2.6638542711e+00
  -3.3660687901e-02  -3.4308314849e-02  -4.7188632514e-01  -3.1796827191e+00   2.6690256477e+00
  -3.2382721616e-02  -3.3013060953e-02  -3.7873360335e-01  -3.0127298617e+00   2.6603547939e+00
  -3.1134000315e-02  -3.1752382279e-02  -2.8556896058e-01  -2.8313790308e+00   2.6390638900e+00
  -2.9904597774e-02  -3.0515618351e-02  -1.9250010378e-01  -2.6374910089e+00   2.6060528479e+00
  -2.8685747466e-02  -2.9293577198e-02  -9.9532038873e-02  -2.4323778895e+00   2.5618883611e+00
  -2.7469270579e-02  -2.8077917734e-02  -6.6122397349e-03  -2.2169213612e+00   2.5068098045e+00
  -2.6247064189e-02  -2.6860623423e-02   8.6325926862e-02  -1.9917061985e+00   2.4407444272e+00
  -2.5014821667e-02  -2.5633504956e-02   1.7899586230e-01  -1.7580035507e+00   2.3636255354e+00
  -2.3783464998e-02  -2.4396138378e-02   2.6986733623e-01  -1.5203331101e+00   2.2765102135e+00
  -2.2559798503e-02  -2.3170791618e-02   3.5784541371e-01  -1.2823570040e+00   2.1804012059e+00
  -2.1333573805e-02  -2.1948805389e-02   4.4313898376e-01  -1.0442355785e+00   2.0749233013e+00
  -2.0092652379e-02  -2.0718342222e-02   5.2596228039e-01  -8.0584179483e-01   1.9592298451e+00
  -1.8823713972e-02  -1.9466962537e-02   6.0634075889e-01  -5.6734040091e-01   1.8321889007e+00
  -1.7510956879e-02  -1.8180465406e-02   6.8405003559e-01  -3.2943291975e-01   1.6924812524e+00
  -1.6134263046e-02  -1.6841448352e-02   7.5919843013e-01  -9.1502622894e-02   1.5372177178e+00
  -1.4716027676e-02  -1.5427077741e-02   8.2911329776e-01   1.3824582338e-01   1.3690075765e+00
  -1.3323109993e-02  -1.4004977611e-02   8.9041084236e-01   3.4840173947e-01   1.1945199396e+00
  -1.1982185388e-02  -1.2641242376e-02   9.4088149767e-01   5.3009703926e-01   1.0219851771e+00
  -1.0682244316e-02  -1.1323128401e-02   9.8231167822e-01   6.8818372064e-01   8.4878035257e-01
  -9.4147914636e-03  -1.0041360232e-02   1.0151983247e+00   8.2343333532e-01   6.7527569125e-01
  -8.1726570787e-03  -8.7882226952e-03   1.0400051690e+00   9.3665147525e-01   5.0177382720e-01
  -6.9495966886e-03  -7.5570914623e-03   1.0571702634e+00   1.0286961026e+00   3.2842827937e-01
  -5.7399918747e-03  -6.3421019150e-03   1.0670817702e+00   1.1003826742e+00   1.5527504576e-01
  -4.5386011756e-03  -5.1378818345e-03   1.0700611390e+00   1.1524120919e+00  -1.7737345585e-02
  -3.3403364641e-03  -3.9393205168e-03   1.0663526871e+00   1.1853189323e+00  -1.9071801909e-01
  -2.1400090595e-03  -2.7413524114e-03   1.0560056350e+00   1.1994025832e+00  -3.6496235526e-01
  -9.3212634877e-04  -1.5386657077e-03   1.0392506180e+00   1.1946071230e+00  -5.3820823132e-01
   2.8931424925e-04  -3.2558698988e-04   1.0161458090e+00   1.1711844942e+00  -7.1132447527e-01
   1.5311812089e-03   9.0421548837e-04   9.8664709392e-01   1.1289382426e+00  -8.8454770013e-01
   2.8016617177e-03   2.1581469294e-03   9.5068526611e-01   1.0674967627e+00  -1.0576987941e+00
   4.1109605850e-03   3.4451765061e-03   9.0799661042e-01   9.8602374626e-01  -1.2310187664e+00
   5.4725294366e-03   4.7767446639e-03   8.5805048211e-01   8.8294617023e-01  -1.4049764398e+00
   6.9046774823e-03   6.1683142094e-03   8.0069560349e-01   7.5730850056e-01  -1.5781038099e+00
   8.4340799804e-03   7.6410407552e-03   7.3482272280e-01   6.0588255012e-01  -1.7511675675e+00
   1.0104145255e-02   9.2271192055e-03   6.5838248829e-01   4.2266112744e-01  -1.9251035834e+00
   1.1941516552e-02   1.0981171305e-02   5.7105267516e-01   2.0526495258e-01  -2.0948612556e+00
   1.3844002375e-02   1.2901861799e-02   4.7956931886e-01  -3.0342894624e-02  -2.2439263180e+00
   1.5719327137e-02   1.4786142951e-02   3.8967736422e-01  -2.6904278182e-01  -2.3628793709e+00
   1.7600566921e-02   1.6652511322e-02   3.0256211210e-01  -5.0683649877e-01  -2.4512365936e+00
   1.9538400328e-02   1.8548622520e-02   2.1745643451e-01  -7.4516360632e-01  -2.5088953215e+00
   2.1598120379e-02   2.0528178135e-02   1.3424756692e-01  -9.8390517575e-01  -2.5316355000e+00
   2.3888292623e-02   2.2668062623e-02   5.2883821470e-02  -1.2226416418e+00  -2.5097948601e+00
   2.6618799763e-02   2.5108522624e-02  -2.6628596984e-02  -1.4598485457e+00  -2.4200237650e+00
   2.9401618874e-02   2.8129076902e-02  -8.7194641967e-02  -1.6396071511e+00  -2.2637834733e+00
   3.1692531966e-02   3.0674160846e-02  -1.2063656735e-01  -1.7324930580e+00  -2.0890471410e+00
   3.3600221992e-02   3.2710903086e-02  -1.3726751110e-01  -1.7683296241e+00  -1.9152091746e+00
   3.5300111210e-02   3.4489540898e-02  -1.4393508851e-01  -1.7672135548e+00  -1.7410222185e+00
   3.6869555690e-02   3.6110681521e-02  -1.4368024878e-01  -1.7382132001e+00  -1.5679645258e+00
   3.8351830203e-02   3.7628429858e-02  -1.3825438163e-01  -1.6861193714e+00  -1.3946586142e+00
   3.9774323875e-02   3.9075230547e-02  -1.2871912309e-01  -1.6138379668e+00  -1.2214989245e+00
   4.1156420734e-02   4.0473417203e-02  -1.1569718124e-01  -1.5224743846e+00  -1.0474295767e+00
   4.2513044807e-02   4.1839424264e-02  -9.9867720480e-02  -1.4142707019e+00  -8.7460007986e-01
   4.3856500443e-02   4.3186665349e-02  -8.1474843075e-02  -1.2889299375e+00  -7.0143152972e-01
   4.5197538296e-02   4.4526335537e-02  -6.0692013872e-02  -1.1459644421e+00  -5.2735081854e-01
   4.6546249027e-02   4.5868741055e-02  -3.8039061445e-02  -9.8746822127e-01  -3.5495242208e-01
   4.7912792377e-02   4.7223756999e-02  -1.3191095080e-02  -8.0973231896e-01  -1.8075206963e-01
   4.9307828469e-02   4.8601827754e-02   1.3250428157e-02  -6.1568258392e-01  -8.3656171308e-03
   5.0743392454e-02   5.0013829184e-02   4.1760092230e-02  -4.0043468445e-01   1.6558412929e-01
   5.2207825414e-02   5.1472955725e-02   7.1489326075e-02  -1.6907312581e-01   3.3605547644e-01
   5.3650667067e-02   5.2942695103e-02   1.0114748533e-01   6.8906220186e-02   4.9658120498e-01
   5.5047776467e-02   5.4358639031e-02   1.2982539912e-01   3.0594493724e-01   6.4368721442e-01
   5.6414013560e-02   5.5736913904e-02   1.5799737558e-01   5.4550564283e-01   7.8101340108e-01
   5.7762323677e-02   5.7091113216e-02   1.8514644467e-01   7.8266247657e-01   9.0699148014e-01
   5.9104466362e-02   5.8433534137e-02   2.1168549648e-01   1.0204299665e+00   1.0243455039e+00
   6.0451808752e-02   5.9775398588e-02   2.3773988726e-01   1.2595563600e+00   1.1340994799e+00
   6.1816225066e-02   6.1128218917e-02   2.6292643713e-01   1.4960563398e+00   1.2351341629e+00
   6.3211375120e-02   6.2504231215e-02   2.8790612849e-01   1.7358118109e+00   1.3304473382e+00
   6.4653930942e-02   6.3918519026e-02   3.1212060287e-01   1.9732624589e+00   1.4181862530e+00
   6.6165814248e-02   6.5389342859e-02   3.3586332224e-01   2.2111291878e+00   1.4997862041e+00
   6.7779318088e-02   6.6942285637e-02   3.5914439528e-01   2.4498093075e+00   1.5755429136e+00
   6.9546485745e-02   6.8616350540e-02   3.8172789612e-01   2.6877687124e+00   1.6450792065e+00
   7.1567532276e-02   7.0476620951e-02   4.0359742518e-01   2.9274173979e+00   1.7089707993e+00
   7.4104885422e-02   7.2658443602e-02   4.2393636513e-01   3.1683634437e+00   1.7664323700e+00
   7.7526520153e-02   7.5551327241e-02   4.3720353530e-01   3.3770583885e+00   1.8087249978e+00
   8.1476905976e-02   7.9501713064e-02   4.2993656792e-01   3.4428507998e+00   1.8150464688e+00
   8.5477905063e-02   8.3452098887e-02   3.9425774840e-01   3.3081360824e+00   1.7803782581e+00
   8.8741837857e-02   8.7503711239e-02   3.4377625737e-01   3.0601918287e+00   1.7260126722e+00
   9.0981550477e-02   8.9979964474e-02   2.9744454147e-01   2.8204323225e+00   1.6752925894e+00
   9.2861396960e-02   9.1983136480e-02   2.5184995876e-01   2.5817183351e+00   1.6248600947e+00
   9.4541878575e-02   9.3739657440e-02   2.0631498187e-01   2.3427076719e+00   1.5737838763e+00
   9.6096131064e-02   9.5344099709e-02   1.6101874155e-01   2.1050305563e+00   1.5220258387e+00
   9.7565832357e-02   9.6848162418e-02   1.1568004414e-01   1.8673352232e+00   1.4690088789e+00
   9.8977729923e-02   9.8283502295e-02   7.0097988744e-02   1.6284080197e+00   1.4141931896e+00
   1.0035123539e-01   9.9671957551e-02   2.4891921416e-02   1.3911431173e+00   1.3580048902e+00
   1.0170158899e-01   1.0103051323e-01  -2.0502616427e-02   1.1520574946e+00   1.2993697356e+00
   1.0304161504e-01   1.0237266476e-01  -6.5210771368e-02   9.1508025543e-01   1.2389907533e+00
   1.0438312125e-01   1.0371056532e-01  -1.0978930770e-01   6.7637771552e-01   1.1755994036e+00
   1.0573772454e-01   1.0505567718e-01  -1.5357979131e-01   4.3831077239e-01   1.1094546033e+00
   1.0711777092e-01   1.0641977189e-01  -1.9637510535e-01   2.0052519376e-01   1.0400583685e+00
   1.0853732118e-01   1.0781576996e-01  -2.3783455635e-01  -3.7069873965e-02   9.6688456988e-01
   1.1001381601e-01   1.0925887241e-01  -2.7768836117e-01  -2.7585117477e-01   8.8879536629e-01
   1.1157029742e-01   1.1076875960e-01  -3.1497801169e-01  -5.1439886480e-01   8.0529669872e-01
   1.1323910999e-01   1.1237183524e-01  -3.4858312739e-01  -7.5207738528e-01   7.1534785176e-01
   1.1507083258e-01   1.1410638474e-01  -3.7704079925e-01  -9.9021188565e-01   6.1644995427e-01
   1.1715595752e-01   1.1603528043e-01  -3.9734954750e-01  -1.2291397153e+00   5.0485353975e-01
   1.1969438156e-01   1.1827663460e-01  -4.0289275431e-01  -1.4691029699e+00   3.7281702051e-01
   1.2294359536e-01   1.2111212852e-01  -3.7787005188e-01  -1.6912367546e+00   2.1398665193e-01
   1.2658882411e-01   1.2477506220e-01  -3.0851462112e-01  -1.8316456616e+00   5.3216357806e-02
   1.2978377682e-01   1.2840258601e-01  -2.1543195131e-01  -1.8656111611e+00  -6.8972264773e-02
   1.3235774354e-01   1.3116496762e-01  -1.2202053724e-01  -1.8375429092e+00  -1.5326363105e-01
   1.3465455028e-01   1.3355051945e-01  -2.8872075867e-02  -1.7771151776e+00  -2.1782146303e-01
   1.3682756115e-01   1.3575858111e-01   6.4455910872e-02  -1.6941813489e+00  -2.7021495088e-01
   1.3897182370e-01   1.3789654119e-01   1.5737411020e-01  -1.5932618707e+00  -3.1400078794e-01
   1.4117369974e-01   1.4004710620e-01   2.5059182571e-01  -1.4741595548e+00  -3.5206573326e-01
   1.4354874708e-01   1.4230029328e-01   3.4390162844e-01  -1.3340408752e+00  -3.8641214830e-01
   1.4633888714e-01   1.4479720088e-01   4.3786211359e-01  -1.1612650356e+00  -4.1995007395e-01
   1.4981236160e-01   1.4788057341e-01   5.2168288675e-01  -9.4578240249e-01  -4.5494754502e-01
   1.5385946366e-01   1.5174414979e-01   5.6218919934e-01  -7.0806801020e-01  -4.9115094671e-01
   1.5819320894e-01   1.5597477754e-01   5.2806562410e-01  -4.8381465905e-01  -5.2787288296e-01
   1.6184740152e-01   1.6041164034e-01   4.3911085586e-01  -3.2432159608e-01  -5.5720099588e-01
   1.6440447902e-01   1.6328316269e-01   3.4509047250e-01  -2.3109789257e-01  -5.7540054874e-01
   1.6650136438e-01   1.6552579535e-01   2.5174335830e-01  -1.6606804004e-01  -5.8765316885e-01
   1.6837033901e-01   1.6747693341e-01   1.5860770871e-01  -1.1665100299e-01  -5.9565726660e-01
   1.7010830122e-01   1.6926374462e-01   6.5392599941e-02  -7.7740198496e-02  -5.9993711720e-01
   1.7177006805e-01   1.7095285781e-01  -2.7635659349e-02  -4.6902258616e-02  -6.0058036614e-01
   1.7339327517e-01   1.7258727828e-01  -1.2051643947e-01  -2.2651697706e-02  -5.9748611022e-01
   1.7500830949e-01   1.7419927206e-01  -2.1366117738e-01  -4.1199881981e-03  -5.9031419001e-01
   1.7664414492e-01   1.7581734693e-01  -3.0656243817e-01   8.9339104621e-03  -5.7859013753e-01
   1.7833348868e-01   1.7747094292e-01  -3.9978932098e-01   1.6523100691e-02  -5.6143038211e-01
   1.8011963246e-01   1.7919603443e-01  -4.9281032594e-01   1.8070528880e-02  -5.3766650653e-01
   1.8207106981e-01   1.8104323049e-01  -5.8611830806e-01   1.2291680734e-02  -5.0502812964e-01
   1.8432341455e-01   1.8309890913e-01  -6.7953836996e-01  -3.8344392105e-03  -4.5929177173e-01
   1.8730324195e-01   1.8554791997e-01  -7.7469357977e-01  -4.0320965362e-02  -3.8701422561e-01
   1.9198932527e-01   1.8905856393e-01  -8.4609878011e-01  -1.2892545527e-01  -2.5678545567e-01
   1.9726099767e-01   1.9492008661e-01  -8.1362372764e-01  -2.6059554803e-01  -1.1089457997e-01
   2.0095746375e-01   1.9960190873e-01  -7.1800385422e-01  -3.6458795844e-01  -2.6778214944e-02
   2.0338988416e-01   2.0231301878e-01  -6.2419851875e-01  -4.3324163197e-01   1.2207883223e-02
   2.0540576969e-01   2.0446674954e-01  -5.3075828768e-01  -4.8766389577e-01   3.1995705208e-02
   2.0720180342e-01   2.0634478985e-01  -4.3778185972e-01  -5.3243899576e-01   3.8746700260e-02
   2.0886272091e-01   2.0805881699e-01  -3.4461659331e-01  -5.6977871429e-01   3.5222754790e-02
   2.1043552366e-01   2.0966662483e-01  -2.5172415866e-01  -6.0038911747e-01   2.2885987611e-02
   2.1195075282e-01   2.1120442249e-01  -1.5859904784e-01  -6.2484877743e-01   2.5297676114e-03
   2.1343051381e-01   2.1269708315e-01  -6.5540804322e-02  -6.4316212167e-01  -2.5299540736e-02
   2.1489263354e-01   2.1416394446e-01   2.7409383488e-02  -6.5522682945e-01  -6.0277836911e-02
   2.1635282734e-01   2.1562132261e-01   1.2033606458e-01  -6.6075531094e-01  -1.0230392880e-01
   2.1782637853e-01   2.1708433207e-01   2.1333604371e-01  -6.5921631389e-01  -1.5146675972e-01
   2.1932969182e-01   2.1856842500e-01   3.0641209337e-01  -6.4979388361e-01  -2.0798114796e-01
   2.2088202986e-01   2.2009095864e-01   3.9936284580e-01  -6.3137023501e-01  -2.7208625804e-01
   2.2250829290e-01   2.2167310109e-01   4.9243809367e-01  -6.0220786065e-01  -3.4457131535e-01
   2.2424396686e-01   2.2334348470e-01   5.8549602573e-01  -5.5976134629e-01  -4.2633165348e-01
   2.2614578731e-01   2.2514444901e-01   6.7863536728e-01  -4.9972931253e-01  -5.1913606347e-01
   2.2832036589e-01   2.2714712560e-01   7.7187236481e-01  -4.1414920616e-01  -6.2613941553e-01
   2.3104116554e-01   2.2949360617e-01   8.6616135662e-01  -2.8220667895e-01  -7.5623556697e-01
   2.3446740230e-01   2.3258872491e-01   9.4553938506e-01  -8.2942069210e-02  -9.0255376797e-01
   2.3803867974e-01   2.3634607970e-01   9.8025715156e-01   1.5489781573e-01  -1.0227642563e+00
   2.4135828121e-01   2.3973127978e-01   9.6677545252e-01   3.9306141747e-01  -1.0937395716e+00
   2.4464229029e-01   2.4298528263e-01   9.1224258031e-01   6.3115420352e-01  -1.1185501740e+00
   2.4774388155e-01   2.4629929796e-01   8.2770180296e-01   8.4550443168e-01  -1.0988213675e+00
   2.5038396827e-01   2.4918846514e-01   7.3408728932e-01   1.0106376921e+00  -1.0490402648e+00
   2.5265231116e-01   2.5157947139e-01   6.4097156942e-01   1.1334052476e+00  -9.8341091866e-01
   2.5473031395e-01   2.5372515093e-01   5.4782763543e-01   1.2267103490e+00  -9.0649207240e-01
   2.5670511721e-01   2.5573547696e-01   4.5464515433e-01   1.2955077776e+00  -8.2043225373e-01
   2.5863194685e-01   2.5767475745e-01   3.6173547707e-01   1.3417933351e+00  -7.2663742747e-01
   2.6055367048e-01   2.5958913624e-01   2.6886851662e-01   1.3662815278e+00  -6.2538937258e-01
   2.6251072899e-01   2.6151820472e-01   1.7576755908e-01   1.3680770637e+00  -5.1635924060e-01
   2.6454940182e-01   2.6350325326e-01   8.2543003349e-02   1.3446795732e+00  -3.9916928687e-01
   2.6673238471e-01   2.6559555038e-01  -1.0400697547e-02   1.2919226252e+00  -2.7331182202e-01
   2.6916222718e-01   2.6786921904e-01  -1.0355031152e-01   1.2015240484e+00  -1.3607100351e-01
   2.7205175754e-01   2.7045523533e-01  -1.9712298990e-01   1.0558779716e+00   1.7467355071e-02
   2.7542659499e-01   2.7364827974e-01  -2.7994952182e-01   8.4709980562e-01   1.7538513370e-01
   2.7889122059e-01   2.7720491024e-01  -3.3474293303e-01   6.0838903329e-01   3.0647782668e-01
   2.8234944938e-01   2.8057753094e-01  -3.6003320553e-01   3.6942352071e-01   3.9944317347e-01
   2.8629386712e-01   2.8412136782e-01  -3.5946674745e-01   1.2867460296e-01   4.5616989228e-01
   2.9276767405e-01   2.8846636642e-01  -3.2082589444e-01  -1.0298444414e-01   4.4068157995e-01
   3.0061497953e-01   2.9706898168e-01  -2.8338966149e-01  -6.7373664710e-02   3.1431651652e-01
   3.0637126398e-01   3.0416097737e-01  -3.0353612876e-01   1.7093421142e-01   2.0277075117e-01
   3.1056872481e-01   3.0858155059e-01  -3.5539918132e-01   4.1138065048e-01   1.4905777162e-01
   3.1463802338e-01   3.1255589902e-01  -4.3130191970e-01   6.4711461877e-01   1.4085043388e-01
   3.1872411652e-01   3.1672014775e-01  -5.2243641402e-01   8.4492342420e-01   1.8776506572e-01
   3.2287356189e-01   3.2072808529e-01  -6.1533944349e-01   9.7037613893e-01   2.9800226693e-01
   3.2687829824e-01   3.2501903849e-01  -6.8918375749e-01   1.0016710015e+00   4.5902108608e-01
   3.3033830393e-01   3.2873755799e-01  -7.2809955750e-01   9.5236531033e-01   6.3322478165e-01
   3.3344961879e-01   3.3193904987e-01  -7.3545762987e-01   8.5206125607e-01   8.0679128242e-01
   3.3648870306e-01   3.3496018770e-01  -7.1287082973e-01   7.1215877259e-01   9.8043977833e-01
   3.3967017916e-01   3.3801721842e-01  -6.5528471585e-01   5.3420309623e-01   1.1531714262e+00
   3.4270881407e-01   3.4132313990e-01  -5.6905896623e-01   3.4848234801e-01   1.2969291110e+00
   3.4523117408e-01   3.4409448823e-01  -4.7549539496e-01   1.9166076358e-01   1.3916804591e+00
   3.4737466320e-01   3.4636785992e-01  -3.8228241476e-01   6.2198115171e-02   1.4493683733e+00
   3.4931156545e-01   3.4838146648e-01  -2.8936272550e-01  -4.8347763099e-02   1.4805164986e+00
   3.5112509625e-01   3.5024166442e-01  -1.9612779706e-01  -1.4489524167e-01   1.4898755531e+00
   3.5286583623e-01   3.5200852807e-01  -1.0303931193e-01  -2.2952263958e-01   1.4795094806e+00
   3.5457029672e-01   3.5372314438e-01  -9.9580791379e-03  -3.0419771021e-01   1.4502891114e+00
   3.5626879955e-01   3.5541744907e-01   8.2958030236e-02  -3.7019105988e-01   1.4021587889e+00
   3.5799061964e-01   3.5712015003e-01   1.7594785149e-01  -4.2881911019e-01   1.3339094924e+00
   3.5976860714e-01   3.5886108925e-01   2.6895449137e-01  -4.8108909617e-01   1.2432773687e+00
   3.6164560677e-01   3.6067612502e-01   3.6209325368e-01  -5.2821053366e-01   1.1261087644e+00
   3.6366197227e-01   3.6261508852e-01   4.5410341278e-01  -5.7116333855e-01   9.7772419597e-01
   3.6568115675e-01   3.6470885602e-01   5.3658736343e-01  -6.0865947820e-01   8.0762559287e-01
   3.6754825006e-01   3.6665345748e-01   6.0237717153e-01  -6.4031344759e-01   6.3435873296e-01
   3.6928695524e-01   3.6844304263e-01   6.5405567700e-01  -6.6924767910e-01   4.6068922646e-01
   3.7094160435e-01   3.7013086785e-01   6.9384002913e-01  -6.9766336941e-01   2.8794460293e-01
   3.7254251576e-01   3.7175234086e-01   7.2386483759e-01  -7.2770981589e-01   1.1363197902e-01
   3.7411286219e-01   3.7333269067e-01   7.4469399366e-01  -7.6025965426e-01  -5.9304318332e-02
   3.7567245930e-01   3.7489303370e-01   7.5736702606e-01  -7.9677319926e-01  -2.3239379071e-01
   3.7723981263e-01   3.7645188489e-01   7.6231964419e-01  -8.3848879413e-01  -4.0581304737e-01
   3.7883443336e-01   3.7802774038e-01   7.5974474381e-01  -8.8672440538e-01  -5.7959966530e-01
   3.8047891362e-01   3.7964112633e-01   7.4972615346e-01  -9.4258955727e-01  -7.5257309448e-01
   3.8220252201e-01   3.8131670090e-01   7.3197944133e-01  -1.0083783734e+00  -9.2614896413e-01
   3.8404748900e-01   3.8308834311e-01   7.0600402569e-01  -1.0862934630e+00  -1.0992999022e+00
   3.8608416343e-01   3.8500663490e-01   6.7026080331e-01  -1.1811648338e+00  -1.2735329035e+00
   3.8845280006e-01   3.8716169196e-01   6.2227121659e-01  -1.2997461122e+00  -1.4473477149e+00
   3.9152402103e-01   3.8974390817e-01   5.5385540623e-01  -1.4621014336e+00  -1.6219464465e+00
   3.9540749083e-01   3.9330413390e-01   4.6645087831e-01  -1.6642366550e+00  -1.7526130520e+00
   3.9998842425e-01   3.9751084777e-01   3.7317961988e-01  -1.8668306595e+00  -1.7715442605e+00
   4.0461283637e-01   4.0246600073e-01   2.9714928644e-01  -1.9938583552e+00  -1.6531964939e+00
   4.0824270461e-01   4.0675967201e-01   2.5077283498e-01  -2.0147735962e+00  -1.4756717549e+00
   4.1098573482e-01   4.0972573721e-01   2.2178410031e-01  -1.9733832282e+00  -1.3014947381e+00
   4.1339891324e-01   4.1224573243e-01   1.9834404611e-01  -1.8936444944e+00  -1.1276121423e+00
   4.1565410983e-01   4.1455209406e-01   1.7641921653e-01  -1.7824989802e+00  -9.5444366053e-01
   4.1784309690e-01   4.1675612559e-01   1.5325285518e-01  -1.6408384285e+00  -7.8067333385e-01
   4.2003306119e-01   4.1893006820e-01   1.2672027081e-01  -1.4685735935e+00  -6.0742801764e-01
   4.2228473499e-01   4.2113605417e-01   9.4249827573e-02  -1.2621852563e+00  -4.3444765757e-01
   4.2453237295e-01   4.2343341581e-01   5.5153140418e-02  -1.0304577009e+00  -2.7159040258e-01
   4.2665741155e-01   4.2563133009e-01   1.1057553708e-02  -7.9248103972e-01  -1.3108185906e-01
   4.2866541872e-01   4.2768349302e-01  -3.7779982413e-02  -5.5423189719e-01  -1.3078035041e-02
   4.3060534923e-01   4.2964734442e-01  -9.1734610867e-02  -3.1641305251e-01   8.4695595960e-02
   4.3251356087e-01   4.3156335404e-01  -1.5142695527e-01  -7.8447046532e-02   1.6390922572e-01
   4.3442094964e-01   4.3346376770e-01  -2.1750749359e-01   1.5992911615e-01   2.2510022747e-01
   4.3635753672e-01   4.3537813158e-01  -2.9031527219e-01   3.9761884785e-01   2.6787166363e-01
   4.3835654627e-01   4.3733694186e-01  -3.7100021905e-01   6.3571511429e-01   2.9157659344e-01
   4.4043662500e-01   4.3937615068e-01  -4.5934959838e-01   8.7085594724e-01   2.9449574078e-01
   4.4253985249e-01   4.4149709932e-01  -5.5228102769e-01   1.0936522738e+00   2.7590039693e-01
   4.4462320710e-01   4.4358260566e-01  -6.4514083083e-01   1.2942356764e+00   2.3779448194e-01
   4.4672758775e-01   4.4566380855e-01  -7.3810159608e-01   1.4753509857e+00   1.8160347132e-01
   4.4891196447e-01   4.4779136694e-01  -8.3121729576e-01   1.6386512605e+00   1.0740393348e-01
   4.5126594965e-01   4.5003256200e-01  -9.2438059775e-01   1.7849120612e+00   1.3698847091e-02
   4.5397375997e-01   4.5249933730e-01  -1.0181011984e+00   1.9151113505e+00  -1.0539179013e-01
   4.5735951527e-01   4.5544818263e-01  -1.1070579199e+00   2.0224453431e+00  -2.5805358426e-01
   4.6162797951e-01   4.5927084791e-01  -1.1628164239e+00   2.0810490279e+00  -4.3244332319e-01
   4.6651114958e-01   4.6398511111e-01  -1.1351197574e+00   2.0651465330e+00  -5.7080046066e-01
   4.7039569429e-01   4.6903718805e-01  -1.0404584608e+00   2.0083523074e+00  -6.1463823238e-01
   4.7279185709e-01   4.7175420054e-01  -9.4629329068e-01   1.9581971590e+00  -6.0291696218e-01
   4.7471013751e-01   4.7382951364e-01  -8.5306846333e-01   1.9123494589e+00  -5.7148532068e-01
   4.7637515518e-01   4.7559076137e-01  -7.5992084867e-01   1.8690999112e+00  -5.2824056049e-01
   4.7787857922e-01   4.7715954898e-01  -6.6682402251e-01   1.8276543889e+00  -4.7666748902e-01
   4.7926958189e-01   4.7859760947e-01  -5.7388399221e-01   1.7874827520e+00  -4.1880953062e-01
   4.8057834895e-01   4.7994155431e-01  -4.8086926097e-01   1.7480292072e+00  -3.5576374161e-01
   4.8182509209e-01   4.8121514360e-01  -3.8760970942e-01   1.7088366833e+00  -2.8823887025e-01
   4.8302447802e-01   4.8243504059e-01  -2.9462972291e-01   1.6697781645e+00  -2.1723716828e-01
   4.8418778828e-01   4.8361391545e-01  -2.0219702984e-01   1.6306495581e+00  -1.4349229930e-01
   4.8532376560e-01   4.8476166111e-01  -1.0828386181e-01   1.5902717682e+00  -6.5694498136e-02
   4.8643981443e-01   4.8588587009e-01  -1.6288642007e-02   1.5498072372e+00   1.3023849629e-02
   4.8754242565e-01   4.8699375878e-01   7.7734142552e-02   1.5071962196e+00   9.5795882898e-02
   4.8863737676e-01   4.8809109251e-01   1.7013594644e-01   1.4637505766e+00   1.7922526901e-01
   4.8973025032e-01   4.8918366101e-01   2.6297576418e-01   1.4181818762e+00   2.6494815384e-01
   4.9082651997e-01   4.9027683962e-01   3.5658020678e-01   1.3698817470e+00   3.5315902801e-01
   4.9193180318e-01   4.9137620032e-01   4.4872709004e-01   1.3195820976e+00   4.4160917321e-01
   4.9305229898e-01   4.9248740604e-01   5.4265686034e-01   1.2649612882e+00   5.3329885392e-01
   4.9419488176e-01   4.9361719191e-01   6.3483420882e-01   1.2074563581e+00   6.2467015256e-01
   4.9536771504e-01   4.9477257160e-01   7.2829398562e-01   1.1444440418e+00   7.1861585590e-01
   4.9658103552e-01   4.9596285849e-01   8.2128163360e-01   1.0760494841e+00   8.1329867055e-01
   4.9784778996e-01   4.9719921256e-01   9.1398309255e-01   1.0009690786e+00   9.0879155645e-01
   4.9924818369e-01   4.9849636737e-01   1.0113902554e+00   9.1266422387e-01   1.0102159497e+00