# time = 3.4
# Grid points = 474
# Pressure (Pa) = 101325
#             1_pos             2_posf             3_uvel             4_vvel             5_wvel
  -4.9917840810e-01  -5.0000000000e-01   1.3027255059e+00   1.1297562187e+00   1.4760690160e+00
  -4.9750814511e-01  -4.9835681619e-01   1.4160000521e+00   9.6478421189e-01   1.6115849858e+00
  -4.9566236670e-01  -4.9665947403e-01   1.5253060045e+00   7.7096127144e-01   1.7430136254e+00
  -4.9337913820e-01  -4.9466525936e-01   1.6346470322e+00   5.1685627239e-01   1.8744583532e+00
  -4.9070684198e-01  -4.9209301703e-01   1.7244999164e+00   2.0365753829e-01   1.9809852147e+00
  -4.8796632188e-01  -4.8932066692e-01   1.7717456527e+00  -1.2922431578e-01   2.0333108252e+00
  -4.8525041762e-01  -4.8661197685e-01   1.7724769709e+00  -4.6203290798e-01   2.0261437535e+00
  -4.8247325112e-01  -4.8388885839e-01   1.7267669334e+00  -7.9498984395e-01   1.9594045249e+00
  -4.7971240761e-01  -4.8105764385e-01   1.6376991790e+00  -1.1076829703e+00   1.8380463431e+00
  -4.7731406729e-01  -4.7836717138e-01   1.5286077785e+00  -1.3550487975e+00   1.6937585196e+00
  -4.7535629892e-01  -4.7626096320e-01   1.4190427153e+00  -1.5354330778e+00   1.5518447904e+00
  -4.7363463088e-01  -4.7445163464e-01   1.3100593143e+00  -1.6736869010e+00   1.4131619006e+00
  -4.7205820286e-01  -4.7281762713e-01   1.2012139230e+00  -1.7819180978e+00   1.2769845387e+00
  -4.7057922324e-01  -4.7129877858e-01   1.0920975573e+00  -1.8663083119e+00   1.1428106135e+00
  -4.6916801250e-01  -4.6985966791e-01   9.8364603868e-01  -1.9297255231e+00   1.0118486720e+00
  -4.6780432622e-01  -4.6847635709e-01   8.7418431291e-01  -1.9752112824e+00   8.8221458471e-01
  -4.6647318109e-01  -4.6713229535e-01   7.6574885992e-01  -2.0033025550e+00   7.5648306901e-01
  -4.6516256736e-01  -4.6581406684e-01   6.5707946652e-01  -2.0154405761e+00   6.3335353409e-01
  -4.6386252316e-01  -4.6451106789e-01   5.4777121057e-01  -2.0119196927e+00   5.1265572766e-01
  -4.6256404824e-01  -4.6321397844e-01   4.3888524749e-01  -1.9929221823e+00   3.9586327438e-01
  -4.6125861670e-01  -4.6191411803e-01   3.3021569822e-01  -1.9585451377e+00   2.8305751507e-01
  -4.5993776484e-01  -4.6060311536e-01   2.2171727280e-01  -1.9086109686e+00   1.7456706553e-01
  -4.5859242112e-01  -4.5927241432e-01   1.1230000250e-01  -1.8418934678e+00   6.9850590865e-02
  -4.5721266704e-01  -4.5791242792e-01   4.0373028554e-03  -1.7589870521e+00  -2.8544234947e-02
  -4.5578682495e-01  -4.5651290616e-01  -1.0533332888e-01  -1.6571016677e+00  -1.2194137090e-01
  -4.5430067193e-01  -4.5506074373e-01  -2.1389114945e-01  -1.5365284026e+00  -2.0776422289e-01
  -4.5273610223e-01  -4.5354060013e-01  -3.2289674782e-01  -1.3940949184e+00  -2.8588884057e-01
  -4.5106864371e-01  -4.5193160433e-01  -4.3162062118e-01  -1.2281327211e+00  -3.5424630337e-01
  -4.4926329074e-01  -4.5020568309e-01  -5.4062641478e-01  -1.0341660431e+00  -4.1109264843e-01
  -4.4726609887e-01  -4.4832089838e-01  -6.4945183175e-01  -8.0766555580e-01  -4.5314996628e-01
  -4.4498442178e-01  -4.4621129935e-01  -7.5849631814e-01  -5.3928741520e-01  -4.7584979198e-01
  -4.4235257510e-01  -4.4375754422e-01  -8.6369574797e-01  -2.2678667126e-01  -4.7164648160e-01
  -4.3946564586e-01  -4.4094760599e-01  -9.5374742796e-01   1.0560486721e-01  -4.3598475357e-01
  -4.3633688466e-01  -4.3798368573e-01  -1.0224066406e+00   4.3934019295e-01  -3.7012493091e-01
  -4.3268516130e-01  -4.3469008358e-01  -1.0662029246e+00   7.7384093848e-01  -2.7440198951e-01
  -4.2755929390e-01  -4.3068023901e-01  -1.0662863645e+00   1.1140705316e+00  -1.4482406235e-01
  -4.2166997226e-01  -4.2443834879e-01  -9.9197020304e-01   1.3175246284e+00  -5.4379091886e-02
  -4.1704632770e-01  -4.1890159573e-01  -8.8102572430e-01   1.3432204676e+00  -5.4486829920e-02
  -4.1367958978e-01  -4.1519105967e-01  -7.7182106664e-01   1.2986330682e+00  -9.9637338433e-02
  -4.1084966285e-01  -4.1216811989e-01  -6.6299114076e-01   1.2298180737e+00  -1.6338070886e-01
  -4.0833775233e-01  -4.0953120581e-01  -5.5403374784e-01   1.1501892989e+00  -2.3571549642e-01
  -4.0603685963e-01  -4.0714429884e-01  -4.4534685068e-01   1.0657947671e+00  -3.1077621961e-01
  -4.0388289794e-01  -4.0492942043e-01  -3.3651202195e-01   9.7890271862e-01  -3.8536482091e-01
  -4.0183252169e-01  -4.0283637546e-01  -2.2775166599e-01   8.9072109230e-01  -4.5697973549e-01
  -3.9985311918e-01  -4.0082866791e-01  -1.1892234836e-01   8.0129355176e-01  -5.2401798613e-01
  -3.9791788163e-01  -3.9887757044e-01  -1.0260613230e-02   7.1040333636e-01  -5.8503199850e-01
  -3.9600259296e-01  -3.9695819283e-01   9.8655746686e-02   6.1682572952e-01  -6.3913992679e-01
  -3.9408304632e-01  -3.9504699309e-01   2.0754416328e-01   5.1946783280e-01  -6.8512568254e-01
  -3.9213230721e-01  -3.9311909955e-01   3.1627895068e-01   4.1657852654e-01  -7.2186367150e-01
  -3.9011678658e-01  -3.9114551487e-01   4.2512990712e-01   3.0520800058e-01  -7.4812298539e-01
  -3.8798888510e-01  -3.8908805828e-01   5.3406722679e-01   1.8123902082e-01  -7.6202437772e-01
  -3.8567048920e-01  -3.8688971191e-01   6.4303941810e-01   3.7776090370e-02  -7.6062562330e-01
  -3.8300187036e-01  -3.8445126649e-01   7.5249388448e-01  -1.3994910805e-01  -7.3812531841e-01
  -3.7960165421e-01  -3.8155247422e-01   8.6046691746e-01  -3.8735225043e-01  -6.8002654924e-01
  -3.7567331486e-01  -3.7765083420e-01   9.3479765744e-01  -7.0131397851e-01  -5.8144828133e-01
  -3.7184186692e-01  -3.7369579552e-01   9.4802256790e-01  -1.0331995508e+00  -4.6417500181e-01
  -3.6818376169e-01  -3.6998793832e-01   9.0282174591e-01  -1.3656699210e+00  -3.4525745343e-01
  -3.6476920525e-01  -3.6637958505e-01   8.1179777610e-01  -1.6780053587e+00  -2.3872607462e-01
  -3.6190222515e-01  -3.6315882545e-01   7.0225773110e-01  -1.9329299524e+00  -1.5832941152e-01
  -3.5955743529e-01  -3.6064562486e-01   5.9312117895e-01  -2.1295896239e+00  -1.0169067045e-01
  -3.5747581335e-01  -3.5846924571e-01   4.8404067894e-01  -2.2913254983e+00  -5.9300446571e-02
  -3.5554555589e-01  -3.5648238098e-01   3.7489562487e-01  -2.4272328398e+00  -2.7089649559e-02
  -3.5370428246e-01  -3.5460873079e-01   2.6626617796e-01  -2.5410698351e+00  -2.9055114790e-03
  -3.5191009141e-01  -3.5279983412e-01   1.5739192857e-01  -2.6357928056e+00   1.4905036927e-02
  -3.5013002733e-01  -3.5102034870e-01   4.8469269111e-02  -2.7117984780e+00   2.7309156512e-02
  -3.4833352158e-01  -3.4923970596e-01  -6.0614104935e-02  -2.7686474629e+00   3.5117631550e-02
  -3.4648782394e-01  -3.4742733720e-01  -1.6927998120e-01  -2.8045162051e+00   3.9024820485e-02
  -3.4455195495e-01  -3.4554831069e-01  -2.7826239304e-01  -2.8164855450e+00   3.9791340220e-02
  -3.4246600922e-01  -3.4355559922e-01  -3.8729424798e-01  -2.7985409463e+00   3.8298563189e-02
  -3.4012589732e-01  -3.4137641922e-01  -4.9640862084e-01  -2.7393843212e+00   3.5970800868e-02
  -3.3729386531e-01  -3.3887537541e-01  -6.0613624883e-01  -2.6120889295e+00   3.5924705601e-02
  -3.3373119516e-01  -3.3571235521e-01  -7.0478663343e-01  -2.3684960886e+00   4.6671236453e-02
  -3.3013995431e-01  -3.3175003512e-01  -7.5832933626e-01  -2.0394824758e+00   7.5710592489e-02
  -3.2713093899e-01  -3.2852987349e-01  -7.6577171088e-01  -1.7059133678e+00   1.1833255435e-01
  -3.2444947423e-01  -3.2573200448e-01  -7.4510531642e-01  -1.3724218964e+00   1.7137286093e-01
  -3.2194996463e-01  -3.2316694398e-01  -7.0481493869e-01  -1.0399388018e+00   2.3263445283e-01
  -3.1954784063e-01  -3.2073298528e-01  -6.4897273314e-01  -7.0637828858e-01   3.0082934416e-01
  -3.1718162262e-01  -3.1836269597e-01  -5.8038620632e-01  -3.7424614567e-01   3.7381107167e-01
  -3.1479564044e-01  -3.1600054927e-01  -4.9950196924e-01  -4.0402609450e-02   4.5045199181e-01
  -3.1232750552e-01  -3.1359073161e-01  -4.0700888661e-01   2.9220920895e-01   5.2775413743e-01
  -3.0974859368e-01  -3.1106427944e-01  -3.0341239730e-01   6.1860255245e-01   6.0120200053e-01
  -3.0714129829e-01  -3.0843290792e-01  -1.9478733571e-01   9.1641008473e-01   6.6136997398e-01
  -3.0455287342e-01  -3.0584968867e-01  -8.6155297119e-02   1.1703164007e+00   7.0048149607e-01
  -3.0192288339e-01  -3.0325605817e-01   2.2799012701e-02   1.3781948152e+00   7.1302785304e-01
  -2.9918504232e-01  -3.0058970861e-01   1.3139142697e-01   1.5319536423e+00   6.9119314346e-01
  -2.9625455536e-01  -2.9778037603e-01   2.4020421450e-01   1.6203226672e+00   6.2359482103e-01
  -2.9299442333e-01  -2.9472873469e-01   3.4907909381e-01   1.6213031661e+00   4.9197452435e-01
  -2.8955416173e-01  -2.9126011198e-01   4.4750290690e-01   1.5142081757e+00   2.9173439143e-01
  -2.8641489689e-01  -2.8784821147e-01   5.2005819482e-01   1.3272285336e+00   6.1848548055e-02
  -2.8367227528e-01  -2.8498158232e-01   5.6822467549e-01   1.1019353310e+00  -1.6803055634e-01
  -2.8109973593e-01  -2.8236296824e-01   5.9898871741e-01   8.5017093062e-01  -3.9717089339e-01
  -2.7855854486e-01  -2.7983650363e-01   6.1464752115e-01   5.7422490490e-01  -6.2644041198e-01
  -2.7591378759e-01  -2.7728058609e-01   6.1412343572e-01   2.7164616926e-01  -8.5625786313e-01
  -2.7306953365e-01  -2.7454698909e-01   5.9311906410e-01  -5.3645495898e-02  -1.0783221145e+00
  -2.6996238336e-01  -2.7159207822e-01   5.4456741491e-01  -3.8764351902e-01  -1.2733916026e+00
  -2.6657645717e-01  -2.6833268850e-01   4.6014313290e-01  -7.0135190862e-01  -1.4095084488e+00
  -2.6342123777e-01  -2.6482022584e-01   3.5248674650e-01  -9.2788656189e-01  -1.4515115578e+00
  -2.6083514468e-01  -2.6202224969e-01   2.4319262607e-01  -1.0545148799e+00  -1.4160558308e+00
  -2.5858769354e-01  -2.5964803967e-01   1.3443019413e-01  -1.1168917334e+00  -1.3328663593e+00
  -2.5655037453e-01  -2.5752734742e-01   2.5321830542e-02  -1.1344643050e+00  -1.2156570510e+00
  -2.5465278369e-01  -2.5557340165e-01  -8.3308204067e-02  -1.1177486483e+00  -1.0734017007e+00
  -2.5284972121e-01  -2.5373216573e-01  -1.9235644666e-01  -1.0733375092e+00  -9.1005179087e-01
  -2.5110888879e-01  -2.5196727669e-01  -3.0102382277e-01  -1.0059693754e+00  -7.3018861257e-01
  -2.4940443518e-01  -2.5025050088e-01  -4.1021133858e-01  -9.1808094910e-01  -5.3465378520e-01
  -2.4771352258e-01  -2.4855836948e-01  -5.1893677982e-01  -8.1246327983e-01  -3.2681525265e-01
  -2.4601470591e-01  -2.4686867567e-01  -6.2761627979e-01  -6.9007252849e-01  -1.0703903538e-01
  -2.4431234304e-01  -2.4516073614e-01  -7.3444268888e-01  -5.5381149820e-01   1.2018874288e-01
  -2.4261819605e-01  -2.4346394993e-01  -8.3728719064e-01  -4.0721041447e-01   3.4951978398e-01
  -2.4091346566e-01  -2.4177244216e-01  -9.3555458590e-01  -2.5158767027e-01   5.7901935533e-01
  -2.3916427906e-01  -2.4005448915e-01  -1.0289023163e+00  -8.7087386263e-02   8.0783307446e-01
  -2.3732807788e-01  -2.3827406896e-01  -1.1175933358e+00   8.8934822963e-02   1.0376555366e+00
  -2.3534180132e-01  -2.3638208681e-01  -1.1998711001e+00   2.7803145269e-01   1.2666993662e+00
  -2.3309001431e-01  -2.3430151584e-01  -1.2740001286e+00   4.8812845876e-01   1.4969807673e+00
  -2.3027701721e-01  -2.3187851277e-01  -1.3331692946e+00   7.3662341890e-01   1.7289167765e+00
  -2.2645548597e-01  -2.2867552165e-01  -1.3478167307e+00   1.0408924559e+00   1.9308099415e+00
  -2.2235484195e-01  -2.2423545029e-01  -1.2785953945e+00   1.3203830533e+00   2.0005759318e+00
  -2.1926377134e-01  -2.2047423360e-01  -1.1668288429e+00   1.4974022704e+00   1.9524593590e+00
  -2.1707588367e-01  -2.1805330907e-01  -1.0571769303e+00   1.6056224857e+00   1.8690782253e+00
  -2.1524632204e-01  -2.1609845826e-01  -9.4806195858e-01   1.6863566569e+00   1.7727198329e+00
  -2.1362140285e-01  -2.1439418582e-01  -8.3906127477e-01   1.7513228165e+00   1.6698073133e+00
  -2.1213035299e-01  -2.1284861988e-01  -7.3012473628e-01   1.8057617605e+00   1.5634697750e+00
  -2.1073297734e-01  -2.1141208611e-01  -6.2130793598e-01   1.8525544564e+00   1.4555935749e+00
  -2.0940352536e-01  -2.1005386857e-01  -5.1262432180e-01   1.8934770086e+00   1.3473790587e+00
  -2.0812417356e-01  -2.0875318216e-01  -4.0342033146e-01   1.9298922546e+00   1.2390223923e+00
  -2.0688161592e-01  -2.0749516496e-01  -2.9445845719e-01   1.9622960868e+00   1.1319344576e+00
  -2.0566526556e-01  -2.0626806687e-01  -1.8542322617e-01   1.9913186119e+00   1.0263356602e+00
  -2.0446637627e-01  -2.0506246426e-01  -7.6697755376e-02   2.0172158698e+00   9.2304672348e-01
  -2.0327734466e-01  -2.0387028829e-01   3.1873139696e-02   2.0402581549e+00   8.2231363557e-01
  -2.0209126970e-01  -2.0268440103e-01   1.4041290892e-01   2.0605787672e+00   7.2440313486e-01
  -2.0090147165e-01  -2.0149813836e-01   2.5010799910e-01   2.0783421184e+00   6.2870643325e-01
  -1.9970122365e-01  -2.0030480494e-01   3.5872581269e-01   2.0930880988e+00   5.3759028970e-01
  -1.9848348986e-01  -1.9909764236e-01   4.6744946456e-01   2.1048359184e+00   4.5043795337e-01
  -1.9724048137e-01  -1.9786933735e-01   5.7627432510e-01   2.1132676408e+00   3.6776041419e-01
  -1.9596323099e-01  -1.9661162539e-01   6.8502667430e-01   2.1179247045e+00   2.9025823708e-01
  -1.9464093815e-01  -1.9531483659e-01   7.9385475439e-01   2.1181881769e+00   2.1850146428e-01
  -1.9325989426e-01  -1.9396703971e-01   9.0296172254e-01   2.1131552503e+00   1.5322178816e-01
  -1.9180212350e-01  -1.9255274881e-01   1.0117520649e+00   2.1016056559e+00   9.5839419996e-02
  -1.9024256431e-01  -1.9105149818e-01   1.1207033119e+00   2.0816851343e+00   4.7494289737e-02
  -1.8854366466e-01  -1.8943363044e-01   1.2296579090e+00   2.0505908739e+00   1.0285514736e-02
  -1.8664397079e-01  -1.8765369889e-01   1.3386596928e+00   2.0036174898e+00  -1.2712094865e-02
  -1.8442730585e-01  -1.8563424269e-01   1.4478198409e+00   1.9318181580e+00  -1.6126128492e-02
  -1.8160313917e-01  -1.8322036901e-01   1.5579308936e+00   1.8125943333e+00   1.2300137740e-02
  -1.7756259117e-01  -1.7998590933e-01   1.6583217869e+00   1.5878507045e+00   1.0309419131e-01
  -1.7303185648e-01  -1.7513927301e-01   1.6991817045e+00   1.2684440847e+00   2.4510021287e-01
  -1.6908706558e-01  -1.7092443995e-01   1.6757600515e+00   9.3604367246e-01   3.7916239801e-01
  -1.6556874658e-01  -1.6724969121e-01   1.6135080064e+00   6.0337120561e-01   4.8805919863e-01
  -1.6230329771e-01  -1.6388780195e-01   1.5251140344e+00   2.7154448217e-01   5.6793564017e-01
  -1.5930533986e-01  -1.6071879347e-01   1.4205753898e+00  -4.8669732888e-02   6.1699168180e-01
  -1.5665937975e-01  -1.5789188625e-01   1.3116776580e+00  -3.3880990447e-01   6.3746808595e-01
  -1.5431114807e-01  -1.5542687324e-01   1.2028270056e+00  -5.9980605588e-01   6.3639160887e-01
  -1.5216225868e-01  -1.5319542290e-01   1.0939287217e+00  -8.3911213772e-01   6.1916876817e-01
  -1.5015713276e-01  -1.5112909446e-01   9.8524842734e-01  -1.0600768944e+00   5.8928607141e-01
  -1.4825992434e-01  -1.4918517106e-01   8.7637531411e-01  -1.2658108837e+00   5.4897070977e-01
  -1.4644521115e-01  -1.4733467761e-01   7.6767120650e-01  -1.4569592734e+00   5.0000472898e-01
  -1.4469345284e-01  -1.4555574469e-01   6.5877170761e-01  -1.6349050048e+00   4.4341493018e-01
  -1.4298867368e-01  -1.4383116098e-01   5.5000033193e-01  -1.7994024182e+00   3.8019680494e-01
  -1.4131690759e-01  -1.4214618637e-01   4.4147132518e-01  -1.9503006262e+00   3.1100916873e-01
  -1.3966534044e-01  -1.4048762881e-01   3.3219051997e-01  -2.0884272025e+00   2.3545975162e-01
  -1.3802137227e-01  -1.3884305207e-01   2.2370825816e-01  -2.2110279073e+00   1.5468275003e-01
  -1.3637181817e-01  -1.3719969246e-01   1.1482089461e-01  -2.3183283848e+00   6.7638038628e-02
  -1.3470202479e-01  -1.3554394387e-01   5.8566272924e-03  -2.4080253743e+00  -2.5945501843e-02
  -1.3299460342e-01  -1.3386010571e-01  -1.0285921167e-01  -2.4772986771e+00  -1.2660192357e-01
  -1.3122742364e-01  -1.3212910114e-01  -2.1166671847e-01  -2.5226337585e+00  -2.3596839050e-01
  -1.2936992205e-01  -1.3032574614e-01  -3.2060047756e-01  -2.5382528877e+00  -3.5625093170e-01
  -1.2737607576e-01  -1.2841409796e-01  -4.2952617326e-01  -2.5150559647e+00  -4.9082077154e-01
  -1.2516795232e-01  -1.2633805357e-01  -5.3844410743e-01  -2.4373930759e+00  -6.4586815821e-01
  -1.2259649311e-01  -1.2399785107e-01  -6.4761266012e-01  -2.2728790129e+00  -8.3465075821e-01
  -1.1978118372e-01  -1.2119513514e-01  -7.4229815097e-01  -2.0009527016e+00  -1.0492734830e+00
  -1.1722127913e-01  -1.1836723231e-01  -8.0458037615e-01  -1.6706840142e+00  -1.2510563513e+00
  -1.1509287231e-01  -1.1607532595e-01  -8.3827449849e-01  -1.3363988803e+00  -1.4231415573e+00
  -1.1322832905e-01  -1.1411041867e-01  -8.5451011416e-01  -1.0029418122e+00  -1.5760910226e+00
  -1.1153107570e-01  -1.1234623943e-01  -8.5907700446e-01  -6.7000658190e-01  -1.7164117366e+00
  -1.0994725144e-01  -1.1071591197e-01  -8.5517330130e-01  -3.3590373011e-01  -1.8482380297e+00
  -1.0844209005e-01  -1.0917859092e-01  -8.4488542170e-01  -3.3629205965e-03  -1.9726371728e+00
  -1.0699069130e-01  -1.0770558918e-01  -8.2959091100e-01   3.2981074048e-01  -2.0918721691e+00
  -1.0557379342e-01  -1.0627579343e-01  -8.1026041004e-01   6.6407326207e-01  -2.2070168348e+00
  -1.0417484262e-01  -1.0487179340e-01  -7.8796508808e-01   9.9549017819e-01  -2.3174269204e+00
  -1.0277836491e-01  -1.0347789183e-01  -7.6294004078e-01   1.3302868442e+00  -2.4256179288e+00
  -1.0136848770e-01  -1.0207883800e-01  -7.3616035737e-01   1.6628454981e+00  -2.5300235694e+00
  -9.9927160114e-02  -1.0065813741e-01  -7.0797795188e-01   1.9956946592e+00  -2.6315802153e+00
  -9.8431492431e-02  -9.9196182820e-02  -6.7886026046e-01   2.3295727406e+00  -2.7303963549e+00
  -9.6849353975e-02  -9.7666802042e-02  -6.4960366173e-01   2.6624002423e+00  -2.8254873678e+00
  -9.5128935434e-02  -9.6031905908e-02  -6.2081553743e-01   2.9965899105e+00  -2.9166655485e+00
  -9.3169554815e-02  -9.4225964960e-02  -5.9388926964e-01   3.3317979181e+00  -3.0017663315e+00
  -9.0693116826e-02  -9.2113144671e-02  -5.7194591775e-01   3.6697550029e+00  -3.0752007994e+00
  -8.6064311804e-02  -8.9273088982e-02  -5.7923313923e-01   3.9772475013e+00  -3.0827342949e+00
  -8.1038906322e-02  -8.2855534627e-02  -6.5345483253e-01   3.8548767881e+00  -2.9037863454e+00
  -7.8108252031e-02  -7.9222278017e-02  -7.3238269527e-01   3.5185236796e+00  -2.6854821421e+00
  -7.6119770026e-02  -7.6994226045e-02  -7.9860325600e-01   3.1821099374e+00  -2.4880946731e+00
  -7.4493656872e-02  -7.5245314008e-02  -8.5868323713e-01   2.8476799988e+00  -2.2983910067e+00
  -7.3066926550e-02  -7.3741999736e-02  -9.1493985802e-01   2.5127581837e+00  -2.1112489074e+00
  -7.1768786630e-02  -7.2391853364e-02  -9.6769099128e-01   2.1805105654e+00  -1.9267982811e+00
  -7.0560251636e-02  -7.1145719897e-02  -1.0178315985e+00   1.8482984025e+00  -1.7426690092e+00
  -6.9417550346e-02  -6.9974783374e-02  -1.0660987875e+00   1.5125582951e+00  -1.5563090086e+00
  -6.8324055410e-02  -6.8860317318e-02  -1.1114469507e+00   1.1817049720e+00  -1.3719794507e+00
  -6.7267461975e-02  -6.7787793503e-02  -1.1549775775e+00   8.4855553366e-01  -1.1853667042e+00
  -6.6238617133e-02  -6.6747130448e-02  -1.1966071056e+00   5.1362735208e-01  -9.9645798178e-01
  -6.5229849759e-02  -6.5730103818e-02  -1.2358236763e+00   1.8106565761e-01  -8.0734094389e-01
  -6.4234582529e-02  -6.4729595701e-02  -1.2729227551e+00  -1.5170520004e-01  -6.1632531803e-01
  -6.3247023061e-02  -6.3739569357e-02  -1.3078623952e+00  -4.8499310836e-01  -4.2297454270e-01
  -6.2261713444e-02  -6.2754476766e-02  -1.3405418680e+00  -8.1895228800e-01  -2.2691029723e-01
  -6.1273271772e-02  -6.1768950123e-02  -1.3706594659e+00  -1.1518462562e+00  -2.8852217297e-02
  -6.0276158330e-02  -6.0777593420e-02  -1.3981379541e+00  -1.4846182298e+00   1.7209312943e-01
  -5.9264388663e-02  -5.9774723239e-02  -1.4227399694e+00  -1.8171544996e+00   3.7626702457e-01
  -5.8231038661e-02  -5.8754054088e-02  -1.4443217802e+00  -2.1522538222e+00   5.8595649530e-01
  -5.7167898835e-02  -5.7708023234e-02  -1.4621691544e+00  -2.4852788383e+00   7.9892580460e-01
  -5.6065022706e-02  -5.6627774435e-02  -1.4758125483e+00  -2.8155653713e+00   1.0154582666e+00
  -5.4910797379e-02  -5.5502270977e-02  -1.4847656249e+00  -3.1516627081e+00   1.2424293767e+00
  -5.3708034454e-02  -5.4319323781e-02  -1.4876432989e+00  -3.4770701921e+00   1.4701456463e+00
  -5.2463138266e-02  -5.3096745126e-02  -1.4836053545e+00  -3.7904551433e+00   1.6989966390e+00
  -5.1166546254e-02  -5.1829531406e-02  -1.4715820279e+00  -4.0872302056e+00   1.9273998151e+00
  -4.9801008403e-02  -5.0503561102e-02  -1.4497848690e+00  -4.3675702392e+00   2.1582214872e+00
  -4.8342526768e-02  -4.9098455703e-02  -1.4165373903e+00  -4.6209758255e+00   2.3866093337e+00
  -4.6754581213e-02  -4.7586597833e-02  -1.3682152414e+00  -4.8445437626e+00   2.6159773038e+00
  -4.4974374735e-02  -4.5922564593e-02  -1.2993827627e+00  -5.0254701381e+00   2.8454006934e+00
  -4.2998052848e-02  -4.4026184878e-02  -1.2052201524e+00  -5.1383316172e+00   3.0640729548e+00
  -4.1070655474e-02  -4.1969920818e-02  -1.0967474672e+00  -5.1590597563e+00   3.2386046901e+00
  -3.9362305491e-02  -4.0171390129e-02  -9.8790364355e-01  -5.1032366407e+00   3.3591854679e+00
  -3.7805683954e-02  -3.8553220854e-02  -8.7887558445e-01  -4.9933047930e+00   3.4411064938e+00
  -3.6354604293e-02  -3.7058147054e-02  -7.6987696474e-01  -4.8424001881e+00   3.4930312434e+00
  -3.4979688191e-02  -3.5651061533e-02  -6.6120708867e-01  -4.6594340025e+00   3.5205106440e+00
  -3.3660687901e-02  -3.4308314849e-02  -5.5247728677e-01  -4.4494609401e+00   3.5273429066e+00
  -3.2382721616e-02  -3.3013060953e-02  -4.4343032800e-01  -4.2158365524e+00   3.5158815281e+00
  -3.1134000315e-02  -3.1752382279e-02  -3.3436901390e-01  -3.9620645117e+00   3.4877417275e+00
  -2.9904597774e-02  -3.0515618351e-02  -2.2541946539e-01  -3.6907486831e+00   3.4441128160e+00
  -2.8685747466e-02  -2.9293577198e-02  -1.1658756868e-01  -3.4037251291e+00   3.3857437277e+00
  -2.7469270579e-02  -2.8077917734e-02  -7.8118518097e-03  -3.1022276287e+00   3.3129508171e+00
  -2.6247064189e-02  -2.6860623423e-02   1.0098568017e-01  -2.7870744773e+00   3.2256379391e+00
  -2.5014821667e-02  -2.5633504956e-02   2.0946951978e-01  -2.4600444436e+00   3.1237169620e+00
  -2.3783464998e-02  -2.4396138378e-02   3.1584830203e-01  -2.1274621203e+00   3.0085849466e+00
  -2.2559798503e-02  -2.3170791618e-02   4.1884023111e-01  -1.7944520723e+00   2.8815671284e+00
  -2.1333573805e-02  -2.1948805389e-02   5.1868983739e-01  -1.4612386740e+00   2.7421676338e+00
  -2.0092652379e-02  -2.0718342222e-02   6.1564791998e-01  -1.1276441501e+00   2.5892675390e+00
  -1.8823713972e-02  -1.9466962537e-02   7.0974429464e-01  -7.9389903403e-01   2.4213709025e+00
  -1.7510956879e-02  -1.8180465406e-02   8.0071631183e-01  -4.6098499069e-01   2.2367342848e+00
  -1.6134263046e-02  -1.6841448352e-02   8.8869082898e-01  -1.2803899823e-01   2.0315394040e+00
  -1.4716027676e-02  -1.5427077741e-02   9.7053909588e-01   1.9345781300e-01   1.8092346991e+00
  -1.3323109993e-02  -1.4004977611e-02   1.0422997763e+00   4.8753799868e-01   1.5786340136e+00
  -1.1982185388e-02  -1.2641242376e-02   1.1013860936e+00   7.4179206720e-01   1.3506144869e+00
  -1.0682244316e-02  -1.1323128401e-02   1.1498893340e+00   9.6300962697e-01   1.1217096578e+00
  -9.4147914636e-03  -1.0041360232e-02   1.1883912202e+00   1.1522703432e+00   8.9240879664e-01
  -8.1726570787e-03  -8.7882226952e-03   1.2174346023e+00   1.3107015148e+00   6.6311184695e-01
  -6.9495966886e-03  -7.5570914623e-03   1.2375322729e+00   1.4395037243e+00   4.3402168542e-01
  -5.7399918747e-03  -6.3421019150e-03   1.2491386251e+00   1.5398180746e+00   2.0518587671e-01
  -4.5386011756e-03  -5.1378818345e-03   1.2526299577e+00   1.6126253676e+00  -2.3463611260e-02
  -3.3403364641e-03  -3.9393205168e-03   1.2482922778e+00   1.6586736590e+00  -2.5207100092e-01
  -2.1400090595e-03  -2.7413524114e-03   1.2361832291e+00   1.6783818982e+00  -4.8234823966e-01
  -9.3212634877e-04  -1.5386657077e-03   1.2165727536e+00   1.6716718270e+00  -7.1130576104e-01
   2.8931424925e-04  -3.2558698988e-04   1.1895289670e+00   1.6388960016e+00  -9.4009179033e-01
   1.5311812089e-03   9.0421548837e-04   1.1550002306e+00   1.5797795167e+00  -1.1690190285e+00
   2.8016617177e-03   2.1581469294e-03   1.1129055236e+00   1.4938023695e+00  -1.3978507630e+00
   4.1109605850e-03   3.4451765061e-03   1.0629361342e+00   1.3797942813e+00  -1.6269054987e+00
   5.4725294366e-03   4.7767446639e-03   1.0044708775e+00   1.2355540586e+00  -1.8568028066e+00
   6.9046774823e-03   6.1683142094e-03   9.3733262992e-01   1.0597445807e+00  -2.0856025996e+00
   8.4340799804e-03   7.6410407552e-03   8.6022287278e-01   8.4784851691e-01  -2.3143180886e+00
   1.0104145255e-02   9.2271192055e-03   7.7074257309e-01   5.9145976322e-01  -2.5441860434e+00
   1.1941516552e-02   1.0981171305e-02   6.6851441588e-01   2.8724888519e-01  -2.7685316889e+00
   1.3844002375e-02   1.2901861799e-02   5.6142352488e-01  -4.2446371971e-02  -2.9655303160e+00
   1.5719327137e-02   1.4786142951e-02   4.5619496530e-01  -3.7646851759e-01  -3.1227336100e+00
   1.7600566921e-02   1.6652511322e-02   3.5421629361e-01  -7.0922269744e-01  -3.2395021986e+00
   1.9538400328e-02   1.8548622520e-02   2.5458948882e-01  -1.0427233512e+00  -3.3157003846e+00
   2.1598120379e-02   2.0528178135e-02   1.5718247617e-01  -1.3768040735e+00  -3.3457510378e+00
   2.3888292623e-02   2.2668062623e-02   6.1934585803e-02  -1.7108777853e+00  -3.3168847229e+00
   2.6618799763e-02   2.5108522624e-02  -3.1147308764e-02  -2.0428113357e+00  -3.1982430943e+00
   2.9401618874e-02   2.8129076902e-02  -1.0205099580e-01  -2.2943553839e+00  -2.9917578045e+00
   3.1692531966e-02   3.0674160846e-02  -1.4120238552e-01  -2.4243350294e+00  -2.7608293315e+00
   3.3600221992e-02   3.2710903086e-02  -1.6067408602e-01  -2.4744832434e+00  -2.5310886039e+00
   3.5300111210e-02   3.4489540898e-02  -1.6848219919e-01  -2.4729221665e+00  -2.3008869579e+00
   3.6869555690e-02   3.6110681521e-02  -1.6818655222e-01  -2.4323415038e+00  -2.0721779358e+00
   3.8351830203e-02   3.7628429858e-02  -1.6183740862e-01  -2.3594452383e+00  -1.8431410416e+00
   3.9774323875e-02   3.9075230547e-02  -1.5067755054e-01  -2.2582997108e+00  -1.6142975312e+00
   4.1156420734e-02   4.0473417203e-02  -1.3543595332e-01  -2.1304517568e+00  -1.3842519629e+00
   4.2513044807e-02   4.1839424264e-02  -1.1690763822e-01  -1.9790387974e+00  -1.1558450598e+00
   4.3856500443e-02   4.3186665349e-02  -9.5378375689e-02  -1.8036452643e+00  -9.2699017474e-01
   4.5197538296e-02   4.4526335537e-02  -7.1051227899e-02  -1.6035887762e+00  -6.9692990011e-01
   4.6546249027e-02   4.5868741055e-02  -4.4534687695e-02  -1.3817995490e+00  -4.6909302018e-01
   4.7912792377e-02   4.7223756999e-02  -1.5448452239e-02  -1.1330875130e+00  -2.3887482011e-01
   4.9307828469e-02   4.8601827754e-02   1.5503438690e-02  -8.6154691012e-01  -1.1053912744e-02
   5.0743392454e-02   5.0013829184e-02   4.8876535626e-02  -5.6034292263e-01   2.1883289980e-01
   5.2207825414e-02   5.1472955725e-02   8.3677524793e-02  -2.3659047723e-01   4.4412266214e-01
   5.3650667067e-02   5.2942695103e-02   1.1839557066e-01   9.6422512752e-02   6.5626849859e-01
   5.5047776467e-02   5.4358639031e-02   1.5196636289e-01   4.2811928051e-01   8.5067915833e-01
   5.6414013560e-02   5.5736913904e-02   1.8494510680e-01   7.6334518627e-01   1.0321650258e+00
   5.7762323677e-02   5.7091113216e-02   2.1672660245e-01   1.0952072930e+00   1.1986535172e+00
   5.9104466362e-02   5.8433534137e-02   2.4779416955e-01   1.4279239355e+00   1.3537446608e+00
   6.0451808752e-02   5.9775398588e-02   2.7829454173e-01   1.7625421613e+00   1.4987917570e+00
   6.1816225066e-02   6.1128218917e-02   3.0777913788e-01   2.0934851702e+00   1.6323156571e+00
   6.3211375120e-02   6.2504231215e-02   3.3702172594e-01   2.4289837240e+00   1.7582781346e+00
   6.4653930942e-02   6.3918519026e-02   3.6536865367e-01   2.7612570713e+00   1.8742306620e+00
   6.6165814248e-02   6.5389342859e-02   3.9316345694e-01   3.0941126712e+00   1.9820700806e+00
   6.7779318088e-02   6.6942285637e-02   4.2041796874e-01   3.4281064931e+00   2.0821872087e+00
   6.9546485745e-02   6.8616350540e-02   4.4685600136e-01   3.7610918053e+00   2.1740835896e+00
   7.1567532276e-02   7.0476620951e-02   4.7245837742e-01   4.0964410001e+00   2.2585200691e+00
   7.4104885422e-02   7.2658443602e-02   4.9626917220e-01   4.4336056421e+00   2.3344587989e+00
   7.7526520153e-02   7.5551327241e-02   5.1180160535e-01   4.7256401077e+00   2.3903508299e+00
   8.1476905976e-02   7.9501713064e-02   5.0329559178e-01   4.8177057189e+00   2.3987050404e+00
   8.5477905063e-02   8.3452098887e-02   4.6152883555e-01   4.6291941852e+00   2.3528893955e+00
   8.8741837857e-02   8.7503711239e-02   4.0243298100e-01   4.2822363181e+00   2.2810427906e+00
   9.0981550477e-02   8.9979964474e-02   3.4819489808e-01   3.9467317048e+00   2.2140139003e+00
   9.2861396960e-02   9.1983136480e-02   2.9481971245e-01   3.6126901320e+00   2.1473650639e+00
   9.4541878575e-02   9.3739657440e-02   2.4151430906e-01   3.2782334130e+00   2.0798654968e+00
   9.6096131064e-02   9.5344099709e-02   1.8848839965e-01   2.9456427809e+00   2.0114648442e+00
   9.7565832357e-02   9.6848162418e-02   1.3541281173e-01   2.6130266603e+00   1.9414004293e+00
   9.8977729923e-02   9.8283502295e-02   8.2052364687e-02   2.2786867418e+00   1.8689588625e+00
   1.0035123539e-01   9.9671957551e-02   2.9132094653e-02   1.9466729510e+00   1.7947032734e+00
   1.0170158899e-01   1.0103051323e-01  -2.4008779129e-02   1.6121113660e+00   1.7172139851e+00
   1.0304161504e-01   1.0237266476e-01  -7.6346115155e-02   1.2805001334e+00   1.6374200748e+00
   1.0438312125e-01   1.0371056532e-01  -1.2853168820e-01   9.4647463644e-01   1.5536450916e+00
   1.0573772454e-01   1.0505567718e-01  -1.7979470933e-01   6.1333857229e-01   1.4662311948e+00
   1.0711777092e-01   1.0641977189e-01  -2.2989272293e-01   2.8059625503e-01   1.3745202577e+00
   1.0853732118e-01   1.0781576996e-01  -2.7842690459e-01  -5.1879444116e-02   1.2778169543e+00
   1.1001381601e-01   1.0925887241e-01  -3.2508144300e-01  -3.8601504606e-01   1.1746175395e+00
   1.1157029742e-01   1.1076875960e-01  -3.6873428068e-01  -7.1982369813e-01   1.0642690549e+00
   1.1323910999e-01   1.1237183524e-01  -4.0807387221e-01  -1.0524160225e+00   9.4539609315e-01
   1.1507083258e-01   1.1410638474e-01  -4.4138770679e-01  -1.3856463228e+00   8.1469618215e-01
   1.1715595752e-01   1.1603528043e-01  -4.6516218593e-01  -1.7199866149e+00   6.6721406161e-01
   1.1969438156e-01   1.1827663460e-01  -4.7165175374e-01  -2.0557755648e+00   4.9271851192e-01
   1.2294359536e-01   1.2111212852e-01  -4.4236012794e-01  -2.3666146230e+00   2.8281223188e-01
   1.2658882411e-01   1.2477506220e-01  -3.6117148640e-01  -2.5630925322e+00   7.0341147499e-02
   1.2978377682e-01   1.2840258601e-01  -2.5220704895e-01  -2.6106201418e+00  -9.1142048174e-02
   1.3235774354e-01   1.3116496762e-01  -1.4285767279e-01  -2.5713417863e+00  -2.0254130810e-01
   1.3465455028e-01   1.3355051945e-01  -3.3816051374e-02  -2.4867817013e+00  -2.8786128324e-01
   1.3682756115e-01   1.3575858111e-01   7.5435790431e-02  -2.3707280533e+00  -3.5710521750e-01
   1.3897182370e-01   1.3789654119e-01   1.8420800806e-01  -2.2295064643e+00  -4.1497353047e-01
   1.4117369974e-01   1.4004710620e-01   2.9333096643e-01  -2.0628409833e+00  -4.6528131041e-01
   1.4354874708e-01   1.4230029328e-01   4.0256191930e-01  -1.8667665494e+00  -5.1067483907e-01
   1.4633888714e-01   1.4479720088e-01   5.1255495526e-01  -1.6249937551e+00  -5.5500001033e-01
   1.4981236160e-01   1.4788057341e-01   6.1067898651e-01  -1.3234599050e+00  -6.0125405716e-01
   1.5385946366e-01   1.5174414979e-01   6.5809933973e-01  -9.9081686648e-01  -6.4910116810e-01
   1.5819320894e-01   1.5597477754e-01   6.1815766870e-01  -6.7701126052e-01  -6.9763223562e-01
   1.6184740152e-01   1.6041164034e-01   5.1402957861e-01  -4.5382778118e-01  -7.3639062943e-01
   1.6440447902e-01   1.6328316269e-01   4.0397064985e-01  -3.2337753397e-01  -7.6044145474e-01
   1.6650136438e-01   1.6552579535e-01   2.9469939521e-01  -2.3237998320e-01  -7.7663286270e-01
   1.6837033901e-01   1.6747693341e-01   1.8567541222e-01  -1.6323002672e-01  -7.8720946947e-01
   1.7010830122e-01   1.6926374462e-01   7.6558217911e-02  -1.0878183849e-01  -7.9286415797e-01
   1.7177006805e-01   1.7095285781e-01  -3.2340414483e-02  -6.5630314439e-02  -7.9371277143e-01
   1.7339327517e-01   1.7258727828e-01  -1.4106655515e-01  -3.1696761139e-02  -7.8962196294e-01
   1.7500830949e-01   1.7419927206e-01  -2.5010182797e-01  -5.7658224570e-03  -7.8014218141e-01
   1.7664414492e-01   1.7581734693e-01  -3.5885223413e-01   1.2499802996e-02  -7.6464639028e-01
   1.7833348868e-01   1.7747094292e-01  -4.6798397731e-01   2.3118439946e-02  -7.4196687282e-01
   1.8011963246e-01   1.7919603443e-01  -5.7687491057e-01   2.5282598681e-02  -7.1055948244e-01
   1.8207106981e-01   1.8104323049e-01  -6.8610202654e-01   1.7194797690e-02  -6.6742372193e-01
   1.8432341455e-01   1.8309890913e-01  -7.9546070173e-01  -5.3723645699e-03  -6.0697792880e-01
   1.8730324195e-01   1.8554791997e-01  -9.0685126260e-01  -5.6430698307e-02  -5.1145580249e-01
   1.9198932527e-01   1.8905856393e-01  -9.9044168955e-01  -1.8041951003e-01  -3.3934687915e-01
   1.9726099767e-01   1.9492008661e-01  -9.5243053878e-01  -3.6467038016e-01  -1.4654090537e-01
   2.0095746375e-01   1.9960190873e-01  -8.4050053308e-01  -5.1018987880e-01  -3.5375904547e-02
   2.0338988416e-01   2.0231301878e-01  -7.3069339725e-01  -6.0625846077e-01   1.6145867077e-02
   2.0540576969e-01   2.0446674954e-01  -6.2131313949e-01  -6.8241245041e-01   4.2295588932e-02
   2.0720180342e-01   2.0634478985e-01  -5.1247546174e-01  -7.4506677265e-01   5.1216110293e-02
   2.0886272091e-01   2.0805881699e-01  -4.0341645672e-01  -7.9731645677e-01   4.6557474108e-02
   2.1043552366e-01   2.0966662483e-01  -2.9467659072e-01  -8.4014953747e-01   3.0251993839e-02
   2.1195075282e-01   2.1120442249e-01  -1.8566413647e-01  -8.7437562842e-01   3.3481611633e-03
   2.1343051381e-01   2.1269708315e-01  -7.6729749643e-02  -9.0000093069e-01  -3.3431955856e-02
   2.1489263354e-01   2.1416394446e-01   3.2078350137e-02  -9.1688226477e-01  -7.9660032957e-02
   2.1635282734e-01   2.1562132261e-01   1.4085913787e-01  -9.2461719503e-01  -1.3520233938e-01
   2.1782637853e-01   2.1708433207e-01   2.4972594154e-01  -9.2246231932e-01  -2.0017642410e-01
   2.1932969182e-01   2.1856842500e-01   3.5868202058e-01  -9.0927584171e-01  -2.7486618894e-01
   2.2088202986e-01   2.2009095864e-01   4.6749167169e-01  -8.8349360640e-01  -3.5958770873e-01
   2.2250829290e-01   2.2167310109e-01   5.7644733807e-01  -8.4268425005e-01  -4.5538401616e-01
   2.2424396686e-01   2.2334348470e-01   6.8538306266e-01  -7.8328588034e-01  -5.6343837018e-01
   2.2614578731e-01   2.2514444901e-01   7.9441449812e-01  -6.9927941286e-01  -6.8608838146e-01
   2.2832036589e-01   2.2714712560e-01   9.0356081714e-01  -5.7952254541e-01  -8.2750348278e-01
   2.3104116554e-01   2.2949360617e-01   1.0139395851e+00  -3.9488895899e-01  -9.9943768273e-01
   2.3446740230e-01   2.3258872491e-01   1.1068646795e+00  -1.1604925231e-01  -1.1928105524e+00
   2.3803867974e-01   2.3634607970e-01   1.1475104241e+00   2.1676961087e-01  -1.3516794271e+00
   2.4135828121e-01   2.3973127978e-01   1.1317329396e+00   5.5004070689e-01  -1.4454793867e+00
   2.4464229029e-01   2.4298528263e-01   1.0679000771e+00   8.8321204959e-01  -1.4782684029e+00
   2.4774388155e-01   2.4629929796e-01   9.6893883695e-01   1.1831590466e+00  -1.4521945482e+00
   2.5038396827e-01   2.4918846514e-01   8.5935472646e-01   1.4142347315e+00  -1.3864039342e+00
   2.5265231116e-01   2.5157947139e-01   7.5035369871e-01   1.5860264916e+00  -1.2996685029e+00
   2.5473031395e-01   2.5372515093e-01   6.4131907828e-01   1.7165903257e+00  -1.1980130219e+00
   2.5670511721e-01   2.5573547696e-01   5.3223886875e-01   1.8128596473e+00  -1.0842769536e+00
   2.5863194685e-01   2.5767475745e-01   4.2347758756e-01   1.8776272631e+00  -9.6031840144e-01
   2.6055367048e-01   2.5958913624e-01   3.1476590831e-01   1.9118930063e+00  -8.2650975668e-01
   2.6251072899e-01   2.6151820472e-01   2.0577989236e-01   1.9144040572e+00  -6.8241641279e-01
   2.6454940182e-01   2.6350325326e-01   9.6648734992e-02   1.8816615578e+00  -5.2753914424e-01
   2.6673238471e-01   2.6559555038e-01  -1.2154171268e-02   1.8078352720e+00  -3.6120699283e-01
   2.6916222718e-01   2.6786921904e-01  -1.2119878860e-01   1.6813356403e+00  -1.7983072566e-01
   2.7205175754e-01   2.7045523533e-01  -2.3073962036e-01   1.4775261052e+00   2.3084199224e-02
   2.7542659499e-01   2.7364827974e-01  -3.2770186019e-01   1.1853736503e+00   2.3178689992e-01
   2.7889122059e-01   2.7720491024e-01  -3.9184838793e-01   8.5133584091e-01   4.0503779737e-01
   2.8234944938e-01   2.8057753094e-01  -4.2145783004e-01   5.1694205428e-01   5.2789995241e-01
   2.8629386712e-01   2.8412136782e-01  -4.2079872984e-01   1.8005312300e-01   6.0286952011e-01
   2.9276767405e-01   2.8846636642e-01  -3.7556830435e-01  -1.4411530909e-01   5.8240065383e-01
   3.0061497953e-01   2.9706898168e-01  -3.3174273336e-01  -9.4282956453e-02   4.1539868321e-01
   3.0637126398e-01   3.0416097737e-01  -3.5532129394e-01   2.3919008624e-01   2.6798184976e-01
   3.1056872481e-01   3.0858155059e-01  -4.1602832579e-01   5.7565511327e-01   1.9699605278e-01
   3.1463802338e-01   3.1255589902e-01  -5.0487710781e-01   9.0552535906e-01   1.8614990998e-01
   3.1872411652e-01   3.1672014775e-01  -6.1155764594e-01   1.1823251661e+00   2.4815210575e-01
   3.2287356189e-01   3.2072808529e-01  -7.2031044562e-01   1.3578742168e+00   3.9384025487e-01
   3.2687829824e-01   3.2501903849e-01  -8.0675514646e-01   1.4016648075e+00   6.0664023786e-01
   3.3033830393e-01   3.2873755799e-01  -8.5231370958e-01   1.3326684829e+00   8.3686473373e-01
   3.3344961879e-01   3.3193904987e-01  -8.6093137150e-01   1.1923086747e+00   1.0662467619e+00
   3.3648870306e-01   3.3496018770e-01  -8.3449601343e-01   9.9653770421e-01   1.2957367758e+00
   3.3967017916e-01   3.3801721842e-01  -7.6709086162e-01   7.4751794186e-01   1.5240146350e+00
   3.4270881407e-01   3.4132313990e-01  -6.6615969612e-01   4.8763267936e-01   1.7140006962e+00
   3.4523117408e-01   3.4409448823e-01  -5.5663764622e-01   2.6818732871e-01   1.8392208675e+00
   3.4737466320e-01   3.4636785992e-01  -4.4752500846e-01   8.7026458379e-02   1.9154587555e+00
   3.4931156545e-01   3.4838146648e-01  -3.3875499681e-01  -6.7663397785e-02   1.9566221995e+00
   3.5112509625e-01   3.5024166442e-01  -2.2961540947e-01  -2.0276470387e-01   1.9689896474e+00
   3.5286583623e-01   3.5200852807e-01  -1.2064675479e-01  -3.2118574026e-01   1.9552887755e+00
   3.5457029672e-01   3.5372314438e-01  -1.1686135391e-02  -4.2568005732e-01   1.9166704581e+00
   3.5626879955e-01   3.5541744907e-01   9.7081629726e-02  -5.1802566257e-01   1.8530611477e+00
   3.5799061964e-01   3.5712015003e-01   2.0593612629e-01  -6.0006466572e-01   1.7628630302e+00
   3.5976860714e-01   3.5886108925e-01   3.1481078204e-01  -6.7320652039e-01   1.6430842530e+00
   3.6164560677e-01   3.6067612502e-01   4.2384062945e-01  -7.3914373056e-01   1.4882354443e+00
   3.6366197227e-01   3.6261508852e-01   5.3154993079e-01  -7.9924752753e-01   1.2921323294e+00
   3.6568115675e-01   3.6470885602e-01   6.2810828570e-01  -8.5171565515e-01   1.0673325828e+00
   3.6754825006e-01   3.6665345748e-01   7.0512457914e-01  -8.9600881311e-01   8.3834600599e-01
   3.6928695524e-01   3.6844304263e-01   7.6562220024e-01  -9.3649631303e-01   6.0882753334e-01
   3.7094160435e-01   3.7013086785e-01   8.1219649679e-01  -9.7625834729e-01   3.8053156735e-01
   3.7254251576e-01   3.7175234086e-01   8.4734626311e-01  -1.0183024716e+00   1.5016354067e-01
   3.7411286219e-01   3.7333269067e-01   8.7173152879e-01  -1.0638498001e+00  -7.8385397602e-02
   3.7567245930e-01   3.7489303370e-01   8.8656917635e-01  -1.1149437867e+00  -3.0713661489e-01
   3.7723981263e-01   3.7645188489e-01   8.9236923557e-01  -1.1733172843e+00  -5.3632351720e-01
   3.7883443336e-01   3.7802774038e-01   8.8935749475e-01  -1.2408145690e+00  -7.6599576417e-01
   3.8047891362e-01   3.7964112633e-01   8.7763204920e-01  -1.3189882417e+00  -9.9459316528e-01
   3.8220252201e-01   3.8131670090e-01   8.5685993874e-01  -1.4110485518e+00  -1.2239865712e+00
   3.8404748900e-01   3.8308834311e-01   8.2645513618e-01  -1.5200777004e+00  -1.4528182142e+00
   3.8608416343e-01   3.8500663490e-01   7.8461593093e-01  -1.6528345069e+00  -1.6830796612e+00
   3.8845280006e-01   3.8716169196e-01   7.2844080902e-01  -1.8187696027e+00  -1.9127881460e+00
   3.9152402103e-01   3.8974390817e-01   6.4835418490e-01  -2.0459595598e+00  -2.1435321406e+00
   3.9540749083e-01   3.9330413390e-01   5.4603807223e-01  -2.3288153640e+00  -2.3162159693e+00
   3.9998842425e-01   3.9751084777e-01   4.3685239307e-01  -2.6123136156e+00  -2.3412327261e+00
   4.0461283637e-01   4.0246600073e-01   3.4784750671e-01  -2.7900694364e+00  -2.1848252557e+00
   4.0824270461e-01   4.0675967201e-01   2.9355578912e-01  -2.8193380707e+00  -1.9502117140e+00
   4.1098573482e-01   4.0972573721e-01   2.5961899632e-01  -2.7614199700e+00  -1.7200229595e+00
   4.1339891324e-01   4.1224573243e-01   2.3217798120e-01  -2.6498395336e+00  -1.4902235328e+00
   4.1565410983e-01   4.1455209406e-01   2.0651109472e-01  -2.4943104228e+00  -1.2613679972e+00
   4.1784309690e-01   4.1675612559e-01   1.7939123928e-01  -2.2960805240e+00  -1.0317171611e+00
   4.2003306119e-01   4.1893006820e-01   1.4833126878e-01  -2.0550249743e+00  -8.0276021484e-01
   4.2228473499e-01   4.2113605417e-01   1.1032086154e-01  -1.7662192345e+00  -5.7415344444e-01
   4.2453237295e-01   4.2343341581e-01   6.4554255983e-02  -1.4419554480e+00  -3.5892511418e-01
   4.2665741155e-01   4.2563133009e-01   1.2936399979e-02  -1.1089470441e+00  -1.7323227055e-01
   4.2866541872e-01   4.2768349302e-01  -4.4231992047e-02  -7.7555732742e-01  -1.7281073990e-02
   4.3060534923e-01   4.2964734442e-01  -1.0739011160e-01  -4.4276973499e-01   1.1193444701e-01
   4.3251356087e-01   4.3156335404e-01  -1.7726448370e-01  -1.0977622047e-01   2.1662158874e-01
   4.3442094964e-01   4.3346376770e-01  -2.5461656505e-01   2.2379122545e-01   2.9749054172e-01
   4.3635753672e-01   4.3537813158e-01  -3.3984325056e-01   5.5639810485e-01   3.5401673187e-01
   4.3835654627e-01   4.3733694186e-01  -4.3429062280e-01   8.8957383277e-01   3.8534519286e-01
   4.4043662500e-01   4.3937615068e-01  -5.3770966476e-01   1.2186138929e+00   3.8920377630e-01
   4.4253985249e-01   4.4149709932e-01  -6.4649223895e-01   1.5303798530e+00   3.6462941675e-01
   4.4462320710e-01   4.4358260566e-01  -7.5519090283e-01   1.8110625262e+00   3.1427040377e-01
   4.4672758775e-01   4.4566380855e-01  -8.6400767926e-01   2.0645028472e+00   2.4001060697e-01
   4.4891196447e-01   4.4779136694e-01  -9.7300572906e-01   2.2930140005e+00   1.4195121268e-01
   4.5126594965e-01   4.5003256200e-01  -1.0820593732e+00   2.4976812624e+00   1.8113786888e-02
   4.5397375997e-01   4.5249933730e-01  -1.1917651477e+00   2.6798731461e+00  -1.3927254285e-01
   4.5735951527e-01   4.5544818263e-01  -1.2958940152e+00   2.8300689591e+00  -3.4102575594e-01
   4.6162797951e-01   4.5927084791e-01  -1.3611612237e+00   2.9120751537e+00  -5.7149453015e-01
   4.6651114958e-01   4.6398511111e-01  -1.3287372373e+00   2.8898230249e+00  -7.5434460929e-01
   4.7039569429e-01   4.6903718805e-01  -1.2179265137e+00   2.8103500961e+00  -8.1228104358e-01
   4.7279185709e-01   4.7175420054e-01  -1.1076974466e+00   2.7401672732e+00  -7.9679192100e-01
   4.7471013751e-01   4.7382951364e-01  -9.9856943770e-01   2.6760119408e+00  -7.5525401694e-01
   4.7637515518e-01   4.7559076137e-01  -8.8953198858e-01   2.6154922561e+00  -6.9810417044e-01
   4.7787857922e-01   4.7715954898e-01  -7.8055411590e-01   2.5574969809e+00  -6.2994782175e-01
   4.7926958189e-01   4.7859760947e-01  -6.7175988288e-01   2.5012842764e+00  -5.5348551058e-01
   4.8057834895e-01   4.7994155431e-01  -5.6287828671e-01   2.4460764076e+00  -4.7016708374e-01
   4.8182509209e-01   4.8121514360e-01  -4.5371017868e-01   2.3912337824e+00  -3.8092920823e-01
   4.8302447802e-01   4.8243504059e-01  -3.4486938914e-01   2.3365786600e+00  -2.8709642781e-01
   4.8418778828e-01   4.8361391545e-01  -2.3666931109e-01   2.2818254454e+00  -1.8963833038e-01
   4.8532376560e-01   4.8476166111e-01  -1.2673627325e-01   2.2253242069e+00  -8.6823990671e-02
   4.8643981443e-01   4.8588587009e-01  -1.9048405861e-02   2.1687015619e+00   1.7206955779e-02
   4.8754242565e-01   4.8699375878e-01   9.1012834295e-02   2.1090752706e+00   1.2659513379e-01
   4.8863737676e-01   4.8809109251e-01   1.9917652997e-01   2.0482810356e+00   2.3685208511e-01
   4.8973025032e-01   4.8918366101e-01   3.0785289872e-01   1.9845159264e+00   3.5014007220e-01
   4.9082651997e-01   4.9027683962e-01   4.1742426091e-01   1.9169286299e+00   4.6671612596e-01
   4.9193180318e-01   4.9137620032e-01   5.2528937267e-01   1.8465433133e+00   5.8360842679e-01
   4.9305229898e-01   4.9248740604e-01   6.3524142420e-01   1.7701112505e+00   7.0478200869e-01
   4.9419488176e-01   4.9361719191e-01   7.4314205757e-01   1.6896433121e+00   8.2553486409e-01
   4.9536771504e-01   4.9477257160e-01   8.5254378979e-01   1.6014686941e+00   9.4968999142e-01
   4.9658103552e-01   4.9596285849e-01   9.6139276721e-01   1.5057625011e+00   1.0748192950e+00
   4.9784778996e-01   4.9719921256e-01   1.0699066337e+00   1.4007005510e+00   1.2010191984e+00
   4.9924818369e-01   4.9849636737e-01   1.1839287358e+00   1.2771331836e+00   1.3350580125e+00