# time = 1.7
# Grid points = 474
# Pressure (Pa) = 101325
#             1_pos             2_posf             3_uvel             4_vvel             5_wvel
  -4.9917840810e-01  -5.0000000000e-01   1.1071616255e+00   7.2937751542e-01   1.0403072738e+00
  -4.9750814511e-01  -4.9835681619e-01   1.2034341478e+00   6.2286862368e-01   1.1358158007e+00
  -4.9566236670e-01  -4.9665947403e-01   1.2963340886e+00   4.9773320339e-01   1.2284435835e+00
  -4.9337913820e-01  -4.9466525936e-01   1.3892644209e+00   3.3367886560e-01   1.3210825615e+00
  -4.9070684198e-01  -4.9209301703e-01   1.4656325179e+00   1.3147292845e-01   1.3961598074e+00
  -4.8796632188e-01  -4.8932066692e-01   1.5057893605e+00  -8.3440435716e-02   1.4330370949e+00
  -4.8525041762e-01  -4.8661197685e-01   1.5064139987e+00  -2.9830621461e-01   1.4279851842e+00
  -4.8247325112e-01  -4.8388885839e-01   1.4675685274e+00  -5.1326748072e-01   1.3809480646e+00
  -4.7971240761e-01  -4.8105764385e-01   1.3918735216e+00  -7.1514588667e-01   1.2954166884e+00
  -4.7731406729e-01  -4.7836717138e-01   1.2991599987e+00  -8.7484796986e-01   1.1937251079e+00
  -4.7535629892e-01  -4.7626096320e-01   1.2060433095e+00  -9.9130584504e-01   1.0937068676e+00
  -4.7363463088e-01  -4.7445163464e-01   1.1134205986e+00  -1.0805637216e+00   9.9596572973e-01
  -4.7205820286e-01  -4.7281762713e-01   1.0209149240e+00  -1.1504385775e+00   8.9999048258e-01
  -4.7057922324e-01  -4.7129877858e-01   9.2817875354e-01  -1.2049213633e+00   8.0542724781e-01
  -4.6916801250e-01  -4.6985966791e-01   8.3600746182e-01  -1.2458636917e+00   7.1312777709e-01
  -4.6780432622e-01  -4.6847635709e-01   7.4297746752e-01  -1.2752292182e+00   6.2176416547e-01
  -4.6647318109e-01  -4.6713229535e-01   6.5081956222e-01  -1.2933646277e+00   5.3315101887e-01
  -4.6516256736e-01  -4.6581406684e-01   5.5846271984e-01  -1.3012003927e+00   4.4637170141e-01
  -4.6386252316e-01  -4.6451106789e-01   4.6556280827e-01  -1.2989265443e+00   3.6130621844e-01
  -4.6256404824e-01  -4.6321397844e-01   3.7302169776e-01  -1.2866607696e+00   2.7899314816e-01
  -4.6125861670e-01  -4.6191411803e-01   2.8066441928e-01  -1.2644657508e+00   1.9948981402e-01
  -4.5993776484e-01  -4.6060311536e-01   1.8845248496e-01  -1.2322268323e+00   1.2302781390e-01
  -4.5859242112e-01  -4.5927241432e-01   9.5459539949e-02  -1.1891523490e+00   4.9225620251e-02
  -4.5721266704e-01  -4.5791242792e-01   3.4477665223e-03  -1.1356260778e+00  -2.0121219924e-02
  -4.5578682495e-01  -4.5651290616e-01  -8.9505721779e-02  -1.0698467041e+00  -8.5945815115e-02
  -4.5430067193e-01  -4.5506074373e-01  -1.8176849729e-01  -9.9200216989e-01  -1.4643223764e-01
  -4.5273610223e-01  -4.5354060013e-01  -2.7441192993e-01  -9.0004435858e-01  -2.0149314060e-01
  -4.5106864371e-01  -4.5193160433e-01  -3.6681602166e-01  -7.9289606947e-01  -2.4967040005e-01
  -4.4926329074e-01  -4.5020568309e-01  -4.5945981826e-01  -6.6766767676e-01  -2.8973492272e-01
  -4.4726609887e-01  -4.4832089838e-01  -5.5195042352e-01  -5.2143498088e-01  -3.1937652406e-01
  -4.4498442178e-01  -4.4621129935e-01  -6.4462734193e-01  -3.4816545449e-01  -3.3537547675e-01
  -4.4235257510e-01  -4.4375754422e-01  -7.3403649646e-01  -1.4640974678e-01  -3.3241378812e-01
  -4.3946564586e-01  -4.4094760599e-01  -8.1057173073e-01   6.8187663795e-02  -3.0728094445e-01
  -4.3633688466e-01  -4.3798368573e-01  -8.6892566413e-01   2.8365251669e-01  -2.6086514184e-01
  -4.3268516130e-01  -4.3469008358e-01  -9.0614884301e-01   4.9961137735e-01  -1.9340241540e-01
  -4.2755929390e-01  -4.3068023901e-01  -9.0622121713e-01   7.1926853868e-01  -1.0207915690e-01
  -4.2166997226e-01  -4.2443834879e-01  -8.4306257871e-01   8.5062080328e-01  -3.8334899263e-02
  -4.1704632770e-01  -4.1890159573e-01  -7.4877406535e-01   8.6720936799e-01  -3.8409273281e-02
  -4.1367958978e-01  -4.1519105967e-01  -6.5596413486e-01   8.3842202723e-01  -7.0228566526e-02
  -4.1084966285e-01  -4.1216811989e-01  -5.6347270660e-01   7.9399298086e-01  -1.1515158698e-01
  -4.0833775233e-01  -4.0953120581e-01  -4.7087296397e-01   7.4258238937e-01  -1.6612959213e-01
  -4.0603685963e-01  -4.0714429884e-01  -3.7850310083e-01   6.8809495635e-01  -2.1902876600e-01
  -4.0388289794e-01  -4.0492942043e-01  -2.8600748385e-01   6.3199509233e-01  -2.7159520717e-01
  -4.0183252169e-01  -4.0283637546e-01  -1.9357510503e-01   5.7506266702e-01  -3.2206589153e-01
  -3.9985311918e-01  -4.0082866791e-01  -1.0108404116e-01   5.1732587273e-01  -3.6931108912e-01
  -3.9791788163e-01  -3.9887757044e-01  -8.7353023949e-03   4.5864477142e-01  -4.1231059876e-01
  -3.9600259296e-01  -3.9695819283e-01   8.3829958244e-02   3.9822866761e-01  -4.5044292051e-01
  -3.9408304632e-01  -3.9504699309e-01   1.7637162127e-01   3.3537197667e-01  -4.8285099986e-01
  -3.9213230721e-01  -3.9311909955e-01   2.6878290233e-01   2.6894415574e-01  -5.0874155926e-01
  -3.9011678658e-01  -3.9114551487e-01   3.6129314152e-01   1.9704076766e-01  -5.2724709665e-01
  -3.8798888510e-01  -3.8908805828e-01   4.5387707384e-01   1.1700367480e-01  -5.3704318844e-01
  -3.8567048920e-01  -3.8688971191e-01   5.4649104586e-01   2.4381057984e-02  -5.3605626397e-01
  -3.8300187036e-01  -3.8445126649e-01   6.3951551790e-01  -9.0361699773e-02  -5.2019770555e-01
  -3.7960165421e-01  -3.8155247422e-01   7.3128213189e-01  -2.5008938846e-01  -4.7925065511e-01
  -3.7567331486e-01  -3.7765083420e-01   7.9445826685e-01  -4.5278780120e-01  -4.0977553905e-01
  -3.7184186692e-01  -3.7369579552e-01   8.0570261773e-01  -6.6705748655e-01  -3.2712563291e-01
  -3.6818376169e-01  -3.6998793832e-01   7.6729252071e-01  -8.8170418515e-01  -2.4331768652e-01
  -3.6476920525e-01  -3.6637958505e-01   6.8993818024e-01  -1.0833511060e+00  -1.6823969242e-01
  -3.6190222515e-01  -3.6315882545e-01   5.9684659836e-01  -1.2479326967e+00  -1.1158073668e-01
  -3.5955743529e-01  -3.6064562486e-01   5.0409703812e-01  -1.3748977207e+00  -7.1665472858e-02
  -3.5747581335e-01  -3.5846924571e-01   4.1139457781e-01  -1.4793155003e+00  -4.1792031828e-02
  -3.5554555589e-01  -3.5648238098e-01   3.1863686238e-01  -1.5670580512e+00  -1.9092670006e-02
  -3.5370428246e-01  -3.5460873079e-01   2.2631702197e-01  -1.6405517098e+00  -2.0501853942e-03
  -3.5191009141e-01  -3.5279983412e-01   1.3378885641e-01  -1.7017051069e+00   1.0500435935e-02
  -3.5013002733e-01  -3.5102034870e-01   4.1219291802e-02  -1.7507743740e+00   1.9240820239e-02
  -3.4833352158e-01  -3.4923970596e-01  -5.1487109305e-02  -1.7874758323e+00   2.4742382310e-02
  -3.4648782394e-01  -3.4742733720e-01  -1.4383894743e-01  -1.8106321736e+00   2.7494496284e-02
  -3.4455195495e-01  -3.4554831069e-01  -2.3646007548e-01  -1.8183587401e+00   2.8033218107e-02
  -3.4246600922e-01  -3.4355559922e-01  -3.2912354428e-01  -1.8067724657e+00   2.6979729297e-02
  -3.4012589732e-01  -3.4137641922e-01  -4.2185755225e-01  -1.7685791475e+00   2.5337866290e-02
  -3.3729386531e-01  -3.3887537541e-01  -5.1511337480e-01  -1.6863945036e+00   2.5304204718e-02
  -3.3373119516e-01  -3.3571235521e-01  -5.9895591305e-01  -1.5291267203e+00   3.2877273280e-02
  -3.3013995431e-01  -3.3175003512e-01  -6.4446319881e-01  -1.3167104952e+00   5.3343361363e-02
  -3.2713093899e-01  -3.2852987349e-01  -6.5079089428e-01  -1.1013535716e+00   8.3382675004e-02
  -3.2444947423e-01  -3.2573200448e-01  -6.3322954701e-01  -8.8604700464e-01   1.2076488897e-01
  -3.2194996463e-01  -3.2316694398e-01  -5.9899017277e-01  -6.7139162019e-01   1.6394146835e-01
  -3.1954784063e-01  -3.2073298528e-01  -5.5153362645e-01  -4.5604076596e-01   2.1200463127e-01
  -3.1718162262e-01  -3.1836269597e-01  -4.9324593923e-01  -2.4161219271e-01   2.6344157413e-01
  -3.1479564044e-01  -3.1600054927e-01  -4.2450672009e-01  -2.6078824907e-02   3.1745757069e-01
  -3.1232750552e-01  -3.1359073161e-01  -3.4590143058e-01   1.8865922412e-01   3.7193973167e-01
  -3.0974859368e-01  -3.1106427944e-01  -2.5785964513e-01   3.9938243011e-01   4.2370565034e-01
  -3.0714129829e-01  -3.0843290792e-01  -1.6554412070e-01   5.9165016991e-01   4.6611231999e-01
  -3.0455287342e-01  -3.0584968867e-01  -7.3222539185e-02   7.5557463735e-01   4.9367896029e-01
  -3.0192288339e-01  -3.0325605817e-01   1.9373002663e-02   8.8978279957e-01   5.0252320218e-01
  -2.9918504232e-01  -3.0058970861e-01   1.1166101786e-01   9.8905054200e-01   4.8713661560e-01
  -2.9625455536e-01  -2.9778037603e-01   2.0413630991e-01   1.0461016282e+00   4.3949712085e-01
  -2.9299442333e-01  -2.9472873469e-01   2.9666431510e-01   1.0467333413e+00   3.4673674439e-01
  -2.8955416173e-01  -2.9126011198e-01   3.8031031491e-01   9.7758998171e-01   2.0561486667e-01
  -2.8641489689e-01  -2.8784821147e-01   4.4197169689e-01   8.5687217162e-01   4.3599085375e-02
  -2.8367227528e-01  -2.8498158232e-01   4.8290604978e-01   7.1141882938e-01  -1.1841236654e-01
  -2.8109973593e-01  -2.8236296824e-01   5.0905079844e-01   5.4887548326e-01  -2.7990345611e-01
  -2.7855854486e-01  -2.7983650363e-01   5.2235823828e-01   3.7072028913e-01  -4.4148584999e-01
  -2.7591378759e-01  -2.7728058609e-01   5.2191252012e-01   1.7537080238e-01  -6.0345469111e-01
  -2.7306953365e-01  -2.7454698909e-01   5.0406147940e-01  -3.4642254391e-02  -7.5995965099e-01
  -2.6996238336e-01  -2.7159207822e-01   4.6279920343e-01  -2.5027593766e-01  -8.9743994265e-01
  -2.6657645717e-01  -2.6833268850e-01   3.9105036370e-01  -4.5280988890e-01  -9.9337270118e-01
  -2.6342123777e-01  -2.6482022584e-01   2.9955765829e-01  -5.9906285425e-01  -1.0229771626e+00
  -2.6083514468e-01  -2.6202224969e-01   2.0667321142e-01  -6.8081473218e-01  -9.9799085601e-01
  -2.5858769354e-01  -2.5964803967e-01   1.1424068369e-01  -7.2108488259e-01  -9.3936314703e-01
  -2.5655037453e-01  -2.5752734742e-01   2.1514203889e-02  -7.3242869538e-01  -8.5675922476e-01
  -2.5465278369e-01  -2.5557340165e-01  -7.0805735508e-02  -7.2163550675e-01  -7.5650355142e-01
  -2.5284972121e-01  -2.5373216573e-01  -1.6348106937e-01  -6.9296168412e-01  -6.4138103552e-01
  -2.5110888879e-01  -2.5196727669e-01  -2.5583270426e-01  -6.4946647786e-01  -5.1462042739e-01
  -2.4940443518e-01  -2.5025050088e-01  -3.4862636969e-01  -5.9272304975e-01  -3.7681489192e-01
  -2.4771352258e-01  -2.4855836948e-01  -4.4102732830e-01  -5.2453335633e-01  -2.3033804343e-01
  -2.4601470591e-01  -2.4686867567e-01  -5.3338923662e-01  -4.4551470515e-01  -7.5447849542e-02
  -2.4431234304e-01  -2.4516073614e-01  -6.2417628133e-01  -3.5754121255e-01   8.4694028250e-02
  -2.4261819605e-01  -2.4346394993e-01  -7.1157927907e-01  -2.6289207235e-01   2.4631829787e-01
  -2.4091346566e-01  -2.4177244216e-01  -7.9509240036e-01  -1.6241846703e-01   4.0806142552e-01
  -2.3916427906e-01  -2.4005448915e-01  -8.7442452454e-01  -5.6213447997e-02   5.6932127355e-01
  -2.3732807788e-01  -2.3827406896e-01  -9.4979913097e-01   5.7430242358e-02   7.3129214218e-01
  -2.3534180132e-01  -2.3638208681e-01  -1.0197234194e+00   1.7951489576e-01   8.9271437265e-01
  -2.3309001431e-01  -2.3430151584e-01  -1.0827224992e+00   3.1515760599e-01   1.0550089645e+00
  -2.3027701721e-01  -2.3187851277e-01  -1.1330079367e+00   4.7559042439e-01   1.2184699654e+00
  -2.2645548597e-01  -2.2867552165e-01  -1.1454565003e+00   6.7203126597e-01   1.3607584473e+00
  -2.2235484195e-01  -2.2423545029e-01  -1.0866288427e+00   8.5247372778e-01   1.4099289227e+00
  -2.1926377134e-01  -2.2047423360e-01  -9.9164380660e-01   9.6675860323e-01   1.3760198037e+00
  -2.1707588367e-01  -2.1805330907e-01  -8.9845577789e-01   1.0366258431e+00   1.3172571385e+00
  -2.1524632204e-01  -2.1609845826e-01  -8.0572399826e-01   1.0887476932e+00   1.2493484368e+00
  -2.1362140285e-01  -2.1439418582e-01  -7.1308928889e-01   1.1306894860e+00   1.1768205531e+00
  -2.1213035299e-01  -2.1284861988e-01  -6.2050904151e-01   1.1658347577e+00   1.1018787980e+00
  -2.1073297734e-01  -2.1141208611e-01  -5.2803050430e-01   1.1960435050e+00   1.0258526226e+00
  -2.0940352536e-01  -2.1005386857e-01  -4.3566510655e-01   1.2224624082e+00   9.4958799689e-01
  -2.0812417356e-01  -2.0875318216e-01  -3.4285741344e-01   1.2459713280e+00   8.7322318439e-01
  -2.0688161592e-01  -2.0749516496e-01  -2.5025543180e-01   1.2668904298e+00   7.9775252129e-01
  -2.0566526556e-01  -2.0626806687e-01  -1.5759105265e-01   1.2856265164e+00   7.2333134827e-01
  -2.0446637627e-01  -2.0506246426e-01  -6.5189867845e-02   1.3023448964e+00   6.5053808077e-01
  -2.0327734466e-01  -2.0387028829e-01   2.7080010643e-02   1.3172200745e+00   5.7954608625e-01
  -2.0209126970e-01  -2.0268440103e-01   1.1932350205e-01   1.3303381107e+00   5.1054335551e-01
  -2.0090147165e-01  -2.0149813836e-01   2.1254892582e-01   1.3418051388e+00   4.4310085024e-01
  -1.9970122365e-01  -2.0030480494e-01   3.0485889437e-01   1.3513241321e+00   3.7888655652e-01
  -1.9848348986e-01  -1.9909764236e-01   3.9725889672e-01   1.3589074803e+00   3.1746582376e-01
  -1.9724048137e-01  -1.9786933735e-01   4.8974500854e-01   1.3643499207e+00   2.5919878076e-01
  -1.9596323099e-01  -1.9661162539e-01   5.8216960409e-01   1.3673554030e+00   2.0457916021e-01
  -1.9464093815e-01  -1.9531483659e-01   6.7465868448e-01   1.3675243358e+00   1.5400871049e-01
  -1.9325989426e-01  -1.9396703971e-01   7.6738492660e-01   1.3642738541e+00   1.0800310595e-01
  -1.9180212350e-01  -1.9255274881e-01   8.5984225082e-01   1.3568161446e+00   6.7563255893e-02
  -1.9024256431e-01  -1.9105149818e-01   9.5243653141e-01   1.3439540705e+00   3.3492549119e-02
  -1.8854366466e-01  -1.8943363044e-01   1.0450339235e+00   1.3238781049e+00   7.2703687183e-03
  -1.8664397079e-01  -1.8765369889e-01   1.1376717714e+00   1.2935503941e+00  -8.9362664492e-03
  -1.8442730585e-01  -1.8563424269e-01   1.2304447238e+00   1.2471947585e+00  -1.1341070198e-02
  -1.8160313917e-01  -1.8322036901e-01   1.3240267300e+00   1.1702212915e+00   8.6940678044e-03
  -1.7756259117e-01  -1.7998590933e-01   1.4093497261e+00   1.0251230400e+00   7.2683678364e-02
  -1.7303185648e-01  -1.7513927301e-01   1.4440805622e+00   8.1890974093e-01   1.7276484548e-01
  -1.6908706558e-01  -1.7092443995e-01   1.4241802141e+00   6.0430804396e-01   2.6724654925e-01
  -1.6556874658e-01  -1.6724969121e-01   1.3712785970e+00   3.8953100183e-01   3.4399195749e-01
  -1.6230329771e-01  -1.6388780195e-01   1.2961592350e+00   1.7530015455e-01   4.0028437899e-01
  -1.5930533986e-01  -1.6071879347e-01   1.2073183996e+00  -3.1433423947e-02   4.3485536198e-01
  -1.5665937975e-01  -1.5789188625e-01   1.1147721999e+00  -2.1875081831e-01   4.4928432821e-01
  -1.5431114807e-01  -1.5542687324e-01   1.0222654276e+00  -3.8725248808e-01   4.4852357169e-01
  -1.5216225868e-01  -1.5319542290e-01   9.2971773812e-01  -5.4175079154e-01   4.3638341693e-01
  -1.5015713276e-01  -1.5112909446e-01   8.3735495723e-01  -6.8440771783e-01   4.1532104042e-01
  -1.4825992434e-01  -1.4918517106e-01   7.4482801107e-01  -8.1723147636e-01   3.8690608352e-01
  -1.4644521115e-01  -1.4733467761e-01   6.5244443594e-01  -9.4063859535e-01   3.5239447934e-01
  -1.4469345284e-01  -1.4555574469e-01   5.5989456837e-01  -1.0555219147e+00   3.1250987683e-01
  -1.4298867368e-01  -1.4383116098e-01   4.6745336637e-01  -1.1617228338e+00   2.6795387209e-01
  -1.4131690759e-01  -1.4214618637e-01   3.7521793213e-01  -1.2591439373e+00   2.1919077944e-01
  -1.3966534044e-01  -1.4048762881e-01   2.8234335170e-01  -1.3483195096e+00   1.6594412401e-01
  -1.3802137227e-01  -1.3884305207e-01   1.9014720876e-01  -1.4274713878e+00   1.0901327922e-01
  -1.3637181817e-01  -1.3719969246e-01   9.7606544877e-02  -1.4967452421e+00   4.7665180688e-02
  -1.3470202479e-01  -1.3554394387e-01   5.0002607462e-03  -1.5546540598e+00  -1.8291237994e-02
  -1.3299460342e-01  -1.3386010571e-01  -8.7395187233e-02  -1.5993770865e+00  -8.9232348899e-02
  -1.3122742364e-01  -1.3212910114e-01  -1.7986889471e-01  -1.6286452915e+00  -1.6631196990e-01
  -1.2936992205e-01  -1.3032574614e-01  -2.7245034085e-01  -1.6387284980e+00  -2.5108482760e-01
  -1.2737607576e-01  -1.2841409796e-01  -3.6502550952e-01  -1.6237515671e+00  -3.4592683139e-01
  -1.2516795232e-01  -1.2633805357e-01  -4.5759489530e-01  -1.5736107159e+00  -4.5520063622e-01
  -1.2259649311e-01  -1.2399785107e-01  -5.5037858741e-01  -1.4673976425e+00  -5.8824975475e-01
  -1.1978118372e-01  -1.2119513514e-01  -6.3085491001e-01  -1.2918379541e+00  -7.3950972928e-01
  -1.1722127913e-01  -1.1836723231e-01  -6.8379294100e-01  -1.0786119010e+00  -8.8172000092e-01
  -1.1509287231e-01  -1.1607532595e-01  -7.1243432465e-01  -8.6279296761e-01  -1.0029998993e+00
  -1.1322832905e-01  -1.1411041867e-01  -7.2623791061e-01  -6.4750875985e-01  -1.1107932961e+00
  -1.1153107570e-01  -1.1234623943e-01  -7.3012437452e-01  -4.3256153498e-01  -1.2096861901e+00
  -1.0994725144e-01  -1.1071591197e-01  -7.2681179808e-01  -2.1686053544e-01  -1.3025923664e+00
  -1.0844209005e-01  -1.0917859092e-01  -7.1807336032e-01  -2.1680527113e-03  -1.3902640387e+00
  -1.0699069130e-01  -1.0770558918e-01  -7.0507985340e-01   2.1293297384e-01  -1.4742961137e+00
  -1.0557379342e-01  -1.0627579343e-01  -6.8865621866e-01   4.2873695618e-01  -1.5554453954e+00
  -1.0417484262e-01  -1.0487179340e-01  -6.6971276735e-01   6.4270376089e-01  -1.6332578607e+00
  -1.0277836491e-01  -1.0347789183e-01  -6.4844939645e-01   8.5885255832e-01  -1.7095063454e+00
  -1.0136848770e-01  -1.0207883800e-01  -6.2569473217e-01   1.0735564574e+00  -1.7830870036e+00
  -9.9927160114e-02  -1.0065813741e-01  -6.0174789443e-01   1.2884479059e+00  -1.8546597603e+00
  -9.8431492431e-02  -9.9196182820e-02  -5.7700615342e-01   1.5040036372e+00  -1.9243010793e+00
  -9.6849353975e-02  -9.7666802042e-02  -5.5214629629e-01   1.7188811074e+00  -1.9913170467e+00
  -9.5128935434e-02  -9.6031905908e-02  -5.2768454124e-01   1.9346380244e+00  -2.0555753762e+00
  -9.3169554815e-02  -9.4225964960e-02  -5.0480505291e-01   2.1510524266e+00  -2.1155505695e+00
  -9.0693116826e-02  -9.2113144671e-02  -4.8616027483e-01   2.3692417438e+00  -2.1673037715e+00
  -8.6064311804e-02  -8.9273088982e-02  -4.9235656337e-01   2.5677631335e+00  -2.1726125070e+00
  -8.1038906322e-02  -8.2855534627e-02  -5.5543191042e-01   2.4887600403e+00  -2.0464969117e+00
  -7.8108252031e-02  -7.9222278017e-02  -6.2250428781e-01   2.2716071374e+00  -1.8926448402e+00
  -7.6119770026e-02  -7.6994226045e-02  -6.7877736056e-01   2.0544149225e+00  -1.7535340540e+00
  -7.4493656872e-02  -7.5245314008e-02  -7.2983184516e-01   1.8385034037e+00  -1.6198384829e+00
  -7.3066926550e-02  -7.3741999736e-02  -7.7763698881e-01   1.6222742816e+00  -1.4879481733e+00
  -7.1768786630e-02  -7.2391853364e-02  -8.2246297537e-01   1.4077716188e+00  -1.3579546757e+00
  -7.0560251636e-02  -7.1145719897e-02  -8.6507035010e-01   1.1932918217e+00  -1.2281876232e+00
  -6.9417550346e-02  -6.9974783374e-02  -9.0608549116e-01   9.7653432374e-01  -1.0968484065e+00
  -6.8324055410e-02  -6.8860317318e-02  -9.4461990544e-01   7.6293176868e-01  -9.6694013100e-01
  -6.7267461975e-02  -6.7787793503e-02  -9.8160958955e-01   5.4784679901e-01  -8.3542271694e-01
  -6.6238617133e-02  -6.6747130448e-02  -1.0169835310e+00   3.3161343651e-01  -7.0228714988e-01
  -6.5229849759e-02  -6.5730103818e-02  -1.0503067841e+00   1.1690788863e-01  -5.6900473045e-01
  -6.4234582529e-02  -6.4729595701e-02  -1.0818304083e+00  -9.7932712797e-02  -4.3438421789e-01
  -6.3247023061e-02  -6.3739569357e-02  -1.1115187452e+00  -3.1310714348e-01  -2.9811793755e-01
  -6.2261713444e-02  -6.2754476766e-02  -1.1392861814e+00  -5.2871497040e-01  -1.5993925994e-01
  -6.1273271772e-02  -6.1768950123e-02  -1.1648763305e+00  -7.4363510110e-01  -2.0355353425e-02
  -6.0276158330e-02  -6.0777593420e-02  -1.1882235309e+00  -9.5847648788e-01   1.2126344378e-01
  -5.9264388663e-02  -5.9774723239e-02  -1.2091260504e+00  -1.1731657198e+00   2.6515765970e-01
  -5.8231038661e-02  -5.8754054088e-02  -1.2274616762e+00  -1.3895097082e+00   4.1293911444e-01
  -5.7167898835e-02  -5.7708023234e-02  -1.2426234774e+00  -1.6045145226e+00   5.6303215153e-01
  -5.6065022706e-02  -5.6627774435e-02  -1.2542124039e+00  -1.8177513653e+00   7.1563644974e-01
  -5.4910797379e-02  -5.5502270977e-02  -1.2618149516e+00  -2.0347397603e+00   8.7559762824e-01
  -5.3708034454e-02  -5.4319323781e-02  -1.2642542687e+00  -2.2448266950e+00   1.0360840791e+00
  -5.2463138266e-02  -5.3096745126e-02  -1.2608162857e+00  -2.4471517796e+00   1.1973703690e+00
  -5.1166546254e-02  -5.1829531406e-02  -1.2505919053e+00  -2.6387533684e+00   1.3583411990e+00
  -4.9801008403e-02  -5.0503561102e-02  -1.2320611292e+00  -2.8197443631e+00   1.5210166799e+00
  -4.8342526768e-02  -4.9098455703e-02  -1.2037993249e+00  -2.9833462229e+00   1.6819770956e+00
  -4.6754581213e-02  -4.7586597833e-02  -1.1627262332e+00  -3.1276846265e+00   1.8436285459e+00
  -4.4974374735e-02  -4.5922564593e-02  -1.1042223682e+00  -3.2444932460e+00   2.0053194321e+00
  -4.2998052848e-02  -4.4026184878e-02  -1.0241919057e+00  -3.3173585001e+00   2.1594337651e+00
  -4.1070655474e-02  -4.1969920818e-02  -9.3200120045e-01  -3.3307414521e+00   2.2824396558e+00
  -3.9362305491e-02  -4.0171390129e-02  -8.3949657181e-01  -3.2947020033e+00   2.3674227960e+00
  -3.7805683954e-02  -3.8553220854e-02  -7.4683643195e-01  -3.2237293140e+00   2.4251598903e+00
  -3.6354604293e-02  -3.7058147054e-02  -6.5420212893e-01  -3.1263041258e+00   2.4617566497e+00
  -3.4979688191e-02  -3.5651061533e-02  -5.6184786943e-01  -3.0081795995e+00   2.4811251678e+00
  -3.3660687901e-02  -3.4308314849e-02  -4.6944323144e-01  -2.8726191155e+00   2.4859422977e+00
  -3.2382721616e-02  -3.3013060953e-02  -3.7676953568e-01  -2.7217890602e+00   2.4778667053e+00
  -3.1134000315e-02  -3.1752382279e-02  -2.8408406861e-01  -2.5579514456e+00   2.4580367337e+00
  -2.9904597774e-02  -3.0515618351e-02  -1.9149397518e-01  -2.3827873584e+00   2.4272905641e+00
  -2.8685747466e-02  -2.9293577198e-02  -9.9004229705e-02  -2.1974821836e+00   2.3861560174e+00
  -2.7469270579e-02  -2.8077917734e-02  -6.5625724285e-03  -2.0028324658e+00   2.3348560481e+00
  -2.6247064189e-02  -2.6860623423e-02   8.5897289018e-02  -1.7993665083e+00   2.2733228952e+00
  -2.5014821667e-02  -2.5633504956e-02   1.7809023167e-01  -1.5882327057e+00   2.2014944376e+00
  -2.3783464998e-02  -2.4396138378e-02   2.6849390272e-01  -1.3735142812e+00   2.1203552405e+00
  -2.2559798503e-02  -2.3170791618e-02   3.5601900605e-01  -1.1585197089e+00   2.0308392588e+00
  -2.1333573805e-02  -2.1948805389e-02   4.4087335674e-01  -9.4339385132e-01   1.9325970190e+00
  -2.0092652379e-02  -2.0718342222e-02   5.2327008482e-01  -7.2802193916e-01   1.8248399427e+00
  -1.8823713972e-02  -1.9466962537e-02   6.0323451110e-01  -5.1255281179e-01   1.7065137372e+00
  -1.7510956879e-02  -1.8180465406e-02   6.8054340169e-01  -2.9762024718e-01   1.5763896753e+00
  -1.6134263046e-02  -1.6841448352e-02   7.5530450733e-01  -8.2667076841e-02   1.4317767558e+00
  -1.4716027676e-02  -1.5427077741e-02   8.2485894565e-01   1.2489436212e-01   1.2751052604e+00
  -1.3323109993e-02  -1.4004977611e-02   8.8584036026e-01   3.1475532761e-01   1.1125868176e+00
  -1.1982185388e-02  -1.2641242376e-02   9.3605059126e-01   4.7890413243e-01   9.5188722837e-01
  -1.0682244316e-02  -1.1323128401e-02   9.7726685287e-01   6.2172421277e-01   7.9056348452e-01
  -9.4147914636e-03  -1.0041360232e-02   1.0099835322e+00   7.4391261101e-01   6.2896041872e-01
  -8.1726570787e-03  -8.7882226952e-03   1.0346619778e+00   8.4619712257e-01   4.6735990861e-01
  -6.9495966886e-03  -7.5570914623e-03   1.0517379899e+00   9.2935285567e-01   3.0590494509e-01
  -5.7399918747e-03  -6.3421019150e-03   1.0615977347e+00   9.9411651785e-01   1.4462905905e-01
  -4.5386011756e-03  -5.1378818345e-03   1.0645610082e+00   1.0411213245e+00  -1.6515688940e-02
  -3.3403364641e-03  -3.9393205168e-03   1.0608708707e+00   1.0708502277e+00  -1.7763093669e-01
  -2.1400090595e-03  -2.7413524114e-03   1.0505762843e+00   1.0835737021e+00  -3.3992320911e-01
  -9.3212634877e-04  -1.5386657077e-03   1.0339067081e+00   1.0792412279e+00  -5.0128555033e-01
   2.8931424925e-04  -3.2558698988e-04   1.0109200123e+00   1.0580804167e+00  -6.6252719165e-01
   1.5311812089e-03   9.0421548837e-04   9.8157230886e-01   1.0199137858e+00  -8.2386851625e-01
   2.8016617177e-03   2.1581469294e-03   9.4579474861e-01   9.6440561547e-01  -9.8514269886e-01
   4.1109605850e-03   3.4451765061e-03   9.0332497255e-01   8.9080036004e-01  -1.1465742187e+00
   5.4725294366e-03   4.7767446639e-03   8.5363506455e-01   7.9767690319e-01  -1.3085997436e+00
   6.9046774823e-03   6.1683142094e-03   7.9657453224e-01   6.8417198793e-01  -1.4698519665e+00
   8.4340799804e-03   7.6410407552e-03   7.3103982843e-01   5.4736917354e-01  -1.6310449952e+00
   1.0104145255e-02   9.2271192055e-03   6.5499214248e-01   3.8184138403e-01  -1.7930505182e+00
   1.1941516552e-02   1.0981171305e-02   5.6811093041e-01   1.8543911045e-01  -1.9511643773e+00
   1.3844002375e-02   1.2901861799e-02   4.7709764057e-01  -2.7416115777e-02  -2.0900050440e+00
   1.5719327137e-02   1.4786142951e-02   3.8766769797e-01  -2.4306476313e-01  -2.2007991967e+00
   1.7600566921e-02   1.6652511322e-02   3.0100030497e-01  -4.5789472883e-01  -2.2830961938e+00
   1.9538400328e-02   1.8548622520e-02   2.1633227876e-01  -6.7320655398e-01  -2.3368004170e+00
   2.1598120379e-02   2.0528178135e-02   1.3355144931e-01  -8.8889279060e-01  -2.3579812817e+00
   2.3888292623e-02   2.2668062623e-02   5.2606428802e-02  -1.1045743817e+00  -2.3376392911e+00
   2.6618799763e-02   2.5108522624e-02  -2.6496527841e-02  -1.3188740633e+00  -2.2540264482e+00
   2.9401618874e-02   2.8129076902e-02  -8.6750356081e-02  -1.4812731846e+00  -2.1085036648e+00
   3.1692531966e-02   3.0674160846e-02  -1.2001958026e-01  -1.5651889071e+00  -1.9457533768e+00
   3.3600221992e-02   3.2710903086e-02  -1.3656434675e-01  -1.5975645548e+00  -1.7838397187e+00
   3.5300111210e-02   3.4489540898e-02  -1.4319703290e-01  -1.5965560868e+00  -1.6216009393e+00
   3.6869555690e-02   3.6110681521e-02  -1.4294294623e-01  -1.5703561211e+00  -1.4604139121e+00
   3.8351830203e-02   3.7628429858e-02  -1.3754446091e-01  -1.5232928174e+00  -1.2989956523e+00
   3.9774323875e-02   3.9075230547e-02  -1.2805775252e-01  -1.4579914504e+00  -1.1377135510e+00
   4.1156420734e-02   4.0473417203e-02  -1.1510232330e-01  -1.3754506682e+00  -9.7558415857e-01
   4.2513044807e-02   4.1839424264e-02  -9.9353850348e-02  -1.2776960319e+00  -8.1460954528e-01
   4.3856500443e-02   4.3186665349e-02  -8.1055177030e-02  -1.1644592375e+00  -6.5331911072e-01
   4.5197538296e-02   4.4526335537e-02  -6.0378876432e-02  -1.0352997265e+00  -4.9117905899e-01
   4.6546249027e-02   4.5868741055e-02  -3.7842110380e-02  -8.9210928887e-01  -3.3060590460e-01
   4.7912792377e-02   4.7223756999e-02  -1.3121654936e-02  -7.3153713756e-01  -1.6835437181e-01
   4.9307828469e-02   4.8601827754e-02   1.3184117527e-02  -5.5622657563e-01  -7.7922959506e-03
   5.0743392454e-02   5.0013829184e-02   4.1547351443e-02  -3.6176494636e-01   1.5422586829e-01
   5.2207825414e-02   5.1472955725e-02   7.1123830810e-02  -1.5274574983e-01   3.1300424913e-01
   5.3650667067e-02   5.2942695103e-02   1.0062954471e-01   6.2252149974e-02   4.6251922532e-01
   5.5047776467e-02   5.4358639031e-02   1.2916000159e-01   2.7640024743e-01   5.9953498808e-01
   5.6414013560e-02   5.5736913904e-02   1.5718707656e-01   4.9282677930e-01   7.2744176415e-01
   5.7762323677e-02   5.7091113216e-02   1.8419646367e-01   7.0708157229e-01   8.4477883700e-01
   5.9104466362e-02   5.8433534137e-02   2.1059893338e-01   9.2188804480e-01   9.5408341002e-01
   6.0451808752e-02   5.9775398588e-02   2.3651919963e-01   1.1379221869e+00   1.0563092511e+00
   6.1816225066e-02   6.1128218917e-02   2.6157605829e-01   1.3515835410e+00   1.1504138836e+00
   6.3211375120e-02   6.2504231215e-02   2.8642709043e-01   1.5681860013e+00   1.2391894708e+00
   6.4653930942e-02   6.3918519026e-02   3.1051681505e-01   1.7827062089e+00   1.3209103401e+00
   6.6165814248e-02   6.5389342859e-02   3.3413718408e-01   1.9976023127e+00   1.3969133395e+00
   6.7779318088e-02   6.6942285637e-02   3.5729825419e-01   2.2132332547e+00   1.4674739069e+00
   6.9546485745e-02   6.8616350540e-02   3.7976531451e-01   2.4282130772e+00   1.5322407366e+00
   7.1567532276e-02   7.0476620951e-02   4.0152204483e-01   2.6447190446e+00   1.5917500569e+00
   7.4104885422e-02   7.2658443602e-02   4.2175602085e-01   2.8623970857e+00   1.6452704106e+00
   7.7526520153e-02   7.5551327241e-02   4.3495459101e-01   3.0509384996e+00   1.6846622622e+00
   8.1476905976e-02   7.9501713064e-02   4.2772478540e-01   3.1103774086e+00   1.6905501520e+00
   8.5477905063e-02   8.3452098887e-02   3.9222950439e-01   2.9886720727e+00   1.6582597138e+00
   8.8741837857e-02   8.7503711239e-02   3.4200784621e-01   2.7646717257e+00   1.6076228622e+00
   9.0981550477e-02   8.9979964474e-02   2.9591463623e-01   2.5480657221e+00   1.5603814771e+00
   9.2861396960e-02   9.1983136480e-02   2.5055477093e-01   2.3324042703e+00   1.5134079572e+00
   9.4541878575e-02   9.3739657440e-02   2.0525420374e-01   2.1164747917e+00   1.4658348690e+00
   9.6096131064e-02   9.5344099709e-02   1.6019114039e-01   1.9017500797e+00   1.4176267322e+00
   9.7565832357e-02   9.6848162418e-02   1.1508583344e-01   1.6870089084e+00   1.3682460274e+00
   9.8977729923e-02   9.8283502295e-02   6.9738415510e-02   1.4711548266e+00   1.3171899728e+00
   1.0035123539e-01   9.9671957551e-02   2.4765044365e-02   1.2568025163e+00   1.2648554637e+00
   1.0170158899e-01   1.0103051323e-01  -2.0395832925e-02   1.0408053098e+00   1.2102419361e+00
   1.0304161504e-01   1.0237266476e-01  -6.4873865710e-02   8.2671287806e-01   1.1540042013e+00
   1.0438312125e-01   1.0371056532e-01  -1.0922295185e-01   6.1106175363e-01   1.0949607277e+00
   1.0573772454e-01   1.0505567718e-01  -1.5278804540e-01   3.9598484206e-01   1.0333526768e+00
   1.0711777092e-01   1.0641977189e-01  -1.9536309423e-01   1.8116211799e-01   9.6871622375e-01
   1.0853732118e-01   1.0781576996e-01  -2.3660915664e-01  -3.3488499951e-02   9.0056132956e-01
   1.1001381601e-01   1.0925887241e-01  -2.7625783556e-01  -2.4921080632e-01   8.2782820178e-01
   1.1157029742e-01   1.1076875960e-01  -3.1335555249e-01  -4.6472207386e-01   7.5005667562e-01
   1.1323910999e-01   1.1237183524e-01  -3.4678768781e-01  -6.7944812343e-01   6.6627742703e-01
   1.1507083258e-01   1.1410638474e-01  -3.7509885261e-01  -8.9458614216e-01   5.7416299624e-01
   1.1715595752e-01   1.1603528043e-01  -3.9530299812e-01  -1.1104409140e+00   4.7022111783e-01
   1.1969438156e-01   1.1827663460e-01  -4.0081752288e-01  -1.3272311814e+00   3.4724125353e-01
   1.2294359536e-01   1.2111212852e-01  -3.7592330112e-01  -1.5279138714e+00   1.9930556175e-01
   1.2658882411e-01   1.2477506220e-01  -3.0692432493e-01  -1.6547639302e+00   4.9563248633e-02
   1.2978377682e-01   1.2840258601e-01  -2.1432015851e-01  -1.6854497834e+00  -6.4243674410e-02
   1.3235774354e-01   1.3116496762e-01  -1.2138897626e-01  -1.6600924096e+00  -1.4275280233e-01
   1.3465455028e-01   1.3355051945e-01  -2.8719416809e-02  -1.6055004708e+00  -2.0288196661e-01
   1.3682756115e-01   1.3575858111e-01   6.4128725535e-02  -1.5305758231e+00  -2.5168116488e-01
   1.3897182370e-01   1.3789654119e-01   1.5656916515e-01  -1.4394023790e+00  -2.9246312944e-01
   1.4117369974e-01   1.4004710620e-01   2.4930755082e-01  -1.3318019974e+00  -3.2791660266e-01
   1.4354874708e-01   1.4230029328e-01   3.4213750347e-01  -1.2052147850e+00  -3.5990659453e-01
   1.4633888714e-01   1.4479720088e-01   4.3561470439e-01  -1.0491240939e+00  -3.9114352245e-01
   1.4981236160e-01   1.4788057341e-01   5.1900415005e-01  -8.5445074774e-01  -4.2373987862e-01
   1.5385946366e-01   1.5174414979e-01   5.5930156525e-01  -6.3969242451e-01  -4.5745958535e-01
   1.5819320894e-01   1.5597477754e-01   5.2535249087e-01  -4.3709500376e-01  -4.9166254539e-01
   1.6184740152e-01   1.6041164034e-01   4.3685409723e-01  -2.9300384866e-01  -5.1897911342e-01
   1.6440447902e-01   1.6328316269e-01   3.4331634301e-01  -2.0878244073e-01  -5.3593055078e-01
   1.6650136438e-01   1.6552579535e-01   2.5044850325e-01  -1.5003221907e-01  -5.4734300143e-01
   1.6837033901e-01   1.6747693341e-01   1.5779110282e-01  -1.0538709054e-01  -5.5479836555e-01
   1.7010830122e-01   1.6926374462e-01   6.5054695630e-02  -7.0233611138e-02  -5.5878495277e-01
   1.7177006805e-01   1.7095285781e-01  -2.7495785031e-02  -4.2373402480e-02  -5.5938439344e-01
   1.7339327517e-01   1.7258727828e-01  -1.1989951117e-01  -2.0464431070e-02  -5.5650270451e-01
   1.7500830949e-01   1.7419927206e-01  -2.1256580753e-01  -3.7220409677e-03  -5.4982306010e-01
   1.7664414492e-01   1.7581734693e-01  -3.0498984473e-01   8.0715302208e-03  -5.3890353576e-01
   1.7833348868e-01   1.7747094292e-01  -3.9773779534e-01   1.4928122063e-02  -5.2292117039e-01
   1.8011963246e-01   1.7919603443e-01  -4.9028088373e-01   1.6326406151e-02  -5.0078769157e-01
   1.8207106981e-01   1.8104323049e-01  -5.8310942103e-01   1.1105916352e-02  -4.7038845530e-01
   1.8432341455e-01   1.8309890913e-01  -6.7604938393e-01  -3.4626039781e-03  -4.2778968868e-01
   1.8730324195e-01   1.8554791997e-01  -7.7071542437e-01  -3.6425310729e-02  -3.6047032084e-01
   1.9198932527e-01   1.8905856393e-01  -8.4175308962e-01  -1.1647300057e-01  -2.3917478622e-01
   1.9726099767e-01   1.9492008661e-01  -8.0944393453e-01  -2.3542776257e-01  -1.0329112636e-01
   2.0095746375e-01   1.9960190873e-01  -7.1431463152e-01  -3.2937789558e-01  -2.4944368336e-02
   2.0338988416e-01   2.0231301878e-01  -6.2099081490e-01  -3.9140196542e-01   1.1367806704e-02
   2.0540576969e-01   2.0446674954e-01  -5.2803033948e-01  -4.4056895952e-01   2.9798600695e-02
   2.0720180342e-01   2.0634478985e-01  -4.3553136089e-01  -4.8102042041e-01   3.6086820877e-02
   2.0886272091e-01   2.0805881699e-01  -3.4284457345e-01  -5.1475453948e-01   3.2804905647e-02
   2.1043552366e-01   2.0966662483e-01  -2.5042926839e-01  -5.4240919586e-01   2.1314679128e-02
   2.1195075282e-01   2.1120442249e-01  -1.5778252988e-01  -5.6450709009e-01   2.3550913238e-03
   2.1343051381e-01   2.1269708315e-01  -6.5202360653e-02  -5.8105222074e-01  -2.3564971641e-02
   2.1489263354e-01   2.1416394446e-01   2.7270263368e-02  -5.9195214773e-01  -5.6143640605e-02
   2.1635282734e-01   2.1562132261e-01   1.1971945639e-01  -5.9694705372e-01  -9.5286664038e-02
   2.1782637853e-01   2.1708433207e-01   2.1224152405e-01  -5.9555698950e-01  -1.4107688347e-01
   2.1932969182e-01   2.1856842500e-01   3.0483922142e-01  -5.8704479677e-01  -1.9371438120e-01
   2.2088202986e-01   2.2009095864e-01   3.9731221101e-01  -5.7040063386e-01  -2.5342191628e-01
   2.2250829290e-01   2.2167310109e-01   4.8990899439e-01  -5.4405478465e-01  -3.2093457561e-01
   2.2424396686e-01   2.2334348470e-01   5.8248847807e-01  -5.0570764428e-01  -3.9708627661e-01
   2.2614578731e-01   2.2514444901e-01   6.7514886121e-01  -4.5147321654e-01  -4.8352447789e-01
   2.2832036589e-01   2.2714712560e-01   7.6790627207e-01  -3.7415788957e-01  -5.8318763770e-01
   2.3104116554e-01   2.2949360617e-01   8.6171005344e-01  -2.5495735355e-01  -7.0435952714e-01
   2.3446740230e-01   2.3258872491e-01   9.4067921129e-01  -7.4935954975e-02  -8.4064072731e-01
   2.3803867974e-01   2.3634607970e-01   9.7521750411e-01   1.3993568288e-01  -9.5260517272e-01
   2.4135828121e-01   2.3973127978e-01   9.6180410507e-01   3.5509996008e-01  -1.0187118522e+00
   2.4464229029e-01   2.4298528263e-01   9.0755057674e-01   5.7020042046e-01  -1.0418205853e+00
   2.4774388155e-01   2.4629929796e-01   8.2344352242e-01   7.6385125276e-01  -1.0234451707e+00
   2.5038396827e-01   2.4918846514e-01   7.3030959594e-01   9.1303802026e-01  -9.7707894050e-01
   2.5265231116e-01   2.5157947139e-01   6.3767208247e-01   1.0239503235e+00  -9.1595159532e-01
   2.5473031395e-01   2.5372515093e-01   5.4500662703e-01   1.1082453522e+00  -8.4430916704e-01
   2.5670511721e-01   2.5573547696e-01   4.5230292738e-01   1.1703994061e+00  -7.6415280313e-01
   2.5863194685e-01   2.5767475745e-01   3.5987072412e-01   1.2122155514e+00  -6.7679202494e-01
   2.6055367048e-01   2.5958913624e-01   2.6748110902e-01   1.2343392954e+00  -5.8248928331e-01
   2.6251072899e-01   2.6151820472e-01   1.7485879343e-01   1.2359618050e+00  -4.8093828859e-01
   2.6454940182e-01   2.6350325326e-01   8.2113617795e-02   1.2148241695e+00  -3.7178720894e-01
   2.6673238471e-01   2.6559555038e-01  -1.0352028506e-02   1.1671623067e+00  -2.5456318163e-01
   2.6916222718e-01   2.6786921904e-01  -1.0302237888e-01   1.0854938529e+00  -1.2673666351e-01
   2.7205175754e-01   2.7045523533e-01  -1.9611339994e-01   9.5391312901e-01   1.6269432151e-02
   2.7542659499e-01   2.7364827974e-01  -2.7851327640e-01   7.6529691239e-01   1.6335452901e-01
   2.7889122059e-01   2.7720491024e-01  -3.3302404596e-01   5.4963855596e-01   2.8545465213e-01
   2.8234944938e-01   2.8057753094e-01  -3.5818336972e-01   3.3374993971e-01   3.7204283876e-01
   2.8629386712e-01   2.8412136782e-01  -3.5761891343e-01   1.1625003312e-01   4.2487823788e-01
   2.9276767405e-01   2.8846636642e-01  -3.1917593742e-01  -9.3037980754e-02   4.1045226100e-01
   3.0061497953e-01   2.9706898168e-01  -2.8193257873e-01  -6.0866332772e-02   2.9275523333e-01
   3.0637126398e-01   3.0416097737e-01  -3.0197666070e-01   1.5442826887e-01   1.8886096258e-01
   3.1056872481e-01   3.0858155059e-01  -3.5357419751e-01   3.7165505773e-01   1.3883238957e-01
   3.1463802338e-01   3.1255589902e-01  -4.2908775036e-01   5.8462456651e-01   1.3118795863e-01
   3.1872411652e-01   3.1672014775e-01  -5.1975450232e-01   7.6333141380e-01   1.7488437896e-01
   3.2287356189e-01   3.2072808529e-01  -6.1218026071e-01   8.7666961191e-01   2.7755975808e-01
   3.2687829824e-01   3.2501903849e-01  -6.8564474414e-01   9.0494270936e-01   4.2753343361e-01
   3.3033830393e-01   3.2873755799e-01  -7.2435985294e-01   8.6039870568e-01   5.8978763983e-01
   3.3344961879e-01   3.3193904987e-01  -7.3167919526e-01   7.6978112490e-01   7.5144842892e-01
   3.3648870306e-01   3.3496018770e-01  -7.0920737169e-01   6.4338902228e-01   9.1318566321e-01
   3.3967017916e-01   3.3801721842e-01  -6.5191591295e-01   4.8261839623e-01   1.0740690340e+00
   3.4270881407e-01   3.4132313990e-01  -5.6613202010e-01   3.1483245723e-01   1.2079659757e+00
   3.4523117408e-01   3.4409448823e-01  -4.7304826382e-01   1.7315484365e-01   1.2962181671e+00
   3.4737466320e-01   3.4636785992e-01  -3.8031351411e-01   5.6194099470e-02   1.3499492714e+00
   3.4931156545e-01   3.4838146648e-01  -2.8787070179e-01  -4.3676677530e-02   1.3789610691e+00
   3.5112509625e-01   3.5024166442e-01  -1.9511439080e-01  -1.3090089152e-01   1.3876784060e+00
   3.5286583623e-01   3.5200852807e-01  -1.0250387840e-01  -2.0735615646e-01   1.3780236484e+00
   3.5457029672e-01   3.5372314438e-01  -9.9006796830e-03  -2.7482020072e-01   1.3508078918e+00
   3.5626879955e-01   3.5541744907e-01   8.2538148707e-02  -3.3444092863e-01   1.3059792957e+00
   3.5799061964e-01   3.5712015003e-01   1.7505021456e-01  -3.8740763761e-01   1.2424117702e+00
   3.5976860714e-01   3.5886108925e-01   2.6757891141e-01  -4.3463029655e-01   1.1579967476e+00
   3.6164560677e-01   3.6067612502e-01   3.6023893892e-01  -4.7720162328e-01   1.0488654888e+00
   3.6366197227e-01   3.6261508852e-01   4.5177603311e-01  -5.1600690442e-01   9.1065948845e-01
   3.6568115675e-01   3.6470885602e-01   5.3383575724e-01  -5.4988245899e-01   7.5222887247e-01
   3.6754825006e-01   3.6665345748e-01   5.9928706514e-01  -5.7847997243e-01   5.9084726641e-01
   3.6928695524e-01   3.6844304263e-01   6.5069954841e-01  -6.0462035088e-01   4.2909058334e-01
   3.7094160435e-01   3.7013086785e-01   6.9027897852e-01  -6.3029222814e-01   2.6819529863e-01
   3.7254251576e-01   3.7175234086e-01   7.2014899701e-01  -6.5743735379e-01   1.0583953130e-01
   3.7411286219e-01   3.7333269067e-01   7.4087061197e-01  -6.8684409266e-01  -5.5234353138e-02
   3.7567245930e-01   3.7489303370e-01   7.5347801082e-01  -7.1983174227e-01  -2.1645093936e-01
   3.7723981263e-01   3.7645188489e-01   7.5840466772e-01  -7.5751906131e-01  -3.7797472183e-01
   3.7883443336e-01   3.7802774038e-01   7.5584249126e-01  -8.0109674171e-01  -5.3984070047e-01
   3.8047891362e-01   3.7964112633e-01   7.4587488694e-01  -8.5156716092e-01  -7.0094930443e-01
   3.8220252201e-01   3.8131670090e-01   7.2821888544e-01  -9.1100290097e-01  -8.6261906258e-01
   3.8404748900e-01   3.8308834311e-01   7.0237648663e-01  -9.8139386431e-01  -1.0238930781e+00
   3.8608416343e-01   3.8500663490e-01   6.6681650183e-01  -1.0671036249e+00  -1.1861749854e+00
   3.8845280006e-01   3.8716169196e-01   6.1907313050e-01  -1.1742336075e+00  -1.3480674545e+00
   3.9152402103e-01   3.8974390817e-01   5.5100858562e-01  -1.3209103449e+00  -1.5106901866e+00
   3.9540749083e-01   3.9330413390e-01   4.6405314289e-01  -1.5035253695e+00  -1.6323943721e+00
   3.9998842425e-01   3.9751084777e-01   3.7126152066e-01  -1.6865547548e+00  -1.6500275431e+00
   4.0461283637e-01   4.0246600073e-01   2.9562254832e-01  -1.8013151446e+00  -1.5397980999e+00
   4.0824270461e-01   4.0675967201e-01   2.4948504213e-01  -1.8202103204e+00  -1.3744506551e+00
   4.1098573482e-01   4.0972573721e-01   2.2064574190e-01  -1.7828167512e+00  -1.2122211790e+00
   4.1339891324e-01   4.1224573243e-01   1.9732650719e-01  -1.7107781084e+00  -1.0502658733e+00
   4.1565410983e-01   4.1455209406e-01   1.7551461994e-01  -1.6103656221e+00  -8.8897566369e-01
   4.1784309690e-01   4.1675612559e-01   1.5246749218e-01  -1.4823849108e+00  -7.2712486902e-01
   4.2003306119e-01   4.1893006820e-01   1.2607134243e-01  -1.3267553420e+00  -5.6576305703e-01
   4.2228473499e-01   4.2113605417e-01   9.3767735644e-02  -1.1402975379e+00  -4.0464801777e-01
   4.2453237295e-01   4.2343341581e-01   5.4871811907e-02  -9.3094749685e-01  -2.5296170234e-01
   4.2665741155e-01   4.2563133009e-01   1.1002566332e-02  -7.1595182784e-01  -1.2209112708e-01
   4.2866541872e-01   4.2768349302e-01  -3.7584354092e-02  -5.0070999746e-01  -1.2181603272e-02
   4.3060534923e-01   4.2964734442e-01  -9.1262154790e-02  -2.8585691488e-01   7.8885375022e-02
   4.3251356087e-01   4.3156335404e-01  -1.5064826684e-01  -7.0870882508e-02   1.5266543294e-01
   4.3442094964e-01   4.3346376770e-01  -2.1638982558e-01   1.4448570015e-01   2.0965908106e-01
   4.3635753672e-01   4.3537813158e-01  -2.8882413404e-01   3.5922214276e-01   2.4949660703e-01
   4.3835654627e-01   4.3733694186e-01  -3.6909521878e-01   5.7432586682e-01   2.7157544300e-01
   4.4043662500e-01   4.3937615068e-01  -4.5699143342e-01   7.8675956493e-01   2.7429424237e-01
   4.4253985249e-01   4.4149709932e-01  -5.4944620460e-01   9.8804085110e-01   2.5697428417e-01
   4.4462320710e-01   4.4358260566e-01  -6.4182972527e-01   1.1692542826e+00   2.2148204010e-01
   4.4672758775e-01   4.4566380855e-01  -7.3431369987e-01   1.3328796255e+00   1.6914520865e-01
   4.4891196447e-01   4.4779136694e-01  -8.2695182798e-01   1.4804103040e+00   1.0003510742e-01
   4.5126594965e-01   4.5003256200e-01  -9.1963733660e-01   1.6125469814e+00   1.2757402624e-02
   4.5397375997e-01   4.5249933730e-01  -1.0128773284e+00   1.7301731756e+00  -9.8164577041e-02
   4.5735951527e-01   4.5544818263e-01  -1.1013779703e+00   1.8271421151e+00  -2.4035494202e-01
   4.6162797951e-01   4.5927084791e-01  -1.1568508672e+00   1.8800864846e+00  -4.0278277039e-01
   4.6651114958e-01   4.6398511111e-01  -1.1292969394e+00   1.8657194778e+00  -5.3164937214e-01
   4.7039569429e-01   4.6903718805e-01  -1.0351218994e+00   1.8144095197e+00  -5.7247984534e-01
   4.7279185709e-01   4.7175420054e-01  -9.4144025099e-01   1.7690975591e+00  -5.6156228079e-01
   4.7471013751e-01   4.7382951364e-01  -8.4869405459e-01   1.7276771000e+00  -5.3228635468e-01
   4.7637515518e-01   4.7559076137e-01  -7.5602463810e-01   1.6886039023e+00  -4.9200761504e-01
   4.7787857922e-01   4.7715954898e-01  -6.6340572365e-01   1.6511605242e+00  -4.4397183358e-01
   4.7926958189e-01   4.7859760947e-01  -5.7094278007e-01   1.6148680194e+00  -3.9008226917e-01
   4.8057834895e-01   4.7994155431e-01  -4.7840550217e-01   1.5792242655e+00  -3.3136072648e-01
   4.8182509209e-01   4.8121514360e-01  -3.8562464575e-01   1.5438163293e+00  -2.6846733778e-01
   4.8302447802e-01   4.8243504059e-01  -2.9312190582e-01   1.5085294612e+00  -2.0233560857e-01
   4.8418778828e-01   4.8361391545e-01  -2.0116363762e-01   1.4731792780e+00  -1.3364887879e-01
   4.8532376560e-01   4.8476166111e-01  -1.0773248080e-01   1.4367005435e+00  -6.1187218725e-02
   4.8643981443e-01   4.8588587009e-01  -1.6209416384e-02   1.4001434508e+00   1.2131836974e-02
   4.8754242565e-01   4.8699375878e-01   7.7330818757e-02   1.3616471540e+00   8.9226525823e-02
   4.8863737676e-01   4.8809109251e-01   1.6925840478e-01   1.3223968364e+00   1.6693347043e-01
   4.8973025032e-01   4.8918366101e-01   2.6162176929e-01   1.2812284844e+00   2.4677659355e-01
   4.9082651997e-01   4.9027683962e-01   3.5474584805e-01   1.2375924759e+00   3.2893704559e-01
   4.9193180318e-01   4.9137620032e-01   4.4641986137e-01   1.1921500439e+00   4.1132034897e-01
   4.9305229898e-01   4.9248740604e-01   5.3986762786e-01   1.1428037412e+00   4.9672097831e-01
   4.9419488176e-01   4.9361719191e-01   6.3157198162e-01   1.0908518402e+00   5.8182505557e-01
   4.9536771504e-01   4.9477257160e-01   7.2455220157e-01   1.0339243963e+00   6.6932694894e-01
   4.9658103552e-01   4.9596285849e-01   8.1706273628e-01   9.7213447238e-01   7.5751538572e-01
   4.9784778996e-01   4.9719921256e-01   9.0928857446e-01   9.0430435003e-01   8.4645832073e-01
   4.9924818369e-01   4.9849636737e-01   1.0061960044e+00   8.2452684649e-01   9.4092590358e-01