# time = 3.6
# Grid points = 474
# Pressure (Pa) = 101325
#             1_pos             2_posf             3_uvel             4_vvel             5_wvel
  -4.9917840810e-01  -5.0000000000e-01   1.3538228990e+00   1.1901226038e+00   1.5470801097e+00
  -4.9750814511e-01  -4.9835681619e-01   1.4715401107e+00   1.0163359125e+00   1.6891156110e+00
  -4.9566236670e-01  -4.9665947403e-01   1.5851330331e+00   8.1215671989e-01   1.8268671564e+00
  -4.9337913820e-01  -4.9466525936e-01   1.6987623289e+00   5.4447447618e-01   1.9646355826e+00
  -4.9070684198e-01  -4.9209301703e-01   1.7921390400e+00   2.1454098203e-01   2.0762873952e+00
  -4.8796632188e-01  -4.8932066692e-01   1.8412374375e+00  -1.3612737917e-01   2.1311304127e+00
  -4.8525041762e-01  -4.8661197685e-01   1.8419970261e+00  -4.8671860549e-01   2.1236186334e+00
  -4.8247325112e-01  -4.8388885839e-01   1.7944937341e+00  -8.3746614329e-01   2.0536687592e+00
  -4.7971240761e-01  -4.8105764385e-01   1.7019321710e+00  -1.1668671740e+00   1.9264722809e+00
  -4.7731406729e-01  -4.7836717138e-01   1.5885616724e+00  -1.4274503544e+00   1.7752430299e+00
  -4.7535629892e-01  -4.7626096320e-01   1.4746990136e+00  -1.6174730294e+00   1.6265020716e+00
  -4.7363463088e-01  -4.7445163464e-01   1.3614408805e+00  -1.7631141320e+00   1.4811473747e+00
  -4.7205820286e-01  -4.7281762713e-01   1.2483262043e+00  -1.8771284390e+00   1.3384187378e+00
  -4.7057922324e-01  -4.7129877858e-01   1.1349299517e+00  -1.9660278923e+00   1.1977899163e+00
  -4.6916801250e-01  -4.6985966791e-01   1.0222246453e+00  -2.0328337128e+00   1.0605276000e+00
  -4.6780432622e-01  -4.6847635709e-01   9.0846952729e-01  -2.0807499692e+00   9.2465701765e-01
  -4.6647318109e-01  -4.6713229535e-01   7.9578095199e-01  -2.1103423162e+00   7.9287675301e-01
  -4.6516256736e-01  -4.6581406684e-01   6.8284927558e-01  -2.1231289983e+00   6.6382364650e-01
  -4.6386252316e-01  -4.6451106789e-01   5.6925369297e-01  -2.1194200905e+00   5.3731925581e-01
  -4.6256404824e-01  -4.6321397844e-01   4.5609697981e-01  -2.0994076088e+00   4.1490809999e-01
  -4.6125861670e-01  -4.6191411803e-01   3.4316518127e-01  -2.0631938341e+00   2.9667543363e-01
  -4.5993776484e-01  -4.6060311536e-01   2.3041123047e-01  -2.0105916874e+00   1.8296568230e-01
  -4.5859242112e-01  -4.5927241432e-01   1.1670240781e-01  -1.9403094440e+00   7.3211469159e-02
  -4.5721266704e-01  -4.5791242792e-01   4.1934518500e-03  -1.8529732796e+00  -2.9916966583e-02
  -4.5578682495e-01  -4.5651290616e-01  -1.0946687960e-01  -1.7456440648e+00  -1.2780727631e-01
  -4.5430067193e-01  -4.5506074373e-01  -2.2228250840e-01  -1.6186284391e+00  -2.1775890909e-01
  -4.5273610223e-01  -4.5354060013e-01  -3.3556346571e-01  -1.4685845617e+00  -2.9964194983e-01
  -4.5106864371e-01  -4.5193160433e-01  -4.4855163617e-01  -1.2937547869e+00  -3.7128794371e-01
  -4.4926329074e-01  -4.5020568309e-01  -5.6183277140e-01  -1.0894241992e+00  -4.3086902575e-01
  -4.4726609887e-01  -4.4832089838e-01  -6.7492644170e-01  -8.5082145932e-01  -4.7494958789e-01
  -4.4498442178e-01  -4.4621129935e-01  -7.8824775805e-01  -5.6810346452e-01  -4.9874137751e-01
  -4.4235257510e-01  -4.4375754422e-01  -8.9757319281e-01  -2.3890530967e-01  -4.9433573683e-01
  -4.3946564586e-01  -4.4094760599e-01  -9.9115674982e-01   1.1124645494e-01  -4.5695824327e-01
  -4.3633688466e-01  -4.3798368573e-01  -1.0625087869e+00   4.6281382629e-01  -3.8792986067e-01
  -4.3268516130e-01  -4.3469008358e-01  -1.1080227154e+00   8.1518753817e-01  -2.8760168726e-01
  -4.2755929390e-01  -4.3068023901e-01  -1.1081092421e+00   1.1735962474e+00  -1.5178984476e-01
  -4.2166997226e-01  -4.2443834879e-01  -1.0308779771e+00   1.3879213765e+00  -5.6993756131e-02
  -4.1704632770e-01  -4.1890159573e-01  -9.1558171847e-01   1.4149903395e+00  -5.7106901665e-02
  -4.1367958978e-01  -4.1519105967e-01  -8.0209352737e-01   1.3680206999e+00  -1.0442980942e-01
  -4.1084966285e-01  -4.1216811989e-01  -6.8899476173e-01   1.2955289408e+00  -1.7124007725e-01
  -4.0833775233e-01  -4.0953120581e-01  -5.7576352641e-01   1.2116456021e+00  -2.4705509396e-01
  -4.0603685963e-01  -4.0714429884e-01  -4.6281339775e-01   1.1227418629e+00  -3.2572718960e-01
  -4.0388289794e-01  -4.0492942043e-01  -3.4970953912e-01   1.0312071596e+00  -4.0390444899e-01
  -4.0183252169e-01  -4.0283637546e-01  -2.3668308187e-01   9.3831397275e-01  -4.7896495644e-01
  -3.9985311918e-01  -4.0082866791e-01  -1.2358496849e-01   8.4410829863e-01  -5.4922861546e-01
  -3.9791788163e-01  -3.9887757044e-01  -1.0661024596e-02   7.4836179386e-01  -6.1317820808e-01
  -3.9600259296e-01  -3.9695819283e-01   1.0252751470e-01   6.4978430309e-01  -6.6988946318e-01
  -3.9408304632e-01  -3.9504699309e-01   2.1568699390e-01   5.4722453133e-01  -7.1808778512e-01
  -3.9213230721e-01  -3.9311909955e-01   3.2868679272e-01   4.3883779256e-01  -7.5659342630e-01
  -3.9011678658e-01  -3.9114551487e-01   4.4180728589e-01   3.2151666223e-01  -7.8411625879e-01
  -3.8798888510e-01  -3.8908805828e-01   5.5501748950e-01   1.9092391347e-01  -7.9868662385e-01
  -3.8567048920e-01  -3.8688971191e-01   6.6826387762e-01   3.9795608053e-02  -7.9722074299e-01
  -3.8300187036e-01  -3.8445126649e-01   7.8201137252e-01  -1.4742567364e-01  -7.7363810207e-01
  -3.7960165421e-01  -3.8155247422e-01   8.9421916622e-01  -4.0804794593e-01  -7.1274432296e-01
  -3.7567331486e-01  -3.7765083420e-01   9.7146489859e-01  -7.3878521992e-01  -6.0942348193e-01
  -3.7184186692e-01  -3.7369579552e-01   9.8520789358e-01  -1.0884041300e+00  -4.8650808380e-01
  -3.6818376169e-01  -3.6998793832e-01   9.3823342944e-01  -1.4386391607e+00  -3.6186919663e-01
  -3.6476920525e-01  -3.6637958505e-01   8.4363847552e-01  -1.7676634639e+00  -2.5021229712e-01
  -3.6190222515e-01  -3.6315882545e-01   7.2980128677e-01  -2.0362093612e+00  -1.6594744156e-01
  -3.5955743529e-01  -3.6064562486e-01   6.1638353914e-01  -2.2433771156e+00  -1.0658352537e-01
  -3.5747581335e-01  -3.5846924571e-01   5.0302411507e-01  -2.4137550191e+00  -6.2153636397e-02
  -3.5554555589e-01  -3.5648238098e-01   3.8959765799e-01  -2.5569243159e+00  -2.8392916482e-02
  -3.5370428246e-01  -3.5460873079e-01   2.7670707663e-01  -2.6768439999e+00  -3.0450275504e-03
  -3.5191009141e-01  -3.5279983412e-01   1.6356212759e-01  -2.7766283566e+00   1.5622631553e-02
  -3.5013002733e-01  -3.5102034870e-01   5.0366904293e-02  -2.8566953103e+00   2.8623751730e-02
  -3.4833352158e-01  -3.4923970596e-01  -6.2995303885e-02  -2.9165819946e+00   3.6808124334e-02
  -3.4648782394e-01  -3.4742733720e-01  -1.7592360347e-01  -2.9543674177e+00   4.0903511842e-02
  -3.4455195495e-01  -3.4554831069e-01  -2.8918081765e-01  -2.9669764444e+00   4.1707125123e-02
  -3.4246600922e-01  -3.4355559922e-01  -4.0248937133e-01  -2.9480731695e+00   4.0142737229e-02
  -3.4012589732e-01  -3.4137641922e-01  -5.1588362490e-01  -2.8857558259e+00   3.7703180118e-02
  -3.3729386531e-01  -3.3887537541e-01  -6.2991510485e-01  -2.7516589251e+00   3.7655041606e-02
  -3.3373119516e-01  -3.3571235521e-01  -7.3243471266e-01  -2.4950505557e+00   4.8918707030e-02
  -3.3013995431e-01  -3.3175003512e-01  -7.8807723598e-01  -2.1484571570e+00   7.9355154813e-02
  -3.2713093899e-01  -3.2852987349e-01  -7.9581118734e-01  -1.7970647987e+00   1.2402757911e-01
  -3.2444947423e-01  -3.2573200448e-01  -7.7433383639e-01  -1.4457541921e+00   1.7961952206e-01
  -3.2194996463e-01  -3.2316694398e-01  -7.3246277770e-01  -1.0955058193e+00   2.4382824012e-01
  -3.1954784063e-01  -3.2073298528e-01  -6.7442988996e-01  -7.4412244130e-01   3.1530378942e-01
  -3.1718162262e-01  -3.1836269597e-01  -6.0315280192e-01  -3.9424373937e-01   3.9179644617e-01
  -3.1479564044e-01  -3.1600054927e-01  -5.1909563648e-01  -4.2562186207e-02   4.7212431556e-01
  -3.1232750552e-01  -3.1359073161e-01  -4.2297427669e-01   3.0782185073e-01   5.5314519988e-01
  -3.0974859368e-01  -3.1106427944e-01  -3.1531398467e-01   6.5165516255e-01   6.3012635164e-01
  -3.0714129829e-01  -3.0843290792e-01  -2.0242788788e-01   9.6537527595e-01   6.9318871461e-01
  -3.0455287342e-01  -3.0584968867e-01  -8.9534555966e-02   1.2328484487e+00   7.3418160961e-01
  -3.0192288339e-01  -3.0325605817e-01   2.3693680553e-02   1.4518343645e+00   7.4733129760e-01
  -2.9918504232e-01  -3.0058970861e-01   1.3654582358e-01   1.6138089840e+00   7.2444585634e-01
  -2.9625455536e-01  -2.9778037603e-01   2.4962698881e-01   1.7068999062e+00   6.5359512529e-01
  -2.9299442333e-01  -2.9472873469e-01   3.6277269348e-01   1.7079329762e+00   5.1564233665e-01
  -2.8955416173e-01  -2.9126011198e-01   4.6505738804e-01   1.5951158724e+00   3.0576845124e-01
  -2.8641489689e-01  -2.8784821147e-01   5.4045883112e-01   1.3981456941e+00   6.4822669363e-02
  -2.8367227528e-01  -2.8498158232e-01   5.9051477770e-01   1.1608147525e+00  -1.7611598991e-01
  -2.8109973593e-01  -2.8236296824e-01   6.2248564722e-01   8.9559818094e-01  -4.1628029748e-01
  -2.7855854486e-01  -2.7983650363e-01   6.3875875156e-01   6.0490789130e-01  -6.5657996459e-01
  -2.7591378759e-01  -2.7728058609e-01   6.3821416701e-01   2.8616183141e-01  -8.9745388563e-01
  -2.7306953365e-01  -2.7454698909e-01   6.1638592198e-01  -5.6510784649e-02  -1.1302015519e+00
  -2.6996238336e-01  -2.7159207822e-01   5.6592980612e-01  -4.0835500088e-01  -1.3346556749e+00
  -2.6657645717e-01  -2.6833268850e-01   4.7819388101e-01  -7.3882553189e-01  -1.4773208686e+00
  -2.6342123777e-01  -2.6482022584e-01   3.6631451174e-01  -9.7746451635e-01  -1.5213444759e+00
  -2.6083514468e-01  -2.6202224969e-01   2.5273314687e-01  -1.1108589937e+00  -1.4841827142e+00
  -2.5858769354e-01  -2.5964803967e-01   1.3970431552e-01  -1.1765689349e+00  -1.3969907489e+00
  -2.5655037453e-01  -2.5752734742e-01   2.6315974967e-02  -1.1950806216e+00  -1.2741422587e+00
  -2.5465278369e-01  -2.5557340165e-01  -8.6575278993e-02  -1.1774719976e+00  -1.1250427677e+00
  -2.5284972121e-01  -2.5373216573e-01  -1.9990115037e-01  -1.1306880726e+00  -9.5383386149e-01
  -2.5110888879e-01  -2.5196727669e-01  -3.1283121854e-01  -1.0597205188e+00  -7.6531723788e-01
  -2.4940443518e-01  -2.5025050088e-01  -4.2630183275e-01  -9.6713623712e-01  -5.6037500432e-01
  -2.4771352258e-01  -2.4855836948e-01  -5.3929224884e-01  -8.5587540638e-01  -3.4253713819e-01
  -2.4601470591e-01  -2.4686867567e-01  -6.5223492329e-01  -7.2694527748e-01  -1.1218726816e-01
  -2.4431234304e-01  -2.4516073614e-01  -7.6325181685e-01  -5.8340375243e-01   1.2597265107e-01
  -2.4261819605e-01  -2.4346394993e-01  -8.7013060537e-01  -4.2896967946e-01   3.6633701058e-01
  -2.4091346566e-01  -2.4177244216e-01  -9.7225274115e-01  -2.6503189458e-01   6.0687799665e-01
  -2.3916427906e-01  -2.4005448915e-01  -1.0692622276e+00  -9.1742218398e-02   8.4670012167e-01
  -2.3732807788e-01  -2.3827406896e-01  -1.1614323330e+00   9.3685028496e-02   1.0875795079e+00
  -2.3534180132e-01  -2.3638208681e-01  -1.2469376079e+00   2.9288529717e-01   1.3276427848e+00
  -2.3309001431e-01  -2.3430151584e-01  -1.3239744917e+00   5.1420804496e-01   1.5690031507e+00
  -2.3027701721e-01  -2.3187851277e-01  -1.3854646731e+00   7.7598044606e-01   1.8120976872e+00
  -2.2645548597e-01  -2.2867552165e-01  -1.4006866494e+00   1.0965071126e+00   2.0237039079e+00
  -2.2235484195e-01  -2.2423545029e-01  -1.3287499135e+00   1.3909315264e+00   2.0968261328e+00
  -2.1926377134e-01  -2.2047423360e-01  -1.2125990479e+00   1.5774093980e+00   2.0463943891e+00
  -2.1707588367e-01  -2.1805330907e-01  -1.0986457869e+00   1.6914122057e+00   1.9590015247e+00
  -2.1524632204e-01  -2.1609845826e-01  -9.8525053818e-01   1.7764603378e+00   1.8580070726e+00
  -2.1362140285e-01  -2.1439418582e-01  -8.7197406786e-01   1.8448979433e+00   1.7501431780e+00
  -2.1213035299e-01  -2.1284861988e-01  -7.5876426582e-01   1.9022458438e+00   1.6386894898e+00
  -2.1073297734e-01  -2.1141208611e-01  -6.4567890550e-01   1.9515389419e+00   1.5256231169e+00
  -2.0940352536e-01  -2.1005386857e-01  -5.3273196239e-01   1.9946482426e+00   1.4122021537e+00
  -2.0812417356e-01  -2.0875318216e-01  -4.1924423712e-01   2.0330094033e+00   1.2986322017e+00
  -2.0688161592e-01  -2.0749516496e-01  -3.0600813246e-01   2.0671448116e+00   1.1863920221e+00
  -2.0566526556e-01  -2.0626806687e-01  -1.9269580094e-01   2.0977182422e+00   1.0757126234e+00
  -2.0446637627e-01  -2.0506246426e-01  -7.9705388372e-02   2.1249994152e+00   9.6745421480e-01
  -2.0327734466e-01  -2.0387028829e-01   3.3124376645e-02   2.1492730675e+00   8.6187461862e-01
  -2.0209126970e-01  -2.0268440103e-01   1.4592178590e-01   2.1706796216e+00   7.5925340580e-01
  -2.0090147165e-01  -2.0149813836e-01   2.5991982545e-01   2.1893922757e+00   6.5895249695e-01
  -1.9970122365e-01  -2.0030480494e-01   3.7279831989e-01   2.2049263319e+00   5.6345252078e-01
  -1.9848348986e-01  -1.9909764236e-01   4.8578679249e-01   2.2173020285e+00   4.7210705214e-01
  -1.9724048137e-01  -1.9786933735e-01   5.9888043061e-01   2.2261844408e+00   3.8545166488e-01
  -1.9596323099e-01  -1.9661162539e-01   7.1189869822e-01   2.2310905051e+00   3.0422062873e-01
  -1.9464093815e-01  -1.9531483659e-01   8.2499565035e-01   2.2313682178e+00   2.2901141069e-01
  -1.9325989426e-01  -1.9396703971e-01   9.3838241035e-01   2.2260665326e+00   1.6059090487e-01
  -1.9180212350e-01  -1.9255274881e-01   1.0514401013e+00   2.2138999780e+00   1.0044765075e-01
  -1.9024256431e-01  -1.9105149818e-01   1.1646649799e+00   2.1929152181e+00   4.9776420188e-02
  -1.8854366466e-01  -1.8943363044e-01   1.2778933037e+00   2.1601596803e+00   1.0777320674e-02
  -1.8664397079e-01  -1.8765369889e-01   1.3911706171e+00   2.1106765607e+00  -1.3326906530e-02
  -1.8442730585e-01  -1.8563424269e-01   1.5046124363e+00   2.0350409870e+00  -1.6905380518e-02
  -1.8160313917e-01  -1.8322036901e-01   1.6190423357e+00   1.9094469248e+00   1.2888301552e-02
  -1.7756259117e-01  -1.7998590933e-01   1.7233705492e+00   1.6726948900e+00   1.0805034965e-01
  -1.7303185648e-01  -1.7513927301e-01   1.7658324898e+00   1.3362217361e+00   2.5688832938e-01
  -1.6908706558e-01  -1.7092443995e-01   1.7414914432e+00   9.8606042468e-01   3.9740042242e-01
  -1.6556874658e-01  -1.6724969121e-01   1.6767969488e+00   6.3561248000e-01   5.1153649489e-01
  -1.6230329771e-01  -1.6388780195e-01   1.5849351800e+00   2.8605544382e-01   5.9525608356e-01
  -1.5930533986e-01  -1.6071879347e-01   1.4762955462e+00  -5.1268615401e-02   6.4667252441e-01
  -1.5665937975e-01  -1.5789188625e-01   1.3631259365e+00  -3.5691171084e-01   6.6813435474e-01
  -1.5431114807e-01  -1.5542687324e-01   1.2500053325e+00  -6.3185355532e-01   6.6700638118e-01
  -1.5216225868e-01  -1.5319542290e-01   1.1368352880e+00  -8.8394638094e-01   6.4895523251e-01
  -1.5015713276e-01  -1.5112909446e-01   1.0238918320e+00  -1.1167178630e+00   6.1763515340e-01
  -1.4825992434e-01  -1.4918517106e-01   9.1074803387e-01  -1.3334447640e+00   5.7538048742e-01
  -1.4644521115e-01  -1.4733467761e-01   7.9777990620e-01  -1.5348067243e+00   5.2405901438e-01
  -1.4469345284e-01  -1.4555574469e-01   6.8460875500e-01  -1.7222605794e+00   4.6474693616e-01
  -1.4298867368e-01  -1.4383116098e-01   5.7157078285e-01  -1.8955475435e+00   3.9848763694e-01
  -1.4131690759e-01  -1.4214618637e-01   4.5878471561e-01  -2.0545086670e+00   3.2597162768e-01
  -1.3966534044e-01  -1.4048762881e-01   3.4521738983e-01  -2.2000157435e+00   2.4678776842e-01
  -1.3802137227e-01  -1.3884305207e-01   2.3247996015e-01  -2.3291673671e+00   1.6212481817e-01
  -1.3637181817e-01  -1.3719969246e-01   1.1932157076e-01  -2.4422012399e+00   7.0892613346e-02
  -1.3470202479e-01  -1.3554394387e-01   6.0832965302e-03  -2.5366910327e+00  -2.7193010262e-02
  -1.3299460342e-01  -1.3386010571e-01  -1.0689676473e-01  -2.6096658573e+00  -1.3269179970e-01
  -1.3122742364e-01  -1.3212910114e-01  -2.1997204162e-01  -2.6574233903e+00  -2.4731968366e-01
  -1.2936992205e-01  -1.3032574614e-01  -3.3317846339e-01  -2.6738771843e+00  -3.7338882541e-01
  -1.2737607576e-01  -1.2841409796e-01  -4.4637642759e-01  -2.6494409015e+00  -5.1443264273e-01
  -1.2516795232e-01  -1.2633805357e-01  -5.5956621565e-01  -2.5676284195e+00  -6.7693920274e-01
  -1.2259649311e-01  -1.2399785107e-01  -6.7301627489e-01  -2.3943241191e+00  -8.7480401055e-01
  -1.1978118372e-01  -1.2119513514e-01  -7.7141499192e-01  -2.1078682896e+00  -1.0997521784e+00
  -1.1722127913e-01  -1.1836723231e-01  -8.3613938976e-01  -1.7599526949e+00  -1.3112428428e+00
  -1.1509287231e-01  -1.1607532595e-01  -8.7115438218e-01  -1.4078060192e+00  -1.4916071413e+00
  -1.1322832905e-01  -1.1411041867e-01  -8.8802610434e-01  -1.0565316379e+00  -1.6519151085e+00
  -1.1153107570e-01  -1.1234623943e-01  -8.9277142600e-01  -7.0580696624e-01  -1.7989867751e+00
  -1.0994725144e-01  -1.1071591197e-01  -8.8871391407e-01  -3.5385227635e-01  -1.9371553693e+00
  -1.0844209005e-01  -1.0917859092e-01  -8.7802182579e-01  -3.5430859074e-03  -2.0675395039e+00
  -1.0699069130e-01  -1.0770558918e-01  -8.6212673285e-01   3.4743277549e-01  -2.1925110533e+00
  -1.0557379342e-01  -1.0627579343e-01  -8.4203734633e-01   6.9955568137e-01  -2.3131954938e+00
  -1.0417484262e-01  -1.0487179340e-01  -8.1886685796e-01   1.0486809377e+00  -2.4289175774e+00
  -1.0277836491e-01  -1.0347789183e-01  -7.9285957199e-01   1.4013665336e+00  -2.5423138300e+00
  -1.0136848770e-01  -1.0207883800e-01  -7.6502883538e-01   1.7516945369e+00  -2.6517426026e+00
  -9.9927160114e-02  -1.0065813741e-01  -7.3574036073e-01   2.1023285708e+00  -2.7581853177e+00
  -9.8431492431e-02  -9.9196182820e-02  -7.0547991799e-01   2.4540465026e+00  -2.8617556823e+00
  -9.6849353975e-02  -9.7666802042e-02  -6.7507512799e-01   2.8046577192e+00  -2.9614217035e+00
  -9.5128935434e-02  -9.6031905908e-02  -6.4515719399e-01   3.1567038837e+00  -3.0569866449e+00
  -9.3169554815e-02  -9.4225964960e-02  -6.1717415750e-01   3.5098227953e+00  -3.1461818003e+00
  -9.0693116826e-02  -9.2113144671e-02  -5.9436950872e-01   3.8658376629e+00  -3.2231493631e+00
  -8.6064311804e-02  -8.9273088982e-02  -6.0194215698e-01   4.1897601013e+00  -3.2310453777e+00
  -8.1038906322e-02  -8.2855534627e-02  -6.7907566900e-01   4.0608507218e+00  -3.0434880230e+00
  -7.8108252031e-02  -7.9222278017e-02  -7.6110030045e-01   3.7065254159e+00  -2.8146809017e+00
  -7.6119770026e-02  -7.6994226045e-02  -8.2991915105e-01   3.3521362595e+00  -2.6077968477e+00
  -7.4493656872e-02  -7.5245314008e-02  -8.9235654309e-01   2.9998369155e+00  -2.4089662783e+00
  -7.3066926550e-02  -7.3741999736e-02  -9.5082060096e-01   2.6470194189e+00  -2.2128205207e+00
  -7.1768786630e-02  -7.2391853364e-02  -1.0056416614e+00   2.2970190121e+00  -2.0194957313e+00
  -7.0560251636e-02  -7.1145719897e-02  -1.0577497983e+00   1.9470559585e+00  -1.8265077616e+00
  -6.9417550346e-02  -6.9974783374e-02  -1.1079110421e+00   1.5933764571e+00  -1.6311817450e+00
  -6.8324055410e-02  -6.8860317318e-02  -1.1550387522e+00   1.2448448552e+00  -1.4379838633e+00
  -6.7267461975e-02  -6.7787793503e-02  -1.2002776413e+00   8.9389445345e-01  -1.2423929512e+00
  -6.6238617133e-02  -6.6747130448e-02  -1.2435408688e+00   5.4107026841e-01  -1.0443956065e+00
  -6.5229849759e-02  -6.5730103818e-02  -1.2842964891e+00   1.9073901973e-01  -8.4617992965e-01
  -6.4234582529e-02  -6.4729595701e-02  -1.3228515638e+00  -1.5981256599e-01  -6.4597432742e-01
  -6.3247023061e-02  -6.3739569357e-02  -1.3591625020e+00  -5.1090882740e-01  -4.4332123524e-01
  -6.2261713444e-02  -6.2754476766e-02  -1.3931246251e+00  -8.6271222544e-01  -2.3782413151e-01
  -6.1273271772e-02  -6.1768950123e-02  -1.4244243874e+00  -1.2133934929e+00  -3.0237274863e-02
  -6.0276158330e-02  -6.0777593420e-02  -1.4529815276e+00  -1.5639462450e+00   1.8037575039e-01
  -5.9264388663e-02  -5.9774723239e-02  -1.4785493725e+00  -1.9142506963e+00   3.9437264452e-01
  -5.8231038661e-02  -5.8754054088e-02  -1.5009785609e+00  -2.2672551474e+00   6.1415046460e-01
  -5.7167898835e-02  -5.7708023234e-02  -1.5195268348e+00  -2.6180744537e+00   8.3736590905e-01
  -5.6065022706e-02  -5.6627774435e-02  -1.5337062326e+00  -2.9660089500e+00   1.0643159211e+00
  -5.4910797379e-02  -5.5502270977e-02  -1.5430113654e+00  -3.3200647302e+00   1.3022067795e+00
  -5.3708034454e-02  -5.4319323781e-02  -1.5460027783e+00  -3.6628594696e+00   1.5408786320e+00
  -5.2463138266e-02  -5.3096745126e-02  -1.5418072976e+00  -3.9929892793e+00   1.7807397821e+00
  -5.1166546254e-02  -5.1829531406e-02  -1.5293131894e+00  -4.3056216897e+00   2.0201315504e+00
  -4.9801008403e-02  -5.0503561102e-02  -1.5066618584e+00  -4.6009409027e+00   2.2620581449e+00
  -4.8342526768e-02  -4.9098455703e-02  -1.4721110345e+00  -4.8678864908e+00   2.5014337913e+00
  -4.6754581213e-02  -4.7586597833e-02  -1.4218942067e+00  -5.1034001244e+00   2.7418366766e+00
  -4.4974374735e-02  -4.5922564593e-02  -1.3503624860e+00  -5.2939937451e+00   2.9822975943e+00
  -4.2998052848e-02  -4.4026184878e-02  -1.2525069621e+00  -5.4128855880e+00   3.2114900745e+00
  -4.1070655474e-02  -4.1969920818e-02  -1.1397798522e+00  -5.4347211879e+00   3.3944183624e+00
  -3.9362305491e-02  -4.0171390129e-02  -1.0266668423e+00  -5.3759152272e+00   3.5208000767e+00
  -3.7805683954e-02  -3.8553220854e-02  -9.1336222528e-01  -5.2601093830e+00   3.6066620934e+00
  -3.6354604293e-02  -3.7058147054e-02  -8.0008809107e-01  -5.1011415150e+00   3.6610846941e+00
  -3.4979688191e-02  -3.5651061533e-02  -6.8715550631e-01  -4.9083989439e+00   3.6898858658e+00
  -3.3660687901e-02  -3.4308314849e-02  -5.7416057009e-01  -4.6872064573e+00   3.6970465529e+00
  -3.2382721616e-02  -3.3013060953e-02  -4.6083597051e-01  -4.4410989012e+00   3.6850334802e+00
  -3.1134000315e-02  -3.1752382279e-02  -3.4749639403e-01  -4.1737671570e+00   3.6555395769e+00
  -2.9904597774e-02  -3.0515618351e-02  -2.3427291427e-01  -3.8879542201e+00   3.6098113730e+00
  -2.8685747466e-02  -2.9293577198e-02  -1.2117165216e-01  -3.5855942577e+00   3.5486338348e+00
  -2.7469270579e-02  -2.8077917734e-02  -8.1287267296e-03  -3.2679869724e+00   3.4723385369e+00
  -2.6247064189e-02  -2.6860623423e-02   1.0493691541e-01  -2.9359943823e+00   3.3808247087e+00
  -2.5014821667e-02  -2.5633504956e-02   2.1767660453e-01  -2.5914903000e+00   3.2739999797e+00
  -2.3783464998e-02  -2.4396138378e-02   3.2822869928e-01  -2.2411372565e+00   3.1533286290e+00
  -2.2559798503e-02  -2.3170791618e-02   4.3526111682e-01  -1.8903336350e+00   3.0201996536e+00
  -2.1333573805e-02  -2.1948805389e-02   5.3902797978e-01  -1.5393157979e+00   2.8740933228e+00
  -2.0092652379e-02  -2.0718342222e-02   6.3978992716e-01  -1.1878964704e+00   2.7138368807e+00
  -1.8823713972e-02  -1.9466962537e-02   7.3757794686e-01  -8.3631850334e-01   2.5378624158e+00
  -1.7510956879e-02  -1.8180465406e-02   8.3211908915e-01  -4.8561601375e-01   2.3443426120e+00
  -1.6134263046e-02  -1.6841448352e-02   9.2354519595e-01  -1.3487986542e-01   2.1292754888e+00
  -1.4716027676e-02  -1.5427077741e-02   1.0086047717e+00   2.0379534613e-01   1.8962753998e+00
  -1.3323109993e-02  -1.4004977611e-02   1.0831810608e+00   5.1358899585e-01   1.6545802371e+00
  -1.1982185388e-02  -1.2641242376e-02   1.1445857843e+00   7.8142852116e-01   1.4155904502e+00
  -1.0682244316e-02  -1.1323128401e-02   1.1949922737e+00   1.0144663168e+00   1.1756727997e+00
  -9.4147914636e-03  -1.0041360232e-02   1.2350050700e+00   1.2138397372e+00   9.3534009339e-01
  -8.1726570787e-03  -8.7882226952e-03   1.2651883167e+00   1.3807363157e+00   6.9501151473e-01
  -6.9495966886e-03  -7.5570914623e-03   1.2860749220e+00   1.5164207851e+00   4.5489969947e-01
  -5.7399918747e-03  -6.3421019150e-03   1.2981371035e+00   1.6220952202e+00   2.1505449937e-01
  -4.5386011756e-03  -5.1378818345e-03   1.3017659217e+00   1.6987928298e+00  -2.4595391712e-02
  -3.3403364641e-03  -3.9393205168e-03   1.2972586033e+00   1.7473016400e+00  -2.6420113557e-01
  -2.1400090595e-03  -2.7413524114e-03   1.2846750571e+00   1.7680629861e+00  -5.0555704198e-01
  -9.3212634877e-04  -1.5386657077e-03   1.2642958073e+00   1.7609944279e+00  -7.4552971635e-01
   2.8931424925e-04  -3.2558698988e-04   1.2361916442e+00   1.7264673598e+00  -9.8532262554e-01
   1.5311812089e-03   9.0421548837e-04   1.2003089040e+00   1.6641921878e+00  -1.2252635145e+00
   2.8016617177e-03   2.1581469294e-03   1.1565633865e+00   1.5736211241e+00  -1.4651042819e+00
   4.1109605850e-03   3.4451765061e-03   1.1046342702e+00   1.4535213594e+00  -1.7051787552e+00
   5.4725294366e-03   4.7767446639e-03   1.0438760026e+00   1.3015740852e+00  -1.9461363111e+00
   6.9046774823e-03   6.1683142094e-03   9.7410450726e-01   1.1163707352e+00  -2.1859435236e+00
   8.4340799804e-03   7.6410407552e-03   8.9397032772e-01   8.9315260691e-01  -2.4256623457e+00
   1.0104145255e-02   9.2271192055e-03   8.0098032162e-01   6.2306443863e-01  -2.6665890410e+00
   1.1941516552e-02   1.0981171305e-02   6.9474235667e-01   3.0259889488e-01  -2.9017277080e+00
   1.3844002375e-02   1.2901861799e-02   5.8345083324e-01  -4.4712724756e-02  -3.1082036685e+00
   1.5719327137e-02   1.4786142951e-02   4.7409460718e-01  -3.9658243720e-01  -3.2729697366e+00
   1.7600566921e-02   1.6652511322e-02   3.6811566719e-01  -7.4711644223e-01  -3.3953557841e+00
   1.9538400328e-02   1.8548622520e-02   2.6458076494e-01  -1.0984368164e+00  -3.4752195829e+00
   2.1598120379e-02   2.0528178135e-02   1.6335263446e-01  -1.4503682647e+00  -3.5067156857e+00
   2.3888292623e-02   2.2668062623e-02   6.4368201996e-02  -1.8022923433e+00  -3.4764603173e+00
   2.6618799763e-02   2.5108522624e-02  -3.2365446727e-02  -2.1519619325e+00  -3.3521105313e+00
   2.9401618874e-02   2.8129076902e-02  -1.0605102544e-01  -2.4169466442e+00  -3.1356909757e+00
   3.1692531966e-02   3.0674160846e-02  -1.4673872836e-01  -2.5538714875e+00  -2.8936523700e+00
   3.3600221992e-02   3.2710903086e-02  -1.6697470997e-01  -2.6066993185e+00  -2.6528587154e+00
   3.5300111210e-02   3.4489540898e-02  -1.7508953959e-01  -2.6050549116e+00  -2.4115820062e+00
   3.6869555690e-02   3.6110681521e-02  -1.7478268955e-01  -2.5623060123e+00  -2.1718697593e+00
   3.8351830203e-02   3.7628429858e-02  -1.6818485621e-01  -2.4855148145e+00  -1.9318138881e+00
   3.9774323875e-02   3.9075230547e-02  -1.5658757350e-01  -2.3789649331e+00  -1.6919607227e+00
   4.1156420734e-02   4.0473417203e-02  -1.4074841521e-01  -2.2442858555e+00  -1.4508476843e+00
   4.2513044807e-02   4.1839424264e-02  -1.2149358545e-01  -2.0847826419e+00  -1.2114521613e+00
   4.3856500443e-02   4.3186665349e-02  -9.9120067411e-02  -1.9000175203e+00  -9.7158711712e-01
   4.5197538296e-02   4.4526335537e-02  -7.3838888894e-02  -1.6892716486e+00  -7.3045870493e-01
   4.6546249027e-02   4.5868741055e-02  -4.6282407688e-02  -1.4556318101e+00  -4.9166066644e-01
   4.7912792377e-02   4.7223756999e-02  -1.6055406036e-02  -1.1936306201e+00  -2.5036675534e-01
   4.9307828469e-02   4.8601827754e-02   1.6110464685e-02  -9.0758108344e-01  -1.1585481918e-02
   5.0743392454e-02   5.0013829184e-02   5.0792546334e-02  -5.9028318496e-01   2.2936107390e-01
   5.2207825414e-02   5.1472955725e-02   8.6958566672e-02  -2.4923201551e-01   4.6548940470e-01
   5.3650667067e-02   5.2942695103e-02   1.2303842786e-01   1.0157451214e-01   6.8784144995e-01
   5.5047776467e-02   5.4358639031e-02   1.5792606779e-01   4.5099449317e-01   8.9160507813e-01
   5.6414013560e-02   5.5736913904e-02   1.9219846632e-01   8.0413218444e-01   1.0818220997e+00
   5.7762323677e-02   5.7091113216e-02   2.2522667998e-01   1.1537263452e+00   1.2563202217e+00
   5.9104466362e-02   5.8433534137e-02   2.5751298488e-01   1.5042207038e+00   1.4188726684e+00
   6.0451808752e-02   5.9775398588e-02   2.8920986893e-01   1.8567182538e+00   1.5708978469e+00
   6.1816225066e-02   6.1128218917e-02   3.1985115133e-01   2.2053442146e+00   1.7108454492e+00
   6.3211375120e-02   6.2504231215e-02   3.5024095359e-01   2.5587691345e+00   1.8428678463e+00
   6.4653930942e-02   6.3918519026e-02   3.7969997902e-01   2.9087965205e+00   1.9643987153e+00
   6.6165814248e-02   6.5389342859e-02   4.0858523972e-01   3.2594372718e+00   2.0774261532e+00
   6.7779318088e-02   6.6942285637e-02   4.3690903279e-01   3.6112770643e+00   2.1823597802e+00
   6.9546485745e-02   6.8616350540e-02   4.6438433538e-01   3.9620544618e+00   2.2786771600e+00
   7.1567532276e-02   7.0476620951e-02   4.9099122075e-01   4.3153220503e+00   2.3671757420e+00
   7.4104885422e-02   7.2658443602e-02   5.1573626979e-01   4.6705020893e+00   2.4467677487e+00
   7.7526520153e-02   7.5551327241e-02   5.3187822314e-01   4.9781405508e+00   2.5053486360e+00
   8.1476905976e-02   7.9501713064e-02   5.2303866748e-01   5.0751254005e+00   2.5141047573e+00
   8.5477905063e-02   8.3452098887e-02   4.7963347553e-01   4.8765412740e+00   2.4660850522e+00
   8.8741837857e-02   8.7503711239e-02   4.1821930574e-01   4.5110446912e+00   2.3907821152e+00
   9.0981550477e-02   8.9979964474e-02   3.6185345683e-01   4.1576133377e+00   2.3205286610e+00
   9.2861396960e-02   9.1983136480e-02   3.0638435310e-01   3.8057231988e+00   2.2506735430e+00
   9.4541878575e-02   9.3739657440e-02   2.5098776991e-01   3.4533957319e+00   2.1799267653e+00
   9.6096131064e-02   9.5344099709e-02   1.9588164789e-01   3.1030340615e+00   2.1082355498e+00
   9.7565832357e-02   9.6848162418e-02   1.4072390195e-01   2.7526455411e+00   2.0348005280e+00
   9.8977729923e-02   9.8283502295e-02   8.5270125842e-02   2.4004411170e+00   1.9588739903e+00
   1.0035123539e-01   9.9671957551e-02   3.0273799013e-02   2.0506871116e+00   1.8810461556e+00
   1.0170158899e-01   1.0103051323e-01  -2.4951781627e-02   1.6982491790e+00   1.7998290491e+00
   1.0304161504e-01   1.0237266476e-01  -7.9342297811e-02   1.3489192436e+00   1.7161964422e+00
   1.0438312125e-01   1.0371056532e-01  -1.3357509353e-01   9.9704604640e-01   1.6283912326e+00
   1.0573772454e-01   1.0505567718e-01  -1.8684914242e-01   6.4610980849e-01   1.5367720385e+00
   1.0711777092e-01   1.0641977189e-01  -2.3891247800e-01   2.9558835900e-01   1.4406490702e+00
   1.0853732118e-01   1.0781576996e-01  -2.8935063097e-01  -5.4652222872e-02   1.3392935487e+00
   1.1001381601e-01   1.0925887241e-01  -3.3783540203e-01  -4.0664139507e-01   1.2311293834e+00
   1.1157029742e-01   1.1076875960e-01  -3.8320071764e-01  -7.5828614172e-01   1.1154721992e+00
   1.1323910999e-01   1.1237183524e-01  -4.2408358381e-01  -1.1086495616e+00   9.9088041458e-01
   1.1507083258e-01   1.1410638474e-01  -4.5870431322e-01  -1.4596850343e+00   8.5389267228e-01
   1.1715595752e-01   1.1603528043e-01  -4.8341147904e-01  -1.8118897905e+00   6.9931530667e-01
   1.1969438156e-01   1.1827663460e-01  -4.9015568997e-01  -2.1656205785e+00   5.1642485703e-01
   1.2294359536e-01   1.2111212852e-01  -4.5971510509e-01  -2.4930682945e+00   2.9641998209e-01
   1.2658882411e-01   1.2477506220e-01  -3.7534171523e-01  -2.7000442459e+00   7.3726772942e-02
   1.2978377682e-01   1.2840258601e-01  -2.6210294387e-01  -2.7501111615e+00  -9.5525610025e-02
   1.3235774354e-01   1.3116496762e-01  -1.4846412046e-01  -2.7087339084e+00  -2.1228453648e-01
   1.3465455028e-01   1.3355051945e-01  -3.5145115809e-02  -2.6196554397e+00  -3.0170951187e-01
   1.3682756115e-01   1.3575858111e-01   7.8392364306e-02  -2.4974006479e+00  -3.7428503490e-01
   1.3897182370e-01   1.3789654119e-01   1.9143141748e-01  -2.3486331451e+00  -4.3493766005e-01
   1.4117369974e-01   1.4004710620e-01   3.0483498711e-01  -2.1730622336e+00  -4.8766602194e-01
   1.4354874708e-01   1.4230029328e-01   4.1835081560e-01  -1.9665109906e+00  -5.3524371625e-01
   1.4633888714e-01   1.4479720088e-01   5.3265867640e-01  -1.7118196306e+00  -5.8170166991e-01
   1.4981236160e-01   1.4788057341e-01   6.3463205700e-01  -1.3941740753e+00  -6.3018129313e-01
   1.5385946366e-01   1.5174414979e-01   6.8391297415e-01  -1.0437571694e+00  -6.8033053392e-01
   1.5819320894e-01   1.5597477754e-01   6.4240510851e-01  -7.1318433062e-01  -7.3119646047e-01
   1.6184740152e-01   1.6041164034e-01   5.3419300489e-01  -4.7807582806e-01  -7.7181939477e-01
   1.6440447902e-01   1.6328316269e-01   4.1981727992e-01  -3.4065549428e-01  -7.9702713615e-01
   1.6650136438e-01   1.6552579535e-01   3.0626005904e-01  -2.4479589586e-01  -8.1399733129e-01
   1.6837033901e-01   1.6747693341e-01   1.9295976981e-01  -1.7195125438e-01  -8.2508258973e-01
   1.7010830122e-01   1.6926374462e-01   7.9562584533e-02  -1.1459392806e-01  -8.3100913065e-01
   1.7177006805e-01   1.7095285781e-01  -3.3607489769e-02  -6.9136870768e-02  -8.3189837221e-01
   1.7339327517e-01   1.7258727828e-01  -1.4659832795e-01  -3.3390320391e-02  -8.2761055268e-01
   1.7500830949e-01   1.7419927206e-01  -2.5991044468e-01  -6.0739826107e-03  -8.1767449245e-01
   1.7664414492e-01   1.7581734693e-01  -3.7292654259e-01   1.3167467229e-02  -8.0143298932e-01
   1.7833348868e-01   1.7747094292e-01  -4.8633895916e-01   2.4353331760e-02  -7.7766214622e-01
   1.8011963246e-01   1.7919603443e-01  -5.9950114807e-01   2.6632975782e-02  -7.4474352829e-01
   1.8207106981e-01   1.8104323049e-01  -7.1301274238e-01   1.8112873035e-02  -6.9953228210e-01
   1.8432341455e-01   1.8309890913e-01  -8.2666110868e-01  -5.6602581225e-03  -6.3617820932e-01
   1.8730324195e-01   1.8554791997e-01  -9.4242116555e-01  -5.9446915258e-02  -5.3606026100e-01
   1.9198932527e-01   1.8905856393e-01  -1.0292908843e+00  -1.9006086146e-01  -3.5567094073e-01
   1.9726099767e-01   1.9492008661e-01  -9.8978937691e-01  -3.8415663961e-01  -1.5358904900e-01
   2.0095746375e-01   1.9960190873e-01  -8.7346937212e-01  -5.3745143002e-01  -3.7076050245e-02
   2.0338988416e-01   2.0231301878e-01  -7.5935532576e-01  -6.3865302537e-01   1.6924260133e-02
   2.0540576969e-01   2.0446674954e-01  -6.4568482644e-01  -7.1887594406e-01   4.4331860885e-02
   2.0720180342e-01   2.0634478985e-01  -5.3257813858e-01  -7.8487787614e-01   5.3681357647e-02
   2.0886272091e-01   2.0805881699e-01  -4.1924140211e-01  -8.3991922470e-01   4.8798397154e-02
   2.1043552366e-01   2.0966662483e-01  -3.0623628789e-01  -8.8504081846e-01   3.1708258224e-02
   2.1195075282e-01   2.1120442249e-01  -1.9294786150e-01  -9.2109552993e-01   3.5098747804e-03
   2.1343051381e-01   2.1269708315e-01  -7.9740534361e-02  -9.4808989219e-01  -3.5039945584e-02
   2.1489263354e-01   2.1416394446e-01   3.3335581876e-02  -9.6587307556e-01  -8.3492271792e-02
   2.1635282734e-01   2.1562132261e-01   1.4638334471e-01  -9.7402114138e-01  -1.4170693958e-01
   2.1782637853e-01   2.1708433207e-01   2.5952052856e-01  -9.7175096583e-01  -2.0980715370e-01
   2.1932969182e-01   2.1856842500e-01   3.7275052274e-01  -9.5785974441e-01  -2.8809047488e-01
   2.2088202986e-01   2.2009095864e-01   4.8582838121e-01  -9.3069974552e-01  -3.7688818443e-01
   2.2250829290e-01   2.2167310109e-01   5.9905802329e-01  -8.8770969245e-01  -4.7729349686e-01
   2.2424396686e-01   2.2334348470e-01   7.1226698926e-01  -8.2513737360e-01  -5.9054659873e-01
   2.2614578731e-01   2.2514444901e-01   8.2557548047e-01  -7.3664209183e-01  -7.1909756575e-01
   2.2832036589e-01   2.2714712560e-01   9.3900344420e-01  -6.1048618782e-01  -8.6731642644e-01
   2.3104116554e-01   2.2949360617e-01   1.0537123422e+00  -4.1598705928e-01  -1.0475226884e+00
   2.3446740230e-01   2.3258872491e-01   1.1502831176e+00  -1.2224820247e-01  -1.2501990340e+00
   2.3803867974e-01   2.3634607970e-01   1.1925239119e+00   2.2835394843e-01  -1.4167113052e+00
   2.4135828121e-01   2.3973127978e-01   1.1761281753e+00   5.7943240299e-01  -1.5150240726e+00
   2.4464229029e-01   2.4298528263e-01   1.1097919914e+00   9.3040569335e-01  -1.5493905539e+00
   2.4774388155e-01   2.4629929796e-01   1.0069493776e+00   1.2463793304e+00  -1.5220621809e+00
   2.5038396827e-01   2.4918846514e-01   8.9306705007e-01   1.4898016956e+00  -1.4531062250e+00
   2.5265231116e-01   2.5157947139e-01   7.7979055913e-01   1.6707724701e+00  -1.3621977752e+00
   2.5473031395e-01   2.5372515093e-01   6.6647907559e-01   1.8083124223e+00  -1.2556514561e+00
   2.5670511721e-01   2.5573547696e-01   5.5312014698e-01   1.9097254329e+00  -1.1364433394e+00
   2.5863194685e-01   2.5767475745e-01   4.4009259598e-01   1.9779535350e+00  -1.0065209240e+00
   2.6055367048e-01   2.5958913624e-01   3.2711653400e-01   2.0140499847e+00  -8.6627451664e-01
   2.6251072899e-01   2.6151820472e-01   2.1385531359e-01   2.0166950210e+00  -7.1524860078e-01
   2.6454940182e-01   2.6350325326e-01   1.0044319219e-01   1.9822028348e+00  -5.5291993225e-01
   2.6673238471e-01   2.6559555038e-01  -1.2627877918e-02   1.9044316692e+00  -3.7858527198e-01
   2.6916222718e-01   2.6786921904e-01  -1.2595023734e-01   1.7711727091e+00  -1.8848270367e-01
   2.7205175754e-01   2.7045523533e-01  -2.3978841666e-01   1.5564730136e+00   2.4194776520e-02
   2.7542659499e-01   2.7364827974e-01  -3.4055473970e-01   1.2487100716e+00   2.4293848647e-01
   2.7889122059e-01   2.7720491024e-01  -4.0721815420e-01   8.9682380889e-01   4.2452474869e-01
   2.8234944938e-01   2.8057753094e-01  -4.3798968386e-01   5.4456260857e-01   5.5329798856e-01
   2.8629386712e-01   2.8412136782e-01  -4.3730531129e-01   1.8967299683e-01   6.3187446067e-01
   2.9276767405e-01   2.8846636642e-01  -3.9030112105e-01  -1.5181634663e-01   6.1042084536e-01
   3.0061497953e-01   2.9706898168e-01  -3.4475612221e-01  -9.9321242192e-02   4.3538427483e-01
   3.0637126398e-01   3.0416097737e-01  -3.6925882370e-01   2.5196995602e-01   2.8087512989e-01
   3.1056872481e-01   3.0858155059e-01  -4.3234648898e-01   6.0641293481e-01   2.0647420570e-01
   3.1463802338e-01   3.1255589902e-01  -5.2467987749e-01   9.5390870492e-01   1.9510632366e-01
   3.1872411652e-01   3.1672014775e-01  -6.3554467506e-01   1.2454983297e+00   2.6009157991e-01
   3.2287356189e-01   3.2072808529e-01  -7.4856331138e-01   1.4304271364e+00   4.1278897330e-01
   3.2687829824e-01   3.2501903849e-01  -8.3839912459e-01   1.4765573697e+00   6.3582696201e-01
   3.3033830393e-01   3.2873755799e-01  -8.8574523936e-01   1.4038743017e+00   8.7712771575e-01
   3.3344961879e-01   3.3193904987e-01  -8.9470155330e-01   1.2560147024e+00   1.1175454206e+00
   3.3648870306e-01   3.3496018770e-01  -8.6722998018e-01   1.0497832552e+00   1.3580762553e+00
   3.3967017916e-01   3.3801721842e-01  -7.9718165813e-01   7.8745787866e-01   1.5973365549e+00
   3.4270881407e-01   3.4132313990e-01  -6.9229221916e-01   5.1368649132e-01   1.7964627683e+00
   3.4523117408e-01   3.4409448823e-01  -5.7847474387e-01   2.8251583339e-01   1.9277071622e+00
   3.4737466320e-01   3.4636785992e-01  -4.6508259485e-01   9.1675287780e-02   2.0076127142e+00
   3.4931156545e-01   3.4838146648e-01  -3.5204640879e-01  -7.1279833322e-02   2.0507563758e+00
   3.5112509625e-01   3.5024166442e-01  -2.3862606921e-01  -2.1359973903e-01   2.0637186534e+00
   3.5286583623e-01   3.5200852807e-01  -1.2538329472e-01  -3.3834810658e-01   2.0493584541e+00
   3.5457029672e-01   3.5372314438e-01  -1.2148804152e-02  -4.4842561427e-01   2.0088820215e+00
   3.5626879955e-01   3.5541744907e-01   1.0088533189e-01  -5.4570527236e-01   1.9422122707e+00
   3.5799061964e-01   3.5712015003e-01   2.1400966651e-01  -6.3212761737e-01   1.8476745166e+00
   3.5976860714e-01   3.5886108925e-01   3.2715502019e-01  -7.0917741204e-01   1.7221329684e+00
   3.6164560677e-01   3.6067612502e-01   4.4046173052e-01  -7.7863759239e-01   1.5598341596e+00
   3.6366197227e-01   3.6261508852e-01   5.5239618490e-01  -8.4195265737e-01   1.3542962924e+00
   3.6568115675e-01   3.6470885602e-01   6.5274236785e-01  -8.9722406919e-01   1.1186812119e+00
   3.6754825006e-01   3.6665345748e-01   7.3277997958e-01  -9.4388373006e-01   8.7867790762e-01
   3.6928695524e-01   3.6844304263e-01   7.9565098753e-01  -9.8653441000e-01   6.3811714882e-01
   3.7094160435e-01   3.7013086785e-01   8.4405253342e-01  -1.0284208795e+00   3.9883773866e-01
   3.7254251576e-01   3.7175234086e-01   8.8058142819e-01  -1.0727113898e+00   1.5738660351e-01
   3.7411286219e-01   3.7333269067e-01   9.0592358162e-01  -1.1206923021e+00  -8.2157904443e-02
   3.7567245930e-01   3.7489303370e-01   9.2134360922e-01  -1.1745162539e+00  -3.2191440277e-01
   3.7723981263e-01   3.7645188489e-01   9.2737154465e-01  -1.2360086872e+00  -5.6212752715e-01
   3.7883443336e-01   3.7802774038e-01   9.2424203038e-01  -1.3071124213e+00  -8.0284932622e-01
   3.8047891362e-01   3.7964112633e-01   9.1205700444e-01  -1.3894630159e+00  -1.0424445481e+00
   3.8220252201e-01   3.8131670090e-01   8.9047044593e-01  -1.4864422505e+00  -1.2828740488e+00
   3.8404748900e-01   3.8308834311e-01   8.5887333437e-01  -1.6012970157e+00  -1.5227147359e+00
   3.8608416343e-01   3.8500663490e-01   8.1539328310e-01  -1.7411472699e+00  -1.7640539857e+00
   3.8845280006e-01   3.8716169196e-01   7.5701495150e-01  -1.9159486152e+00  -2.0048136319e+00
   3.9152402103e-01   3.8974390817e-01   6.7378712297e-01  -2.1552778236e+00  -2.2466585408e+00
   3.9540749083e-01   3.9330413390e-01   5.6745767938e-01  -2.4532472649e+00  -2.4276499368e+00
   3.9998842425e-01   3.9751084777e-01   4.5398892496e-01  -2.7518935353e+00  -2.4538699543e+00
   4.0461283637e-01   4.0246600073e-01   3.6149232840e-01  -2.9391473729e+00  -2.2899374598e+00
   4.0824270461e-01   4.0675967201e-01   3.0507054783e-01  -2.9699800323e+00  -2.0440364976e+00
   4.1098573482e-01   4.0972573721e-01   2.6980222572e-01  -2.9089673653e+00  -1.8027732668e+00
   4.1339891324e-01   4.1224573243e-01   2.4128454518e-01  -2.7914250668e+00  -1.5619181236e+00
   4.1565410983e-01   4.1455209406e-01   2.1461064116e-01  -2.6275858245e+00  -1.3220522995e+00
   4.1784309690e-01   4.1675612559e-01   1.8642682965e-01  -2.4187642068e+00  -1.0813529232e+00
   4.2003306119e-01   4.1893006820e-01   1.5414841042e-01  -2.1648286817e+00  -8.4138082546e-01
   4.2228473499e-01   4.2113605417e-01   1.1464698900e-01  -1.8605915861e+00  -6.0177575191e-01
   4.2453237295e-01   4.2343341581e-01   6.7085207727e-02  -1.5190018543e+00  -3.7619275386e-01
   4.2665741155e-01   4.2563133009e-01   1.3442732225e-02  -1.1682002608e+00  -1.8156619207e-01
   4.2866541872e-01   4.2768349302e-01  -4.5967938072e-02  -8.1699697821e-01  -1.8112143395e-02
   4.3060534923e-01   4.2964734442e-01  -1.1160322888e-01  -4.6642799202e-01   1.1731998276e-01
   4.3251356087e-01   4.3156335404e-01  -1.8421816610e-01  -1.1564208195e-01   2.2704367730e-01
   4.3442094964e-01   4.3346376770e-01  -2.6460407512e-01   2.3574842357e-01   3.1180329957e-01
   4.3635753672e-01   4.3537813158e-01  -3.5317341985e-01   5.8612703495e-01   3.7104903932e-01
   4.3835654627e-01   4.3733694186e-01  -4.5132507869e-01   9.3710488551e-01   4.0388479981e-01
   4.4043662500e-01   4.3937615068e-01  -5.5880026868e-01   1.2837260881e+00   4.0792912007e-01
   4.4253985249e-01   4.4149709932e-01  -6.7184933984e-01   1.6121502025e+00   3.8217259842e-01
   4.4462320710e-01   4.4358260566e-01  -7.8481119917e-01   1.9078301950e+00   3.2939092786e-01
   4.4672758775e-01   4.4566380855e-01  -8.9789579248e-01   2.1748122285e+00   2.5155861055e-01
   4.4891196447e-01   4.4779136694e-01  -1.0111687553e+00   2.4155330855e+00   1.4878170031e-01
   4.5126594965e-01   4.5003256200e-01  -1.1244994735e+00   2.6311360317e+00   1.8986579681e-02
   4.5397375997e-01   4.5249933730e-01  -1.2385078653e+00   2.8230627042e+00  -1.4597148130e-01
   4.5735951527e-01   4.5544818263e-01  -1.3467205531e+00   2.9812837121e+00  -3.5743092644e-01
   4.6162797951e-01   4.5927084791e-01  -1.4145472831e+00   3.0676716510e+00  -5.9898749883e-01
   4.6651114958e-01   4.6398511111e-01  -1.3808511528e+00   3.0442306444e+00  -7.9063458906e-01
   4.7039569429e-01   4.6903718805e-01  -1.2656939186e+00   2.9605114768e+00  -8.5135854843e-01
   4.7279185709e-01   4.7175420054e-01  -1.1511412874e+00   2.8865787808e+00  -8.3512443407e-01
   4.7471013751e-01   4.7382951364e-01  -1.0377329458e+00   2.8189956268e+00  -7.9158832574e-01
   4.7637515518e-01   4.7559076137e-01  -9.2441874190e-01   2.7552423756e+00  -7.3168918216e-01
   4.7787857922e-01   4.7715954898e-01  -8.1116646950e-01   2.6941484147e+00  -6.6025401200e-01
   4.7926958189e-01   4.7859760947e-01  -6.9810505384e-01   2.6349322681e+00  -5.8011327798e-01
   4.8057834895e-01   4.7994155431e-01  -5.8495286032e-01   2.5767746455e+00  -4.9278657965e-01
   4.8182509209e-01   4.8121514360e-01  -4.7150292772e-01   2.5190017808e+00  -3.9925564743e-01
   4.8302447802e-01   4.8243504059e-01  -3.5839316123e-01   2.4614264357e+00  -3.0090874790e-01
   4.8418778828e-01   4.8361391545e-01  -2.4594924505e-01   2.4037477552e+00  -1.9876211534e-01
   4.8532376560e-01   4.8476166111e-01  -1.3170440721e-01   2.3442276509e+00  -9.1001553424e-02
   4.8643981443e-01   4.8588587009e-01  -1.9792808144e-02   2.2845796498e+00   1.8034150849e-02
   4.8754242565e-01   4.8699375878e-01   9.4585243839e-02   2.2217675130e+00   1.3268482049e-01
   4.8863737676e-01   4.8809109251e-01   2.0699131783e-01   2.1577250241e+00   2.4824606437e-01
   4.8973025032e-01   4.8918366101e-01   3.1993016451e-01   2.0905529209e+00   3.6698416770e-01
   4.9082651997e-01   4.9027683962e-01   4.3379909901e-01   2.0193544033e+00   4.8916852669e-01
   4.9193180318e-01   4.9137620032e-01   5.4589485196e-01   1.9452083595e+00   6.1168435166e-01
   4.9305229898e-01   4.9248740604e-01   6.6015938780e-01   1.8646924809e+00   7.3868742882e-01
   4.9419488176e-01   4.9361719191e-01   7.7229203515e-01   1.7799250792e+00   8.6524954348e-01
   4.9536771504e-01   4.9477257160e-01   8.8598464470e-01   1.6870392153e+00   9.9537761354e-01
   4.9658103552e-01   4.9596285849e-01   9.9910280629e-01   1.5862193480e+00   1.1265267311e+00
   4.9784778996e-01   4.9719921256e-01   1.1118726982e+00   1.4755438258e+00   1.2587979588e+00
   4.9924818369e-01   4.9849636737e-01   1.2303668447e+00   1.3453741092e+00   1.3992852238e+00