# time = 0.3
# Grid points = 474
# Pressure (Pa) = 101325
#             1_pos             2_posf             3_uvel             4_vvel             5_wvel
  -4.9917840810e-01  -5.0000000000e-01   1.2842860877e+00   5.2265124935e-01   8.9747011619e-01
  -4.9750814511e-01  -4.9835681619e-01   1.3959615065e+00   4.4632916184e-01   9.7986454322e-01
  -4.9566236670e-01  -4.9665947403e-01   1.5037249064e+00   3.5665975086e-01   1.0597737127e+00
  -4.9337913820e-01  -4.9466525936e-01   1.6115238191e+00   2.3910195235e-01   1.1396924305e+00
  -4.9070684198e-01  -4.9209301703e-01   1.7001110322e+00   9.4205657759e-02   1.2044606262e+00
  -4.8796632188e-01  -4.8932066692e-01   1.7466937983e+00  -5.9796374503e-02   1.2362738811e+00
  -4.8525041762e-01  -4.8661197685e-01   1.7474197774e+00  -2.1376419125e-01   1.2319150359e+00
  -4.8247325112e-01  -4.8388885839e-01   1.7023609991e+00  -3.6780031540e-01   1.1913357704e+00
  -4.7971240761e-01  -4.8105764385e-01   1.6145572079e+00  -5.1246145680e-01   1.1175477461e+00
  -4.7731406729e-01  -4.7836717138e-01   1.5070119093e+00  -6.2689997473e-01   1.0298185110e+00
  -4.7535629892e-01  -4.7626096320e-01   1.3989986644e+00  -7.1035069615e-01   9.4353297339e-01
  -4.7363463088e-01  -4.7445163464e-01   1.2915582531e+00  -7.7431053048e-01   8.5921195133e-01
  -4.7205820286e-01  -4.7281762713e-01   1.1842534800e+00  -8.2438094066e-01   7.7641440361e-01
  -4.7057922324e-01  -4.7129877858e-01   1.0766812394e+00  -8.6342174769e-01   6.9483502990e-01
  -4.6916801250e-01  -4.6985966791e-01   9.6976416677e-01  -8.9275977621e-01   6.1520862668e-01
  -4.6780432622e-01  -4.6847635709e-01   8.6185094210e-01  -9.1380213134e-01   5.3638961118e-01
  -4.6647318109e-01  -4.6713229535e-01   7.5494926090e-01  -9.2679724442e-01   4.5994343354e-01
  -4.6516256736e-01  -4.6581406684e-01   6.4781675549e-01  -9.3241186662e-01   3.8507931346e-01
  -4.6386252316e-01  -4.6451106789e-01   5.4005423988e-01  -9.3078216804e-01   3.1169373092e-01
  -4.6256404824e-01  -4.6321397844e-01   4.3270787167e-01  -9.2199248297e-01   2.4068266132e-01
  -4.6125861670e-01  -4.6191411803e-01   3.2557469075e-01  -9.0608772693e-01   1.7209555637e-01
  -4.5993776484e-01  -4.6060311536e-01   2.1861005212e-01  -8.8298573935e-01   1.0613221383e-01
  -4.5859242112e-01  -4.5927241432e-01   1.1073939476e-01  -8.5211922730e-01   4.2463492271e-02
  -4.5721266704e-01  -4.5791242792e-01   4.0068269309e-03  -8.1376320160e-01  -1.7361600143e-02
  -4.5578682495e-01  -4.5651290616e-01  -1.0381817928e-01  -7.6662687368e-01  -7.4148049552e-02
  -4.5430067193e-01  -4.5506074373e-01  -2.1084202974e-01  -7.1084492292e-01  -1.2632926542e-01
  -4.5273610223e-01  -4.5354060013e-01  -3.1830750660e-01  -6.4494971028e-01  -1.7382989203e-01
  -4.5106864371e-01  -4.5193160433e-01  -4.2549542493e-01  -5.6816933855e-01  -2.1539201288e-01
  -4.4926329074e-01  -4.5020568309e-01  -5.3296148289e-01  -4.7843316318e-01  -2.4995529282e-01
  -4.4726609887e-01  -4.4832089838e-01  -6.4024993812e-01  -3.7364576703e-01  -2.7552674530e-01
  -4.4498442178e-01  -4.4621129935e-01  -7.4775463612e-01  -2.4948437106e-01  -2.8932872234e-01
  -4.4235257510e-01  -4.4375754422e-01  -8.5146890011e-01  -1.0491041005e-01  -2.8677342047e-01
  -4.3946564586e-01  -4.4094760599e-01  -9.4024965229e-01   4.8865600570e-02  -2.6509116896e-01
  -4.3633688466e-01  -4.3798368573e-01  -1.0079403552e+00   2.0326315175e-01  -2.2504822370e-01
  -4.3268516130e-01  -4.3469008358e-01  -1.0511196969e+00   3.5801463107e-01  -1.6684820165e-01
  -4.2755929390e-01  -4.3068023901e-01  -1.0512047308e+00   5.1541607372e-01  -8.8063765145e-02
  -4.2166997226e-01  -4.2443834879e-01  -9.7794251045e-01   6.0953984312e-01  -3.3071546906e-02
  -4.1704632770e-01  -4.1890159573e-01  -8.6856972511e-01   6.2142626786e-01  -3.3135354905e-02
  -4.1367958978e-01  -4.1519105967e-01  -7.6091189854e-01   6.0079730012e-01  -6.0585374094e-02
  -4.1084966285e-01  -4.1216811989e-01  -6.5362347919e-01   5.6895981740e-01  -9.9339915170e-02
  -4.0833775233e-01  -4.0953120581e-01  -5.4620939603e-01   5.3211950526e-01  -1.4331806064e-01
  -4.0603685963e-01  -4.0714429884e-01  -4.3906195629e-01   4.9307439643e-01  -1.8895359184e-01
  -4.0388289794e-01  -4.0492942043e-01  -3.3176863233e-01   4.5287385737e-01  -2.3430208144e-01
  -4.0183252169e-01  -4.0283637546e-01  -2.2454864913e-01   4.1207673045e-01  -2.7784258158e-01
  -3.9985311918e-01  -4.0082866791e-01  -1.1726057351e-01   3.7070321999e-01  -3.1860048313e-01
  -3.9791788163e-01  -3.9887757044e-01  -1.0137568248e-02   3.2865305364e-01  -3.5569566803e-01
  -3.9600259296e-01  -3.9695819283e-01   9.7236630232e-02   2.8535963709e-01  -3.8859197450e-01
  -3.9408304632e-01  -3.9504699309e-01   2.0458349615e-01   2.4031736862e-01  -4.1655003151e-01
  -3.9213230721e-01  -3.9311909955e-01   3.1177917254e-01   1.9271613042e-01  -4.3888548863e-01
  -3.9011678658e-01  -3.9114551487e-01   4.1908970590e-01   1.4119124833e-01  -4.5484996365e-01
  -3.8798888510e-01  -3.8908805828e-01   5.2648581255e-01   8.3837966788e-02  -4.6330089489e-01
  -3.8567048920e-01  -3.8688971191e-01   6.3391689369e-01   1.7466222056e-02  -4.6244944287e-01
  -3.8300187036e-01  -3.8445126649e-01   7.4182435677e-01  -6.4756260742e-02  -4.4876841664e-01
  -3.7960165421e-01  -3.8155247422e-01   8.4827313304e-01  -1.7921381836e-01  -4.1344388744e-01
  -3.7567331486e-01  -3.7765083420e-01   9.2155789892e-01  -3.2446294741e-01  -3.5350864699e-01
  -3.7184186692e-01  -3.7369579552e-01   9.3460290753e-01  -4.7800343944e-01  -2.8220782620e-01
  -3.6818376169e-01  -3.6998793832e-01   8.9004970095e-01  -6.3181379590e-01  -2.0990813646e-01
  -3.6476920525e-01  -3.6637958505e-01   8.0032178372e-01  -7.7630861071e-01  -1.4513979432e-01
  -3.6190222515e-01  -3.6315882545e-01   6.9233863934e-01  -8.9424323365e-01  -9.6261350505e-02
  -3.5955743529e-01  -3.6064562486e-01   5.8475191285e-01  -9.8522275125e-01  -6.1827443613e-02
  -3.5747581335e-01  -3.5846924571e-01   4.7721962911e-01  -1.0600454679e+00  -3.6056470206e-02
  -3.5554555589e-01  -3.5648238098e-01   3.6962310932e-01  -1.1229191244e+00  -1.6474468574e-02
  -3.5370428246e-01  -3.5460873079e-01   2.6253439767e-01  -1.1755823755e+00  -1.7725663771e-03
  -3.5191009141e-01  -3.5279983412e-01   1.5520393173e-01  -1.2194028946e+00   9.0542767485e-03
  -3.5013002733e-01  -3.5102034870e-01   4.7825347214e-02  -1.2545642184e+00   1.6594093941e-02
  -3.4833352158e-01  -3.4923970596e-01  -5.9712061032e-02  -1.2808630674e+00   2.1339840489e-02
  -3.4648782394e-01  -3.4742733720e-01  -1.6683828468e-01  -1.2974558115e+00   2.3713700321e-02
  -3.4455195495e-01  -3.4554831069e-01  -2.7427699163e-01  -1.3029919438e+00   2.4178127736e-02
  -3.4246600922e-01  -3.4355559922e-01  -3.8176494842e-01  -1.2946889494e+00   2.3269022561e-02
  -3.4012589732e-01  -3.4137641922e-01  -4.8933490906e-01  -1.2673199700e+00   2.1852406638e-02
  -3.3729386531e-01  -3.3887537541e-01  -5.9751045117e-01  -1.2084278265e+00   2.1823295082e-02
  -3.3373119516e-01  -3.3571235521e-01  -6.9476722958e-01  -1.0957328932e+00   2.8356688855e-02
  -3.3013995431e-01  -3.3175003512e-01  -7.4755615202e-01  -9.4352006401e-01   4.6013063940e-02
  -3.2713093899e-01  -3.2852987349e-01  -7.5489746858e-01  -7.8920020250e-01   7.1928317179e-02
  -3.2444947423e-01  -3.2573200448e-01  -7.3452791530e-01  -6.3491654540e-01   1.0417830727e-01
  -3.2194996463e-01  -3.2316694398e-01  -6.9481213686e-01  -4.8109959246e-01   1.4142710080e-01
  -3.1954784063e-01  -3.2073298528e-01  -6.3976467242e-01  -3.2678434626e-01   1.8289155442e-01
  -3.1718162262e-01  -3.1836269597e-01  -5.7215326864e-01  -1.7313003937e-01   2.2726657267e-01
  -3.1479564044e-01  -3.1600054927e-01  -4.9241828164e-01  -1.8684116751e-02   2.7386655631e-01
  -3.1232750552e-01  -3.1359073161e-01  -4.0123883192e-01   1.3519184241e-01   3.2086872603e-01
  -3.0974859368e-01  -3.1106427944e-01  -2.9911320962e-01   2.8619079601e-01   3.6552763544e-01
  -3.0714129829e-01  -3.0843290792e-01  -1.9203004697e-01   4.2396494282e-01   4.0211236026e-01
  -3.0455287342e-01  -3.0584968867e-01  -8.4939731469e-02   5.4142892189e-01   4.2589463499e-01
  -3.0192288339e-01  -3.0325605817e-01   2.2468492468e-02   6.3759883771e-01   4.3352516905e-01
  -2.9918504232e-01  -3.0058970861e-01   1.2952012267e-01   7.0873120011e-01   4.2025186891e-01
  -2.9625455536e-01  -2.9778037603e-01   2.3678913675e-01   7.4961200314e-01   3.7915413407e-01
  -2.9299442333e-01  -2.9472873469e-01   3.4411948412e-01   7.5006387697e-01   2.9913083004e-01
  -2.8955416173e-01  -2.9126011198e-01   4.4114713533e-01   7.0051648289e-01   1.7738623444e-01
  -2.8641489689e-01  -2.8784821147e-01   5.1267330091e-01   6.1401211374e-01   3.7616424575e-02
  -2.8367227528e-01  -2.8498158232e-01   5.6015666871e-01   5.0978296152e-01  -1.0214978761e-01
  -2.8109973593e-01  -2.8236296824e-01   5.9048449075e-01   3.9330759982e-01  -2.4146718388e-01
  -2.7855854486e-01  -2.7983650363e-01   6.0592138046e-01   2.6564522748e-01  -3.8086343345e-01
  -2.7591378759e-01  -2.7728058609e-01   6.0540497939e-01   1.2566190623e-01  -5.2059316111e-01
  -2.7306953365e-01  -2.7454698909e-01   5.8469885317e-01  -2.4828869772e-02  -6.5560934179e-01
  -2.6996238336e-01  -2.7159207822e-01   5.3683625295e-01  -1.7934706600e-01  -7.7421319112e-01
  -2.6657645717e-01  -2.6833268850e-01   4.5360990074e-01  -3.2447800748e-01  -8.5697439070e-01
  -2.6342123777e-01  -2.6482022584e-01   3.4748093961e-01  -4.2927901130e-01  -8.8251462430e-01
  -2.6083514468e-01  -2.6202224969e-01   2.3973738340e-01  -4.8785988445e-01  -8.6095967789e-01
  -2.5858769354e-01  -2.5964803967e-01   1.3251790930e-01  -5.1671583090e-01  -8.1038245434e-01
  -2.5655037453e-01  -2.5752734742e-01   2.4957363985e-02  -5.2484377193e-01  -7.3912106992e-01
  -2.5465278369e-01  -2.5557340165e-01  -8.2131675740e-02  -5.1710880873e-01  -6.5263160256e-01
  -2.5284972121e-01  -2.5373216573e-01  -1.8963302324e-01  -4.9656095797e-01  -5.5331658420e-01
  -2.5110888879e-01  -2.5196727669e-01  -2.9675893608e-01  -4.6539241985e-01  -4.4396143741e-01
  -2.4940443518e-01  -2.5025050088e-01  -4.0439763804e-01  -4.2473048248e-01  -3.2507788751e-01
  -2.4771352258e-01  -2.4855836948e-01  -5.1158084745e-01  -3.7586639726e-01  -1.9871363427e-01
  -2.4601470591e-01  -2.4686867567e-01  -6.1871879622e-01  -3.1924251097e-01  -6.5091227092e-02
  -2.4431234304e-01  -2.4516073614e-01  -7.2402997059e-01  -2.5620178931e-01   7.3061794593e-02
  -2.4261819605e-01  -2.4346394993e-01  -8.2541575261e-01  -1.8837747026e-01   2.1249369325e-01
  -2.4091346566e-01  -2.4177244216e-01  -9.2228938967e-01  -1.1637949802e-01   3.5202815883e-01
  -2.3916427906e-01  -2.4005448915e-01  -1.0143131892e+00  -4.0274554420e-02   4.9114573288e-01
  -2.3732807788e-01  -2.3827406896e-01  -1.1017463894e+00   4.1160746062e-02   6.3087673235e-01
  -2.3534180132e-01  -2.3638208681e-01  -1.1828573822e+00   1.2864461006e-01   7.7013446779e-01
  -2.3309001431e-01  -2.3430151584e-01  -1.2559353502e+00   2.2584382271e-01   9.1014484296e-01
  -2.3027701721e-01  -2.3187851277e-01  -1.3142658935e+00   3.4080697655e-01   1.0511615808e+00
  -2.2645548597e-01  -2.2867552165e-01  -1.3287067055e+00   4.8157235891e-01   1.1739131869e+00
  -2.2235484195e-01  -2.2423545029e-01  -1.2604687294e+00   6.1087300267e-01   1.2163328485e+00
  -2.1926377134e-01  -2.2047423360e-01  -1.1502887834e+00   6.9276622531e-01   1.1870803644e+00
  -2.1707588367e-01  -2.1805330907e-01  -1.0421931402e+00   7.4283075003e-01   1.1363868011e+00
  -2.1524632204e-01  -2.1609845826e-01  -9.3462665737e-01   7.8017932052e-01   1.0778029766e+00
  -2.1362140285e-01  -2.1439418582e-01  -8.2717272573e-01   8.1023308757e-01   1.0152341930e+00
  -2.1213035299e-01  -2.1284861988e-01  -7.1978193378e-01   8.3541662008e-01   9.5058296327e-01
  -2.1073297734e-01  -2.1141208611e-01  -6.1250909534e-01   8.5706275212e-01   8.8499619883e-01
  -2.0940352536e-01  -2.1005386857e-01  -5.0536747230e-01   8.7599317034e-01   8.1920371429e-01
  -2.0812417356e-01  -2.0875318216e-01  -3.9771277602e-01   8.9283835955e-01   7.5332479267e-01
  -2.0688161592e-01  -2.0749516496e-01  -2.9029668016e-01   9.0782774930e-01   6.8821723834e-01
  -2.0566526556e-01  -2.0626806687e-01  -1.8280818542e-01   9.2125284393e-01   6.2401506444e-01
  -2.0446637627e-01  -2.0506246426e-01  -7.5624970902e-02   9.3323210307e-01   5.6121726458e-01
  -2.0327734466e-01  -2.0387028829e-01   3.1405950594e-02   9.4389057252e-01   4.9997340235e-01
  -2.0209126970e-01  -2.0268440103e-01   1.3840628361e-01   9.5328992066e-01   4.4044565645e-01
  -2.0090147165e-01  -2.0149813836e-01   2.4654565717e-01   9.6150619356e-01   3.8226390265e-01
  -1.9970122365e-01  -2.0030480494e-01   3.5362314644e-01   9.6832656435e-01   3.2686709170e-01
  -1.9848348986e-01  -1.9909764236e-01   4.6080509783e-01   9.7375990425e-01   2.7388025744e-01
  -1.9724048137e-01  -1.9786933735e-01   5.6808696204e-01   9.7765912772e-01   2.2361407942e-01
  -1.9596323099e-01  -1.9661162539e-01   6.7529750005e-01   9.7981209429e-01   1.7649449542e-01
  -1.9464093815e-01  -1.9531483659e-01   7.8258287510e-01   9.7993246648e-01   1.3286808972e-01
  -1.9325989426e-01  -1.9396703971e-01   8.9014339518e-01   9.7760257717e-01   9.3179729199e-02
  -1.9180212350e-01  -1.9255274881e-01   9.9739202691e-01   9.7225790355e-01   5.8292886160e-02
  -1.9024256431e-01  -1.9105149818e-01   1.1047995881e+00   9.6304060508e-01   2.8900635398e-02
  -1.8854366466e-01  -1.8943363044e-01   1.2122108395e+00   9.4865402189e-01   6.2792228906e-03
  -1.8664397079e-01  -1.8765369889e-01   1.3196691292e+00   9.2692130474e-01  -7.7018906127e-03
  -1.8442730585e-01  -1.8563424269e-01   1.4272843021e+00   8.9370338803e-01  -9.7763234120e-03
  -1.8160313917e-01  -1.8322036901e-01   1.5358382601e+00   8.3854550512e-01   7.5079116686e-03
  -1.7756259117e-01  -1.7998590933e-01   1.6348125602e+00   7.3457116145e-01   6.2711086571e-02
  -1.7303185648e-01  -1.7513927301e-01   1.6751014677e+00   5.8680359768e-01   1.4904981079e-01
  -1.6908706558e-01  -1.7092443995e-01   1.6520192650e+00   4.3302540900e-01   2.3055772287e-01
  -1.6556874658e-01  -1.6724969121e-01   1.5906561399e+00   2.7912171708e-01   2.9676457197e-01
  -1.6230329771e-01  -1.6388780195e-01   1.5035207607e+00   1.2560948992e-01   3.4532672828e-01
  -1.5930533986e-01  -1.6071879347e-01   1.4004685905e+00  -2.2530348536e-02   3.7514995626e-01
  -1.5665937975e-01  -1.5789188625e-01   1.2931180538e+00  -1.5675703634e-01   3.8759687618e-01
  -1.5431114807e-01  -1.5542687324e-01   1.1858130632e+00  -2.7750085716e-01   3.8693980147e-01
  -1.5216225868e-01  -1.5319542290e-01   1.0784604685e+00  -3.8821022366e-01   3.7646585367e-01
  -1.5015713276e-01  -1.5112909446e-01   9.7132224802e-01  -4.9043436135e-01   3.5829481318e-01
  -1.4825992434e-01  -1.4918517106e-01   8.6399350263e-01  -5.8561229985e-01   3.3378078978e-01
  -1.4644521115e-01  -1.4733467761e-01   7.5683097665e-01  -6.7404251191e-01   3.0400726636e-01
  -1.4469345284e-01  -1.4555574469e-01   6.4947547530e-01  -7.5636478194e-01   2.6959852536e-01
  -1.4298867368e-01  -1.4383116098e-01   5.4224594653e-01  -8.3246546020e-01   2.3115982925e-01
  -1.4131690759e-01  -1.4214618637e-01   4.3525502837e-01  -9.0227474033e-01   1.8909173873e-01
  -1.3966534044e-01  -1.4048762881e-01   3.2752263898e-01  -9.6617547395e-01   1.4315573695e-01
  -1.3802137227e-01  -1.3884305207e-01   2.2057714205e-01  -1.0228934765e+00   9.4041446063e-02
  -1.3637181817e-01  -1.3719969246e-01   1.1323192303e-01  -1.0725331279e+00   4.1116453744e-02
  -1.3470202479e-01  -1.3554394387e-01   5.8104907231e-03  -1.1140288718e+00  -1.5784066303e-02
  -1.3299460342e-01  -1.3386010571e-01  -1.0136648435e-01  -1.1460760006e+00  -7.6984801111e-02
  -1.3122742364e-01  -1.3212910114e-01  -2.0863436765e-01  -1.1670485815e+00  -1.4348113433e-01
  -1.2936992205e-01  -1.3032574614e-01  -3.1602738580e-01  -1.1742736610e+00  -2.1661430528e-01
  -1.2737607576e-01  -1.2841409796e-01  -4.2341333136e-01  -1.1635412588e+00  -2.9843397434e-01
  -1.2516795232e-01  -1.2633805357e-01  -5.3079286360e-01  -1.1276112522e+00  -3.9270373926e-01
  -1.2259649311e-01  -1.2399785107e-01  -6.3842146030e-01  -1.0515012645e+00  -5.0748411266e-01
  -1.1978118372e-01  -1.2119513514e-01  -7.3177427895e-01  -9.2569923414e-01  -6.3797460483e-01
  -1.1722127913e-01  -1.1836723231e-01  -7.9318341209e-01  -7.7290650322e-01  -7.6065779751e-01
  -1.1509287231e-01  -1.1607532595e-01  -8.2640882247e-01  -6.1825586003e-01  -8.6528444439e-01
  -1.1322832905e-01  -1.1411041867e-01  -8.4242260751e-01  -4.6398843882e-01  -9.5827635142e-01
  -1.1153107570e-01  -1.1234623943e-01  -8.4693267860e-01  -3.0996252546e-01  -1.0435898372e+00
  -1.0994725144e-01  -1.1071591197e-01  -8.4309197870e-01  -1.5539650061e-01  -1.1237386057e+00
  -1.0844209005e-01  -1.0917859092e-01  -8.3295735342e-01  -1.5531728357e-03  -1.1993715963e+00
  -1.0699069130e-01  -1.0770558918e-01  -8.1788691570e-01   1.5258289291e-01  -1.2718647214e+00
  -1.0557379342e-01  -1.0627579343e-01  -7.9883758705e-01   3.0722266813e-01  -1.3418708715e+00
  -1.0417484262e-01  -1.0487179340e-01  -7.7686529251e-01   4.6054595913e-01  -1.4089983748e+00
  -1.0277836491e-01  -1.0347789183e-01  -7.5220194304e-01   6.1543280583e-01  -1.4747766312e+00
  -1.0136848770e-01  -1.0207883800e-01  -7.2580870057e-01   7.6928427070e-01  -1.5382533751e+00
  -9.9927160114e-02  -1.0065813741e-01  -6.9803255223e-01   9.2327012754e-01  -1.5999979146e+00
  -9.8431492431e-02  -9.9196182820e-02  -6.6933432746e-01   1.0777319946e+00  -1.6600762144e+00
  -9.6849353975e-02  -9.7666802042e-02  -6.4049907468e-01   1.2317078421e+00  -1.7178896467e+00
  -9.5128935434e-02  -9.6031905908e-02  -6.1212560713e-01   1.3863138905e+00  -1.7733240864e+00
  -9.3169554815e-02  -9.4225964960e-02  -5.8558752557e-01   1.5413910986e+00  -1.8250635034e+00
  -9.0693116826e-02  -9.2113144671e-02  -5.6396160537e-01   1.6977402165e+00  -1.8697098854e+00
  -8.6064311804e-02  -8.9273088982e-02  -5.7115052819e-01   1.8399960300e+00  -1.8742891479e+00
  -8.1038906322e-02  -8.2855534627e-02  -6.4431568606e-01   1.7833849740e+00  -1.7654906984e+00
  -7.8108252031e-02  -7.9222278017e-02  -7.2211628702e-01   1.6277790901e+00  -1.6327646235e+00
  -7.6119770026e-02  -7.6994226045e-02  -7.8738995986e-01   1.4721449325e+00  -1.5127556980e+00
  -7.4493656872e-02  -7.5245314008e-02  -8.4661020012e-01   1.3174284463e+00  -1.3974184131e+00
  -7.3066926550e-02  -7.3741999736e-02  -9.0206127165e-01   1.1624843489e+00  -1.2836385026e+00
  -7.1768786630e-02  -7.2391853364e-02  -9.5405659661e-01   1.0087773693e+00  -1.1714949416e+00
  -7.0560251636e-02  -7.1145719897e-02  -1.0034783748e+00   8.5508676115e-01  -1.0595467255e+00
  -6.9417550346e-02  -6.9974783374e-02  -1.0510531702e+00   6.9976400070e-01  -9.4624221767e-01
  -6.8324055410e-02  -6.8860317318e-02  -1.0957503964e+00   5.4670198016e-01  -8.3417215394e-01
  -6.7267461975e-02  -6.7787793503e-02  -1.1386557482e+00   3.9257769129e-01  -7.2071389889e-01
  -6.6238617133e-02  -6.6747130448e-02  -1.1796868545e+00   2.3763048588e-01  -6.0585967464e-01
  -6.5229849759e-02  -6.5730103818e-02  -1.2183392106e+00   8.3778065123e-02  -4.9087875110e-01
  -6.4234582529e-02  -6.4729595701e-02  -1.2549040246e+00  -7.0171138739e-02  -3.7474346023e-01
  -6.3247023061e-02  -6.3739569357e-02  -1.2893399309e+00  -2.2435956311e-01  -2.5718837411e-01
  -6.2261713444e-02  -6.2754476766e-02  -1.3215476177e+00  -3.7885855513e-01  -1.3798347370e-01
  -6.1273271772e-02  -6.1768950123e-02  -1.3512296912e+00  -5.3286476902e-01  -1.7566284949e-02
  -6.0276158330e-02  -6.0777593420e-02  -1.3783099787e+00  -6.8681456444e-01   1.0460639465e-01
  -5.9264388663e-02  -5.9774723239e-02  -1.4025544739e+00  -8.4065533736e-01   2.2874206749e-01
  -5.8231038661e-02  -5.8754054088e-02  -1.4238213935e+00  -9.9568187454e-01   3.5623123269e-01
  -5.7167898835e-02  -5.7708023234e-02  -1.4414067358e+00  -1.1497488032e+00   4.8571459493e-01
  -5.6065022706e-02  -5.6627774435e-02  -1.4548476120e+00  -1.3025488586e+00   6.1736441792e-01
  -5.4910797379e-02  -5.5502270977e-02  -1.4636643083e+00  -1.4580371921e+00   7.5536096290e-01
  -5.3708034454e-02  -5.4319323781e-02  -1.4664917983e+00  -1.6085801291e+00   8.9381069227e-01
  -5.2463138266e-02  -5.3096745126e-02  -1.4625017796e+00  -1.7535611380e+00   1.0329504771e+00
  -5.1166546254e-02  -5.1829531406e-02  -1.4506397405e+00  -1.8908579808e+00   1.1718181698e+00
  -4.9801008403e-02  -5.0503561102e-02  -1.4291425029e+00  -2.0205515638e+00   1.3121565075e+00
  -4.8342526768e-02  -4.9098455703e-02  -1.3963575792e+00  -2.1377845606e+00   1.4510153535e+00
  -4.6754581213e-02  -4.7586597833e-02  -1.3487119293e+00  -2.2412138878e+00   1.5904704452e+00
  -4.4974374735e-02  -4.5922564593e-02  -1.2808470947e+00  -2.3249161167e+00   1.7299596925e+00
  -4.2998052848e-02  -4.4026184878e-02  -1.1880121377e+00  -2.3771297034e+00   1.8629129041e+00
  -4.1070655474e-02  -4.1969920818e-02  -1.0810720552e+00  -2.3867198180e+00   1.9690293280e+00
  -3.9362305491e-02  -4.0171390129e-02  -9.7376831594e-01  -2.3608951005e+00   2.0423439808e+00
  -3.7805683954e-02  -3.8553220854e-02  -8.6628453347e-01  -2.3100381141e+00   2.0921537949e+00
  -3.6354604293e-02  -3.7058147054e-02  -7.5883098601e-01  -2.2402259427e+00   2.1237260920e+00
  -3.4979688191e-02  -3.5651061533e-02  -6.5170249381e-01  -2.1555811545e+00   2.1404357857e+00
  -3.3660687901e-02  -3.4308314849e-02  -5.4451574063e-01  -2.0584422064e+00   2.1445921668e+00
  -3.2382721616e-02  -3.3013060953e-02  -4.3701704122e-01  -1.9503614770e+00   2.1376261474e+00
  -3.1134000315e-02  -3.1752382279e-02  -3.2950482320e-01  -1.8329598666e+00   2.1205197592e+00
  -2.9904597774e-02  -3.0515618351e-02  -2.2210335798e-01  -1.7074419999e+00   2.0939960892e+00
  -2.8685747466e-02  -2.9293577198e-02  -1.1481840556e-01  -1.5746572945e+00   2.0585104808e+00
  -2.7469270579e-02  -2.8077917734e-02  -7.5893393632e-03  -1.4351765353e+00   2.0142552727e+00
  -2.6247064189e-02  -2.6860623423e-02   9.9660741735e-02  -1.2893782929e+00   1.9611720070e+00
  -2.5014821667e-02  -2.5633504956e-02   2.0660110787e-01  -1.1380854784e+00   1.8992070882e+00
  -2.3783464998e-02  -2.4396138378e-02   3.1146588985e-01  -9.8422402252e-01   1.8292098758e+00
  -2.2559798503e-02  -2.3170791618e-02   4.1299155068e-01  -8.3016469166e-01   1.7519860723e+00
  -2.1333573805e-02  -2.1948805389e-02   5.1141915144e-01  -6.7601129306e-01   1.6672341900e+00
  -2.0092652379e-02  -2.0718342222e-02   6.0699591487e-01  -5.2168158916e-01   1.5742739299e+00
  -1.8823713972e-02  -1.9466962537e-02   6.9975120923e-01  -3.6728223781e-01   1.4721957621e+00
  -1.7510956879e-02  -1.8180465406e-02   7.8942608647e-01  -2.1326739154e-01   1.3599396713e+00
  -1.6134263046e-02  -1.6841448352e-02   8.7614552045e-01  -5.9237804451e-02   1.2351841550e+00
  -1.4716027676e-02  -1.5427077741e-02   9.5682531736e-01   8.9495038068e-02   1.1000257675e+00
  -1.3323109993e-02  -1.4004977611e-02   1.0275606620e+00   2.2554416893e-01   9.5982318914e-01
  -1.1982185388e-02  -1.2641242376e-02   1.0858018159e+00   3.4316863411e-01   8.2118961316e-01
  -1.0682244316e-02  -1.1323128401e-02   1.1336102745e+00   4.4550948448e-01   6.8201749471e-01
  -9.4147914636e-03  -1.0041360232e-02   1.1715595144e+00   5.3306620239e-01   5.4260432168e-01
  -8.1726570787e-03  -8.7882226952e-03   1.2001846875e+00   6.0636030708e-01   4.0319327113e-01
  -6.9495966886e-03  -7.5570914623e-03   1.2199913093e+00   6.6594722086e-01   2.6390770371e-01
  -5.7399918747e-03  -6.3421019150e-03   1.2314273204e+00   7.1235484897e-01   1.2477654960e-01
  -4.5386011756e-03  -5.1378818345e-03   1.2348636738e+00   7.4603693676e-01  -1.4241545338e-02
  -3.3403364641e-03  -3.9393205168e-03   1.2305823114e+00   7.6733955467e-01  -1.5323426104e-01
  -2.1400090595e-03  -2.7413524114e-03   1.2186400211e+00   7.7645651499e-01  -2.9324245562e-01
  -9.3212634877e-04  -1.5386657077e-03   1.1993029806e+00   7.7335162081e-01  -4.3244847511e-01
   2.8931424925e-04  -3.2558698988e-04   1.1726383132e+00   7.5818797075e-01  -5.7155043583e-01
   1.5311812089e-03   9.0421548837e-04   1.1385951099e+00   7.3083838446e-01  -7.1073846115e-01
   2.8016617177e-03   2.1581469294e-03   1.0970935098e+00   6.9106229392e-01  -8.4986863346e-01
   4.1109605850e-03   3.4451765061e-03   1.0478291856e+00   6.3831829366e-01  -9.8913461214e-01
   5.4725294366e-03   4.7767446639e-03   9.9018977219e-01   5.7158804680e-01  -1.1289131125e+00
   6.9046774823e-03   6.1683142094e-03   9.2400071270e-01   4.9025296819e-01  -1.2680245733e+00
   8.4340799804e-03   7.6410407552e-03   8.4798192968e-01   3.9222320903e-01  -1.4070850608e+00
   1.0104145255e-02   9.2271192055e-03   7.5976847378e-01   2.7360986298e-01  -1.5468465959e+00
   1.1941516552e-02   1.0981171305e-02   6.5898855402e-01   1.3287265689e-01  -1.6832509470e+00
   1.3844002375e-02   1.2901861799e-02   5.5341569235e-01  -1.9654273774e-02  -1.8030285348e+00
   1.5719327137e-02   1.4786142951e-02   4.4967961964e-01  -1.7418283722e-01  -1.8986106303e+00
   1.7600566921e-02   1.6652511322e-02   3.4914816619e-01  -3.2812469064e-01  -1.9696084549e+00
   1.9538400328e-02   1.8548622520e-02   2.5093606340e-01  -4.8241176667e-01  -2.0159395255e+00
   2.1598120379e-02   2.0528178135e-02   1.5491321190e-01  -6.3696705917e-01  -2.0342129595e+00
   2.3888292623e-02   2.2668062623e-02   6.1020037939e-02  -7.9151891980e-01  -2.0166649647e+00
   2.6618799763e-02   2.5108522624e-02  -3.0736121014e-02  -9.4508037380e-01  -1.9445337207e+00
   2.9401618874e-02   2.8129076902e-02  -1.0062773335e-01  -1.0614510393e+00  -1.8189930769e+00
   3.1692531966e-02   3.0674160846e-02  -1.3921816505e-01  -1.1215824452e+00  -1.6785900987e+00
   3.3600221992e-02   3.2710903086e-02  -1.5840888835e-01  -1.1447815376e+00  -1.5389086744e+00
   3.5300111210e-02   3.4489540898e-02  -1.6610200660e-01  -1.1440584094e+00  -1.3989466442e+00
   3.6869555690e-02   3.6110681521e-02  -1.6580677061e-01  -1.1252836858e+00  -1.2598918585e+00
   3.8351830203e-02   3.7628429858e-02  -1.5954426730e-01  -1.0915588108e+00  -1.1206375147e+00
   3.9774323875e-02   3.9075230547e-02  -1.4853962448e-01  -1.0447649900e+00  -9.8150056904e-01
   4.1156420734e-02   4.0473417203e-02  -1.3351144229e-01  -9.8561782480e-01  -8.4163261238e-01
   4.2513044807e-02   4.1839424264e-02  -1.1524348827e-01  -9.1556878669e-01  -7.0276082215e-01
   4.3856500443e-02   4.3186665349e-02  -9.4017451805e-02  -8.3442560972e-01  -5.6361652357e-01
   4.5197538296e-02   4.4526335537e-02  -7.0033515100e-02  -7.4187259756e-01  -4.2373921467e-01
   4.6546249027e-02   4.5868741055e-02  -4.3891573630e-02  -6.3926536621e-01  -2.8521360949e-01
   4.7912792377e-02   4.7223756999e-02  -1.5216702467e-02  -5.2420281298e-01  -1.4524002507e-01
   4.9307828469e-02   4.8601827754e-02   1.5297001241e-02  -3.9857907283e-01  -6.7238744020e-03
   5.0743392454e-02   5.0013829184e-02   4.8197199895e-02  -2.5923213315e-01   1.3304849232e-01
   5.2207825414e-02   5.1472955725e-02   8.2504629811e-02  -1.0945359675e-01   2.7002596978e-01
   5.3650667067e-02   5.2942695103e-02   1.1672989450e-01   4.4609113838e-02   3.9901200154e-01
   5.5047776467e-02   5.4358639031e-02   1.4982383278e-01   1.9806284738e-01   5.1721506000e-01
   5.6414013560e-02   5.5736913904e-02   1.8233380423e-01   3.5314923180e-01   6.2755987599e-01
   5.7762323677e-02   5.7091113216e-02   2.1366324718e-01   5.0667937587e-01   7.2878628728e-01
   5.9104466362e-02   5.8433534137e-02   2.4428864010e-01   6.6060482216e-01   8.2308312719e-01
   6.0451808752e-02   5.9775398588e-02   2.7435464829e-01   8.1540997124e-01   9.1127320570e-01
   6.1816225066e-02   6.1128218917e-02   3.0341910177e-01   9.6851481865e-01   9.9245717535e-01
   6.3211375120e-02   6.2504231215e-02   3.3224475847e-01   1.1237271807e+00   1.0690438295e+00
   6.4653930942e-02   6.3918519026e-02   3.6018729715e-01   1.2774474342e+00   1.1395444288e+00
   6.6165814248e-02   6.5389342859e-02   3.8758536576e-01   1.4314370332e+00   1.2051122687e+00
   6.7779318088e-02   6.6942285637e-02   4.1445062862e-01   1.5859531880e+00   1.2659849681e+00
   6.9546485745e-02   6.8616350540e-02   4.4051083328e-01   1.7400027538e+00   1.3218594541e+00
   7.1567532276e-02   7.0476620951e-02   4.6574703637e-01   1.8951459093e+00   1.3731983322e+00
   7.4104885422e-02   7.2658443602e-02   4.8921684034e-01   2.0511289379e+00   1.4193705769e+00
   7.7526520153e-02   7.5551327241e-02   5.0452584126e-01   2.1862333424e+00   1.4533541750e+00
   8.1476905976e-02   7.9501713064e-02   4.9613903176e-01   2.2288259351e+00   1.4584337528e+00
   8.5477905063e-02   8.3452098887e-02   4.5496585140e-01   2.1416148534e+00   1.4305766009e+00
   8.8741837857e-02   8.7503711239e-02   3.9671095623e-01   1.9811015919e+00   1.3868918140e+00
   9.0981550477e-02   8.9979964474e-02   3.4324494800e-01   1.8258869292e+00   1.3461363022e+00
   9.2861396960e-02   9.1983136480e-02   2.9062960060e-01   1.6713491067e+00   1.3056118806e+00
   9.4541878575e-02   9.3739657440e-02   2.3808303717e-01   1.5166192205e+00   1.2645702157e+00
   9.6096131064e-02   9.5344099709e-02   1.8581196301e-01   1.3627526387e+00   1.2229807039e+00
   9.7565832357e-02   9.6848162418e-02   1.3349188228e-01   1.2088742597e+00   1.1803796272e+00
   9.8977729923e-02   9.8283502295e-02   8.0890957783e-02   1.0541983918e+00   1.1363332362e+00
   1.0035123539e-01   9.9671957551e-02   2.8723905137e-02   9.0059865263e-01   1.0911839386e+00
   1.0170158899e-01   1.0103051323e-01  -2.3660649679e-02   7.4582021407e-01   1.0440685454e+00
   1.0304161504e-01   1.0237266476e-01  -7.5253137247e-02   5.9240668417e-01   9.9555196960e-01
   1.0438312125e-01   1.0371056532e-01  -1.2669605050e-01   4.3787622304e-01   9.4461490238e-01
   1.0573772454e-01   1.0505567718e-01  -1.7722956171e-01   2.8375721782e-01   8.9146539974e-01
   1.0711777092e-01   1.0641977189e-01  -2.2661465410e-01   1.2982034331e-01   8.3570332359e-01
   1.0853732118e-01   1.0781576996e-01  -2.7445816320e-01  -2.3993221397e-02   7.7690592230e-01
   1.1001381601e-01   1.0925887241e-01  -3.2044874961e-01  -1.7857475492e-01   7.1415891906e-01
   1.1157029742e-01   1.1076875960e-01  -3.6348029077e-01  -3.3300509172e-01   6.4706534023e-01
   1.1323910999e-01   1.1237183524e-01  -4.0225985680e-01  -4.8687279762e-01   5.7478896327e-01
   1.1507083258e-01   1.1410638474e-01  -4.3509922583e-01  -6.4103576388e-01   4.9532190929e-01
   1.1715595752e-01   1.1603528043e-01  -4.5853465020e-01  -7.9571241862e-01   4.0565143877e-01
   1.1969438156e-01   1.1827663460e-01  -4.6493046518e-01  -9.5105956603e-01   2.9955710097e-01
   1.2294359536e-01   1.2111212852e-01  -4.3605291986e-01  -1.0948646464e+00   1.7193372230e-01
   1.2658882411e-01   1.2477506220e-01  -3.5601519122e-01  -1.1857632512e+00   4.2752138208e-02
   1.2978377682e-01   1.2840258601e-01  -2.4859637769e-01  -1.2077528720e+00  -5.5427935003e-02
   1.3235774354e-01   1.3116496762e-01  -1.4079845763e-01  -1.1895831304e+00  -1.2315673413e-01
   1.3465455028e-01   1.3355051945e-01  -3.3304132932e-02  -1.1504645304e+00  -1.7502920956e-01
   1.3682756115e-01   1.3575858111e-01   7.4397256506e-02  -1.0967759560e+00  -2.1712735939e-01
   1.3897182370e-01   1.3789654119e-01   1.8162564377e-01  -1.0314438492e+00  -2.5230906374e-01
   1.4117369974e-01   1.4004710620e-01   2.8919955568e-01  -9.5434056980e-01  -2.8289387554e-01
   1.4354874708e-01   1.4230029328e-01   3.9687957155e-01  -8.6363176195e-01  -3.1049071687e-01
   1.4633888714e-01   1.4479720088e-01   5.0531018976e-01  -7.5178145197e-01  -3.3743781089e-01
   1.4981236160e-01   1.4788057341e-01   6.0203893944e-01  -6.1228365694e-01  -3.6555759645e-01
   1.5385946366e-01   1.5174414979e-01   6.4878160845e-01  -4.5839318671e-01  -3.9464657094e-01
   1.5819320894e-01   1.5597477754e-01   6.0939982965e-01  -3.1321650096e-01  -4.2415272014e-01
   1.6184740152e-01   1.6041164034e-01   5.0674228857e-01  -2.0996369997e-01  -4.4771837870e-01
   1.6440447902e-01   1.6328316269e-01   3.9823962664e-01  -1.4961210365e-01  -4.6234231024e-01
   1.6650136438e-01   1.6552579535e-01   2.9051424576e-01  -1.0751255332e-01  -4.7218787353e-01
   1.6837033901e-01   1.6747693341e-01   1.8303308110e-01  -7.5520373714e-02  -4.7861973020e-01
   1.7010830122e-01   1.6926374462e-01   7.5460347840e-02  -5.0329678241e-02  -4.8205912883e-01
   1.7177006805e-01   1.7095285781e-01  -3.1896651370e-02  -3.0365162067e-02  -4.8257648418e-01
   1.7339327517e-01   1.7258727828e-01  -1.3908336387e-01  -1.4665154843e-02  -4.8009071422e-01
   1.7500830949e-01   1.7419927206e-01  -2.4657460255e-01  -2.6673871790e-03  -4.7432849500e-01
   1.7664414492e-01   1.7581734693e-01  -3.5378477446e-01   5.7841826212e-03  -4.6490857970e-01
   1.7833348868e-01   1.7747094292e-01  -4.6137062571e-01   1.0698044091e-02  -4.5112100842e-01
   1.8011963246e-01   1.7919603443e-01  -5.6871877851e-01   1.1700625348e-02  -4.3202693733e-01
   1.8207106981e-01   1.8104323049e-01  -6.7639796797e-01   7.9603721343e-03  -4.0580208546e-01
   1.8432341455e-01   1.8309890913e-01  -7.8420629566e-01  -2.4784273663e-03  -3.6905282669e-01
   1.8730324195e-01   1.8554791997e-01  -8.9401661465e-01  -2.6097993422e-02  -3.1097736783e-01
   1.9198932527e-01   1.8905856393e-01  -9.7641792459e-01  -8.3457549468e-02  -2.0633717352e-01
   1.9726099767e-01   1.9492008661e-01  -9.3893855286e-01  -1.6869757109e-01  -8.9111697709e-02
   2.0095746375e-01   1.9960190873e-01  -8.2858940250e-01  -2.3602038571e-01  -2.1522554659e-02
   2.0338988416e-01   2.0231301878e-01  -7.2033497101e-01  -2.8046583364e-01   9.8037865365e-03
   2.0540576969e-01   2.0446674954e-01  -6.1250216899e-01  -3.1569824822e-01   2.5704043725e-02
   2.0720180342e-01   2.0634478985e-01  -5.0520480349e-01  -3.4468534580e-01   3.1129026301e-02
   2.0886272091e-01   2.0805881699e-01  -3.9768966810e-01  -3.6885898043e-01   2.8297952010e-02
   2.1043552366e-01   2.0966662483e-01  -2.9048952202e-01  -3.8867623497e-01   1.8385651929e-02
   2.1195075282e-01   2.1120442249e-01  -1.8302098580e-01  -4.0451166536e-01   2.0296122597e-03
   2.1343051381e-01   2.1269708315e-01  -7.5629734839e-02  -4.1636813372e-01  -2.0331156143e-02
   2.1489263354e-01   2.1416394446e-01   3.1636700220e-02  -4.2417939859e-01  -4.8436233130e-02
   2.1635282734e-01   2.1562132261e-01   1.3887588894e-01  -4.2775928117e-01  -8.2204307682e-02
   2.1782637853e-01   2.1708433207e-01   2.4619954047e-01  -4.2676386184e-01  -1.2170684483e-01
   2.1932969182e-01   2.1856842500e-01   3.5361084493e-01  -4.2066491076e-01  -1.6711645183e-01
   2.2088202986e-01   2.2009095864e-01   4.6087740693e-01  -4.0873879839e-01  -2.1862529888e-01
   2.2250829290e-01   2.2167310109e-01   5.6828747006e-01  -3.8986070632e-01  -2.7686753409e-01
   2.2424396686e-01   2.2334348470e-01   6.7567734974e-01  -3.6238279284e-01  -3.4256256511e-01
   2.2614578731e-01   2.2514444901e-01   7.8316092233e-01  -3.2352044892e-01  -4.1713162951e-01
   2.2832036589e-01   2.2714712560e-01   8.9075683608e-01  -2.6811890843e-01  -5.0310969052e-01
   2.3104116554e-01   2.2949360617e-01   9.9956615073e-01  -1.8270347039e-01  -6.0764303262e-01
   2.3446740230e-01   2.3258872491e-01   1.0911671135e+00  -5.3705177017e-02  -7.2521092857e-01
   2.3803867974e-01   2.3634607970e-01   1.1312289809e+00   1.0026631122e-01  -8.2180100838e-01
   2.4135828121e-01   2.3973127978e-01   1.1156679806e+00   2.5444790493e-01  -8.7883012935e-01
   2.4464229029e-01   2.4298528263e-01   1.0527333816e+00   4.0858412640e-01  -8.9876541184e-01
   2.4774388155e-01   2.4629929796e-01   9.5516957229e-01   5.4735033410e-01  -8.8291282206e-01
   2.5038396827e-01   2.4918846514e-01   8.4713517513e-01   6.5425476102e-01  -8.4291294265e-01
   2.5265231116e-01   2.5157947139e-01   7.3967692452e-01   7.3373263822e-01  -7.9017887810e-01
   2.5473031395e-01   2.5372515093e-01   6.3218648315e-01   7.9413722714e-01  -7.2837361375e-01
   2.5670511721e-01   2.5573547696e-01   5.2465186238e-01   8.3867613410e-01  -6.5922351032e-01
   2.5863194685e-01   2.5767475745e-01   4.1743233800e-01   8.6864138883e-01  -5.8385827491e-01
   2.6055367048e-01   2.5958913624e-01   3.1026237535e-01   8.8449554754e-01  -5.0250432062e-01
   2.6251072899e-01   2.6151820472e-01   2.0282265148e-01   8.8565902158e-01  -4.1489741710e-01
   2.6454940182e-01   2.6350325326e-01   9.5240595747e-02   8.7051312881e-01  -3.2073404793e-01
   2.6673238471e-01   2.6559555038e-01  -1.2017000689e-02   8.3636061464e-01  -2.1960628766e-01
   2.6916222718e-01   2.6786921904e-01  -1.1951177900e-01   7.7783980177e-01  -1.0933194310e-01
   2.7205175754e-01   2.7045523533e-01  -2.2749413124e-01   6.8355306588e-01   1.4037554979e-02
   2.7542659499e-01   2.7364827974e-01  -3.2307456036e-01   5.4839597634e-01   1.4092584755e-01
   2.7889122059e-01   2.7720491024e-01  -3.8630407619e-01   3.9386088888e-01   2.4625982516e-01
   2.8234944938e-01   2.8057753094e-01  -4.1548661592e-01   2.3916053312e-01   3.2095804474e-01
   2.8629386712e-01   2.8412136782e-01  -4.1483018679e-01   8.3305320952e-02   3.6653809380e-01
   2.9276767405e-01   2.8846636642e-01  -3.7023572591e-01  -6.6665847184e-02   3.5409245835e-01
   3.0061497953e-01   2.9706898168e-01  -3.2703483978e-01  -4.3612936542e-02   2.5255642107e-01
   3.0637126398e-01   3.0416097737e-01  -3.5028746616e-01   1.1066197998e-01   1.6292823742e-01
   3.1056872481e-01   3.0858155059e-01  -4.1014129208e-01   2.6632178943e-01   1.1976944699e-01
   3.1463802338e-01   3.1255589902e-01  -4.9773703947e-01   4.1893118783e-01   1.1317501437e-01
   3.1872411652e-01   3.1672014775e-01  -6.0290976863e-01   5.4698899274e-01   1.5087176223e-01
   3.2287356189e-01   3.2072808529e-01  -7.1012222956e-01   6.2820532217e-01   2.3944897848e-01
   3.2687829824e-01   3.2501903849e-01  -7.9533920450e-01   6.4846600543e-01   3.6882986452e-01
   3.3033830393e-01   3.2873755799e-01  -8.4024702400e-01   6.1654748435e-01   5.0880497037e-01
   3.3344961879e-01   3.3193904987e-01  -8.4873604233e-01   5.5161352811e-01   6.4826811253e-01
   3.3648870306e-01   3.3496018770e-01  -8.2266763172e-01   4.6104421044e-01   7.8779719949e-01
   3.3967017916e-01   3.3801721842e-01  -7.5620887590e-01   3.4583983914e-01   9.2658968198e-01
   3.4270881407e-01   3.4132313990e-01  -6.5669950041e-01   2.2560821732e-01   1.0421012690e+00
   3.4523117408e-01   3.4409448823e-01  -5.4872278617e-01   1.2408504388e-01   1.1182356060e+00
   3.4737466320e-01   3.4636785992e-01  -4.4115122219e-01   4.0273309278e-02   1.1645889561e+00
   3.4931156545e-01   3.4838146648e-01  -3.3391851744e-01  -3.1292219974e-02   1.1896172128e+00
   3.5112509625e-01   3.5024166442e-01  -2.2632232938e-01  -9.3795574961e-02   1.1971376431e+00
   3.5286583623e-01   3.5200852807e-01  -1.1889541360e-01  -1.4858220204e-01   1.1888086499e+00
   3.5457029672e-01   3.5372314438e-01  -1.1477115002e-02  -1.9692597844e-01   1.1653299539e+00
   3.5626879955e-01   3.5541744907e-01   9.5750391121e-02  -2.3964946480e-01   1.1266568289e+00
   3.5799061964e-01   3.5712015003e-01   2.0306272853e-01  -2.7760488837e-01   1.0718178041e+00
   3.5976860714e-01   3.5886108925e-01   3.1039423202e-01  -3.1144431705e-01   9.9899383255e-01
   3.6164560677e-01   3.6067612502e-01   4.1787794213e-01  -3.4195077818e-01   9.0484738277e-01
   3.6366197227e-01   3.6261508852e-01   5.2405892395e-01  -3.6975865207e-01   7.8561840166e-01
   3.6568115675e-01   3.6470885602e-01   6.1924621784e-01  -3.9403399885e-01   6.4894179545e-01
   3.6754825006e-01   3.6665345748e-01   6.9516801478e-01  -4.1452713527e-01   5.0971935538e-01
   3.6928695524e-01   3.6844304263e-01   7.5480502214e-01  -4.3325946481e-01   3.7017330068e-01
   3.7094160435e-01   3.7013086785e-01   8.0071591161e-01  -4.5165600556e-01   2.3137032998e-01
   3.7254251576e-01   3.7175234086e-01   8.3536407054e-01  -4.7110818876e-01   9.1307377272e-02
   3.7411286219e-01   3.7333269067e-01   8.5940027445e-01  -4.9218093398e-01  -4.7649741874e-02
   3.7567245930e-01   3.7489303370e-01   8.7402416404e-01  -5.1581962900e-01  -1.8673000519e-01
   3.7723981263e-01   3.7645188489e-01   8.7973856796e-01  -5.4282595316e-01  -3.2607532242e-01
   3.7883443336e-01   3.7802774038e-01   8.7676610431e-01  -5.7405312972e-01  -4.6571589045e-01
   3.8047891362e-01   3.7964112633e-01   8.6520353319e-01  -6.1021943642e-01  -6.0470312117e-01
   3.8220252201e-01   3.8131670090e-01   8.4472262382e-01  -6.5281003911e-01  -7.4417450528e-01
   3.8404748900e-01   3.8308834311e-01   8.1474572271e-01  -7.0325084984e-01  -8.8330454308e-01
   3.8608416343e-01   3.8500663490e-01   7.7349670308e-01  -7.6466869868e-01  -1.0233041555e+00
   3.8845280006e-01   3.8716169196e-01   7.1811532935e-01  -8.4143570584e-01  -1.1629679030e+00
   3.9152402103e-01   3.8974390817e-01   6.3916203825e-01  -9.4654087674e-01  -1.3032618200e+00
   3.9540749083e-01   3.9330413390e-01   5.3829607289e-01  -1.0773983619e+00  -1.4082558091e+00
   3.9998842425e-01   3.9751084777e-01   4.3066068793e-01  -1.2085524490e+00  -1.4234686177e+00
   4.0461283637e-01   4.0246600073e-01   3.4292213357e-01  -1.2907863185e+00  -1.3283751615e+00
   4.0824270461e-01   4.0675967201e-01   2.8940431520e-01  -1.3043254365e+00  -1.1857314963e+00
   4.1098573482e-01   4.0972573721e-01   2.5595170119e-01  -1.2775294644e+00  -1.0457774617e+00
   4.1339891324e-01   4.1224573243e-01   2.2890202702e-01  -1.2259076748e+00  -9.0605983599e-01
   4.1565410983e-01   4.1455209406e-01   2.0360065560e-01  -1.1539538622e+00  -7.6691589828e-01
   4.1784309690e-01   4.1675612559e-01   1.7686624715e-01  -1.0622452946e+00  -6.2728827476e-01
   4.2003306119e-01   4.1893006820e-01   1.4624685011e-01  -9.5072418318e-01  -4.8808242550e-01
   4.2228473499e-01   4.2113605417e-01   1.0877470794e-01  -8.1711224430e-01  -3.4908939735e-01
   4.2453237295e-01   4.2343341581e-01   6.3655410493e-02  -6.6709625017e-01  -2.1823040795e-01
   4.2665741155e-01   4.2563133009e-01   1.2767028797e-02  -5.1303475877e-01  -1.0532898516e-01
   4.2866541872e-01   4.2768349302e-01  -4.3593856095e-02  -3.5879690364e-01  -1.0510502225e-02
   4.3060534923e-01   4.2964734442e-01  -1.0586014233e-01  -2.0483763786e-01   6.8052655349e-02
   4.3251356087e-01   4.3156335404e-01  -1.7474803527e-01  -5.0783117247e-02   1.3170251193e-01
   4.3442094964e-01   4.3346376770e-01  -2.5100819920e-01   1.0353692233e-01   1.8087085238e-01
   4.3635753672e-01   4.3537813158e-01  -3.3503189419e-01   2.5741257630e-01   2.1523872506e-01
   4.3835654627e-01   4.3733694186e-01  -4.2814617858e-01   4.1155141288e-01   2.3428629873e-01
   4.4043662500e-01   4.3937615068e-01  -5.3010553301e-01   5.6377696291e-01   2.3663209708e-01
   4.4253985249e-01   4.4149709932e-01  -6.3735273660e-01   7.0801092682e-01   2.2169057925e-01
   4.4462320710e-01   4.4358260566e-01  -7.4451723331e-01   8.3786468455e-01   1.9107192481e-01
   4.4672758775e-01   4.4566380855e-01  -8.5179820800e-01   9.5511518315e-01   1.4592153468e-01
   4.4891196447e-01   4.4779136694e-01  -9.5925796083e-01   1.0608325760e+00   8.6300937996e-02
   4.5126594965e-01   4.5003256200e-01  -1.0667726476e+00   1.1555189378e+00   1.1007256887e-02
   4.5397375997e-01   4.5249933730e-01  -1.1749305268e+00   1.2398073645e+00  -8.4684186699e-02
   4.5735951527e-01   4.5544818263e-01  -1.2775908427e+00   1.3092931716e+00  -2.0735064968e-01
   4.6162797951e-01   4.5927084791e-01  -1.3419393892e+00   1.3472317507e+00  -3.4747582098e-01
   4.6651114958e-01   4.6398511111e-01  -1.3099777967e+00   1.3369361744e+00  -4.5864791991e-01
   4.7039569429e-01   4.6903718805e-01  -1.2007363564e+00   1.3001679923e+00  -4.9387186834e-01
   4.7279185709e-01   4.7175420054e-01  -1.0920670645e+00   1.2676979800e+00  -4.8445319864e-01
   4.7471013751e-01   4.7382951364e-01  -9.8448282834e-01   1.2380165824e+00  -4.5919691481e-01
   4.7637515518e-01   4.7559076137e-01  -8.7698762498e-01   1.2100172082e+00  -4.2444858867e-01
   4.7787857922e-01   4.7715954898e-01  -7.6955098140e-01   1.1831857462e+00  -3.8300832246e-01
   4.7926958189e-01   4.7859760947e-01  -6.6229524426e-01   1.1571789900e+00  -3.3651804355e-01
   4.8057834895e-01   4.7994155431e-01  -5.5495326480e-01   1.1316371265e+00  -2.8585925499e-01
   4.8182509209e-01   4.8121514360e-01  -4.4732872296e-01   1.1062642543e+00  -2.3160144804e-01
   4.8302447802e-01   4.8243504059e-01  -3.4002677824e-01   1.0809781473e+00  -1.7454995215e-01
   4.8418778828e-01   4.8361391545e-01  -2.3335639935e-01   1.0556466803e+00  -1.1529428043e-01
   4.8532376560e-01   4.8476166111e-01  -1.2497747413e-01   1.0295065215e+00  -5.2782006044e-02
   4.8643981443e-01   4.8588587009e-01  -1.8811895966e-02   1.0033102266e+00   1.0469930000e-02
   4.8754242565e-01   4.8699375878e-01   8.9693590895e-02   9.7572434188e-01   7.6979074537e-02
   4.8863737676e-01   4.8809109251e-01   1.9632844280e-01   9.4759815456e-01   1.4401639966e-01
   4.8973025032e-01   4.8918366101e-01   3.0346881125e-01   9.1809755187e-01   2.1289658427e-01
   4.9082651997e-01   4.9027683962e-01   4.1149162001e-01   8.8682868605e-01   2.8377590485e-01
   4.9193180318e-01   4.9137620032e-01   5.1783239321e-01   8.5426538848e-01   3.5484746760e-01
   4.9305229898e-01   4.9248740604e-01   6.2623072526e-01   8.1890466622e-01   4.2852204719e-01
   4.9419488176e-01   4.9361719191e-01   7.3260674755e-01   7.8167684246e-01   5.0194078074e-01
   4.9536771504e-01   4.9477257160e-01   8.4046279374e-01   7.4088365989e-01   5.7742808049e-01
   4.9658103552e-01   4.9596285849e-01   9.4777404920e-01   6.9660614240e-01   6.5350764029e-01
   4.9784778996e-01   4.9719921256e-01   1.0547551054e+00   6.4800036348e-01   7.3023808150e-01
   4.9924818369e-01   4.9849636737e-01   1.1671668225e+00   5.9083335790e-01   8.1173457213e-01