# time = 2.7
# Grid points = 474
# Pressure (Pa) = 101325
#             1_pos             2_posf             3_uvel             4_vvel             5_wvel
  -4.9917840810e-01  -5.0000000000e-01   1.1688650431e+00   9.4209820971e-01   1.2613319462e+00
  -4.9750814511e-01  -4.9835681619e-01   1.2705013306e+00   8.0452792902e-01   1.3771328668e+00
  -4.9566236670e-01  -4.9665947403e-01   1.3685769251e+00   6.4289890537e-01   1.4894410489e+00
  -4.9337913820e-01  -4.9466525936e-01   1.4666842486e+00   4.3100075233e-01   1.6017629164e+00
  -4.9070684198e-01  -4.9209301703e-01   1.5473060784e+00   1.6982446855e-01   1.6927919189e+00
  -4.8796632188e-01  -4.8932066692e-01   1.5896987099e+00  -1.0776541793e-01   1.7375048714e+00
  -4.8525041762e-01  -4.8661197685e-01   1.5903562566e+00  -3.8529407517e-01   1.7313801643e+00
  -4.8247325112e-01  -4.8388885839e-01   1.5493442735e+00  -6.6294630023e-01   1.6743498857e+00
  -4.7971240761e-01  -4.8105764385e-01   1.4694294763e+00  -9.2370043323e-01   1.5706466610e+00
  -4.7731406729e-01  -4.7836717138e-01   1.3715481906e+00  -1.1299781561e+00   1.4473496636e+00
  -4.7535629892e-01  -4.7626096320e-01   1.2732416437e+00  -1.2804000507e+00   1.3260814307e+00
  -4.7363463088e-01  -4.7445163464e-01   1.1754568293e+00  -1.3956894118e+00   1.2075740443e+00
  -4.7205820286e-01  -4.7281762713e-01   1.0777957308e+00  -1.4859429423e+00   1.0912076999e+00
  -4.7057922324e-01  -4.7129877858e-01   9.7989141361e-01  -1.5563155055e+00   9.7655334419e-01
  -4.6916801250e-01  -4.6985966791e-01   8.8258355637e-01  -1.6091987087e+00   8.6464370118e-01
  -4.6780432622e-01  -4.6847635709e-01   7.8436923046e-01  -1.6471288920e+00   7.5386874102e-01
  -4.6647318109e-01  -4.6713229535e-01   6.8707567063e-01  -1.6705538362e+00   6.4642860954e-01
  -4.6516256736e-01  -4.6581406684e-01   5.8957215814e-01  -1.6806753813e+00   5.4121192346e-01
  -4.6386252316e-01  -4.6451106789e-01   4.9149537992e-01  -1.6777389812e+00   4.3807319678e-01
  -4.6256404824e-01  -4.6321397844e-01   3.9379745970e-01  -1.6618966401e+00   3.3827166984e-01
  -4.6125861670e-01  -4.6191411803e-01   2.9629367507e-01  -1.6332293224e+00   2.4187684811e-01
  -4.5993776484e-01  -4.6060311536e-01   1.9894339129e-01  -1.5915889354e+00   1.4916953844e-01
  -4.5859242112e-01  -4.5927241432e-01   1.0076863366e-01  -1.5359529423e+00   5.9687156589e-02
  -4.5721266704e-01  -4.5791242792e-01   3.6297771418e-03  -1.4668170328e+00  -2.4393260337e-02
  -4.5578682495e-01  -4.5651290616e-01  -9.4503211752e-02  -1.3818545764e+00  -1.0420306617e-01
  -4.5430067193e-01  -4.5506074373e-01  -1.9190694318e-01  -1.2813083165e+00  -1.7754051179e-01
  -4.5273610223e-01  -4.5354060013e-01  -2.8971248356e-01  -1.1625328389e+00  -2.4429968465e-01
  -4.5106864371e-01  -4.5193160433e-01  -3.8726528595e-01  -1.0241367894e+00  -3.0271265566e-01
  -4.4926329074e-01  -4.5020568309e-01  -4.8507108457e-01  -8.6238782724e-01  -3.5128918222e-01
  -4.4726609887e-01  -4.4832089838e-01  -5.8271508536e-01  -6.7350894984e-01  -3.8722823545e-01
  -4.4498442178e-01  -4.4621129935e-01  -6.8055569863e-01  -4.4970833152e-01  -4.0662598858e-01
  -4.4235257510e-01  -4.4375754422e-01  -7.7494637983e-01  -1.8911392087e-01  -4.0303455091e-01
  -4.3946564586e-01  -4.4094760599e-01  -8.5574574209e-01   8.8067365274e-02  -3.7256132067e-01
  -4.3633688466e-01  -4.3798368573e-01  -9.1735068994e-01   3.6636917412e-01  -3.1628324130e-01
  -4.3268516130e-01  -4.3469008358e-01  -9.5664737857e-01   6.4530919069e-01  -2.3448653284e-01
  -4.2755929390e-01  -4.3068023901e-01  -9.5672286313e-01   9.2902633480e-01  -1.2375996070e-01
  -4.2166997226e-01  -4.2443834879e-01  -8.9004355053e-01   1.0986862157e+00  -4.6472731913e-02
  -4.1704632770e-01  -4.1890159573e-01  -7.9049958874e-01   1.1201134701e+00  -4.6564056118e-02
  -4.1367958978e-01  -4.1519105967e-01  -6.9251665802e-01   1.0829315852e+00  -8.5145165678e-02
  -4.1084966285e-01  -4.1216811989e-01  -5.9486996887e-01   1.0255463230e+00  -1.3961417320e-01
  -4.0833775233e-01  -4.0953120581e-01  -4.9710892012e-01   9.5914345419e-01  -2.0142468179e-01
  -4.0603685963e-01  -4.0714429884e-01  -3.9959056879e-01   8.8876642521e-01  -2.6556454863e-01
  -4.0388289794e-01  -4.0492942043e-01  -3.0193947329e-01   8.1630672022e-01  -3.2930098210e-01
  -4.0183252169e-01  -4.0283637546e-01  -2.0435517318e-01   7.4277164136e-01  -3.9049635891e-01
  -3.9985311918e-01  -4.0082866791e-01  -1.0670896289e-01   6.6819760074e-01  -4.4778091078e-01
  -3.9791788163e-01  -3.9887757044e-01  -9.2130695624e-03   5.9240384441e-01  -4.9991766618e-01
  -3.9600259296e-01  -3.9695819283e-01   8.8511339943e-02   5.1436908198e-01  -5.4615307362e-01
  -3.9408304632e-01  -3.9504699309e-01   1.8621074611e-01   4.3318194933e-01  -5.8544797079e-01
  -3.9213230721e-01  -3.9311909955e-01   2.8377239301e-01   3.4738219177e-01  -6.1684052371e-01
  -3.9011678658e-01  -3.9114551487e-01   3.8143837559e-01   2.5450996663e-01  -6.3927890468e-01
  -3.8798888510e-01  -3.8908805828e-01   4.7918198053e-01   1.5113191989e-01  -6.5115727475e-01
  -3.8567048920e-01  -3.8688971191e-01   5.7695705591e-01   3.1497909040e-02  -6.4996146728e-01
  -3.8300187036e-01  -3.8445126649e-01   6.7516513157e-01  -1.1670734215e-01  -6.3073411099e-01
  -3.7960165421e-01  -3.8155247422e-01   7.7204453035e-01  -3.2301689587e-01  -5.8108743185e-01
  -3.7567331486e-01  -3.7765083420e-01   8.3873918879e-01  -5.8482938153e-01  -4.9685071850e-01
  -3.7184186692e-01  -3.7369579552e-01   8.5060731331e-01  -8.6158825799e-01  -3.9663925752e-01
  -3.6818376169e-01  -3.6998793832e-01   8.1005341601e-01  -1.1388345464e+00  -2.9502312093e-01
  -3.6476920525e-01  -3.6637958505e-01   7.2838488897e-01  -1.3992901590e+00  -2.0399141966e-01
  -3.6190222515e-01  -3.6315882545e-01   6.3010254298e-01  -1.6118708928e+00  -1.3529227186e-01
  -3.5955743529e-01  -3.6064562486e-01   5.3218182530e-01  -1.7758646109e+00  -8.6894550387e-02
  -3.5747581335e-01  -3.5846924571e-01   4.3431115865e-01  -1.9107354356e+00  -5.0672357169e-02
  -3.5554555589e-01  -3.5648238098e-01   3.3638239521e-01  -2.0240678912e+00  -2.3148605643e-02
  -3.5370428246e-01  -3.5460873079e-01   2.3891611011e-01  -2.1189959244e+00  -2.4837245223e-03
  -3.5191009141e-01  -3.5279983412e-01   1.4123005499e-01  -2.1979848032e+00   1.2734849924e-02
  -3.5013002733e-01  -3.5102034870e-01   4.3500449374e-02  -2.2613653572e+00   2.3333571539e-02
  -3.4833352158e-01  -3.4923970596e-01  -5.4373467745e-02  -2.3087711787e+00   3.0005266988e-02
  -3.4648782394e-01  -3.4742733720e-01  -1.5187290313e-01  -2.3386816093e+00   3.3343281247e-02
  -3.4455195495e-01  -3.4554831069e-01  -2.4965647008e-01  -2.3486623617e+00   3.3997570815e-02
  -3.4246600922e-01  -3.4355559922e-01  -3.4748454198e-01  -2.3336979222e+00   3.2721289180e-02
  -3.4012589732e-01  -3.4137641922e-01  -4.4538683409e-01  -2.2843668287e+00   3.0731542675e-02
  -3.3729386531e-01  -3.3887537541e-01  -5.4383964129e-01  -2.1782149025e+00   3.0691580477e-02
  -3.3373119516e-01  -3.3571235521e-01  -6.3235390556e-01  -1.9750827225e+00   3.9874265705e-02
  -3.3013995431e-01  -3.3175003512e-01  -6.8039589974e-01  -1.7007184463e+00   6.4688814012e-02
  -3.2713093899e-01  -3.2852987349e-01  -6.8707466411e-01  -1.4225555307e+00   1.0111019714e-01
  -3.2444947423e-01  -3.2573200448e-01  -6.6853298603e-01  -1.1444574649e+00   1.4643438762e-01
  -3.2194996463e-01  -3.2316694398e-01  -6.3238378391e-01  -8.6720035816e-01   1.9878391082e-01
  -3.1954784063e-01  -3.2073298528e-01  -5.8228078486e-01  -5.8904485241e-01   2.5705814008e-01
  -3.1718162262e-01  -3.1836269597e-01  -5.2074300546e-01  -3.1208051206e-01   3.1942287077e-01
  -3.1479564044e-01  -3.1600054927e-01  -4.4817118470e-01  -3.3689091597e-02   3.8491451548e-01
  -3.1232750552e-01  -3.1359073161e-01  -3.6518340784e-01   2.4367515230e-01   4.5097126028e-01
  -3.0974859368e-01  -3.1106427944e-01  -2.7223318380e-01   5.1585376694e-01   5.1373452961e-01
  -3.0714129829e-01  -3.0843290792e-01  -1.7477107578e-01   7.6419467612e-01   5.6514994311e-01
  -3.0455287342e-01  -3.0584968867e-01  -7.7302655831e-02   9.7592639703e-01   5.9857226776e-01
  -3.0192288339e-01  -3.0325605817e-01   2.0454944870e-02   1.1492754826e+00   6.0929422749e-01
  -2.9918504232e-01  -3.0058970861e-01   1.1788784716e-01   1.2774942815e+00   5.9063700826e-01
  -2.9625455536e-01  -2.9778037603e-01   2.1551846194e-01   1.3511845621e+00   5.3287405109e-01
  -2.9299442333e-01  -2.9472873469e-01   3.1320474864e-01   1.3520015994e+00   4.2040329723e-01
  -2.8955416173e-01  -2.9126011198e-01   4.0151391662e-01   1.2626946019e+00   2.4929571788e-01
  -2.8641489689e-01  -2.8784821147e-01   4.6661290151e-01   1.1067719780e+00   5.2855199514e-02
  -2.8367227528e-01  -2.8498158232e-01   5.0982938230e-01   9.1889983008e-01  -1.4357975671e-01
  -2.8109973593e-01  -2.8236296824e-01   5.3743177798e-01   7.0895346010e-01  -3.3938356478e-01
  -2.7855854486e-01  -2.7983650363e-01   5.5148121854e-01   4.7884212867e-01  -5.3529788246e-01
  -2.7591378759e-01  -2.7728058609e-01   5.5101079777e-01   2.2652188379e-01  -7.3168054807e-01
  -2.7306953365e-01  -2.7454698909e-01   5.3216474636e-01  -4.4738547959e-02  -9.2143814702e-01
  -2.6996238336e-01  -2.7159207822e-01   4.8860232543e-01  -3.2325905501e-01  -1.0881285149e+00
  -2.6657645717e-01  -2.6833268850e-01   4.1285375687e-01  -5.8485984975e-01  -1.2044432038e+00
  -2.6342123777e-01  -2.6482022584e-01   3.1626059755e-01  -7.7376638430e-01  -1.2403363968e+00
  -2.6083514468e-01  -2.6202224969e-01   2.1819806673e-01  -8.7936107025e-01  -1.2100397968e+00
  -2.5858769354e-01  -2.5964803967e-01   1.2061262258e-01  -9.3137649749e-01  -1.1389539491e+00
  -2.5655037453e-01  -2.5752734742e-01   2.2716821883e-02  -9.4602965628e-01  -1.0387976128e+00
  -2.5465278369e-01  -2.5557340165e-01  -7.4749786845e-02  -9.3208988283e-01  -9.1723903128e-01
  -2.5284972121e-01  -2.5373216573e-01  -1.7259161174e-01  -8.9505485939e-01  -7.7765481640e-01
  -2.5110888879e-01  -2.5196727669e-01  -2.7009169875e-01  -8.3887601286e-01  -6.2395974760e-01
  -2.4940443518e-01  -2.5025050088e-01  -3.6805846368e-01  -7.6558530297e-01  -4.5687300923e-01
  -2.4771352258e-01  -2.4855836948e-01  -4.6561063220e-01  -6.7751018995e-01  -2.7927255480e-01
  -2.4601470591e-01  -2.4686867567e-01  -5.6312157497e-01  -5.7544801374e-01  -9.1471157774e-02
  -2.4431234304e-01  -2.4516073614e-01  -6.5896985755e-01  -4.6181943034e-01   1.0269773258e-01
  -2.4261819605e-01  -2.4346394993e-01  -7.5124543534e-01  -3.3956830474e-01   2.9866392787e-01
  -2.4091346566e-01  -2.4177244216e-01  -8.3941427735e-01  -2.0979404767e-01   4.9477417348e-01
  -2.3916427906e-01  -2.4005448915e-01  -9.2316903060e-01  -7.2616843476e-02   6.9029838921e-01
  -2.3732807788e-01  -2.3827406896e-01  -1.0027456290e+00   7.4168460217e-02   8.8668463236e-01
  -2.3534180132e-01  -2.3638208681e-01  -1.0765680448e+00   2.3185647786e-01   1.0824055774e+00
  -2.3309001431e-01  -2.3430151584e-01  -1.1430791526e+00   4.0705664829e-01   1.2791841195e+00
  -2.3027701721e-01  -2.3187851277e-01  -1.1961677933e+00   6.1427676013e-01   1.4773766841e+00
  -2.2645548597e-01  -2.2867552165e-01  -1.2093100899e+00   8.6800658070e-01   1.6498975460e+00
  -2.2235484195e-01  -2.2423545029e-01  -1.1472025283e+00   1.1010731996e+00   1.7095143321e+00
  -2.1926377134e-01  -2.2047423360e-01  -1.0469219251e+00   1.2486887663e+00   1.6683989236e+00
  -2.1707588367e-01  -2.1805330907e-01  -9.4853859859e-01   1.3389329085e+00   1.5971493510e+00
  -2.1524632204e-01  -2.1609845826e-01  -8.5063700435e-01   1.4062564637e+00   1.5148104906e+00
  -2.1362140285e-01  -2.1439418582e-01  -7.5283792892e-01   1.4604310883e+00   1.4268710162e+00
  -2.1213035299e-01  -2.1284861988e-01  -6.5509638446e-01   1.5058270786e+00   1.3360048022e+00
  -2.1073297734e-01  -2.1141208611e-01  -5.5746225139e-01   1.5448468714e+00   1.2438237707e+00
  -2.0940352536e-01  -2.1005386857e-01  -4.5994759562e-01   1.5789715595e+00   1.1513536363e+00
  -2.0812417356e-01  -2.0875318216e-01  -3.6196601801e-01   1.6093376084e+00   1.0587620311e+00
  -2.0688161592e-01  -2.0749516496e-01  -2.6420165182e-01   1.6363585470e+00   9.6725456985e-01
  -2.0566526556e-01  -2.0626806687e-01  -1.6637144279e-01   1.6605598193e+00   8.7701959502e-01
  -2.0446637627e-01  -2.0506246426e-01  -6.8819135445e-02   1.6821549391e+00   7.8875842444e-01
  -2.0327734466e-01  -2.0387028829e-01   2.8594508742e-02   1.7013693041e+00   7.0268125983e-01
  -2.0209126970e-01  -2.0268440103e-01   1.2598025536e-01   1.7183140729e+00   6.1901603394e-01
  -2.0090147165e-01  -2.0149813836e-01   2.2440262996e-01   1.7331263424e+00   5.3724253629e-01
  -1.9970122365e-01  -2.0030480494e-01   3.2185846897e-01   1.7454224397e+00   4.5938318197e-01
  -1.9848348986e-01  -1.9909764236e-01   4.1940930897e-01   1.7552183782e+00   3.8491095603e-01
  -1.9724048137e-01  -1.9786933735e-01   5.1705100071e-01   1.7622490319e+00   3.1426250643e-01
  -1.9596323099e-01  -1.9661162539e-01   6.1462768177e-01   1.7661320083e+00   2.4803647449e-01
  -1.9464093815e-01  -1.9531483659e-01   7.1227236764e-01   1.7663511804e+00   1.8671996988e-01
  -1.9325989426e-01  -1.9396703971e-01   8.1016734812e-01   1.7621536977e+00   1.3093823472e-01
  -1.9180212350e-01  -1.9255274881e-01   9.0777831745e-01   1.7525219840e+00   8.1904855079e-02
  -1.9024256431e-01  -1.9105149818e-01   1.0055337513e+00   1.7359097738e+00   4.0593918793e-02
  -1.8854366466e-01  -1.8943363044e-01   1.1032923106e+00   1.7099798090e+00   8.7991482005e-03
  -1.8664397079e-01  -1.8765369889e-01   1.2010933675e+00   1.6708082783e+00  -1.0851991387e-02
  -1.8442730585e-01  -1.8563424269e-01   1.2990367481e+00   1.6109344423e+00  -1.3768705693e-02
  -1.8160313917e-01  -1.8322036901e-01   1.3978337288e+00   1.5115134128e+00   1.0522535463e-02
  -1.7756259117e-01  -1.7998590933e-01   1.4879102257e+00   1.3240996638e+00   8.8107784566e-02
  -1.7303185648e-01  -1.7513927301e-01   1.5245737522e+00   1.0577468775e+00   2.0945392321e-01
  -1.6908706558e-01  -1.7092443995e-01   1.5035611426e+00   7.8055884992e-01   3.2401151179e-01
  -1.6556874658e-01  -1.6724969121e-01   1.4477081040e+00   5.0314409553e-01   4.1706466415e-01
  -1.6230329771e-01  -1.6388780195e-01   1.3683992334e+00   2.2643468661e-01   4.8531933125e-01
  -1.5930533986e-01  -1.6071879347e-01   1.2746044320e+00  -4.0591030111e-02   5.2723742744e-01
  -1.5665937975e-01  -1.5789188625e-01   1.1768981604e+00  -2.8253805264e-01   5.4473381163e-01
  -1.5431114807e-01  -1.5542687324e-01   1.0792338668e+00  -5.0018193764e-01   5.4381297641e-01
  -1.5216225868e-01  -1.5319542290e-01   9.8152663909e-01  -6.9973851871e-01   5.2909486122e-01
  -1.5015713276e-01  -1.5112909446e-01   8.8401484070e-01  -8.8400030691e-01   5.0355873564e-01
  -1.4825992434e-01  -1.4918517106e-01   7.8632990462e-01  -1.0555611883e+00   4.6910776100e-01
  -1.4644521115e-01  -1.4733467761e-01   6.8879648930e-01  -1.2149591670e+00   4.2726472290e-01
  -1.4469345284e-01  -1.4555574469e-01   5.9108765501e-01  -1.3633474734e+00   3.7890703406e-01
  -1.4298867368e-01  -1.4383116098e-01   4.9349367799e-01  -1.5005212525e+00   3.2488535879e-01
  -1.4131690759e-01  -1.4214618637e-01   3.9611706791e-01  -1.6263546795e+00   2.6576266540e-01
  -1.3966534044e-01  -1.4048762881e-01   2.9806581683e-01  -1.7415378629e+00   2.0120374625e-01
  -1.3802137227e-01  -1.3884305207e-01   2.0073095247e-01  -1.8437740513e+00   1.3217780151e-01
  -1.3637181817e-01  -1.3719969246e-01   1.0303250783e-01  -1.9332514051e+00   5.7796020979e-02
  -1.3470202479e-01  -1.3554394387e-01   5.2649444064e-03  -2.0080492399e+00  -2.2173266172e-02
  -1.3299460342e-01  -1.3386010571e-01  -9.2279851602e-02  -2.0658157977e+00  -1.0818641028e-01
  -1.3122742364e-01  -1.3212910114e-01  -1.8990705447e-01  -2.1036203127e+00  -2.0164239025e-01
  -1.2936992205e-01  -1.3032574614e-01  -2.8764773376e-01  -2.1166447451e+00  -3.0442628418e-01
  -1.2737607576e-01  -1.2841409796e-01  -3.8538143644e-01  -2.0973005377e+00  -4.1941884195e-01
  -1.2516795232e-01  -1.2633805357e-01  -4.8310854025e-01  -2.0325372542e+00  -5.5190970429e-01
  -1.2259649311e-01  -1.2399785107e-01  -5.8106109875e-01  -1.8953489248e+00  -7.1322770779e-01
  -1.1978118372e-01  -1.2119513514e-01  -6.6601946859e-01  -1.6685897514e+00  -8.9662626871e-01
  -1.1722127913e-01  -1.1836723231e-01  -7.2190442646e-01  -1.3931790720e+00  -1.0690527171e+00
  -1.1509287231e-01  -1.1607532595e-01  -7.5213875646e-01  -1.1144191739e+00  -1.2161018942e+00
  -1.1322832905e-01  -1.1411041867e-01  -7.6670844984e-01  -8.3634985333e-01  -1.3467991916e+00
  -1.1153107570e-01  -1.1234623943e-01  -7.7080838622e-01  -5.5871572918e-01  -1.4667049632e+00
  -1.0994725144e-01  -1.1071591197e-01  -7.6730809853e-01  -2.8010795421e-01  -1.5793520732e+00
  -1.0844209005e-01  -1.0917859092e-01  -7.5807960347e-01  -2.8027837059e-03  -1.6856525364e+00
  -1.0699069130e-01  -1.0770558918e-01  -7.4435891690e-01   2.7503010493e-01  -1.7875401282e+00
  -1.0557379342e-01  -1.0627579343e-01  -7.2701694765e-01   5.5377097999e-01  -1.8859324462e+00
  -1.0417484262e-01  -1.0487179340e-01  -7.0701477304e-01   8.3013890069e-01  -1.9802789805e+00
  -1.0277836491e-01  -1.0347789183e-01  -6.8456337370e-01   1.1093251811e+00  -2.0727292602e+00
  -1.0136848770e-01  -1.0207883800e-01  -6.6053760673e-01   1.3866451825e+00  -2.1619448791e+00
  -9.9927160114e-02  -1.0065813741e-01  -6.3525324111e-01   1.6642074345e+00  -2.2487259815e+00
  -9.8431492431e-02  -9.9196182820e-02  -6.0912968415e-01   1.9426277007e+00  -2.3331652743e+00
  -9.6849353975e-02  -9.7666802042e-02  -5.8288146517e-01   2.2201718931e+00  -2.4144213924e+00
  -9.5128935434e-02  -9.6031905908e-02  -5.5705356180e-01   2.4988520004e+00  -2.4923339403e+00
  -9.3169554815e-02  -9.4225964960e-02  -5.3289615986e-01   2.7783813138e+00  -2.5650532744e+00
  -9.0693116826e-02  -9.2113144671e-02  -5.1320957701e-01   3.0602031123e+00  -2.6278036022e+00
  -8.6064311804e-02  -8.9273088982e-02  -5.1974934360e-01   3.3166207249e+00  -2.6342408116e+00
  -8.1038906322e-02  -8.2855534627e-02  -5.8634250352e-01   3.2145764494e+00  -2.4813277944e+00
  -7.8108252031e-02  -7.9222278017e-02  -6.5715706830e-01   2.9340925970e+00  -2.2947845390e+00
  -7.6119770026e-02  -7.6994226045e-02  -7.1657023971e-01   2.6535581066e+00  -2.1261148551e+00
  -7.4493656872e-02  -7.5245314008e-02  -7.7047388182e-01   2.3746778732e+00  -1.9640110506e+00
  -7.3066926550e-02  -7.3741999736e-02  -8.2094705806e-01   2.0953874458e+00  -1.8040961183e+00
  -7.1768786630e-02  -7.2391853364e-02  -8.6827499155e-01   1.8183270099e+00  -1.6464810635e+00
  -7.0560251636e-02  -7.1145719897e-02  -9.1326065301e-01   1.5412961287e+00  -1.4891405938e+00
  -6.9417550346e-02  -6.9974783374e-02  -9.5656537511e-01   1.2613232936e+00  -1.3298939258e+00
  -6.8324055410e-02  -6.8860317318e-02  -9.9725105791e-01   9.8542552704e-01  -1.1723822766e+00
  -6.7267461975e-02  -6.7787793503e-02  -1.0363059457e+00   7.0761302755e-01  -1.0129196004e+00
  -6.6238617133e-02  -6.6747130448e-02  -1.0736550650e+00   4.2831723074e-01  -8.5149496906e-01
  -6.5229849759e-02  -6.5730103818e-02  -1.1088391858e+00   1.5099483436e-01  -6.8989231114e-01
  -6.4234582529e-02  -6.4729595701e-02  -1.1421233903e+00  -1.2650198995e-01  -5.2666726886e-01
  -6.3247023061e-02  -6.3739569357e-02  -1.1734700379e+00  -4.0442998890e-01  -3.6144679410e-01
  -6.2261713444e-02  -6.2754476766e-02  -1.2027887476e+00  -6.8291776694e-01  -1.9390760589e-01
  -6.1273271772e-02  -6.1768950123e-02  -1.2298088266e+00  -9.6051727536e-01  -2.4664639610e-02
  -6.0276158330e-02  -6.0777593420e-02  -1.2544609667e+00  -1.2380150609e+00   1.4704555514e-01
  -5.9264388663e-02  -5.9774723239e-02  -1.2765321941e+00  -1.5153163023e+00   3.2151461012e-01
  -5.8231038661e-02  -5.8754054088e-02  -1.2958935199e+00  -1.7947548772e+00   5.0069682126e-01
  -5.7167898835e-02  -5.7708023234e-02  -1.3119041391e+00  -2.0724637030e+00   6.8268172823e-01
  -5.6065022706e-02  -5.6627774435e-02  -1.3241427584e+00  -2.3478889256e+00   8.6771143072e-01
  -5.4910797379e-02  -5.5502270977e-02  -1.3321729346e+00  -2.6281597790e+00   1.0616611337e+00
  -5.3708034454e-02  -5.4319323781e-02  -1.3347520438e+00  -2.8995164033e+00   1.2562476365e+00
  -5.2463138266e-02  -5.3096745126e-02  -1.3311262123e+00  -3.1608474815e+00   1.4518038334e+00
  -5.1166546254e-02  -5.1829531406e-02  -1.3203356325e+00  -3.4083276298e+00   1.6469774332e+00
  -4.9801008403e-02  -5.0503561102e-02  -1.3007756122e+00  -3.6421026683e+00   1.8442177527e+00
  -4.8342526768e-02  -4.9098455703e-02  -1.2709420123e+00  -3.8534171579e+00   2.0393784344e+00
  -4.6754581213e-02  -4.7586597833e-02  -1.2275829028e+00  -4.0398501343e+00   2.2353767737e+00
  -4.4974374735e-02  -4.5922564593e-02  -1.1658212411e+00  -4.1907244557e+00   2.4314226458e+00
  -4.2998052848e-02  -4.4026184878e-02  -1.0813326760e+00  -4.2848396686e+00   2.6182817560e+00
  -4.1070655474e-02  -4.1969920818e-02  -9.8400518601e-01  -4.3021251172e+00   2.7674223333e+00
  -3.9362305491e-02  -4.0171390129e-02  -8.8634537066e-01  -4.2555746328e+00   2.8704611159e+00
  -3.7805683954e-02  -3.8553220854e-02  -7.8852073236e-01  -4.1639029887e+00   2.9404646363e+00
  -3.6354604293e-02  -3.7058147054e-02  -6.9072287714e-01  -4.0380642474e+00   2.9848359455e+00
  -3.4979688191e-02  -3.5651061533e-02  -5.9322027949e-01  -3.8854894199e+00   3.0083183802e+00
  -3.3660687901e-02  -3.4308314849e-02  -4.9566416261e-01  -3.7103936152e+00   3.0141575640e+00
  -3.2382721616e-02  -3.3013060953e-02  -3.9782369841e-01  -3.5155750217e+00   3.0043645926e+00
  -3.1134000315e-02  -3.1752382279e-02  -2.9997054782e-01  -3.3039553443e+00   2.9803196882e+00
  -2.9904597774e-02  -3.0515618351e-02  -2.0221785303e-01  -3.0777059408e+00   2.9430391311e+00
  -2.8685747466e-02  -2.9293577198e-02  -1.0457088271e-01  -2.8383579005e+00   2.8931628946e+00
  -2.7469270579e-02  -2.8077917734e-02  -6.9744743022e-03  -2.5869400701e+00   2.8309613070e+00
  -2.6247064189e-02  -2.6860623423e-02   9.0641355427e-02  -2.3241348254e+00   2.7563522108e+00
  -2.5014821667e-02  -2.5633504956e-02   1.8797558203e-01  -2.0514254780e+00   2.6692602922e+00
  -2.3783464998e-02  -2.4396138378e-02   2.8342095326e-01  -1.7740860884e+00   2.5708793417e+00
  -2.2559798503e-02  -2.3170791618e-02   3.7582741822e-01  -1.4963900176e+00   2.4623417789e+00
  -2.1333573805e-02  -2.1948805389e-02   4.6541437767e-01  -1.2185243727e+00   2.3432238738e+00
  -2.0092652379e-02  -2.0718342222e-02   5.5240685116e-01  -9.4034090936e-01   2.2125694916e+00
  -1.8823713972e-02  -1.9466962537e-02   6.3683158199e-01  -6.6203187071e-01   2.0691003287e+00
  -1.7510956879e-02  -1.8180465406e-02   7.1845290285e-01  -3.8441586659e-01   1.9113265877e+00
  -1.6134263046e-02  -1.6841448352e-02   7.9738460726e-01  -1.0677322869e-01   1.7359854934e+00
  -1.4716027676e-02  -1.5427077741e-02   8.7081951971e-01   1.6132196041e-01   1.5460237546e+00
  -1.3323109993e-02  -1.4004977611e-02   9.3520348716e-01   4.0655449590e-01   1.3489728868e+00
  -1.1982185388e-02  -1.2641242376e-02   9.8821566774e-01   6.1857614132e-01   1.1541275339e+00
  -1.0682244316e-02  -1.1323128401e-02   1.0317324003e+00   8.0304872971e-01   9.5852557497e-01
  -9.4147914636e-03  -1.0041360232e-02   1.0662756295e+00   9.6087259053e-01   7.6258510353e-01
  -8.1726570787e-03  -8.7882226952e-03   1.0923324212e+00   1.0929877749e+00   5.6664788179e-01
  -6.9495966886e-03  -7.5570914623e-03   1.1103628708e+00   1.2003954450e+00   3.7088727533e-01
  -5.7399918747e-03  -6.3421019150e-03   1.1207746743e+00   1.2840471633e+00   1.7534393297e-01
  -4.5386011756e-03  -5.1378818345e-03   1.1239054583e+00   1.3447608174e+00  -2.0040276272e-02
  -3.3403364641e-03  -3.9393205168e-03   1.1200118363e+00   1.3831602087e+00  -2.1538858993e-01
  -2.1400090595e-03  -2.7413524114e-03   1.1091455159e+00   1.3995946965e+00  -4.1216389111e-01
  -9.3212634877e-04  -1.5386657077e-03   1.0915487200e+00   1.3939990233e+00  -6.0781155023e-01
   2.8931424925e-04  -3.2558698988e-04   1.0672825559e+00   1.3666671838e+00  -8.0331274164e-01
   1.5311812089e-03   9.0421548837e-04   1.0363006906e+00   1.3173699347e+00  -9.9893467350e-01
   2.8016617177e-03   2.1581469294e-03   9.9853043223e-01   1.2456736470e+00  -1.1944750725e+00
   4.1109605850e-03   3.4451765061e-03   9.5369479475e-01   1.1506024278e+00  -1.3902061090e+00
   5.4725294366e-03   4.7767446639e-03   9.0123643010e-01   1.0303207067e+00  -1.5866572216e+00
   6.9046774823e-03   6.1683142094e-03   8.4099643382e-01   8.8371346331e-01  -1.7821705801e+00
   8.4340799804e-03   7.6410407552e-03   7.7180973286e-01   7.0701370596e-01  -1.9776120012e+00
   1.0104145255e-02   9.2271192055e-03   6.9152384147e-01   4.9321160455e-01  -2.1740383465e+00
   1.1941516552e-02   1.0981171305e-02   5.9980027402e-01   2.3953075657e-01  -2.3657459300e+00
   1.3844002375e-02   1.2901861799e-02   5.0371394193e-01  -3.5401432598e-02  -2.5340851468e+00
   1.5719327137e-02   1.4786142951e-02   4.0929884758e-01  -3.1394177507e-01  -2.6684186662e+00
   1.7600566921e-02   1.6652511322e-02   3.1779994546e-01  -5.9142473451e-01  -2.7682001207e+00
   1.9538400328e-02   1.8548622520e-02   2.2841150269e-01  -8.6953014557e-01  -2.8333135628e+00
   2.1598120379e-02   2.0528178135e-02   1.4101505151e-01  -1.1481192367e+00  -2.8589932543e+00
   2.3888292623e-02   2.2668062623e-02   5.5556236244e-02  -1.4267024298e+00  -2.8343275274e+00
   2.6618799763e-02   2.5108522624e-02  -2.7958585841e-02  -1.7035008616e+00  -2.7329474754e+00
   2.9401618874e-02   2.8129076902e-02  -9.1573960229e-02  -1.9132625967e+00  -2.5565035137e+00
   3.1692531966e-02   3.0674160846e-02  -1.2670019446e-01  -2.0216520462e+00  -2.3591721671e+00
   3.3600221992e-02   3.2710903086e-02  -1.4416932938e-01  -2.0634702551e+00  -2.1628555569e+00
   3.5300111210e-02   3.4489540898e-02  -1.5117361928e-01  -2.0621682035e+00  -1.9661449567e+00
   3.6869555690e-02   3.6110681521e-02  -1.5090704981e-01  -2.0283278068e+00  -1.7707097328e+00
   3.8351830203e-02   3.7628429858e-02  -1.4520916355e-01  -1.9675394968e+00  -1.5749942651e+00
   3.9774323875e-02   3.9075230547e-02  -1.3519502313e-01  -1.8831941852e+00  -1.3794439865e+00
   4.1156420734e-02   4.0473417203e-02  -1.2151868040e-01  -1.7765817713e+00  -1.1828664780e+00
   4.2513044807e-02   4.1839424264e-02  -1.0489346692e-01  -1.6503185462e+00  -9.8768918721e-01
   4.3856500443e-02   4.3186665349e-02  -8.5575776310e-02  -1.5040579646e+00  -7.9212904512e-01
   4.5197538296e-02   4.4526335537e-02  -6.3747802571e-02  -1.3372309879e+00  -5.9553883664e-01
   4.6546249027e-02   4.5868741055e-02  -3.9955520777e-02  -1.1522811203e+00  -4.0084851462e-01
   4.7912792377e-02   4.7223756999e-02  -1.3857699639e-02  -9.4488036640e-01  -2.0412327555e-01
   4.9307828469e-02   4.8601827754e-02   1.3913953289e-02  -7.1844291104e-01  -9.4465222556e-03
   5.0743392454e-02   5.0013829184e-02   4.3857900982e-02  -4.6726920650e-01   1.8699562331e-01
   5.2207825414e-02   5.1472955725e-02   7.5082887795e-02  -1.9729238343e-01   3.7950955528e-01
   5.3650667067e-02   5.2942695103e-02   1.0623332994e-01   8.0406782311e-02   5.6079182082e-01
   5.5047776467e-02   5.4358639031e-02   1.3635429883e-01   3.5700833859e-01   7.2691911162e-01
   5.6414013560e-02   5.5736913904e-02   1.6594395845e-01   6.3655282754e-01   8.8200197964e-01
   5.7762323677e-02   5.7091113216e-02   1.9445931396e-01   9.1329223845e-01   1.0242693608e+00
   5.9104466362e-02   5.8433534137e-02   2.2233402540e-01   1.1907442368e+00   1.1567975393e+00
   6.0451808752e-02   5.9775398588e-02   2.4969975265e-01   1.4697819551e+00   1.2807429316e+00
   6.1816225066e-02   6.1128218917e-02   2.7615402409e-01   1.7457549072e+00   1.3948415753e+00
   6.3211375120e-02   6.2504231215e-02   3.0239108736e-01   2.0255267154e+00   1.5024788767e+00
   6.4653930942e-02   6.3918519026e-02   3.2782447554e-01   2.3026090216e+00   1.6015625214e+00
   6.6165814248e-02   6.5389342859e-02   3.5276241949e-01   2.5801768614e+00   1.6937133939e+00
   6.7779318088e-02   6.6942285637e-02   3.7721553640e-01   2.8586938573e+00   1.7792654547e+00
   6.9546485745e-02   6.8616350540e-02   4.0093602496e-01   3.1363698532e+00   1.8577927614e+00
   7.1567532276e-02   7.0476620951e-02   4.2390666890e-01   3.4160170837e+00   1.9299454711e+00
   7.4104885422e-02   7.2658443602e-02   4.4526976784e-01   3.6971782119e+00   1.9948367206e+00
   7.7526520153e-02   7.5551327241e-02   4.5920523470e-01   3.9407053600e+00   2.0425976751e+00
   8.1476905976e-02   7.9501713064e-02   4.5157294022e-01   4.0174787967e+00   2.0497365100e+00
   8.5477905063e-02   8.3452098887e-02   4.1409855291e-01   3.8602794073e+00   2.0105859125e+00
   8.8741837857e-02   8.7503711239e-02   3.6107627627e-01   3.5709518758e+00   1.9491912062e+00
   9.0981550477e-02   8.9979964474e-02   3.1241257964e-01   3.2911751820e+00   1.8919133501e+00
   9.2861396960e-02   9.1983136480e-02   2.6452310710e-01   3.0126185124e+00   1.8349602625e+00
   9.4541878575e-02   9.3739657440e-02   2.1669624241e-01   2.7337156518e+00   1.7772802132e+00
   9.6096131064e-02   9.5344099709e-02   1.6912013773e-01   2.4563689165e+00   1.7188301771e+00
   9.7565832357e-02   9.6848162418e-02   1.2149944876e-01   2.1790009248e+00   1.6589584315e+00
   9.8977729923e-02   9.8283502295e-02   7.3623164194e-02   1.9001954590e+00   1.5970553716e+00
   1.0035123539e-01   9.9671957551e-02   2.6141803371e-02   1.6233297444e+00   1.5336022084e+00
   1.0170158899e-01   1.0103051323e-01  -2.1537502427e-02   1.3443394252e+00   1.4673857984e+00
   1.0304161504e-01   1.0237266476e-01  -6.8495867703e-02   1.0678093950e+00   1.3992000635e+00
   1.0438312125e-01   1.0371056532e-01  -1.1531808019e-01   7.8926610828e-01   1.3276124426e+00
   1.0573772454e-01   1.0505567718e-01  -1.6131256742e-01   5.1146451069e-01   1.2529153239e+00
   1.0711777092e-01   1.0641977189e-01  -2.0626179011e-01   2.3399124871e-01   1.1745463299e+00
   1.0853732118e-01   1.0781576996e-01  -2.4980791008e-01  -4.3259692601e-02   1.0919112967e+00
   1.1001381601e-01   1.0925887241e-01  -2.9166756957e-01  -3.2189483939e-01   1.0037252524e+00
   1.1157029742e-01   1.1076875960e-01  -3.3083402391e-01  -6.0025736328e-01   9.0943024374e-01
   1.1323910999e-01   1.1237183524e-01  -3.6613051186e-01  -8.7760562030e-01   8.0785097453e-01
   1.1507083258e-01   1.1410638474e-01  -3.9602050973e-01  -1.1554859224e+00   6.9616544357e-01
   1.1715595752e-01   1.1603528043e-01  -4.1735149857e-01  -1.4342919033e+00   5.7013933106e-01
   1.1969438156e-01   1.1827663460e-01  -4.2317390302e-01  -1.7143060194e+00   4.2102996069e-01
   1.2294359536e-01   1.2111212852e-01  -3.9689224450e-01  -1.9735146426e+00   2.4166186291e-01
   1.2658882411e-01   1.2477506220e-01  -3.2404689707e-01  -2.1373578777e+00   6.0102554567e-02
   1.2978377682e-01   1.2840258601e-01  -2.2628024031e-01  -2.1769917195e+00  -7.7886529746e-02
   1.3235774354e-01   1.3116496762e-01  -1.2816824828e-01  -2.1442381311e+00  -1.7307807137e-01
   1.3465455028e-01   1.3355051945e-01  -3.0332412161e-02  -2.0737241398e+00  -2.4598444057e-01
   1.3682756115e-01   1.3575858111e-01   6.7692011642e-02  -1.9769476919e+00  -3.0515356542e-01
   1.3897182370e-01   1.3789654119e-01   1.6528606215e-01  -1.8591837175e+00  -3.5460203374e-01
   1.4117369974e-01   1.4004710620e-01   2.6319475206e-01  -1.7202021086e+00  -3.9758988818e-01
   1.4354874708e-01   1.4230029328e-01   3.6120024512e-01  -1.5566964081e+00  -4.3637841238e-01
   1.4633888714e-01   1.4479720088e-01   4.5988932279e-01  -1.3550829072e+00  -4.7425395742e-01
   1.4981236160e-01   1.4788057341e-01   5.4792876008e-01  -1.1036346920e+00  -5.1377776895e-01
   1.5385946366e-01   1.5174414979e-01   5.9047457250e-01  -8.2624435155e-01  -5.5466317045e-01
   1.5819320894e-01   1.5597477754e-01   5.5463556292e-01  -5.6456215039e-01  -5.9613360366e-01
   1.6184740152e-01   1.6041164034e-01   4.6120623769e-01  -3.7844933811e-01  -6.2925365164e-01
   1.6440447902e-01   1.6328316269e-01   3.6245600503e-01  -2.6966660550e-01  -6.4980600304e-01
   1.6650136438e-01   1.6552579535e-01   2.6441272632e-01  -1.9378341971e-01  -6.6364240402e-01
   1.6837033901e-01   1.6747693341e-01   1.6659143984e-01  -1.3611890926e-01  -6.7268089694e-01
   1.7010830122e-01   1.6926374462e-01   6.8686614871e-02  -9.0714178500e-02  -6.7751355506e-01
   1.7177006805e-01   1.7095285781e-01  -2.9022027783e-02  -5.4729717074e-02  -6.7823936259e-01
   1.7339327517e-01   1.7258727828e-01  -1.2657583227e-01  -2.6432104934e-02  -6.7474437079e-01
   1.7500830949e-01   1.7419927206e-01  -2.2440693418e-01  -4.8078556898e-03  -6.6664443358e-01
   1.7664414492e-01   1.7581734693e-01  -3.2198237008e-01   1.0424303966e-02  -6.5340373492e-01
   1.7833348868e-01   1.7747094292e-01  -4.1989987859e-01   1.9279659042e-02  -6.3402444820e-01
   1.8011963246e-01   1.7919603443e-01  -5.1760122979e-01   2.1084843882e-02  -6.0718707457e-01
   1.8207106981e-01   1.8104323049e-01  -6.1560409877e-01   1.4340946583e-02  -5.7032765118e-01
   1.8432341455e-01   1.8309890913e-01  -7.1372483460e-01  -4.4772525241e-03  -5.1867656943e-01
   1.8730324195e-01   1.8554791997e-01  -8.1366831584e-01  -4.7054157038e-02  -4.3705229432e-01
   1.9198932527e-01   1.8905856393e-01  -8.8866753654e-01  -1.5044773004e-01  -2.8998338617e-01
   1.9726099767e-01   1.9492008661e-01  -8.5456029420e-01  -3.0409425003e-01  -1.2522782904e-01
   2.0095746375e-01   1.9960190873e-01  -7.5413062559e-01  -4.2544312930e-01  -3.0235153487e-02
   2.0338988416e-01   2.0231301878e-01  -6.5560628193e-01  -5.0555500702e-01   1.3791554387e-02
   2.0540576969e-01   2.0446674954e-01  -5.5746520022e-01  -5.6906015689e-01   3.6137495265e-02
   2.0720180342e-01   2.0634478985e-01  -4.5981111314e-01  -6.2130796743e-01   4.3760844683e-02
   2.0886272091e-01   2.0805881699e-01  -3.6195857403e-01  -6.6487937894e-01   3.9780619034e-02
   2.1043552366e-01   2.0966662483e-01  -2.6439249537e-01  -7.0059830796e-01   2.5848003729e-02
   2.1195075282e-01   2.1120442249e-01  -1.6658194421e-01  -7.2913989170e-01   2.8589530916e-03
   2.1343051381e-01   2.1269708315e-01  -6.8841538986e-02  -7.5050929899e-01  -2.8569517494e-02
   2.1489263354e-01   2.1416394446e-01   2.8785457800e-02  -7.6458713195e-01  -6.8071398889e-02
   2.1635282734e-01   2.1562132261e-01   1.2638784983e-01  -7.7103780036e-01  -1.1553241516e-01
   2.1782637853e-01   2.1708433207e-01   2.2406731583e-01  -7.6924138272e-01  -1.7105301213e-01
   2.1932969182e-01   2.1856842500e-01   3.2182677358e-01  -7.5824573722e-01  -2.3487578680e-01
   2.2088202986e-01   2.2009095864e-01   4.1945473139e-01  -7.3674651573e-01  -3.0727082962e-01
   2.2250829290e-01   2.2167310109e-01   5.1721356451e-01  -7.0271620989e-01  -3.8912942275e-01
   2.2424396686e-01   2.2334348470e-01   6.1495434643e-01  -6.5318456290e-01  -4.8146267552e-01
   2.2614578731e-01   2.2514444901e-01   7.1278080471e-01  -5.8313227111e-01  -5.8626810321e-01
   2.2832036589e-01   2.2714712560e-01   8.1071006739e-01  -4.8326778778e-01  -7.0710853499e-01
   2.3104116554e-01   2.2949360617e-01   9.0974466087e-01  -3.2930273080e-01  -8.5402790448e-01
   2.3446740230e-01   2.3258872491e-01   9.9311853995e-01  -9.6779262157e-02  -1.0192669430e+00
   2.3803867974e-01   2.3634607970e-01   1.0295851701e+00   1.8075761211e-01  -1.1550220969e+00
   2.4135828121e-01   2.3973127978e-01   1.0154269139e+00   4.5867191012e-01  -1.2351752802e+00
   2.4464229029e-01   2.4298528263e-01   9.5815173701e-01   7.3650329158e-01  -1.2631940354e+00
   2.4774388155e-01   2.4629929796e-01   8.6935841794e-01   9.8662914530e-01  -1.2409138730e+00
   2.5038396827e-01   2.4918846514e-01   7.7103436177e-01   1.1793233889e+00  -1.1846953028e+00
   2.5265231116e-01   2.5157947139e-01   6.7323386078e-01   1.3225808649e+00  -1.1105791398e+00
   2.5473031395e-01   2.5372515093e-01   5.7540349163e-01   1.4314584432e+00  -1.0237136207e+00
   2.5670511721e-01   2.5573547696e-01   4.7753244266e-01   1.5117378855e+00  -9.2652510015e-01
   2.5863194685e-01   2.5767475745e-01   3.7994775037e-01   1.5657481060e+00  -8.2060134936e-01
   2.6055367048e-01   2.5958913624e-01   2.8240775705e-01   1.5943228651e+00  -7.0626058271e-01
   2.6251072899e-01   2.6151820472e-01   1.8462181943e-01   1.5964174400e+00  -5.8313142601e-01
   2.6454940182e-01   2.6350325326e-01   8.6705875184e-02   1.5691141374e+00  -4.5078728661e-01
   2.6673238471e-01   2.6559555038e-01  -1.0915298676e-02   1.5075511300e+00  -3.0865482395e-01
   2.6916222718e-01   2.6786921904e-01  -1.0875302355e-01   1.4020639054e+00  -1.5366700211e-01
   2.7205175754e-01   2.7045523533e-01  -2.0703550333e-01   1.2321080786e+00   1.9725832138e-02
   2.7542659499e-01   2.7364827974e-01  -2.9403152397e-01   9.8848315982e-01   1.9806439411e-01
   2.7889122059e-01   2.7720491024e-01  -3.5158395132e-01   7.0992992274e-01   3.4610904295e-01
   2.8234944938e-01   2.8057753094e-01  -3.7814857036e-01   4.3107963765e-01   4.5109600138e-01
   2.8629386712e-01   2.8412136782e-01  -3.7755527319e-01   1.5014847638e-01   5.1515824050e-01
   2.9276767405e-01   2.8846636642e-01  -3.3697137072e-01  -1.2017536579e-01   4.9766725173e-01
   3.0061497953e-01   2.9706898168e-01  -2.9765050828e-01  -7.8620591910e-02   3.5496197646e-01
   3.0637126398e-01   3.0416097737e-01  -3.1880856634e-01   1.9946208684e-01   2.2899234611e-01
   3.1056872481e-01   3.0858155059e-01  -3.7327937657e-01   4.8004001448e-01   1.6833391064e-01
   3.1463802338e-01   3.1255589902e-01  -4.5299973734e-01   7.5511874470e-01   1.5906549513e-01
   3.1872411652e-01   3.1672014775e-01  -5.4871880575e-01   9.8594225726e-01   2.1204687301e-01
   3.2287356189e-01   3.2072808529e-01  -6.4629622161e-01   1.1323329929e+00   3.3653899477e-01
   3.2687829824e-01   3.2501903849e-01  -7.2385687232e-01   1.1688504968e+00   5.1837915972e-01
   3.3033830393e-01   3.2873755799e-01  -7.6473215851e-01   1.1113149848e+00   7.1510896972e-01
   3.3344961879e-01   3.3193904987e-01  -7.7246220807e-01   9.9426939984e-01   9.1111904223e-01
   3.3648870306e-01   3.3496018770e-01  -7.4874096985e-01   8.3101637053e-01   1.1072215580e+00
   3.3967017916e-01   3.3801721842e-01  -6.8825968230e-01   6.2335906833e-01   1.3022884779e+00
   3.4270881407e-01   3.4132313990e-01  -5.9769763987e-01   4.0664085760e-01   1.4646347047e+00
   3.4523117408e-01   3.4409448823e-01  -4.9942808406e-01   2.2364533249e-01   1.5716376354e+00
   3.4737466320e-01   3.4636785992e-01  -4.0152634995e-01   7.2575136115e-02   1.6367845309e+00
   3.4931156545e-01   3.4838146648e-01  -3.0393237405e-01  -5.6420951267e-02   1.6719598300e+00
   3.5112509625e-01   3.5024166442e-01  -2.0600706886e-01  -1.6908220393e-01   1.6825285550e+00
   3.5286583623e-01   3.5200852807e-01  -1.0823537125e-01  -2.6783382792e-01   1.6708215386e+00
   3.5457029672e-01   3.5372314438e-01  -1.0471103608e-02  -3.5497200479e-01   1.6378222175e+00
   3.5626879955e-01   3.5541744907e-01   8.7119913777e-02  -4.3197941192e-01   1.5834677414e+00
   3.5799061964e-01   3.5712015003e-01   1.8478853460e-01  -5.0039218504e-01   1.5063927549e+00
   3.5976860714e-01   3.5886108925e-01   2.8247501413e-01  -5.6138566847e-01   1.4040406745e+00
   3.6164560677e-01   3.6067612502e-01   3.8030048102e-01  -6.1637124533e-01   1.2717207515e+00
   3.6366197227e-01   3.6261508852e-01   4.7694080699e-01  -6.6649238370e-01   1.1041484225e+00
   3.6568115675e-01   3.6470885602e-01   5.6357581498e-01  -7.1024612973e-01   9.1205434129e-01
   3.6754825006e-01   3.6665345748e-01   6.3267679801e-01  -7.4718270054e-01   7.1638243584e-01
   3.6928695524e-01   3.6844304263e-01   6.8695651080e-01  -7.8094566840e-01   5.2025591544e-01
   3.7094160435e-01   3.7013086785e-01   7.2874363350e-01  -8.1410361092e-01   3.2517395603e-01
   3.7254251576e-01   3.7175234086e-01   7.6028018152e-01  -8.4916453885e-01   1.2832131489e-01
   3.7411286219e-01   3.7333269067e-01   7.8215839161e-01  -8.8714673651e-01  -6.6976961581e-02
   3.7567245930e-01   3.7489303370e-01   7.9547009787e-01  -9.2975424462e-01  -2.6244815551e-01
   3.7723981263e-01   3.7645188489e-01   8.0067292647e-01  -9.7843208937e-01  -4.5829171423e-01
   3.7883443336e-01   3.7802774038e-01   7.9796947176e-01  -1.0347182112e+00  -6.5455007309e-01
   3.8047891362e-01   3.7964112633e-01   7.8744776572e-01  -1.0999073208e+00  -8.4989002761e-01
   3.8220252201e-01   3.8131670090e-01   7.6880906407e-01  -1.1766764412e+00  -1.0459102523e+00
   3.8404748900e-01   3.8308834311e-01   7.4152758039e-01  -1.2675958122e+00  -1.2414505219e+00
   3.8608416343e-01   3.8500663490e-01   7.0398675991e-01  -1.3783015989e+00  -1.4382126779e+00
   3.8845280006e-01   3.8716169196e-01   6.5358329494e-01  -1.5166746556e+00  -1.6345024462e+00
   3.9152402103e-01   3.8974390817e-01   5.8172567550e-01  -1.7061279598e+00  -1.8316772897e+00
   3.9540749083e-01   3.9330413390e-01   4.8992343281e-01  -1.9420007860e+00  -1.9792390790e+00
   3.9998842425e-01   3.9751084777e-01   3.9195848068e-01  -2.1784091661e+00  -2.0006172563e+00
   4.0461283637e-01   4.0246600073e-01   3.1210130693e-01  -2.3266389704e+00  -1.8669655582e+00
   4.0824270461e-01   4.0675967201e-01   2.6339012411e-01  -2.3510455721e+00  -1.6664852597e+00
   4.1098573482e-01   4.0972573721e-01   2.3294183812e-01  -2.3027473614e+00  -1.4697857850e+00
   4.1339891324e-01   4.1224573243e-01   2.0832160623e-01  -2.2097002278e+00  -1.2734188992e+00
   4.1565410983e-01   4.1455209406e-01   1.8529300343e-01  -2.0800043610e+00  -1.0778585252e+00
   4.1784309690e-01   4.1675612559e-01   1.6096055803e-01  -1.9147003564e+00  -8.8161852032e-01
   4.2003306119e-01   4.1893006820e-01   1.3309268734e-01  -1.7136840817e+00  -6.8597143532e-01
   4.2228473499e-01   4.2113605417e-01   9.8988384764e-02  -1.4728489573e+00  -4.9062357588e-01
   4.2453237295e-01   4.2343341581e-01   5.7924655466e-02  -1.2024453953e+00  -3.0670780086e-01
   4.2665741155e-01   4.2563133009e-01   1.1610709100e-02  -9.2474971395e-01  -1.4803055651e-01
   4.2866541872e-01   4.2768349302e-01  -3.9683606210e-02  -6.4673606363e-01  -1.4768016658e-02
   4.3060534923e-01   4.2964734442e-01  -9.6352328022e-02  -3.6922452614e-01   9.5648461152e-02
   4.3251356087e-01   4.3156335404e-01  -1.5904731450e-01  -9.1541267314e-02   1.8510503981e-01
   4.3442094964e-01   4.3346376770e-01  -2.2845177372e-01   1.8662059929e-01   2.5420858294e-01
   4.3635753672e-01   4.3537813158e-01  -3.0492181341e-01   4.6398145903e-01   3.0251083020e-01
   4.3835654627e-01   4.3733694186e-01  -3.8966520775e-01   7.4181669393e-01   3.2928119341e-01
   4.4043662500e-01   4.3937615068e-01  -4.8245852271e-01   1.0162032106e+00   3.3257808549e-01
   4.4253985249e-01   4.4149709932e-01  -5.8006433495e-01   1.2761848715e+00   3.1157856261e-01
   4.4462320710e-01   4.4358260566e-01  -6.7759489281e-01   1.5102461932e+00   2.6854564735e-01
   4.4672758775e-01   4.4566380855e-01  -7.7523146398e-01   1.7215901291e+00   2.0508913631e-01
   4.4891196447e-01   4.4779136694e-01  -8.7303072825e-01   1.9121456410e+00   1.2129549667e-01
   4.5126594965e-01   4.5003256200e-01  -9.7087993847e-01   2.0828177368e+00   1.5474129790e-02
   4.5397375997e-01   4.5249933730e-01  -1.0693143881e+00   2.2347476123e+00  -1.1901529008e-01
   4.5735951527e-01   4.5544818263e-01  -1.1627451506e+00   2.3599959370e+00  -2.9141685325e-01
   4.6162797951e-01   4.5927084791e-01  -1.2213074850e+00   2.4283808337e+00  -4.8835610127e-01
   4.6651114958e-01   4.6398511111e-01  -1.1922163998e+00   2.4098244855e+00  -6.4460396334e-01
   4.7039569429e-01   4.6903718805e-01  -1.0927923722e+00   2.3435515835e+00  -6.9411085795e-01
   4.7279185709e-01   4.7175420054e-01  -9.9388979728e-01   2.2850257671e+00  -6.8087454228e-01
   4.7471013751e-01   4.7382951364e-01  -8.9597499592e-01   2.2315262987e+00  -6.4537916548e-01
   4.7637515518e-01   4.7559076137e-01  -7.9814136339e-01   2.1810586087e+00  -5.9654315401e-01
   4.7787857922e-01   4.7715954898e-01  -7.0036112512e-01   2.1326960320e+00  -5.3830192439e-01
   4.7926958189e-01   4.7859760947e-01  -6.0274561013e-01   2.0858199482e+00  -4.7296312857e-01
   4.8057834895e-01   4.7994155431e-01  -5.0505166927e-01   2.0397818022e+00  -4.0176568078e-01
   4.8182509209e-01   4.8121514360e-01  -4.0710062124e-01   1.9940482373e+00  -3.2550997593e-01
   4.8302447802e-01   4.8243504059e-01  -3.0944322832e-01   1.9484710369e+00  -2.4532786003e-01
   4.8418778828e-01   4.8361391545e-01  -2.1236068499e-01   1.9028120441e+00  -1.6204786232e-01
   4.8532376560e-01   4.8476166111e-01  -1.1372321490e-01   1.8556953745e+00  -7.4190868509e-02
   4.8643981443e-01   4.8588587009e-01  -1.7100198205e-02   1.8084774750e+00   1.4705718879e-02
   4.8754242565e-01   4.8699375878e-01   8.1652356208e-02   1.7587548343e+00   1.0818015055e-01
   4.8863737676e-01   4.8809109251e-01   1.7870236417e-01   1.7080582559e+00   2.0239694822e-01
   4.8973025032e-01   4.8918366101e-01   2.7621239633e-01   1.6548842703e+00   2.9920381019e-01
   4.9082651997e-01   4.9027683962e-01   3.7452549198e-01   1.5985229674e+00   3.9882037464e-01
   4.9193180318e-01   4.9137620032e-01   4.7130768168e-01   1.5398284068e+00   4.9870716296e-01
   4.9305229898e-01   4.9248740604e-01   5.6996241539e-01   1.4760914681e+00   6.0225237524e-01
   4.9419488176e-01   4.9361719191e-01   6.6677654461e-01   1.4089890263e+00   7.0543805325e-01
   4.9536771504e-01   4.9477257160e-01   7.6493757805e-01   1.3354599916e+00   8.1153102368e-01
   4.9658103552e-01   4.9596285849e-01   8.6260269503e-01   1.2556503899e+00   9.1845643054e-01
   4.9784778996e-01   4.9719921256e-01   9.5996718326e-01   1.1680390371e+00   1.0262966686e+00
   4.9924818369e-01   4.9849636737e-01   1.0622740229e+00   1.0649960260e+00   1.1408353859e+00