# time = 2.6
# Grid points = 474
# Pressure (Pa) = 101325
#             1_pos             2_posf             3_uvel             4_vvel             5_wvel
  -4.9917840810e-01  -5.0000000000e-01   1.1556625870e+00   9.1806436531e-01   1.2347772342e+00
  -4.9750814511e-01  -4.9835681619e-01   1.2561510535e+00   7.8400349090e-01   1.3481401579e+00
  -4.9566236670e-01  -4.9665947403e-01   1.3531190617e+00   6.2649762140e-01   1.4580838708e+00
  -4.9337913820e-01  -4.9466525936e-01   1.4501184783e+00   4.2000500335e-01   1.5680409710e+00
  -4.9070684198e-01  -4.9209301703e-01   1.5298299257e+00   1.6549136371e-01   1.6571534791e+00
  -4.8796632188e-01  -4.8932066692e-01   1.5717439611e+00  -1.0501714297e-01   1.7009250335e+00
  -4.8525041762e-01  -4.8661197685e-01   1.5723942824e+00  -3.7546596098e-01   1.6949292226e+00
  -4.8247325112e-01  -4.8388885839e-01   1.5318457041e+00  -6.4603517324e-01   1.6390995643e+00
  -4.7971240761e-01  -4.8105764385e-01   1.4528336816e+00  -9.0013734887e-01   1.5375795762e+00
  -4.7731406729e-01  -4.7836717138e-01   1.3560580520e+00  -1.1011528146e+00   1.4168783353e+00
  -4.7535629892e-01  -4.7626096320e-01   1.2588619250e+00  -1.2477373506e+00   1.2981631556e+00
  -4.7363463088e-01  -4.7445163464e-01   1.1621816138e+00  -1.3600855946e+00   1.1821507028e+00
  -4.7205820286e-01  -4.7281762713e-01   1.0656236046e+00  -1.4480366794e+00   1.0682342194e+00
  -4.7057922324e-01  -4.7129877858e-01   9.6882511085e-01  -1.5166139659e+00   9.5599368406e-01
  -4.6916801250e-01  -4.6985966791e-01   8.7261632954e-01  -1.5681480512e+00   8.4644007808e-01
  -4.6780432622e-01  -4.6847635709e-01   7.7551130872e-01  -1.6051105719e+00   7.3799726721e-01
  -4.6647318109e-01  -4.6713229535e-01   6.7931664605e-01  -1.6279378865e+00   6.3281907715e-01
  -4.6516256736e-01  -4.6581406684e-01   5.8291439472e-01  -1.6378011753e+00   5.2981752228e-01
  -4.6386252316e-01  -4.6451106789e-01   4.8594534552e-01  -1.6349396302e+00   4.2885017925e-01
  -4.6256404824e-01  -4.6321397844e-01   3.8935086882e-01  -1.6195013782e+00   3.3114977725e-01
  -4.6125861670e-01  -4.6191411803e-01   2.9294832890e-01  -1.5915653182e+00   2.3678435818e-01
  -4.5993776484e-01  -4.6060311536e-01   1.9669755020e-01  -1.5509871352e+00   1.4602881673e-01
  -4.5859242112e-01  -4.5927241432e-01   9.9631603656e-02  -1.4967703771e+00   5.8430307083e-02
  -4.5721266704e-01  -4.5791242792e-01   3.5898527788e-03  -1.4293980893e+00  -2.3879967223e-02
  -4.5578682495e-01  -4.5651290616e-01  -9.3434808304e-02  -1.3466029930e+00  -1.0200954217e-01
  -4.5430067193e-01  -4.5506074373e-01  -1.8973845401e-01  -1.2486216401e+00  -1.7380302261e-01
  -4.5273610223e-01  -4.5354060013e-01  -2.8643937648e-01  -1.1328761008e+00  -2.3915672657e-01
  -4.5106864371e-01  -4.5193160433e-01  -3.8289042144e-01  -9.9801051505e-01  -2.9633994611e-01
  -4.4926329074e-01  -4.5020568309e-01  -4.7959161165e-01  -8.4038775435e-01  -3.4389381412e-01
  -4.4726609887e-01  -4.4832089838e-01  -5.7613283821e-01  -6.5632716852e-01  -3.7907627357e-01
  -4.4498442178e-01  -4.4621129935e-01  -6.7286846455e-01  -4.3823570265e-01  -3.9806568805e-01
  -4.4235257510e-01  -4.4375754422e-01  -7.6619313066e-01  -1.8428906343e-01  -3.9454991683e-01
  -4.3946564586e-01  -4.4094760599e-01  -8.4607998411e-01   8.5821310091e-02  -3.6471830617e-01
  -4.3633688466e-01  -4.3798368573e-01  -9.0698920975e-01   3.5702361207e-01  -3.0962512235e-01
  -4.3268516130e-01  -4.3469008358e-01  -9.4584213573e-01   6.2884782915e-01  -2.2955055602e-01
  -4.2755929390e-01  -4.3068023901e-01  -9.4591685983e-01   9.0532728398e-01  -1.2115517365e-01
  -4.2166997226e-01  -4.2443834879e-01  -8.7999077856e-01   1.0706590545e+00  -4.5495049581e-02
  -4.1704632770e-01  -4.1890159573e-01  -7.8157124994e-01   1.0915396182e+00  -4.5584337892e-02
  -4.1367958978e-01  -4.1519105967e-01  -6.8469511754e-01   1.0553061733e+00  -8.3353057995e-02
  -4.1084966285e-01  -4.1216811989e-01  -5.8815143082e-01   9.9938474254e-01  -1.3667517542e-01
  -4.0833775233e-01  -4.0953120581e-01  -4.9149467752e-01   9.3467574556e-01  -1.9718422705e-01
  -4.0603685963e-01  -4.0714429884e-01  -3.9507787977e-01   8.6609397018e-01  -2.5997359550e-01
  -4.0388289794e-01  -4.0492942043e-01  -2.9852983527e-01   7.9548264846e-01  -3.2236802475e-01
  -4.0183252169e-01  -4.0283637546e-01  -2.0204782808e-01   7.2382338655e-01  -3.8227489723e-01
  -3.9985311918e-01  -4.0082866791e-01  -1.0550460497e-01   6.5115166781e-01  -4.3835328371e-01
  -3.9791788163e-01  -3.9887757044e-01  -9.1099943327e-03   5.7729134983e-01  -4.8939225619e-01
  -3.9600259296e-01  -3.9695819283e-01   8.7510559381e-02   5.0124719548e-01  -5.3465412834e-01
  -3.9408304632e-01  -3.9504699309e-01   1.8410640215e-01   4.2213109022e-01  -5.7312161688e-01
  -3.9213230721e-01  -3.9311909955e-01   2.8056605386e-01   3.3852003118e-01  -6.0385313876e-01
  -3.9011678658e-01  -3.9114551487e-01   3.7712887782e-01   2.4801692705e-01  -6.2581901177e-01
  -3.8798888510e-01  -3.8908805828e-01   4.7376846681e-01   1.4727601007e-01  -6.3744720712e-01
  -3.8567048920e-01  -3.8688971191e-01   5.7043919729e-01   3.0693826129e-02  -6.3627649279e-01
  -3.8300187036e-01  -3.8445126649e-01   6.6753807824e-01  -1.1373073385e-01  -6.1745387234e-01
  -3.7960165421e-01  -3.8155247422e-01   7.6332336761e-01  -3.1477733085e-01  -5.6885239261e-01
  -3.7567331486e-01  -3.7765083420e-01   8.2926495347e-01  -5.6991093353e-01  -4.8638918375e-01
  -3.7184186692e-01  -3.7369579552e-01   8.4099933726e-01  -8.3960959564e-01  -3.8828762372e-01
  -3.6818376169e-01  -3.6998793832e-01   8.0090384362e-01  -1.1097831960e+00  -2.8881101969e-01
  -3.6476920525e-01  -3.6637958505e-01   7.2015811382e-01  -1.3635944270e+00  -1.9969604718e-01
  -3.6190222515e-01  -3.6315882545e-01   6.2298616904e-01  -1.5707520738e+00  -1.3244344568e-01
  -3.5955743529e-01  -3.6064562486e-01   5.2617170898e-01  -1.7305621789e+00  -8.5064832823e-02
  -3.5747581335e-01  -3.5846924571e-01   4.2940669936e-01  -1.8619923269e+00  -4.9605397965e-02
  -3.5554555589e-01  -3.5648238098e-01   3.3258422347e-01  -1.9724335578e+00  -2.2661262992e-02
  -3.5370428246e-01  -3.5460873079e-01   2.3621898055e-01  -2.0649398705e+00  -2.4315871329e-03
  -3.5191009141e-01  -3.5279983412e-01   1.3963643213e-01  -2.1419136424e+00   1.2466451889e-02
  -3.5013002733e-01  -3.5102034870e-01   4.3010808356e-02  -2.2036772635e+00   2.2841907824e-02
  -3.4833352158e-01  -3.4923970596e-01  -5.3757513142e-02  -2.2498736731e+00   2.9373020475e-02
  -3.4648782394e-01  -3.4742733720e-01  -1.5015559974e-01  -2.2790210055e+00   3.2640643357e-02
  -3.4455195495e-01  -3.4554831069e-01  -2.4683462637e-01  -2.2887470722e+00   3.3281048494e-02
  -3.4246600922e-01  -3.4355559922e-01  -3.4355767610e-01  -2.2741643068e+00   3.2031533672e-02
  -3.4012589732e-01  -3.4137641922e-01  -4.4035413431e-01  -2.2260915913e+00   3.0083581998e-02
  -3.3729386531e-01  -3.3887537541e-01  -5.3769492976e-01  -2.1226475593e+00   3.0044374296e-02
  -3.3373119516e-01  -3.3571235521e-01  -6.2520950774e-01  -1.9246972749e+00   3.9033669658e-02
  -3.3013995431e-01  -3.3175003512e-01  -6.7270901401e-01  -1.6573320743e+00   6.3325771991e-02
  -3.2713093899e-01  -3.2852987349e-01  -6.7931250651e-01  -1.3862651675e+00   9.8980383996e-02
  -3.2444947423e-01  -3.2573200448e-01  -6.6098042888e-01  -1.1152614735e+00   1.4335039057e-01
  -3.2194996463e-01  -3.2316694398e-01  -6.2523970788e-01  -8.4507729723e-01   1.9459783710e-01
  -3.1954784063e-01  -3.2073298528e-01  -5.7570280180e-01  -5.7401764971e-01   2.5164526593e-01
  -3.1718162262e-01  -3.1836269597e-01  -5.1486027364e-01  -3.0411878839e-01   3.1269708675e-01
  -3.1479564044e-01  -3.1600054927e-01  -4.4310833880e-01  -3.2829259896e-02   3.7680999966e-01
  -3.1232750552e-01  -3.1359073161e-01  -3.6105810179e-01   2.3745928791e-01   4.4147612621e-01
  -3.0974859368e-01  -3.1106427944e-01  -2.6915794995e-01   5.0269448530e-01   5.0291812824e-01
  -3.0714129829e-01  -3.0843290792e-01  -1.7279687342e-01   7.4470007876e-01   5.5325119329e-01
  -3.0455287342e-01  -3.0584968867e-01  -7.6429548432e-02   9.5103039200e-01   5.8596999013e-01
  -3.0192288339e-01  -3.0325605817e-01   2.0223694841e-02   1.1199572179e+00   5.9646634999e-01
  -2.9918504232e-01  -3.0058970861e-01   1.1655590917e-01   1.2449050392e+00   5.7820207307e-01
  -2.9625455536e-01  -2.9778037603e-01   2.1308360092e-01   1.3167153734e+00   5.2165538280e-01
  -2.9299442333e-01  -2.9472873469e-01   3.0966633065e-01   1.3175114723e+00   4.1155270360e-01
  -2.8955416173e-01  -2.9126011198e-01   3.9697786622e-01   1.2304826236e+00   2.4404771498e-01
  -2.8641489689e-01  -2.8784821147e-01   4.6134141593e-01   1.0785375459e+00   5.1743110444e-02
  -2.8367227528e-01  -2.8498158232e-01   5.0406966339e-01   8.9545800282e-01  -1.4055607929e-01
  -2.8109973593e-01  -2.8236296824e-01   5.3136021477e-01   6.9086736969e-01  -3.3223743054e-01
  -2.7855854486e-01  -2.7983650363e-01   5.4525091595e-01   4.6662619961e-01  -5.2402698352e-01
  -2.7591378759e-01  -2.7728058609e-01   5.4478578372e-01   2.2074268309e-01  -7.1627504405e-01
  -2.7306953365e-01  -2.7454698909e-01   5.2615260764e-01  -4.3597835226e-02  -9.0203754639e-01
  -2.6996238336e-01  -2.7159207822e-01   4.8308228100e-01  -3.1501319898e-01  -1.0652185053e+00
  -2.6657645717e-01  -2.6833268850e-01   4.0818941364e-01  -5.6994044336e-01  -1.1790844304e+00
  -2.6342123777e-01  -2.6482022584e-01   3.1268744274e-01  -7.5402784887e-01  -1.2142220684e+00
  -2.6083514468e-01  -2.6202224969e-01   2.1573270768e-01  -8.5692870239e-01  -1.1845634633e+00
  -2.5858769354e-01  -2.5964803967e-01   1.1924967461e-01  -9.0761711282e-01  -1.1149743793e+00
  -2.5655037453e-01  -2.5752734742e-01   2.2459794417e-02  -9.2189637174e-01  -1.0169268520e+00
  -2.5465278369e-01  -2.5557340165e-01  -7.3905739911e-02  -9.0831210900e-01  -8.9792767777e-01
  -2.5284972121e-01  -2.5373216573e-01  -1.7064224972e-01  -8.7222175932e-01  -7.6128237909e-01
  -2.5110888879e-01  -2.5196727669e-01  -2.6704088076e-01  -8.1747594880e-01  -6.1082331331e-01
  -2.4940443518e-01  -2.5025050088e-01  -3.6390091650e-01  -7.4605480082e-01  -4.4725452432e-01
  -2.4771352258e-01  -2.4855836948e-01  -4.6035103858e-01  -6.6022640261e-01  -2.7339337246e-01
  -2.4601470591e-01  -2.4686867567e-01  -5.5676039994e-01  -5.6076775348e-01  -8.9546046613e-02
  -2.4431234304e-01  -2.4516073614e-01  -6.5152588372e-01  -4.5003775974e-01   1.0053471498e-01
  -2.4261819605e-01  -2.4346394993e-01  -7.4275902337e-01  -3.3090518983e-01   2.9237494652e-01
  -2.4091346566e-01  -2.4177244216e-01  -8.2993182111e-01  -2.0444140889e-01   4.8435620150e-01
  -2.3916427906e-01  -2.4005448915e-01  -9.1274039646e-01  -7.0763535709e-02   6.7576377122e-01
  -2.3732807788e-01  -2.3827406896e-01  -9.9141801830e-01   7.2277328444e-02   8.6801522562e-01
  -2.3534180132e-01  -2.3638208681e-01  -1.0644064640e+00   2.2594277052e-01   1.0596153976e+00
  -2.3309001431e-01  -2.3430151584e-01  -1.1301661998e+00   3.9667361973e-01   1.2522509113e+00
  -2.3027701721e-01  -2.3187851277e-01  -1.1826551070e+00   5.9860756203e-01   1.4462706976e+00
  -2.2645548597e-01  -2.2867552165e-01  -1.1956489545e+00   8.4586470107e-01   1.6151593280e+00
  -2.2235484195e-01  -2.2423545029e-01  -1.1342430502e+00   1.0729856842e+00   1.6735210517e+00
  -2.1926377134e-01  -2.2047423360e-01  -1.0350953408e+00   1.2168354493e+00   1.6332714288e+00
  -2.1707588367e-01  -2.1805330907e-01  -9.3782346691e-01   1.3047773478e+00   1.5635220754e+00
  -2.1524632204e-01  -2.1609845826e-01  -8.4102787873e-01   1.3703833687e+00   1.4829169039e+00
  -2.1362140285e-01  -2.1439418582e-01  -7.4433364757e-01   1.4231758912e+00   1.3968290313e+00
  -2.1213035299e-01  -2.1284861988e-01  -6.4769629412e-01   1.4674137245e+00   1.3078760373e+00
  -2.1073297734e-01  -2.1141208611e-01  -5.5116513543e-01   1.5054380190e+00   1.2176359065e+00
  -2.0940352536e-01  -2.1005386857e-01  -4.5475210110e-01   1.5386920843e+00   1.1271127586e+00
  -2.0812417356e-01  -2.0875318216e-01  -3.5787741643e-01   1.5682833942e+00   1.0364706971e+00
  -2.0688161592e-01  -2.0749516496e-01  -2.6121748593e-01   1.5946149289e+00   9.4688995301e-01
  -2.0566526556e-01  -2.0626806687e-01  -1.6449245281e-01   1.6181987280e+00   8.5855490385e-01
  -2.0446637627e-01  -2.0506246426e-01  -6.8042178172e-02   1.6392428590e+00   7.7215210150e-01
  -2.0327734466e-01  -2.0387028829e-01   2.8271003784e-02   1.6579669695e+00   6.8788732227e-01
  -2.0209126970e-01  -2.0268440103e-01   1.2455660764e-01   1.6744793824e+00   6.0598370015e-01
  -2.0090147165e-01  -2.0149813836e-01   2.2186713374e-01   1.6889136963e+00   5.2593197841e-01
  -1.9970122365e-01  -2.0030480494e-01   3.1822204809e-01   1.7008960277e+00   4.4971198976e-01
  -1.9848348986e-01  -1.9909764236e-01   4.1467089592e-01   1.7104419809e+00   3.7680781627e-01
  -1.9724048137e-01  -1.9786933735e-01   5.1120957553e-01   1.7172931931e+00   3.0764691261e-01
  -1.9596323099e-01  -1.9661162539e-01   6.0768398600e-01   1.7210770273e+00   2.4281531599e-01
  -1.9464093815e-01  -1.9531483659e-01   7.0422564126e-01   1.7212905227e+00   1.8278988052e-01
  -1.9325989426e-01  -1.9396703971e-01   8.0101477326e-01   1.7172000345e+00   1.2818268445e-01
  -1.9180212350e-01  -1.9255274881e-01   8.9752311367e-01   1.7078139458e+00   8.0181762142e-02
  -1.9024256431e-01  -1.9105149818e-01   9.9417430048e-01   1.6916254365e+00   3.9740693083e-02
  -1.8854366466e-01  -1.8943363044e-01   1.0908285949e+00   1.6663568732e+00   8.6154338298e-03
  -1.8664397079e-01  -1.8765369889e-01   1.1875249301e+00   1.6281845429e+00  -1.0621869882e-02
  -1.8442730585e-01  -1.8563424269e-01   1.2843620152e+00   1.5698380325e+00  -1.3477080056e-02
  -1.8160313917e-01  -1.8322036901e-01   1.3820431180e+00   1.4729531944e+00   1.0302820079e-02
  -1.7756259117e-01  -1.7998590933e-01   1.4711023653e+00   1.2903203749e+00   8.6254645326e-02
  -1.7303185648e-01  -1.7513927301e-01   1.5073520853e+00   1.0307623259e+00   2.0504594113e-01
  -1.6908706558e-01  -1.7092443995e-01   1.4865771613e+00   7.6064548806e-01   3.1719154826e-01
  -1.6556874658e-01  -1.6724969121e-01   1.4313553313e+00   4.9030772917e-01   4.0828543699e-01
  -1.6230329771e-01  -1.6388780195e-01   1.3529425913e+00   2.2065733495e-01   4.7510292408e-01
  -1.5930533986e-01  -1.6071879347e-01   1.2602075129e+00  -3.9556395309e-02   5.1613831842e-01
  -1.5665937975e-01  -1.5789188625e-01   1.1636051015e+00  -2.7533119839e-01   5.3326617796e-01
  -1.5431114807e-01  -1.5542687324e-01   1.0670441553e+00  -4.8742284807e-01   5.3236458040e-01
  -1.5216225868e-01  -1.5319542290e-01   9.7044073140e-01  -6.8188860916e-01   5.1795619535e-01
  -1.5015713276e-01  -1.5112909446e-01   8.7403050594e-01  -8.6144975449e-01   4.9295756631e-01
  -1.4825992434e-01  -1.4918517106e-01   7.7744907917e-01  -1.0286339986e+00   4.5923178442e-01
  -1.4644521115e-01  -1.4733467761e-01   6.8101744440e-01  -1.1839656210e+00   4.1826957468e-01
  -1.4469345284e-01  -1.4555574469e-01   5.8441235673e-01  -1.3285684324e+00   3.7092987610e-01
  -1.4298867368e-01  -1.4383116098e-01   4.8792081429e-01  -1.4622428037e+00   3.1804544342e-01
  -1.4131690759e-01  -1.4214618637e-01   3.9164416939e-01  -1.5848661199e+00   2.6016739229e-01
  -1.3966534044e-01  -1.4048762881e-01   2.9470049005e-01  -1.6971108840e+00   1.9696757147e-01
  -1.3802137227e-01  -1.3884305207e-01   1.9846509072e-01  -1.7967389364e+00   1.2939477747e-01
  -1.3637181817e-01  -1.3719969246e-01   1.0187020256e-01  -1.8839336367e+00   5.6578911952e-02
  -1.3470202479e-01  -1.3554394387e-01   5.2069591859e-03  -1.9568232981e+00  -2.1706817595e-02
  -1.3299460342e-01  -1.3386010571e-01  -9.1236052499e-02  -2.0131161568e+00  -1.0590915269e-01
  -1.3122742364e-01  -1.3212910114e-01  -1.8776056336e-01  -2.0499562121e+00  -1.9739761780e-01
  -1.2936992205e-01  -1.3032574614e-01  -2.8439729769e-01  -2.0626483340e+00  -2.9801760153e-01
  -1.2737607576e-01  -1.2841409796e-01  -3.8102717194e-01  -2.0437975523e+00  -4.1058920062e-01
  -1.2516795232e-01  -1.2633805357e-01  -4.7765057515e-01  -1.9806863525e+00  -5.4029068473e-01
  -1.2259649311e-01  -1.2399785107e-01  -5.7449697241e-01  -1.8469976974e+00  -6.9821236726e-01
  -1.1978118372e-01  -1.2119513514e-01  -6.5849605076e-01  -1.6260231921e+00  -8.7774968967e-01
  -1.1722127913e-01  -1.1836723231e-01  -7.1375014575e-01  -1.3576383151e+00  -1.0465458659e+00
  -1.1509287231e-01  -1.1607532595e-01  -7.4364332896e-01  -1.0859896735e+00  -1.1904990369e+00
  -1.1322832905e-01  -1.1411041867e-01  -7.5804879988e-01  -8.1501400105e-01  -1.3184445850e+00
  -1.1153107570e-01  -1.1234623943e-01  -7.6210276471e-01  -5.4446242880e-01  -1.4358258016e+00
  -1.0994725144e-01  -1.1071591197e-01  -7.5864234798e-01  -2.7296204815e-01  -1.5461011723e+00
  -1.0844209005e-01  -1.0917859092e-01  -7.4951841996e-01  -2.7310451813e-03  -1.6501635131e+00
  -1.0699069130e-01  -1.0770558918e-01  -7.3595303837e-01   2.6801421116e-01  -1.7499058863e+00
  -1.0557379342e-01  -1.0627579343e-01  -7.1880727582e-01   5.3964428887e-01  -1.8462265714e+00
  -1.0417484262e-01  -1.0487179340e-01  -6.9903135053e-01   8.0896194581e-01  -1.9385866506e+00
  -1.0277836491e-01  -1.0347789183e-01  -6.7683386621e-01   1.0810260638e+00  -2.0290903958e+00
  -1.0136848770e-01  -1.0207883800e-01  -6.5307979287e-01   1.3512715115e+00  -2.1164275816e+00
  -9.9927160114e-02  -1.0065813741e-01  -6.2808133514e-01   1.6217530295e+00  -2.2013815060e+00
  -9.8431492431e-02  -9.9196182820e-02  -6.0225316339e-01   1.8930706734e+00  -2.2840429243e+00
  -9.6849353975e-02  -9.7666802042e-02  -5.7630173361e-01   2.1635345929e+00  -2.3635881869e+00
  -9.5128935434e-02  -9.6031905908e-02  -5.5076586889e-01   2.4351054506e+00  -2.4398602751e+00
  -9.3169554815e-02  -9.4225964960e-02  -5.2688163110e-01   2.7075038533e+00  -2.5110484896e+00
  -9.0693116826e-02  -9.2113144671e-02  -5.0741770226e-01   2.9821362644e+00  -2.5724775903e+00
  -8.6064311804e-02  -8.9273088982e-02  -5.1388379761e-01   3.2320125890e+00  -2.5787792270e+00
  -8.1038906322e-02  -8.2855534627e-02  -5.7972449826e-01   3.1325715742e+00  -2.4290857448e+00
  -7.8108252031e-02  -7.9222278017e-02  -6.4973874910e-01   2.8592430406e+00  -2.2464701175e+00
  -7.6119770026e-02  -7.6994226045e-02  -7.0848041262e-01   2.5858651486e+00  -2.0813517378e+00
  -7.4493656872e-02  -7.5245314008e-02  -7.6177478917e-01   2.3140993077e+00  -1.9226609927e+00
  -7.3066926550e-02  -7.3741999736e-02  -8.1167745138e-01   2.0419337339e+00  -1.7661130313e+00
  -7.1768786630e-02  -7.2391853364e-02  -8.5847040269e-01   1.7719412610e+00  -1.6118165219e+00
  -7.0560251636e-02  -7.1145719897e-02  -9.0294753987e-01   1.5019775871e+00  -1.4577888138e+00
  -6.9417550346e-02  -6.9974783374e-02  -9.4576272074e-01   1.2291470085e+00  -1.3018950393e+00
  -6.8324055410e-02  -6.8860317318e-02  -9.8598845110e-01   9.6028753990e-01  -1.1476997509e+00
  -6.7267461975e-02  -6.7787793503e-02  -1.0246018038e+00   6.8956218294e-01  -9.9159451102e-01
  -6.6238617133e-02  -6.6747130448e-02  -1.0615286527e+00   4.1739136714e-01  -8.3356862160e-01
  -6.5229849759e-02  -6.5730103818e-02  -1.0963149594e+00   1.4714360813e-01  -6.7536845105e-01
  -6.4234582529e-02  -6.4729595701e-02  -1.1292228087e+00  -1.2327413021e-01  -5.1558005187e-01
  -6.3247023061e-02  -6.3739569357e-02  -1.1602149847e+00  -3.9411204488e-01  -3.5383823018e-01
  -6.2261713444e-02  -6.2754476766e-02  -1.1892021267e+00  -6.6549545955e-01  -1.8982651129e-01
  -6.1273271772e-02  -6.1768950123e-02  -1.2159166015e+00  -9.3601326602e-01  -2.4146883118e-02
  -6.0276158330e-02  -6.0777593420e-02  -1.2402898823e+00  -1.2064319459e+00   1.4394803093e-01
  -5.9264388663e-02  -5.9774723239e-02  -1.2621114006e+00  -1.4766590969e+00   3.1474372282e-01
  -5.8231038661e-02  -5.8754054088e-02  -1.2812536207e+00  -1.7489690585e+00   4.9015334228e-01
  -5.7167898835e-02  -5.7708023234e-02  -1.2970829811e+00  -2.0195933995e+00   6.6830665341e-01
  -5.6065022706e-02  -5.6627774435e-02  -1.3091829471e+00  -2.2879923949e+00   8.4944065930e-01
  -5.4910797379e-02  -5.5502270977e-02  -1.3171219939e+00  -2.5611134089e+00   1.0393068670e+00
  -5.3708034454e-02  -5.4319323781e-02  -1.3196715533e+00  -2.8255476025e+00   1.2297964749e+00
  -5.2463138266e-02  -5.3096745126e-02  -1.3160862675e+00  -3.0802120093e+00   1.4212353698e+00
  -5.1166546254e-02  -5.1829531406e-02  -1.3054171749e+00  -3.3213788330e+00   1.6122997332e+00
  -4.9801008403e-02  -5.0503561102e-02  -1.2860777067e+00  -3.5491901748e+00   1.8053873159e+00
  -4.8342526768e-02  -4.9098455703e-02  -1.2565807251e+00  -3.7551139512e+00   1.9964390613e+00
  -4.6754581213e-02  -4.7586597833e-02  -1.2137110316e+00  -3.9367909594e+00   2.1883108478e+00
  -4.4974374735e-02  -4.5922564593e-02  -1.1526466820e+00  -4.0838164387e+00   2.3802291935e+00
  -4.2998052848e-02  -4.4026184878e-02  -1.0691121975e+00  -4.1755307705e+00   2.5631542321e+00
  -4.1070655474e-02  -4.1969920818e-02  -9.7288391174e-01  -4.1923753059e+00   2.7091548957e+00
  -3.9362305491e-02  -4.0171390129e-02  -8.7632715287e-01  -4.1470123917e+00   2.8100244082e+00
  -3.7805683954e-02  -3.8553220854e-02  -7.7960750292e-01  -4.0576793791e+00   2.8785541944e+00
  -3.6354604293e-02  -3.7058147054e-02  -6.8291438728e-01  -3.9350508874e+00   2.9219914385e+00
  -3.4979688191e-02  -3.5651061533e-02  -5.8651323703e-01  -3.7863683592e+00   2.9449796090e+00
  -3.3660687901e-02  -3.4308314849e-02  -4.9005920834e-01  -3.6157393741e+00   2.9506959954e+00
  -3.2382721616e-02  -3.3013060953e-02  -3.9332407617e-01  -3.4258907381e+00   2.9411093512e+00
  -3.1134000315e-02  -3.1752382279e-02  -2.9657642914e-01  -3.2196696216e+00   2.9175708388e+00
  -2.9904597774e-02  -3.0515618351e-02  -1.9992812868e-01  -2.9991919904e+00   2.8810753407e+00
  -2.8685747466e-02  -2.9293577198e-02  -1.0338438211e-01  -2.7659498751e+00   2.8322493561e+00
  -2.7469270579e-02  -2.8077917734e-02  -6.8906488786e-03  -2.5209458760e+00   2.7713575216e+00
  -2.6247064189e-02  -2.6860623423e-02   8.9622264152e-02  -2.2648449616e+00   2.6983194093e+00
  -2.5014821667e-02  -2.5633504956e-02   1.8585673385e-01  -1.9990926033e+00   2.6130612906e+00
  -2.3783464998e-02  -2.4396138378e-02   2.8022366824e-01  -1.7288283174e+00   2.5167518189e+00
  -2.2559798503e-02  -2.3170791618e-02   3.7158601149e-01  -1.4582164492e+00   2.4104995696e+00
  -2.1333573805e-02  -2.1948805389e-02   4.6016068577e-01  -1.1874393327e+00   2.2938897344e+00
  -2.0092652379e-02  -2.0718342222e-02   5.4617016771e-01  -9.1635250561e-01   2.1659863092e+00
  -1.8823713972e-02  -1.9466962537e-02   6.2964089729e-01  -6.4514330734e-01   2.0255379037e+00
  -1.7510956879e-02  -1.8180465406e-02   7.1033986818e-01  -3.7460946477e-01   1.8710860867e+00
  -1.6134263046e-02  -1.6841448352e-02   7.8837958442e-01  -1.0404966929e-01   1.6994367777e+00
  -1.4716027676e-02  -1.5427077741e-02   8.6098458990e-01   1.5720623699e-01   1.5134746405e+00
  -1.3323109993e-02  -1.4004977611e-02   9.2464089642e-01   3.9618272835e-01   1.3205726150e+00
  -1.1982185388e-02  -1.2641242376e-02   9.7705389554e-01   6.0279555860e-01   1.1298296503e+00
  -1.0682244316e-02  -1.1323128401e-02   1.0200787241e+00   7.8256212367e-01   9.3834599340e-01
  -9.4147914636e-03  -1.0041360232e-02   1.0542314308e+00   9.3635978503e-01   7.4653093600e-01
  -8.1726570787e-03  -8.7882226952e-03   1.0799935795e+00   1.0651046125e+00   5.5471904553e-01
  -6.9495966886e-03  -7.5570914623e-03   1.0978200678e+00   1.1697722281e+00   3.6308003825e-01
  -5.7399918747e-03  -6.3421019150e-03   1.1081139859e+00   1.2512899192e+00   1.7165370775e-01
  -4.5386011756e-03  -5.1378818345e-03   1.1112091461e+00   1.3104547086e+00  -1.9616852505e-02
  -3.3403364641e-03  -3.9393205168e-03   1.1073592625e+00   1.3478744843e+00  -2.1085228500e-01
  -2.1400090595e-03  -2.7413524114e-03   1.0966154569e+00   1.3638896927e+00  -4.0348467306e-01
  -9.3212634877e-04  -1.5386657077e-03   1.0792172189e+00   1.3584367417e+00  -5.9501317222e-01
   2.8931424925e-04  -3.2558698988e-04   1.0552249643e+00   1.3318021255e+00  -7.8639829899e-01
   1.5311812089e-03   9.0421548837e-04   1.0245928832e+00   1.2837624492e+00  -9.7790163578e-01
   2.8016617177e-03   2.1581469294e-03   9.8724910561e-01   1.2138951457e+00  -1.1693251682e+00
   4.1109605850e-03   3.4451765061e-03   9.4291977452e-01   1.1212492176e+00  -1.3609353366e+00
   5.4725294366e-03   4.7767446639e-03   8.9105383834e-01   1.0040359208e+00  -1.5532504340e+00
   6.9046774823e-03   6.1683142094e-03   8.3149419019e-01   8.6116867987e-01  -1.7446475345e+00
   8.4340799804e-03   7.6410407552e-03   7.6308891920e-01   6.8897660097e-01  -1.9359742279e+00
   1.0104145255e-02   9.2271192055e-03   6.8370985754e-01   4.8062867830e-01  -2.1282651283e+00
   1.1941516552e-02   1.0981171305e-02   5.9302235132e-01   2.3341933762e-01  -2.3159366364e+00
   1.3844002375e-02   1.2901861799e-02   4.9802140242e-01  -3.4499208171e-02  -2.4807317860e+00
   1.5719327137e-02   1.4786142951e-02   4.0467285344e-01  -3.0593385674e-01  -2.6122371956e+00
   1.7600566921e-02   1.6652511322e-02   3.1420759332e-01  -5.7633809184e-01  -2.7099179987e+00
   1.9538400328e-02   1.8548622520e-02   2.2582899188e-01  -8.4734889441e-01  -2.7736606900e+00
   2.1598120379e-02   2.0528178135e-02   1.3941992465e-01  -1.1188310319e+00  -2.7987998698e+00
   2.3888292623e-02   2.2668062623e-02   5.4926661517e-02  -1.3903074135e+00  -2.7746536053e+00
   2.6618799763e-02   2.5108522624e-02  -2.7644484547e-02  -1.6600445499e+00  -2.6754081621e+00
   2.9401618874e-02   2.8129076902e-02  -9.0540929012e-02  -1.8644551165e+00  -2.5026791755e+00
   3.1692531966e-02   3.0674160846e-02  -1.2527009097e-01  -1.9700794527e+00  -2.3095025175e+00
   3.3600221992e-02   3.2710903086e-02  -1.4254165378e-01  -2.0108308146e+00  -2.1173191992e+00
   3.5300111210e-02   3.4489540898e-02  -1.4946661113e-01  -2.0095619349e+00  -1.9247501659e+00
   3.6869555690e-02   3.6110681521e-02  -1.4920286429e-01  -1.9765847788e+00  -1.7334296428e+00
   3.8351830203e-02   3.7628429858e-02  -1.4356917106e-01  -1.9173471630e+00  -1.5418347648e+00
   3.9774323875e-02   3.9075230547e-02  -1.3366799660e-01  -1.8351534951e+00  -1.3504015887e+00
   4.1156420734e-02   4.0473417203e-02  -1.2014600252e-01  -1.7312607682e+00  -1.1579628018e+00
   4.2513044807e-02   4.1839424264e-02  -1.0370846350e-01  -1.6082185307e+00  -9.6689474508e-01
   4.3856500443e-02   4.3186665349e-02  -8.4608875351e-02  -1.4656890773e+00  -7.7545189083e-01
   4.5197538296e-02   4.4526335537e-02  -6.3027373768e-02  -1.3031178856e+00  -5.8300065048e-01
   4.6546249027e-02   4.5868741055e-02  -3.9503768039e-02  -1.1228861253e+00  -3.9240929054e-01
   4.7912792377e-02   4.7223756999e-02  -1.3700680263e-02  -9.2077620901e-01  -1.9982584990e-01
   4.9307828469e-02   4.8601827754e-02   1.3757315671e-02  -7.0011522500e-01  -9.2477604920e-03
   5.0743392454e-02   5.0013829184e-02   4.3363052150e-02  -4.5534902236e-01   1.8305855973e-01
   5.2207825414e-02   5.1472955725e-02   7.4235339095e-02  -1.9225937624e-01   3.7151937635e-01
   5.3650667067e-02   5.2942695103e-02   1.0503390530e-01   7.8355611069e-02   5.4898500031e-01
   5.5047776467e-02   5.4358639031e-02   1.3481461110e-01   3.4790098707e-01   7.1161472216e-01
   5.6414013560e-02   5.5736913904e-02   1.6406999483e-01   6.2031421886e-01   8.6343255132e-01
   5.7762323677e-02   5.7091113216e-02   1.9226319753e-01   8.8999392930e-01   1.0027047102e+00
   5.9104466362e-02   5.8433534137e-02   2.1982298148e-01   1.1603680475e+00   1.1324427155e+00
   6.0451808752e-02   5.9775398588e-02   2.4687951996e-01   1.4322874320e+00   1.2537786372e+00
   6.1816225066e-02   6.1128218917e-02   2.7303488969e-01   1.7012202322e+00   1.3654751228e+00
   6.3211375120e-02   6.2504231215e-02   2.9897549483e-01   1.9738549774e+00   1.4708463042e+00
   6.4653930942e-02   6.3918519026e-02   3.2412149560e-01   2.2438688296e+00   1.5678439168e+00
   6.6165814248e-02   6.5389342859e-02   3.4877764056e-01   2.5143558284e+00   1.6580547198e+00
   6.7779318088e-02   6.6942285637e-02   3.7295442701e-01   2.7857677690e+00   1.7418056427e+00
   6.9546485745e-02   6.8616350540e-02   3.9640685358e-01   3.0563601629e+00   1.8186797102e+00
   7.1567532276e-02   7.0476620951e-02   4.1911789708e-01   3.3288735039e+00   1.8893133915e+00
   7.4104885422e-02   7.2658443602e-02   4.4023954481e-01   3.6028621224e+00   1.9528384945e+00
   7.7526520153e-02   7.5551327241e-02   4.5401747019e-01   3.8401768174e+00   1.9995939495e+00
   8.1476905976e-02   7.9501713064e-02   4.4647133776e-01   3.9149917475e+00   2.0065824896e+00
   8.5477905063e-02   8.3452098887e-02   4.0942032460e-01   3.7618025830e+00   1.9682560997e+00
   8.8741837857e-02   8.7503711239e-02   3.5699712115e-01   3.4798559131e+00   1.9081538872e+00
   9.0981550477e-02   8.9979964474e-02   3.0888326189e-01   3.2072164337e+00   1.8520818551e+00
   9.2861396960e-02   9.1983136480e-02   2.6153488077e-01   2.9357658547e+00   1.7963277549e+00
   9.4541878575e-02   9.3739657440e-02   2.1424839977e-01   2.6639779160e+00   1.7398619985e+00
   9.6096131064e-02   9.5344099709e-02   1.6720984427e-01   2.3937064050e+00   1.6826424671e+00
   9.7565832357e-02   9.6848162418e-02   1.2012720654e-01   2.1234141797e+00   1.6240311591e+00
   9.8977729923e-02   9.8283502295e-02   7.2791859196e-02   1.8517211504e+00   1.5634313035e+00
   1.0035123539e-01   9.9671957551e-02   2.5846971510e-02   1.5819183880e+00   1.5013139816e+00
   1.0170158899e-01   1.0103051323e-01  -2.1293626654e-02   1.3100452200e+00   1.4364915897e+00
   1.0304161504e-01   1.0237266476e-01  -6.7721431816e-02   1.0405695774e+00   1.3697413366e+00
   1.0438312125e-01   1.0371056532e-01  -1.1401462433e-01   7.6913203621e-01   1.2996608208e+00
   1.0573772454e-01   1.0505567718e-01  -1.5948944529e-01   4.9841726223e-01   1.2265362759e+00
   1.0711777092e-01   1.0641977189e-01  -2.0393081293e-01   2.2802244641e-01   1.1498171647e+00
   1.0853732118e-01   1.0781576996e-01  -2.4698493170e-01  -4.2155722112e-02   1.0689218334e+00
   1.1001381601e-01   1.0925887241e-01  -2.8837164475e-01  -3.1368278696e-01   9.8259236406e-01
   1.1157029742e-01   1.1076875960e-01  -3.2709558112e-01  -5.8494418683e-01   8.9028255192e-01
   1.1323910999e-01   1.1237183524e-01  -3.6199327374e-01  -8.5521719842e-01   7.9084184703e-01
   1.1507083258e-01   1.1410638474e-01  -3.9154555696e-01  -1.1260086886e+00   6.8150766417e-01
   1.1715595752e-01   1.1603528043e-01  -4.1263552597e-01  -1.3977022523e+00   5.5813483662e-01
   1.1969438156e-01   1.1827663460e-01  -4.1839211500e-01  -1.6705731476e+00   4.1216476457e-01
   1.2294359536e-01   1.2111212852e-01  -3.9240732712e-01  -1.9231693346e+00   2.3657307381e-01
   1.2658882411e-01   1.2477506220e-01  -3.2038489308e-01  -2.0828329692e+00   5.8836376116e-02
   1.2978377682e-01   1.2840258601e-01  -2.2372269862e-01  -2.1214558402e+00  -7.6247376589e-02
   1.3235774354e-01   1.3116496762e-01  -1.2671907730e-01  -2.0895378983e+00  -1.6943463463e-01
   1.3465455028e-01   1.3355051945e-01  -2.9988496518e-02  -2.0208228284e+00  -2.4080590680e-01
   1.3682756115e-01   1.3575858111e-01   6.6928537001e-02  -1.9265152626e+00  -2.9872915422e-01
   1.3897182370e-01   1.3789654119e-01   1.6342005344e-01  -1.8117555663e+00  -3.4713640086e-01
   1.4117369974e-01   1.4004710620e-01   2.6022264633e-01  -1.6763195029e+00  -3.8921905136e-01
   1.4354874708e-01   1.4230029328e-01   3.5712093507e-01  -1.5169849641e+00  -4.2719077970e-01
   1.4633888714e-01   1.4479720088e-01   4.5469505919e-01  -1.3205147669e+00  -4.6426874257e-01
   1.4981236160e-01   1.4788057341e-01   5.4173979861e-01  -1.0754811466e+00  -5.0296027107e-01
   1.5385946366e-01   1.5174414979e-01   5.8380477368e-01  -8.0516715852e-01  -5.4298476721e-01
   1.5819320894e-01   1.5597477754e-01   5.4837034797e-01  -5.5016053154e-01  -5.8358206661e-01
   1.6184740152e-01   1.6041164034e-01   4.5599619450e-01  -3.6879545027e-01  -6.1600486830e-01
   1.6440447902e-01   1.6328316269e-01   3.5836130878e-01  -2.6278772822e-01  -6.3612459565e-01
   1.6650136438e-01   1.6552579535e-01   2.6142542358e-01  -1.8884027470e-01  -6.4966977639e-01
   1.6837033901e-01   1.6747693341e-01   1.6470904201e-01  -1.3264673177e-01  -6.5851806792e-01
   1.7010830122e-01   1.6926374462e-01   6.7910079395e-02  -8.8400216907e-02  -6.6324907712e-01
   1.7177006805e-01   1.7095285781e-01  -2.8694905337e-02  -5.3333656767e-02  -6.6395970329e-01
   1.7339327517e-01   1.7258727828e-01  -1.2514679050e-01  -2.5757851324e-02  -6.6053839650e-01
   1.7500830949e-01   1.7419927206e-01  -2.2187283078e-01  -4.6851681338e-03  -6.5260909878e-01
   1.7664414492e-01   1.7581734693e-01  -3.1834608252e-01   1.0158490446e-02  -6.3964727456e-01
   1.7833348868e-01   1.7747094292e-01  -4.1515753142e-01   1.8788020145e-02  -6.2067610619e-01
   1.8011963246e-01   1.7919603443e-01  -5.1175525118e-01   2.0547232909e-02  -5.9440387518e-01
   1.8207106981e-01   1.8104323049e-01  -6.0865106549e-01   1.3975455433e-02  -5.5832060139e-01
   1.8432341455e-01   1.8309890913e-01  -7.0566338998e-01  -4.3626017243e-03  -5.0775709642e-01
   1.8730324195e-01   1.8554791997e-01  -8.0447782006e-01  -4.5853265185e-02  -4.2785146259e-01
   1.9198932527e-01   1.8905856393e-01  -8.7862963467e-01  -1.4660915121e-01  -2.8387905654e-01
   1.9726099767e-01   1.9492008661e-01  -8.4490736102e-01  -2.9633609475e-01  -1.2259226800e-01
   2.0095746375e-01   1.9960190873e-01  -7.4561191882e-01  -4.1458938384e-01  -2.9599489238e-02
   2.0338988416e-01   2.0231301878e-01  -6.4820036639e-01  -4.9265764850e-01   1.3500369135e-02
   2.0540576969e-01   2.0446674954e-01  -5.5116778294e-01  -5.5454283198e-01   3.5375931832e-02
   2.0720180342e-01   2.0634478985e-01  -4.5461671776e-01  -6.0545785682e-01   4.2838875281e-02
   2.0886272091e-01   2.0805881699e-01  -3.5786946142e-01  -6.4791782266e-01   3.8942548115e-02
   2.1043552366e-01   2.0966662483e-01  -2.6140544657e-01  -6.8272562699e-01   2.5303370874e-02
   2.1195075282e-01   2.1120442249e-01  -1.6469973602e-01  -7.1053918427e-01   2.7984348389e-03
   2.1343051381e-01   2.1269708315e-01  -6.8063393673e-02  -7.3136353111e-01  -2.7968235637e-02
   2.1489263354e-01   2.1416394446e-01   2.8460806934e-02  -7.4508231543e-01  -6.6638337425e-02
   2.1635282734e-01   2.1562132261e-01   1.2496066627e-01  -7.5136850803e-01  -1.1310000040e-01
   2.1782637853e-01   2.1708433207e-01   2.2153671394e-01  -7.4961800192e-01  -1.6745155536e-01
   2.1932969182e-01   2.1856842500e-01   3.1819183379e-01  -7.3890294476e-01  -2.2993049146e-01
   2.2088202986e-01   2.2009095864e-01   4.1471692181e-01  -7.1795226263e-01  -3.0080121262e-01
   2.2250829290e-01   2.2167310109e-01   5.1137138704e-01  -6.8479016990e-01  -3.8093623519e-01
   2.2424396686e-01   2.2334348470e-01   6.0800798183e-01  -6.3652218202e-01  -4.7132538010e-01
   2.2614578731e-01   2.2514444901e-01   7.0472925614e-01  -5.6825703978e-01  -5.7392410573e-01
   2.2832036589e-01   2.2714712560e-01   8.0155213362e-01  -4.7094022735e-01  -6.9222022730e-01
   2.3104116554e-01   2.2949360617e-01   8.9946778721e-01  -3.2090296941e-01  -8.3604620684e-01
   2.3446740230e-01   2.3258872491e-01   9.8189954572e-01  -9.4311340738e-02  -9.9780615345e-01
   2.3803867974e-01   2.3634607970e-01   1.0179539031e+00   1.7614542888e-01  -1.1307030138e+00
   2.4135828121e-01   2.3973127978e-01   1.0039552773e+00   4.4697004306e-01  -1.2091686069e+00
   2.4464229029e-01   2.4298528263e-01   9.4732682302e-01   7.1771389858e-01  -1.2365974612e+00
   2.4774388155e-01   2.4629929796e-01   8.5953632134e-01   9.6145903643e-01  -1.2147864350e+00
   2.5038396827e-01   2.4918846514e-01   7.6232281907e-01   1.1492376759e+00  -1.1597515644e+00
   2.5265231116e-01   2.5157947139e-01   6.6562701485e-01   1.2888406980e+00  -1.0871959275e+00
   2.5473031395e-01   2.5372515093e-01   5.6890171965e-01   1.3949408666e+00  -1.0021593671e+00
   2.5670511721e-01   2.5573547696e-01   4.7213623694e-01   1.4731724485e+00  -9.0701715223e-01
   2.5863194685e-01   2.5767475745e-01   3.7565390564e-01   1.5258049460e+00  -8.0332362411e-01
   2.6055367048e-01   2.5958913624e-01   2.7921579674e-01   1.5536508501e+00  -6.9139029757e-01
   2.6251072899e-01   2.6151820472e-01   1.8253455119e-01   1.5556920894e+00  -5.7085361786e-01
   2.6454940182e-01   2.6350325326e-01   8.5724799715e-02   1.5290854021e+00  -4.4129597429e-01
   2.6673238471e-01   2.6559555038e-01  -1.0793474526e-02   1.4690929872e+00  -3.0215609798e-01
   2.6916222718e-01   2.6786921904e-01  -1.0752580659e-01   1.3662968780e+00  -1.5043152903e-01
   2.7205175754e-01   2.7045523533e-01  -2.0469780111e-01   1.2006767842e+00   1.9310538666e-02
   2.7542659499e-01   2.7364827974e-01  -2.9071076393e-01   9.6326691216e-01   1.9389420424e-01
   2.7889122059e-01   2.7720491024e-01  -3.4761272584e-01   6.9181972572e-01   3.3882179233e-01
   2.8234944938e-01   2.8057753094e-01  -3.7387695476e-01   4.2008303729e-01   4.4159826366e-01
   2.8629386712e-01   2.8412136782e-01  -3.7329007789e-01   1.4631852801e-01   5.0431167706e-01
   2.9276767405e-01   2.8846636642e-01  -3.3316441413e-01  -1.1710930424e-01   4.8718893614e-01
   3.0061497953e-01   2.9706898168e-01  -2.9428789510e-01  -7.6614662968e-02   3.4748823951e-01
   3.0637126398e-01   3.0416097737e-01  -3.1520730546e-01   1.9437403276e-01   2.2417081461e-01
   3.1056872481e-01   3.0858155059e-01  -3.6906310813e-01   4.6779436069e-01   1.6478948189e-01
   3.1463802338e-01   3.1255589902e-01  -4.4788319006e-01   7.3585580651e-01   1.5571617113e-01
   3.1872411652e-01   3.1672014775e-01  -5.4252116190e-01   9.6079102306e-01   2.0758201578e-01
   3.2287356189e-01   3.2072808529e-01  -6.3899634812e-01   1.1034473841e+00   3.2945299317e-01
   3.2687829824e-01   3.2501903849e-01  -7.1568072681e-01   1.1390334094e+00   5.0746460412e-01
   3.3033830393e-01   3.2873755799e-01  -7.5609404016e-01   1.0829657154e+00   7.0005239407e-01
   3.3344961879e-01   3.3193904987e-01  -7.6373647099e-01   9.6890604337e-01   8.9193562451e-01
   3.3648870306e-01   3.3496018770e-01  -7.4028284293e-01   8.0981766947e-01   1.0839093772e+00
   3.3967017916e-01   3.3801721842e-01  -6.8048436312e-01   6.0745776142e-01   1.2748693691e+00
   3.4270881407e-01   3.4132313990e-01  -5.9094494007e-01   3.9626806234e-01   1.4337976030e+00
   3.4523117408e-01   3.4409448823e-01  -4.9378515119e-01   2.1794075618e-01   1.5385477575e+00
   3.4737466320e-01   3.4636785992e-01  -3.9698909905e-01   7.0724345903e-02   1.6023231229e+00
   3.4931156545e-01   3.4838146648e-01  -3.0049737818e-01  -5.4981078314e-02   1.6367579201e+00
   3.5112509625e-01   3.5024166442e-01  -2.0367810982e-01  -1.6476837953e-01   1.6471042154e+00
   3.5286583623e-01   3.5200852807e-01  -1.0701074878e-01  -2.6100089521e-01   1.6356437669e+00
   3.5457029672e-01   3.5372314438e-01  -1.0350765825e-02  -3.4591623054e-01   1.6033393059e+00
   3.5626879955e-01   3.5541744907e-01   8.6137892864e-02  -4.2095923923e-01   1.5501293046e+00
   3.5799061964e-01   3.5712015003e-01   1.8270324707e-01  -4.8762687018e-01   1.4746771540e+00
   3.5976860714e-01   3.5886108925e-01   2.7928622502e-01  -5.4706448478e-01   1.3744800969e+00
   3.6164560677e-01   3.6067612502e-01   3.7600658306e-01  -6.0064746233e-01   1.2449461435e+00
   3.6366197227e-01   3.6261508852e-01   4.7155514491e-01  -6.4949010074e-01   1.0809019907e+00
   3.6568115675e-01   3.6470885602e-01   5.5721137404e-01  -6.9212777824e-01   8.9285235869e-01
   3.6754825006e-01   3.6665345748e-01   6.2553162794e-01  -7.2812217626e-01   7.0130021240e-01
   3.6928695524e-01   3.6844304263e-01   6.7919802508e-01  -7.6102391986e-01   5.0930300706e-01
   3.7094160435e-01   3.7013086785e-01   7.2051294515e-01  -7.9333606290e-01   3.1832835690e-01
   3.7254251576e-01   3.7175234086e-01   7.5169307725e-01  -8.2750263825e-01   1.2562029348e-01
   3.7411286219e-01   3.7333269067e-01   7.7332397285e-01  -8.6451595328e-01  -6.5566142132e-02
   3.7567245930e-01   3.7489303370e-01   7.8648513242e-01  -9.0603657926e-01  -2.5692186487e-01
   3.7723981263e-01   3.7645188489e-01   7.9162901378e-01  -9.5347267972e-01  -4.4864212266e-01
   3.7883443336e-01   3.7802774038e-01   7.8895592396e-01  -1.0083229619e+00  -6.4076845751e-01
   3.8047891362e-01   3.7964112633e-01   7.7855290300e-01  -1.0718491078e+00  -8.3199573447e-01
   3.8220252201e-01   3.8131670090e-01   7.6012458140e-01  -1.1466598491e+00  -1.0238889703e+00
   3.8404748900e-01   3.8308834311e-01   7.3315111505e-01  -1.2352598571e+00  -1.2153123683e+00
   3.8608416343e-01   3.8500663490e-01   6.9603421166e-01  -1.3431415157e+00  -1.4079319422e+00
   3.8845280006e-01   3.8716169196e-01   6.4619997744e-01  -1.4779846341e+00  -1.6000890934e+00
   3.9152402103e-01   3.8974390817e-01   5.7515396552e-01  -1.6626049113e+00  -1.7931127190e+00
   3.9540749083e-01   3.9330413390e-01   4.8438870767e-01  -1.8924605096e+00  -1.9375678784e+00
   3.9998842425e-01   3.9751084777e-01   3.8753049091e-01  -2.1228379701e+00  -1.9584961117e+00
   4.0461283637e-01   4.0246600073e-01   3.0857561617e-01  -2.2672863004e+00  -1.8276584428e+00
   4.0824270461e-01   4.0675967201e-01   2.6041489717e-01  -2.2910702062e+00  -1.6313991295e+00
   4.1098573482e-01   4.0972573721e-01   2.3031072430e-01  -2.2440040362e+00  -1.4388410040e+00
   4.1339891324e-01   4.1224573243e-01   2.0596873967e-01  -2.1533305063e+00  -1.2466084498e+00
   4.1565410983e-01   4.1455209406e-01   1.8320037716e-01  -2.0269431649e+00  -1.0551654180e+00
   4.1784309690e-01   4.1675612559e-01   1.5914287379e-01  -1.8658560591e+00  -8.6305705892e-01
   4.2003306119e-01   4.1893006820e-01   1.3158985266e-01  -1.6699677116e+00  -6.7152913313e-01
   4.2228473499e-01   4.2113605417e-01   9.7870814129e-02  -1.4352763009e+00  -4.8029413198e-01
   4.2453237295e-01   4.2343341581e-01   5.7270925598e-02  -1.1717707494e+00  -3.0025052509e-01
   4.2665741155e-01   4.2563133009e-01   1.1480091677e-02  -9.0115910378e-01  -1.4491407929e-01
   4.2866541872e-01   4.2768349302e-01  -3.9234882579e-02  -6.3023760194e-01  -1.4457260313e-02
   4.3060534923e-01   4.2964734442e-01  -9.5263580376e-02  -3.5980540431e-01   9.3634493331e-02
   4.3251356087e-01   4.3156335404e-01  -1.5725049514e-01  -8.9205865606e-02   1.8120763254e-01
   4.3442094964e-01   4.3346376770e-01  -2.2587111720e-01   1.8186007249e-01   2.4885624328e-01
   4.3635753672e-01   4.3537813158e-01  -3.0147753135e-01   4.5214543888e-01   2.9614150229e-01
   4.3835654627e-01   4.3733694186e-01  -3.8526387089e-01   7.2289308096e-01   3.2234820217e-01
   4.4043662500e-01   4.3937615068e-01  -4.7700922480e-01   9.9027998413e-01   3.2557563364e-01
   4.4253985249e-01   4.4149709932e-01  -5.7351273131e-01   1.2436295026e+00   3.0501818057e-01
   4.4462320710e-01   4.4358260566e-01  -6.6994183810e-01   1.4717199133e+00   2.6289122277e-01
   4.4672758775e-01   4.4566380855e-01  -7.6647576599e-01   1.6776724617e+00   2.0077066452e-01
   4.4891196447e-01   4.4779136694e-01  -8.6317055587e-01   1.8633669012e+00   1.1874115283e-01
   4.5126594965e-01   4.5003256200e-01  -9.5991473669e-01   2.0296851525e+00   1.5147683317e-02
   4.5397375997e-01   4.5249933730e-01  -1.0572375635e+00   2.1777392980e+00  -1.1651026419e-01
   4.5735951527e-01   4.5544818263e-01  -1.1496132447e+00   2.2997925360e+00  -2.8528214969e-01
   4.6162797951e-01   4.5927084791e-01  -1.2075143445e+00   2.3664329183e+00  -4.7807507483e-01
   4.6651114958e-01   4.6398511111e-01  -1.1787520201e+00   2.3483498957e+00  -6.3103325464e-01
   4.7039569429e-01   4.6903718805e-01  -1.0804510590e+00   2.2837675512e+00  -6.7949773164e-01
   4.7279185709e-01   4.7175420054e-01  -9.8266559766e-01   2.2267346745e+00  -6.6653999762e-01
   4.7471013751e-01   4.7382951364e-01  -8.8585673169e-01   2.1745999272e+00  -6.3179184648e-01
   4.7637515518e-01   4.7559076137e-01  -7.8912810538e-01   2.1254196195e+00  -5.8398393487e-01
   4.7787857922e-01   4.7715954898e-01  -6.9245226150e-01   2.0782907249e+00  -5.2696882293e-01
   4.7926958189e-01   4.7859760947e-01  -5.9593927357e-01   2.0326104037e+00  -4.6300557735e-01
   4.8057834895e-01   4.7994155431e-01  -4.9934873988e-01   1.9877466454e+00  -3.9330702804e-01
   4.8182509209e-01   4.8121514360e-01  -4.0250399790e-01   1.9431796991e+00  -3.1865671825e-01
   4.8302447802e-01   4.8243504059e-01  -3.0594958983e-01   1.8987651294e+00  -2.4016266465e-01
   4.8418778828e-01   4.8361391545e-01  -2.0996353458e-01   1.8542708547e+00  -1.5863595293e-01
   4.8532376560e-01   4.8476166111e-01  -1.1244011041e-01   1.8083560890e+00  -7.2628608094e-02
   4.8643981443e-01   4.8588587009e-01  -1.6908383801e-02   1.7623426773e+00   1.4396440409e-02
   4.8754242565e-01   4.8699375878e-01   8.0728832839e-02   1.7138884205e+00   1.0590295276e-01
   4.8863737676e-01   4.8809109251e-01   1.7668273600e-01   1.6644850729e+00   1.9813619923e-01
   4.8973025032e-01   4.8918366101e-01   2.7309147176e-01   1.6126675176e+00   2.9290497860e-01
   4.9082651997e-01   4.9027683962e-01   3.7029420534e-01   1.5577439545e+00   3.9042430503e-01
   4.9193180318e-01   4.9137620032e-01   4.6598332765e-01   1.5005466569e+00   4.8820816387e-01
   4.9305229898e-01   4.9248740604e-01   5.6352385009e-01   1.4384356131e+00   5.8957342301e-01
   4.9419488176e-01   4.9361719191e-01   6.5924456108e-01   1.3730449227e+00   6.9058671487e-01
   4.9536771504e-01   4.9477257160e-01   7.5629697009e-01   1.3013915832e+00   7.9444608900e-01
   4.9658103552e-01   4.9596285849e-01   8.5285906999e-01   1.2236178964e+00   8.9912037160e-01
   4.9784778996e-01   4.9719921256e-01   9.4912394383e-01   1.1382414840e+00   1.0046902226e+00
   4.9924818369e-01   4.9849636737e-01   1.0502753607e+00   1.0378270772e+00   1.1168175250e+00