# time = 3.1
# Grid points = 474
# Pressure (Pa) = 101325
#             1_pos             2_posf             3_uvel             4_vvel             5_wvel
  -4.9917840810e-01  -5.0000000000e-01   1.2366406347e+00   1.0450080391e+00   1.3777427594e+00
  -4.9750814511e-01  -4.9835681619e-01   1.3441694863e+00   8.9241092606e-01   1.5042313842e+00
  -4.9566236670e-01  -4.9665947403e-01   1.4479311125e+00   7.1312708000e-01   1.6269049379e+00
  -4.9337913820e-01  -4.9466525936e-01   1.5517261480e+00   4.7808311330e-01   1.7495934807e+00
  -4.9070684198e-01  -4.9209301703e-01   1.6370217089e+00   1.8837823514e-01   1.8490240148e+00
  -4.8796632188e-01  -4.8932066692e-01   1.6818714548e+00  -1.1953321768e-01   1.8978638626e+00
  -4.8525041762e-01  -4.8661197685e-01   1.6825662785e+00  -4.2737684384e-01   1.8911740869e+00
  -4.8247325112e-01  -4.8388885839e-01   1.6391755359e+00  -7.3535762585e-01   1.8288805078e+00
  -4.7971240761e-01  -4.8105764385e-01   1.5546264093e+00  -1.0245945907e+00   1.7156063818e+00
  -4.7731406729e-01  -4.7836717138e-01   1.4510692433e+00  -1.2534046259e+00   1.5809300781e+00
  -4.7535629892e-01  -4.7626096320e-01   1.3470623243e+00  -1.4202575988e+00   1.4484697439e+00
  -4.7363463088e-01  -4.7445163464e-01   1.2436074900e+00  -1.5481404463e+00   1.3190250429e+00
  -4.7205820286e-01  -4.7281762713e-01   1.1402836148e+00  -1.6482527538e+00   1.1919189744e+00
  -4.7057922324e-01  -4.7129877858e-01   1.0367024727e+00  -1.7263124608e+00   1.0666828908e+00
  -4.6916801250e-01  -4.6985966791e-01   9.3375241978e-01  -1.7849724125e+00   9.4444483132e-01
  -4.6780432622e-01  -4.6847635709e-01   8.2984337737e-01  -1.8270460017e+00   8.2344617444e-01
  -4.6647318109e-01  -4.6713229535e-01   7.2690852358e-01  -1.8530299171e+00   7.0609012448e-01
  -4.6516256736e-01  -4.6581406684e-01   6.2375157455e-01  -1.8642572806e+00   5.9116272716e-01
  -4.6386252316e-01  -4.6451106789e-01   5.1998814980e-01  -1.8610003587e+00   4.7850507048e-01
  -4.6256404824e-01  -4.6321397844e-01   4.1662557712e-01  -1.8434277570e+00   3.6949261443e-01
  -4.6125861670e-01  -4.6191411803e-01   3.1346842209e-01  -1.8116292846e+00   2.6420128056e-01
  -4.5993776484e-01  -4.6060311536e-01   2.1047369287e-01  -1.7654406728e+00   1.6293779337e-01
  -4.5859242112e-01  -4.5927241432e-01   1.0660671074e-01  -1.7037276938e+00   6.5196877280e-02
  -4.5721266704e-01  -4.5791242792e-01   3.8357157353e-03  -1.6270401783e+00  -2.6643505127e-02
  -4.5578682495e-01  -4.5651290616e-01  -9.9987027679e-02  -1.5327973591e+00  -1.1381912056e-01
  -4.5430067193e-01  -4.5506074373e-01  -2.0303820721e-01  -1.4212684913e+00  -1.9392501313e-01
  -4.5273610223e-01  -4.5354060013e-01  -3.0651446806e-01  -1.2895192007e+00  -2.6684549176e-01
  -4.5106864371e-01  -4.5193160433e-01  -4.0972331218e-01  -1.1360061524e+00  -3.3064945719e-01
  -4.4926329074e-01  -4.5020568309e-01  -5.1319979468e-01  -9.5658931768e-01  -3.8370912275e-01
  -4.4726609887e-01  -4.4832089838e-01  -6.1650507008e-01  -7.4707912600e-01  -4.2296493827e-01
  -4.4498442178e-01  -4.4621129935e-01  -7.2001832518e-01  -4.9883264019e-01  -4.4415277062e-01
  -4.4235257510e-01  -4.4375754422e-01  -8.1988158889e-01  -2.0977331487e-01  -4.4022962727e-01
  -4.3946564586e-01  -4.4094760599e-01  -9.0536549231e-01   9.7684722646e-02  -4.0694366217e-01
  -4.3633688466e-01  -4.3798368573e-01  -9.7054207966e-01   4.0638571942e-01  -3.4547123077e-01
  -4.3268516130e-01  -4.3469008358e-01  -1.0121169451e+00   7.1579468641e-01  -2.5612498444e-01
  -4.2755929390e-01  -4.3068023901e-01  -1.0121964229e+00   1.0305026962e+00  -1.3517892431e-01
  -4.2166997226e-01  -4.2443834879e-01  -9.4165042725e-01   1.2186949925e+00  -5.0758772865e-02
  -4.1704632770e-01  -4.1890159573e-01  -8.3633418344e-01   1.2424631013e+00  -5.0859006745e-02
  -4.1367958978e-01  -4.1519105967e-01  -7.3266949606e-01   1.2012201110e+00  -9.3001458616e-02
  -4.1084966285e-01  -4.1216811989e-01  -6.2936053777e-01   1.1375669024e+00  -1.5249819406e-01
  -4.0833775233e-01  -4.0953120581e-01  -5.2593058294e-01   1.0639110834e+00  -2.2001402151e-01
  -4.0603685963e-01  -4.0714429884e-01  -4.2275740048e-01   9.8584700050e-01  -2.9007419537e-01
  -4.0388289794e-01  -4.0492942043e-01  -3.1944378495e-01   9.0547274702e-01  -3.5969369913e-01
  -4.0183252169e-01  -4.0283637546e-01  -2.1620085331e-01   8.2390565229e-01  -4.2653761342e-01
  -3.9985311918e-01  -4.0082866791e-01  -1.1289244305e-01   7.4118610506e-01  -4.8910974522e-01
  -3.9791788163e-01  -3.9887757044e-01  -9.7430939958e-03   6.5711360564e-01  -5.4605895322e-01
  -3.9600259296e-01  -3.9695819283e-01   9.3647987491e-02   5.7055530672e-01  -5.9656213643e-01
  -3.9408304632e-01  -3.9504699309e-01   1.9701257342e-01   4.8050029254e-01  -6.3948421914e-01
  -3.9213230721e-01  -3.9311909955e-01   3.0023136043e-01   3.8532880091e-01  -6.7377459137e-01
  -3.9011678658e-01  -3.9114551487e-01   4.0356046900e-01   2.8231229584e-01  -6.9828434414e-01
  -3.8798888510e-01  -3.8908805828e-01   5.0697161844e-01   1.6764239022e-01  -7.1125942161e-01
  -3.8567048920e-01  -3.8688971191e-01   6.1041595064e-01   3.4940840475e-02  -7.0995360248e-01
  -3.8300187036e-01  -3.8445126649e-01   7.1431821664e-01  -1.2945285310e-01  -6.8895195733e-01
  -3.7960165421e-01  -3.8155247422e-01   8.1681443418e-01  -3.5829772017e-01  -6.3472332686e-01
  -3.7567331486e-01  -3.7765083420e-01   8.8737526427e-01  -6.4870833230e-01  -5.4271192379e-01
  -3.7184186692e-01  -3.7369579552e-01   8.9993023553e-01  -9.5569814413e-01  -4.3325108616e-01
  -3.6818376169e-01  -3.6998793832e-01   8.5702340325e-01  -1.2632287759e+00  -3.2225568137e-01
  -3.6476920525e-01  -3.6637958505e-01   7.7061794720e-01  -1.5521347765e+00  -2.2282144471e-01
  -3.6190222515e-01  -3.6315882545e-01   6.6663554971e-01  -1.7879364698e+00  -1.4778094849e-01
  -3.5955743529e-01  -3.6064562486e-01   5.6303599889e-01  -1.9698438789e+00  -9.4915678411e-02
  -3.5747581335e-01  -3.5846924571e-01   4.5948955055e-01  -2.1194472362e+00  -5.5349723972e-02
  -3.5554555589e-01  -3.5648238098e-01   3.5588174546e-01  -2.2451595410e+00  -2.5285067638e-02
  -3.5370428246e-01  -3.5460873079e-01   2.5276332661e-01  -2.3504570668e+00  -2.7123512768e-03
  -3.5191009141e-01  -3.5279983412e-01   1.4941246998e-01  -2.4380743708e+00   1.3911369268e-02
  -3.5013002733e-01  -3.5102034870e-01   4.6015608577e-02  -2.5083784196e+00   2.5488826411e-02
  -3.4833352158e-01  -3.4923970596e-01  -5.7533863478e-02  -2.5609627833e+00   3.2776792738e-02
  -3.4648782394e-01  -3.4742733720e-01  -1.6068706784e-01  -2.5941406978e+00   3.6423373470e-02
  -3.4455195495e-01  -3.4554831069e-01  -2.6414080385e-01  -2.6052119766e+00   3.7138515155e-02
  -3.4246600922e-01  -3.4355559922e-01  -3.6764153735e-01  -2.5886132520e+00   3.5744879809e-02
  -3.4012589732e-01  -3.4137641922e-01  -4.7122068249e-01  -2.5338939389e+00   3.3571901368e-02
  -3.3729386531e-01  -3.3887537541e-01  -5.7538209403e-01  -2.4161471504e+00   3.3528622567e-02
  -3.3373119516e-01  -3.3571235521e-01  -6.6902839588e-01  -2.1908267489e+00   4.3559087685e-02
  -3.3013995431e-01  -3.3175003512e-01  -7.1985542612e-01  -1.8864933203e+00   7.0663941925e-02
  -3.2713093899e-01  -3.2852987349e-01  -7.2692075649e-01  -1.5779461982e+00   1.1044671018e-01
  -3.2444947423e-01  -3.2573200448e-01  -7.0730323900e-01  -1.2694709371e+00   1.5995386992e-01
  -3.2194996463e-01  -3.2316694398e-01  -6.6905723283e-01  -9.6192844451e-01   2.1713469751e-01
  -3.1954784063e-01  -3.2073298528e-01  -6.1604832158e-01  -6.5338937973e-01   2.8078699745e-01
  -3.1718162262e-01  -3.1836269597e-01  -5.5094158906e-01  -3.4617156070e-01   3.4890728714e-01
  -3.1479564044e-01  -3.1600054927e-01  -4.7416099893e-01  -3.7370746541e-02   4.2044304279e-01
  -3.1232750552e-01  -3.1359073161e-01  -3.8636047296e-01   2.7029072315e-01   4.9259600787e-01
  -3.0974859368e-01  -3.1106427944e-01  -2.8801981270e-01   5.7220016180e-01   5.6115147778e-01
  -3.0714129829e-01  -3.0843290792e-01  -1.8490566246e-01   8.4766808120e-01   6.1731171843e-01
  -3.0455287342e-01  -3.0584968867e-01  -8.1784866561e-02   1.0825279367e+00   6.5381819380e-01
  -3.0192288339e-01  -3.0325605817e-01   2.1641862754e-02   1.2748125689e+00   6.6552916100e-01
  -2.9918504232e-01  -3.0058970861e-01   1.2472505929e-01   1.4170372715e+00   6.4514938054e-01
  -2.9625455536e-01  -2.9778037603e-01   2.2801744231e-01   1.4987772358e+00   5.8205456747e-01
  -2.9299442333e-01  -2.9472873469e-01   3.3136874931e-01   1.4996839205e+00   4.5920265712e-01
  -2.8955416173e-01  -2.9126011198e-01   4.2479917802e-01   1.4006221709e+00   2.7230204144e-01
  -2.8641489689e-01  -2.8784821147e-01   4.9367345132e-01   1.2276681922e+00   5.7730497451e-02
  -2.8367227528e-01  -2.8498158232e-01   5.3939622763e-01   1.0192747138e+00  -1.5683484318e-01
  -2.8109973593e-01  -2.8236296824e-01   5.6859943850e-01   7.8639575463e-01  -3.7071069200e-01
  -2.7855854486e-01  -2.7983650363e-01   5.8346374132e-01   5.3114913463e-01  -5.8470717064e-01
  -2.7591378759e-01  -2.7728058609e-01   5.8296615748e-01   2.5126763429e-01  -7.9921513860e-01
  -2.7306953365e-01  -2.7454698909e-01   5.6302731210e-01  -4.9622988636e-02  -1.0064864659e+00
  -2.6996238336e-01  -2.7159207822e-01   5.1693874897e-01  -3.5856681554e-01  -1.1885614074e+00
  -2.6657645717e-01  -2.6833268850e-01   4.3679749251e-01  -6.4874290113e-01  -1.3156110152e+00
  -2.6342123777e-01  -2.6482022584e-01   3.3460279454e-01  -8.5828432752e-01  -1.3548164351e+00
  -2.6083514468e-01  -2.6202224969e-01   2.3085347698e-01  -9.7541365429e-01  -1.3217230106e+00
  -2.5858769354e-01  -2.5964803967e-01   1.2760889054e-01  -1.0331111911e+00  -1.2440756635e+00
  -2.5655037453e-01  -2.5752734742e-01   2.4035934052e-02  -1.0493653334e+00  -1.1346747409e+00
  -2.5465278369e-01  -2.5557340165e-01  -7.9082952157e-02  -1.0339032998e+00  -1.0018962377e+00
  -2.5284972121e-01  -2.5373216573e-01  -1.8259882280e-01  -9.9282329468e-01  -8.4942840817e-01
  -2.5110888879e-01  -2.5196727669e-01  -2.8575314439e-01  -9.3050836112e-01  -6.8154735394e-01
  -2.4940443518e-01  -2.5025050088e-01  -3.8940121311e-01  -8.4921241563e-01  -4.9903863240e-01
  -2.4771352258e-01  -2.4855836948e-01  -4.9261064649e-01  -7.5151714617e-01  -3.0504582543e-01
  -2.4601470591e-01  -2.4686867567e-01  -5.9577646677e-01  -6.3830698852e-01  -9.9910572130e-02
  -2.4431234304e-01  -2.4516073614e-01  -6.9718320787e-01  -5.1226700325e-01   1.1217985719e-01
  -2.4261819605e-01  -2.4346394993e-01  -7.9481005629e-01  -3.7666260947e-01   3.2623345347e-01
  -2.4091346566e-01  -2.4177244216e-01  -8.8809201017e-01  -2.3271330555e-01   5.4044437022e-01
  -2.3916427906e-01  -2.4005448915e-01  -9.7670389119e-01  -8.0552402262e-02   7.5401514178e-01
  -2.3732807788e-01  -2.3827406896e-01  -1.0608953139e+00   8.2266123793e-02   9.6852747595e-01
  -2.3534180132e-01  -2.3638208681e-01  -1.1389988512e+00   2.5717830646e-01   1.1823130714e+00
  -2.3309001431e-01  -2.3430151584e-01  -1.2093670719e+00   4.5151554951e-01   1.3972538285e+00
  -2.3027701721e-01  -2.3187851277e-01  -1.2655344077e+00   6.8137037360e-01   1.6137390295e+00
  -2.2645548597e-01  -2.2867552165e-01  -1.2794387805e+00   9.6281539654e-01   1.8021828856e+00
  -2.2235484195e-01  -2.2423545029e-01  -1.2137293525e+00   1.2213404676e+00   1.8673016371e+00
  -2.1926377134e-01  -2.2047423360e-01  -1.1076331603e+00   1.3850807107e+00   1.8223908173e+00
  -2.1707588367e-01  -2.1805330907e-01  -1.0035443030e+00   1.4851827594e+00   1.7445645991e+00
  -2.1524632204e-01  -2.1609845826e-01  -8.9996513302e-01   1.5598605698e+00   1.6546256072e+00
  -2.1362140285e-01  -2.1439418582e-01  -7.9649444214e-01   1.6199531715e+00   1.5585690931e+00
  -2.1213035299e-01  -2.1284861988e-01  -6.9308463245e-01   1.6703082344e+00   1.4593157181e+00
  -2.1073297734e-01  -2.1141208611e-01  -5.8978847668e-01   1.7135906166e+00   1.3586261775e+00
  -2.0940352536e-01  -2.1005386857e-01  -4.8661874046e-01   1.7514431924e+00   1.2576208553e+00
  -2.0812417356e-01  -2.0875318216e-01  -3.8295501856e-01   1.7851265673e+00   1.1564828519e+00
  -2.0688161592e-01  -2.0749516496e-01  -2.7952111910e-01   1.8150994378e+00   1.0565290592e+00
  -2.0566526556e-01  -2.0626806687e-01  -1.7601757368e-01   1.8419446437e+00   9.5796520150e-01
  -2.0446637627e-01  -2.0506246426e-01  -7.2808061973e-02   1.8658990196e+00   8.6155732746e-01
  -2.0327734466e-01  -2.0387028829e-01   3.0254728235e-02   1.8872125843e+00   7.6753503893e-01
  -2.0209126970e-01  -2.0268440103e-01   1.3328798474e-01   1.9060086384e+00   6.7614730556e-01
  -2.0090147165e-01  -2.0149813836e-01   2.3741796417e-01   1.9224392580e+00   5.8682589798e-01
  -1.9970122365e-01  -2.0030480494e-01   3.4052533567e-01   1.9360788530e+00   5.0177990353e-01
  -1.9848348986e-01  -1.9909764236e-01   4.4373319322e-01   1.9469451898e+00   4.2043366050e-01
  -1.9724048137e-01  -1.9786933735e-01   5.4703714411e-01   1.9547441816e+00   3.4326411832e-01
  -1.9596323099e-01  -1.9661162539e-01   6.5027228396e-01   1.9590516657e+00   2.7092517206e-01
  -1.9464093815e-01  -1.9531483659e-01   7.5357933748e-01   1.9592951373e+00   2.0394888993e-01
  -1.9325989426e-01  -1.9396703971e-01   8.5715115952e-01   1.9546395111e+00   1.4301822170e-01
  -1.9180212350e-01  -1.9255274881e-01   9.6042245287e-01   1.9439560563e+00   8.9458766989e-02
  -1.9024256431e-01  -1.9105149818e-01   1.0638465296e+00   1.9255296063e+00   4.4334518177e-02
  -1.8854366466e-01  -1.8943363044e-01   1.1672738391e+00   1.8967675981e+00   9.6047551603e-03
  -1.8664397079e-01  -1.8765369889e-01   1.2707460119e+00   1.8533176134e+00  -1.1860546850e-02
  -1.8442730585e-01  -1.8563424269e-01   1.3743686175e+00   1.7869039583e+00  -1.5046871917e-02
  -1.8160313917e-01  -1.8322036901e-01   1.4788940683e+00   1.6766232763e+00   1.1485996471e-02
  -1.7756259117e-01  -1.7998590933e-01   1.5741928367e+00   1.4687381938e+00   9.6231856410e-02
  -1.7303185648e-01  -1.7513927301e-01   1.6129809449e+00   1.1732912102e+00   2.2877791292e-01
  -1.6908706558e-01  -1.7092443995e-01   1.5907484725e+00   8.6582525452e-01   3.5390913453e-01
  -1.6556874658e-01  -1.6724969121e-01   1.5316553935e+00   5.5810771339e-01   4.5555128959e-01
  -1.6230329771e-01  -1.6388780195e-01   1.4477464769e+00   2.5117250986e-01   5.3010624483e-01
  -1.5930533986e-01  -1.6071879347e-01   1.3485117935e+00  -4.5021258032e-02   5.7589390502e-01
  -1.5665937975e-01  -1.5789188625e-01   1.2451390205e+00  -3.1339693141e-01   5.9500580285e-01
  -1.5431114807e-01  -1.5542687324e-01   1.1418108226e+00  -5.5481477483e-01   5.9400060913e-01
  -1.5216225868e-01  -1.5319542290e-01   1.0384373227e+00  -7.7616959308e-01   5.7792467486e-01
  -1.5015713276e-01  -1.5112909446e-01   9.3527068340e-01  -9.8055893010e-01   5.5003224806e-01
  -1.4825992434e-01  -1.4918517106e-01   8.3192094857e-01  -1.1708600097e+00   5.1240214981e-01
  -1.4644521115e-01  -1.4733467761e-01   7.2873159373e-01  -1.3476696035e+00   4.6669771299e-01
  -1.4469345284e-01  -1.4555574469e-01   6.2535671326e-01  -1.5122669130e+00   4.1387733525e-01
  -1.4298867368e-01  -1.4383116098e-01   5.2210341222e-01  -1.6644247065e+00   3.5487019307e-01
  -1.4131690759e-01  -1.4214618637e-01   4.1908014225e-01  -1.8040034149e+00   2.9029121439e-01
  -1.3966534044e-01  -1.4048762881e-01   3.1534317029e-01  -1.9317685315e+00   2.1977425769e-01
  -1.3802137227e-01  -1.3884305207e-01   2.1236418776e-01  -2.0451724226e+00   1.4437796892e-01
  -1.3637181817e-01  -1.3719969246e-01   1.0900060762e-01  -2.1444238045e+00   6.3131508664e-02
  -1.3470202479e-01  -1.3554394387e-01   5.5639733444e-03  -2.2273921916e+00  -2.4218179346e-02
  -1.3299460342e-01  -1.3386010571e-01  -9.7636893781e-02  -2.2914689377e+00  -1.1816956843e-01
  -1.3122742364e-01  -1.3212910114e-01  -2.0092484823e-01  -2.3334031439e+00  -2.2025075989e-01
  -1.2936992205e-01  -1.3032574614e-01  -3.0433273711e-01  -2.3478504853e+00  -3.3252082243e-01
  -1.2737607576e-01  -1.2841409796e-01  -4.0773308524e-01  -2.3263934896e+00  -4.5812639695e-01
  -1.2516795232e-01  -1.2633805357e-01  -5.1112622617e-01  -2.2545561927e+00  -6.0284535219e-01
  -1.2259649311e-01  -1.2399785107e-01  -6.1475753098e-01  -2.1023827036e+00  -7.7905216210e-01
  -1.1978118372e-01  -1.2119513514e-01  -7.0464077151e-01  -1.8508543199e+00  -9.7937762968e-01
  -1.1722127913e-01  -1.1836723231e-01  -7.6376462924e-01  -1.5453600517e+00  -1.1677184678e+00
  -1.1509287231e-01  -1.1607532595e-01  -7.9575057466e-01  -1.2361506630e+00  -1.3283399133e+00
  -1.1322832905e-01  -1.1411041867e-01  -8.1116362323e-01  -9.2770724849e-01  -1.4711003239e+00
  -1.1153107570e-01  -1.1234623943e-01  -8.1549986110e-01  -6.1974654340e-01  -1.6020732327e+00
  -1.0994725144e-01  -1.1071591197e-01  -8.1179519469e-01  -3.1070581562e-01  -1.7251175641e+00
  -1.0844209005e-01  -1.0917859092e-01  -8.0203019548e-01  -3.1099652719e-03  -1.8412294985e+00
  -1.0699069130e-01  -1.0770558918e-01  -7.8751253685e-01   3.0507125749e-01  -1.9525212886e+00
  -1.0557379342e-01  -1.0627579343e-01  -7.6916362318e-01   6.1425965634e-01  -2.0599952196e+00
  -1.0417484262e-01  -1.0487179340e-01  -7.4800027432e-01   9.2081590371e-01  -2.1630499640e+00
  -1.0277836491e-01  -1.0347789183e-01  -7.2424567847e-01   1.2304983717e+00  -2.2640334492e+00
  -1.0136848770e-01  -1.0207883800e-01  -6.9882544381e-01   1.5381107059e+00  -2.3614837302e+00
  -9.9927160114e-02  -1.0065813741e-01  -6.7207363925e-01   1.8459917542e+00  -2.4562748023e+00
  -9.8431492431e-02  -9.9196182820e-02  -6.4443398972e-01   2.1548245400e+00  -2.5485079278e+00
  -9.6849353975e-02  -9.7666802042e-02  -6.1666246705e-01   2.4626855546e+00  -2.6372640814e+00
  -9.5128935434e-02  -9.6031905908e-02  -5.8933564464e-01   2.7718065580e+00  -2.7223680625e+00
  -9.3169554815e-02  -9.4225964960e-02  -5.6377621184e-01   3.0818695185e+00  -2.8017995053e+00
  -9.0693116826e-02  -9.2113144671e-02  -5.4294688482e-01   3.3944753543e+00  -2.8703418144e+00
  -8.6064311804e-02  -8.9273088982e-02  -5.4986502660e-01   3.6789019284e+00  -2.8773733366e+00
  -8.1038906322e-02  -8.2855534627e-02  -6.2032073251e-01   3.5657108299e+00  -2.7103465299e+00
  -7.8108252031e-02  -7.9222278017e-02  -6.9524335097e-01   3.2545888240e+00  -2.5065853536e+00
  -7.6119770026e-02  -7.6994226045e-02  -7.5810336513e-01   2.9434106993e+00  -2.3223474769e+00
  -7.4493656872e-02  -7.5245314008e-02  -8.1513433539e-01   2.6340675522e+00  -2.1452815169e+00
  -7.3066926550e-02  -7.3741999736e-02  -8.6853590991e-01   2.3242694174e+00  -1.9706064708e+00
  -7.1768786630e-02  -7.2391853364e-02  -9.1860984200e-01   2.0169448721e+00  -1.7984435903e+00
  -7.0560251636e-02  -7.1145719897e-02  -9.6620568037e-01   1.7096531174e+00  -1.6265806491e+00
  -6.9417550346e-02  -6.9974783374e-02  -1.0120231257e+00   1.3990980575e+00  -1.4526355788e+00
  -6.8324055410e-02  -6.8860317318e-02  -1.0550696415e+00   1.0930632032e+00  -1.2805856798e+00
  -6.7267461975e-02  -6.7787793503e-02  -1.0963908133e+00   7.8490446963e-01  -1.1064046859e+00
  -6.6238617133e-02  -6.6747130448e-02  -1.1359073189e+00   4.7510041923e-01  -9.3008066135e-01
  -6.5229849759e-02  -6.5730103818e-02  -1.1731332796e+00   1.6748533421e-01  -7.5356219059e-01
  -6.4234582529e-02  -6.4729595701e-02  -1.2083491624e+00  -1.4032322715e-01  -5.7527160311e-01
  -6.3247023061e-02  -6.3739569357e-02  -1.2415151468e+00  -4.4861005666e-01  -3.9480141961e-01
  -6.2261713444e-02  -6.2754476766e-02  -1.2725356126e+00  -7.5751780643e-01  -2.1179852160e-01
  -6.1273271772e-02  -6.1768950123e-02  -1.3011241632e+00  -1.0654402533e+00  -2.6934603517e-02
  -6.0276158330e-02  -6.0777593420e-02  -1.3272074774e+00  -1.3732498605e+00   1.6062424946e-01
  -5.9264388663e-02  -5.9774723239e-02  -1.3505602328e+00  -1.6808414487e+00   3.5119658472e-01
  -5.8231038661e-02  -5.8754054088e-02  -1.3710459774e+00  -1.9908038306e+00   5.4691707494e-01
  -5.7167898835e-02  -5.7708023234e-02  -1.3879867271e+00  -2.2988475113e+00   7.4569892411e-01
  -5.6065022706e-02  -5.6627774435e-02  -1.4009367583e+00  -2.6043581372e+00   9.4780657456e-01
  -5.4910797379e-02  -5.5502270977e-02  -1.4094343703e+00  -2.9152436850e+00   1.1596574982e+00
  -5.3708034454e-02  -5.4319323781e-02  -1.4121648012e+00  -3.2162412692e+00   1.3722039636e+00
  -5.2463138266e-02  -5.3096745126e-02  -1.4083304609e+00  -3.5061181791e+00   1.5858095860e+00
  -5.1166546254e-02  -5.1829531406e-02  -1.3969158673e+00  -3.7806311730e+00   1.7989972539e+00
  -4.9801008403e-02  -5.0503561102e-02  -1.3762232895e+00  -4.0399419963e+00   2.0144423415e+00
  -4.8342526768e-02  -4.9098455703e-02  -1.3446613215e+00  -4.2743388285e+00   2.2276157811e+00
  -4.6754581213e-02  -4.7586597833e-02  -1.2987894708e+00  -4.4811362509e+00   2.4417041082e+00
  -4.4974374735e-02  -4.5922564593e-02  -1.2334478543e+00  -4.6484908216e+00   2.6558442407e+00
  -4.2998052848e-02  -4.4026184878e-02  -1.1440612562e+00  -4.7528863004e+00   2.8599495497e+00
  -4.1070655474e-02  -4.1969920818e-02  -1.0410908283e+00  -4.7720596842e+00   3.0228549001e+00
  -3.9362305491e-02  -4.0171390129e-02  -9.3776838723e-01  -4.7204241776e+00   3.1354033498e+00
  -3.7805683954e-02  -3.8553220854e-02  -8.3427126852e-01  -4.6187388151e+00   3.2118674478e+00
  -3.6354604293e-02  -3.7058147054e-02  -7.3080225807e-01  -4.4791541984e+00   3.2603335333e+00
  -3.4979688191e-02  -3.5651061533e-02  -6.2764544395e-01  -4.3099130467e+00   3.2859827458e+00
  -3.3660687901e-02  -3.4308314849e-02  -5.2443185351e-01  -4.1156908945e+00   3.2923602716e+00
  -3.2382721616e-02  -3.3013060953e-02  -4.2091729198e-01  -3.8995915828e+00   3.2816628253e+00
  -3.1134000315e-02  -3.1752382279e-02  -3.1738918867e-01  -3.6648559615e+00   3.2553980232e+00
  -2.9904597774e-02  -3.0515618351e-02  -2.1396725813e-01  -3.4138925713e+00   3.2146759473e+00
  -2.8685747466e-02  -2.9293577198e-02  -1.1065708240e-01  -3.1483997457e+00   3.1601956398e+00
  -2.7469270579e-02  -2.8077917734e-02  -7.4003047369e-03  -2.8695187143e+00   3.0922523800e+00
  -2.6247064189e-02  -2.6860623423e-02   9.5877114391e-02  -2.5780063898e+00   3.0107564277e+00
  -2.5014821667e-02  -2.5633504956e-02   1.9885669081e-01  -2.2755081096e+00   2.9156255205e+00
  -2.3783464998e-02  -2.4396138378e-02   2.9983795090e-01  -1.9678740358e+00   2.8081636439e+00
  -2.2559798503e-02  -2.3170791618e-02   3.9760413744e-01  -1.6598443212e+00   2.6896077450e+00
  -2.1333573805e-02  -2.1948805389e-02   4.9238737485e-01  -1.3516265100e+00   2.5594949841e+00
  -2.0092652379e-02  -2.0718342222e-02   5.8442573574e-01  -1.0430561631e+00   2.4167809770e+00
  -1.8823713972e-02  -1.9466962537e-02   6.7374751951e-01  -7.3434652192e-01   2.2600694365e+00
  -1.7510956879e-02  -1.8180465406e-02   7.6010339763e-01  -4.2640561392e-01   2.0877330635e+00
  -1.6134263046e-02  -1.6841448352e-02   8.4361377963e-01  -1.1843515708e-01   1.8962079374e+00
  -1.4716027676e-02  -1.5427077741e-02   9.2130866739e-01   1.7894495969e-01   1.6887127602e+00
  -1.3323109993e-02  -1.4004977611e-02   9.8942773736e-01   4.5096506941e-01   1.4734742101e+00
  -1.1982185388e-02  -1.2641242376e-02   1.0455154938e+00   6.8614656343e-01   1.2606448170e+00
  -1.0682244316e-02  -1.1323128401e-02   1.0915571098e+00   8.9076973577e-01   1.0469890523e+00
  -9.4147914636e-03  -1.0041360232e-02   1.1281047968e+00   1.0658332619e+00   8.3296359473e-01
  -8.1726570787e-03  -8.7882226952e-03   1.1556738652e+00   1.2123798777e+00   6.1894174725e-01
  -6.9495966886e-03  -7.5570914623e-03   1.1747510922e+00   1.3315201056e+00   4.0511287359e-01
  -5.7399918747e-03  -6.3421019150e-03   1.1857678175e+00   1.4243094501e+00   1.9152137161e-01
  -4.5386011756e-03  -5.1378818345e-03   1.1890812485e+00   1.4916551395e+00  -2.1896257183e-02
  -3.3403364641e-03  -3.9393205168e-03   1.1849628811e+00   1.5342491151e+00  -2.3527462649e-01
  -2.1400090595e-03  -2.7413524114e-03   1.1734674295e+00   1.5524788985e+00  -4.5021163949e-01
  -9.3212634877e-04  -1.5386657077e-03   1.1548511499e+00   1.5462721030e+00  -6.6391688331e-01
   2.8931424925e-04  -3.2558698988e-04   1.1291786988e+00   1.5159548377e+00  -8.7746209218e-01
   1.5311812089e-03   9.0421548837e-04   1.0964010567e+00   1.4612728187e+00  -1.0911391363e+00
   2.8016617177e-03   2.1581469294e-03   1.0564413144e+00   1.3817450505e+00  -1.3047270725e+00
   4.1109605850e-03   3.4451765061e-03   1.0090064227e+00   1.2762890410e+00  -1.5185231896e+00
   5.4725294366e-03   4.7767446639e-03   9.5350671125e-01   1.1428687156e+00  -1.7331057875e+00
   6.9046774823e-03   6.1683142094e-03   8.8977405012e-01   9.8024725632e-01  -1.9466640219e+00
   8.4340799804e-03   7.6410407552e-03   8.1657579973e-01   7.8424619293e-01  -2.1601436131e+00
   1.0104145255e-02   9.2271192055e-03   7.3163464173e-01   5.4708999248e-01  -2.3746989523e+00
   1.1941516552e-02   1.0981171305e-02   6.3459242748e-01   2.6569897509e-01  -2.5840999167e+00
   1.3844002375e-02   1.2901861799e-02   5.3293429042e-01  -3.9264740198e-02  -2.7679756493e+00
   1.5719327137e-02   1.4786142951e-02   4.3304413050e-01  -3.4823075653e-01  -2.9147070690e+00
   1.7600566921e-02   1.6652511322e-02   3.3623910509e-01  -6.5602390878e-01  -3.0236973900e+00
   1.9538400328e-02   1.8548622520e-02   2.4166675375e-01  -9.6450752576e-01  -3.0948199580e+00
   2.1598120379e-02   2.0528178135e-02   1.4920171741e-01  -1.2735276818e+00  -3.1228691718e+00
   2.3888292623e-02   2.2668062623e-02   5.8786439176e-02  -1.5825413306e+00  -3.0959262504e+00
   2.6618799763e-02   2.5108522624e-02  -2.9572472336e-02  -1.8895753213e+00  -2.9851885204e+00
   2.9401618874e-02   2.8129076902e-02  -9.6878172557e-02  -2.1222500693e+00  -2.7924588623e+00
   3.1692531966e-02   3.0674160846e-02  -1.3404252067e-01  -2.2424793736e+00  -2.5769141937e+00
   3.3600221992e-02   3.2710903086e-02  -1.5252567879e-01  -2.2888656791e+00  -2.3624780549e+00
   3.5300111210e-02   3.4489540898e-02  -1.5993703639e-01  -2.2874215843e+00  -2.1476116459e+00
   3.6869555690e-02   3.6110681521e-02  -1.5965581319e-01  -2.2498848957e+00  -1.9341383867e+00
   3.8351830203e-02   3.7628429858e-02  -1.5362824556e-01  -2.1824567058e+00  -1.7203590653e+00
   3.9774323875e-02   3.9075230547e-02  -1.4303406345e-01  -2.0888983250e+00  -1.5067602187e+00
   4.1156420734e-02   4.0473417203e-02  -1.2856525460e-01  -1.9706405538e+00  -1.2920393673e+00
   4.2513044807e-02   4.1839424264e-02  -1.1097651121e-01  -1.8305854659e+00  -1.0788479991e+00
   4.3856500443e-02   4.3186665349e-02  -9.0539101506e-02  -1.6683486645e+00  -8.6523847239e-01
   4.5197538296e-02   4.4526335537e-02  -6.7445785498e-02  -1.4832989550e+00  -6.5050383578e-01
   4.6546249027e-02   4.5868741055e-02  -4.2274191583e-02  -1.2781467495e+00  -4.3784446317e-01
   4.7912792377e-02   4.7223756999e-02  -1.4663306250e-02  -1.0480912995e+00  -2.2296238597e-01
   4.9307828469e-02   4.8601827754e-02   1.4718540592e-02  -7.9691972656e-01  -1.0317886729e-02
   5.0743392454e-02   5.0013829184e-02   4.6398716384e-02  -5.1830991204e-01   2.0425491477e-01
   5.2207825414e-02   5.1472955725e-02   7.9434292334e-02  -2.1884307183e-01   4.1453691948e-01
   5.3650667067e-02   5.2942695103e-02   1.1239107788e-01   8.9189645942e-02   6.1255060389e-01
   5.5047776467e-02   5.4358639031e-02   1.4425876171e-01   3.9600486938e-01   7.9401056217e-01
   5.6414013560e-02   5.5736913904e-02   1.7556438830e-01   7.0608449486e-01   9.6340673184e-01
   5.7762323677e-02   5.7091113216e-02   2.0573346640e-01   1.0130526454e+00   1.1188045923e+00
   5.9104466362e-02   5.8433534137e-02   2.3522479934e-01   1.3208112266e+00   1.2635643543e+00
   6.0451808752e-02   5.9775398588e-02   2.6417767887e-01   1.6303287442e+00   1.3989491668e+00
   6.1816225066e-02   6.1128218917e-02   2.9216628657e-01   1.9364467305e+00   1.5235784130e+00
   6.3211375120e-02   6.2504231215e-02   3.1992513312e-01   2.2467785338e+00   1.6411499531e+00
   6.4653930942e-02   6.3918519026e-02   3.4683373357e-01   2.5541270601e+00   1.7493783664e+00
   6.6165814248e-02   6.5389342859e-02   3.7321819451e-01   2.8620141598e+00   1.8500341361e+00
   6.7779318088e-02   6.6942285637e-02   3.9908974874e-01   3.1709540976e+00   1.9434820458e+00
   6.9546485745e-02   6.8616350540e-02   4.2418622208e-01   3.4789611748e+00   2.0292568424e+00
   7.1567532276e-02   7.0476620951e-02   4.4848940585e-01   3.7891548109e+00   2.1080686885e+00
   7.4104885422e-02   7.2658443602e-02   4.7109186724e-01   4.1010277116e+00   2.1789488705e+00
   7.7526520153e-02   7.5551327241e-02   4.8583595406e-01   4.3711557923e+00   2.2311177495e+00
   8.1476905976e-02   7.9501713064e-02   4.7776129924e-01   4.4563153056e+00   2.2389154497e+00
   8.5477905063e-02   8.3452098887e-02   4.3811358427e-01   4.2819446450e+00   2.1961516761e+00
   8.8741837857e-02   8.7503711239e-02   3.8201609563e-01   3.9610132065e+00   2.1290909115e+00
   9.0981550477e-02   8.9979964474e-02   3.3052993723e-01   3.6506758720e+00   2.0665269414e+00
   9.2861396960e-02   9.1983136480e-02   2.7986289988e-01   3.3416918294e+00   2.0043177105e+00
   9.4541878575e-02   9.3739657440e-02   2.2926210309e-01   3.0323237815e+00   1.9413144215e+00
   9.6096131064e-02   9.5344099709e-02   1.7892661556e-01   2.7246818389e+00   1.8774700758e+00
   9.7565832357e-02   9.6848162418e-02   1.2854396500e-01   2.4170163190e+00   1.8120728016e+00
   9.8977729923e-02   9.8283502295e-02   7.7890902637e-02   2.1077563078e+00   1.7444567314e+00
   1.0035123539e-01   9.9671957551e-02   2.7655677677e-02   1.8006479330e+00   1.6751474848e+00
   1.0170158899e-01   1.0103051323e-01  -2.2788964268e-02   1.4911828806e+00   1.6028199549e+00
   1.0304161504e-01   1.0237266476e-01  -7.2470843831e-02   1.1844468632e+00   1.5283413322e+00
   1.0438312125e-01   1.0371056532e-01  -1.2200866610e-01   8.7547768062e-01   1.4501468409e+00
   1.0573772454e-01   1.0505567718e-01  -1.7067074931e-01   5.6733120843e-01   1.3685558505e+00
   1.0711777092e-01   1.0641977189e-01  -2.1822693850e-01   2.5954894286e-01   1.2829540769e+00
   1.0853732118e-01   1.0781576996e-01  -2.6429864327e-01  -4.7986709625e-02   1.1926925152e+00
   1.1001381601e-01   1.0925887241e-01  -3.0858607399e-01  -3.5705775709e-01   1.0963675947e+00
   1.1157029742e-01   1.1076875960e-01  -3.5002410047e-01  -6.6582638904e-01   9.9336985855e-01
   1.1323910999e-01   1.1237183524e-01  -3.8736771727e-01  -9.7346994567e-01   8.8241552844e-01
   1.1507083258e-01   1.1410638474e-01  -4.1899129473e-01  -1.2817036384e+00   7.6042213528e-01
   1.1715595752e-01   1.1603528043e-01  -4.4155949159e-01  -1.5909640846e+00   6.2276453035e-01
   1.1969438156e-01   1.1827663460e-01  -4.4771971057e-01  -1.9015645651e+00   4.5989308339e-01
   1.2294359536e-01   1.2111212852e-01  -4.1991405479e-01  -2.1890868034e+00   2.6396995611e-01
   1.2658882411e-01   1.2477506220e-01  -3.4284432840e-01  -2.3708265642e+00   6.5653081994e-02
   1.2978377682e-01   1.2840258601e-01  -2.3940800031e-01  -2.4147892630e+00  -8.5072388887e-02
   1.3235774354e-01   1.3116496762e-01  -1.3560628202e-01  -2.3784575505e+00  -1.8905029738e-01
   1.3465455028e-01   1.3355051945e-01  -3.2096717066e-02  -2.3002408145e+00  -2.6868621072e-01
   1.3682756115e-01   1.3575858111e-01   7.1612390404e-02  -2.1928929352e+00  -3.3331699701e-01
   1.3897182370e-01   1.3789654119e-01   1.7486618998e-01  -2.0622650316e+00  -3.8732995543e-01
   1.4117369974e-01   1.4004710620e-01   2.7845291100e-01  -1.9081018558e+00  -4.3428602413e-01
   1.4354874708e-01   1.4230029328e-01   3.8214210669e-01  -1.7267357790e+00  -4.7665519787e-01
   1.4633888714e-01   1.4479720088e-01   4.8655464235e-01  -1.5030993137e+00  -5.1802716151e-01
   1.4981236160e-01   1.4788057341e-01   5.7970016722e-01  -1.2241846273e+00  -5.6119951255e-01
   1.5385946366e-01   1.5174414979e-01   6.2471413629e-01  -9.1649425147e-01  -6.0585893345e-01
   1.5819320894e-01   1.5597477754e-01   5.8679796874e-01  -6.2622809218e-01  -6.5115700507e-01
   1.6184740152e-01   1.6041164034e-01   4.8795174159e-01  -4.1978609704e-01  -6.8733364729e-01
   1.6440447902e-01   1.6328316269e-01   3.8347576187e-01  -2.9912111836e-01  -7.0978254585e-01
   1.6650136438e-01   1.6552579535e-01   2.7974759426e-01  -2.1494936895e-01  -7.2489560914e-01
   1.6837033901e-01   1.6747693341e-01   1.7625421130e-01  -1.5098635819e-01  -7.3476791855e-01
   1.7010830122e-01   1.6926374462e-01   7.2672387225e-02  -1.0062228954e-01  -7.4004619732e-01
   1.7177006805e-01   1.7095285781e-01  -3.0701927623e-02  -6.0707486636e-02  -7.4083856918e-01
   1.7339327517e-01   1.7258727828e-01  -1.3391246983e-01  -2.9319184939e-02  -7.3702056950e-01
   1.7500830949e-01   1.7419927206e-01  -2.3741643164e-01  -5.3331947135e-03  -7.2817259554e-01
   1.7664414492e-01   1.7581734693e-01  -3.4064994647e-01   1.1562482609e-02  -7.1370937980e-01
   1.7833348868e-01   1.7747094292e-01  -4.4424541838e-01   2.1384798942e-02  -6.9254099661e-01
   1.8011963246e-01   1.7919603443e-01  -5.4761225590e-01   2.3386836330e-02  -6.6322616352e-01
   1.8207106981e-01   1.8104323049e-01  -6.5129816902e-01   1.5905950185e-02  -6.2296426824e-01
   1.8432341455e-01   1.8309890913e-01  -7.5510889095e-01  -4.9681488240e-03  -5.6654548012e-01
   1.8730324195e-01   1.8554791997e-01  -8.6084826817e-01  -5.2196191378e-02  -4.7738703816e-01
   1.9198932527e-01   1.8905856393e-01  -9.4019745058e-01  -1.6688399552e-01  -3.1674369343e-01
   1.9726099767e-01   1.9492008661e-01  -9.0411370151e-01  -3.3731363930e-01  -1.3678174383e-01
   2.0095746375e-01   1.9960190873e-01  -7.9786128801e-01  -4.7191744369e-01  -3.3021908029e-02
   2.0338988416e-01   2.0231301878e-01  -6.9362431429e-01  -5.6077981603e-01   1.5067934895e-02
   2.0540576969e-01   2.0446674954e-01  -5.8979267283e-01  -6.3122146004e-01   3.9475931644e-02
   2.0720180342e-01   2.0634478985e-01  -4.8647616080e-01  -6.8917609397e-01   4.7802480576e-02
   2.0886272091e-01   2.0805881699e-01  -3.8294960756e-01  -7.3750657947e-01   4.3454472522e-02
   2.1043552366e-01   2.0966662483e-01  -2.7972605432e-01  -7.7712683388e-01   2.8235495104e-02
   2.1195075282e-01   2.1120442249e-01  -1.7624378748e-01  -8.0878573998e-01   3.1241945245e-03
   2.1343051381e-01   2.1269708315e-01  -7.2835671997e-02  -8.3248903268e-01  -3.1205463760e-02
   2.1489263354e-01   2.1416394446e-01   3.0452519653e-02  -8.4810427250e-01  -7.4353689002e-02
   2.1635282734e-01   2.1562132261e-01   1.3371474110e-01  -8.5525921187e-01  -1.2619565864e-01
   2.1782637853e-01   2.1708433207e-01   2.3705856951e-01  -8.5326621371e-01  -1.8684109031e-01
   2.1932969182e-01   2.1856842500e-01   3.4048709601e-01  -8.4106913176e-01  -2.5655497276e-01
   2.2088202986e-01   2.2009095864e-01   4.4377657062e-01  -8.1722114194e-01  -3.3563232501e-01
   2.2250829290e-01   2.2167310109e-01   5.4720459343e-01  -7.7947326579e-01  -4.2504669468e-01
   2.2424396686e-01   2.2334348470e-01   6.5061361631e-01  -7.2453079945e-01  -5.2590251507e-01
   2.2614578731e-01   2.2514444901e-01   7.5411340688e-01  -6.4682616934e-01  -6.4038167049e-01
   2.2832036589e-01   2.2714712560e-01   8.5772213246e-01  -5.3605289271e-01  -7.7237583582e-01
   2.3104116554e-01   2.2949360617e-01   9.6250057639e-01  -3.6526951052e-01  -9.3285599297e-01
   2.3446740230e-01   2.3258872491e-01   1.0507105293e+00  -1.0734666863e-01  -1.1133466588e+00
   2.3803867974e-01   2.3634607970e-01   1.0892932479e+00   2.0050630513e-01  -1.2616319874e+00
   2.4135828121e-01   2.3973127978e-01   1.0743152582e+00   5.0877772381e-01  -1.3491832208e+00
   2.4464229029e-01   2.4298528263e-01   1.0137199019e+00   8.1695698985e-01  -1.3797879797e+00
   2.4774388155e-01   2.4629929796e-01   9.1977845186e-01   1.0944042606e+00  -1.3554512180e+00
   2.5038396827e-01   2.4918846514e-01   8.1575326947e-01   1.3081465009e+00  -1.2940435476e+00
   2.5265231116e-01   2.5157947139e-01   7.1228176117e-01   1.4670518899e+00  -1.2130863546e+00
   2.5473031395e-01   2.5372515093e-01   6.0877848424e-01   1.5878219899e+00  -1.1182030512e+00
   2.5670511721e-01   2.5573547696e-01   5.0523202975e-01   1.6768701174e+00  -1.0120439420e+00
   2.5863194685e-01   2.5767475745e-01   4.0198841272e-01   1.7367795805e+00  -8.9634334783e-01
   2.6055367048e-01   2.5958913624e-01   2.9879196668e-01   1.7684752122e+00  -7.7144885293e-01
   2.6251072899e-01   2.6151820472e-01   1.9533518989e-01   1.7707981716e+00  -6.3695480417e-01
   2.6454940182e-01   2.6350325326e-01   9.1740731608e-02   1.7405120603e+00  -4.9239523388e-01
   2.6673238471e-01   2.6559555038e-01  -1.1542017881e-02   1.6722239853e+00  -3.3714388199e-01
   2.6916222718e-01   2.6786921904e-01  -1.1505407472e-01   1.5552137573e+00  -1.6785062443e-01
   2.7205175754e-01   2.7045523533e-01  -2.1903696660e-01   1.3666928843e+00   2.1546425574e-02
   2.7542659499e-01   2.7364827974e-01  -3.1107919297e-01   1.0964559380e+00   2.1634568606e-01
   2.7889122059e-01   2.7720491024e-01  -3.7197046247e-01   7.8747550545e-01   3.7805489073e-01
   2.8234944938e-01   2.8057753094e-01  -4.0007684692e-01   4.7816571093e-01   4.9273216995e-01
   2.8629386712e-01   2.8412136782e-01  -3.9945033637e-01   1.6654786151e-01   5.6270738070e-01
   2.9276767405e-01   2.8846636642e-01  -3.5651388838e-01  -1.3330381844e-01   5.4360205921e-01
   3.0061497953e-01   2.9706898168e-01  -3.1491214662e-01  -8.7209697994e-02   3.8772531351e-01
   3.0637126398e-01   3.0416097737e-01  -3.3729561857e-01   2.2124850909e-01   2.5012894967e-01
   3.1056872481e-01   3.0858155059e-01  -3.9492383172e-01   5.3247436714e-01   1.8387195411e-01
   3.1463802338e-01   3.1255589902e-01  -4.7926598745e-01   8.3760021836e-01   1.7374823971e-01
   3.1872411652e-01   3.1672014775e-01  -5.8053499170e-01   1.0936366701e+00   2.3161989174e-01
   3.2287356189e-01   3.2072808529e-01  -6.8377070384e-01   1.2560175302e+00   3.6760258454e-01
   3.2687829824e-01   3.2501903849e-01  -7.6582956306e-01   1.2965235161e+00   5.6622636308e-01
   3.3033830393e-01   3.2873755799e-01  -8.0907616684e-01   1.2327030026e+00   7.8111396048e-01
   3.3344961879e-01   3.3193904987e-01  -8.1725574061e-01   1.1028721248e+00   9.9521528505e-01
   3.3648870306e-01   3.3496018770e-01  -7.9216042110e-01   9.2178657622e-01   1.2094174763e+00
   3.3967017916e-01   3.3801721842e-01  -7.2817359887e-01   6.9144650998e-01   1.4224883546e+00
   3.4270881407e-01   3.4132313990e-01  -6.3236161796e-01   4.5105591704e-01   1.5998183888e+00
   3.4523117408e-01   3.4409448823e-01  -5.2839482635e-01   2.4807167139e-01   1.7166970491e+00
   3.4737466320e-01   3.4636785992e-01  -4.2481688877e-01   8.0500050952e-02   1.7878564681e+00
   3.4931156545e-01   3.4838146648e-01  -3.2156434549e-01  -6.2586240736e-02   1.8262779888e+00
   3.5112509625e-01   3.5024166442e-01  -2.1796109372e-01  -1.8755339198e-01   1.8378218103e+00
   3.5286583623e-01   3.5200852807e-01  -1.1452020875e-01  -2.9709152207e-01   1.8250338980e+00
   3.5457029672e-01   3.5372314438e-01  -1.1087048471e-02  -3.9374762911e-01   1.7889884580e+00
   3.5626879955e-01   3.5541744907e-01   9.2162947051e-02  -4.7916634659e-01   1.7296168411e+00
   3.5799061964e-01   3.5712015003e-01   1.9549517915e-01  -5.5505160333e-01   1.6454276739e+00
   3.5976860714e-01   3.5886108925e-01   2.9884644690e-01  -6.2270712681e-01   1.5336284095e+00
   3.6164560677e-01   3.6067612502e-01   4.0234492018e-01  -6.8369846398e-01   1.3890953582e+00
   3.6366197227e-01   3.6261508852e-01   5.0458971006e-01  -7.3929398597e-01   1.2060562148e+00
   3.6568115675e-01   3.6470885602e-01   5.9624914231e-01  -7.8782660514e-01   9.9623207902e-01
   3.6754825006e-01   3.6665345748e-01   6.6935784983e-01  -8.2879744884e-01   7.8249997302e-01
   3.6928695524e-01   3.6844304263e-01   7.2678586456e-01  -8.6624807756e-01   5.6827135892e-01
   3.7094160435e-01   3.7013086785e-01   7.7099688373e-01  -9.0302763327e-01   3.5518377319e-01
   3.7254251576e-01   3.7175234086e-01   8.0436293468e-01  -9.4191807208e-01   1.4016212657e-01
   3.7411286219e-01   3.7333269067e-01   8.2751057723e-01  -9.8404890824e-01  -7.3161645030e-02
   3.7567245930e-01   3.7489303370e-01   8.4159495986e-01  -1.0313103132e+00  -2.8667425019e-01
   3.7723981263e-01   3.7645188489e-01   8.4710024124e-01  -1.0853051544e+00  -5.0059354558e-01
   3.7883443336e-01   3.7802774038e-01   8.4424075880e-01  -1.1477393638e+00  -7.1496588288e-01
   3.8047891362e-01   3.7964112633e-01   8.3310963888e-01  -1.2200490764e+00  -9.2833500633e-01
   3.8220252201e-01   3.8131670090e-01   8.1339081298e-01  -1.3052037314e+00  -1.1424471396e+00
   3.8404748900e-01   3.8308834311e-01   7.8452799258e-01  -1.4060543231e+00  -1.3560349676e+00
   3.8608416343e-01   3.8500663490e-01   7.4481087447e-01  -1.5288526693e+00  -1.5709573946e+00
   3.8845280006e-01   3.8716169196e-01   6.9148516118e-01  -1.6823404744e+00  -1.7853637514e+00
   3.9152402103e-01   3.8974390817e-01   6.1546108251e-01  -1.8924881856e+00  -2.0007367317e+00
   3.9540749083e-01   3.9330413390e-01   5.1833548160e-01  -2.1541260138e+00  -2.1619173965e+00
   3.9998842425e-01   3.9751084777e-01   4.1468922688e-01  -2.4163580176e+00  -2.1852680648e+00
   4.0461283637e-01   4.0246600073e-01   3.3020031564e-01  -2.5807796031e+00  -2.0392802377e+00
   4.0824270461e-01   4.0675967201e-01   2.7866352603e-01  -2.6078525011e+00  -1.8202959839e+00
   4.1098573482e-01   4.0972573721e-01   2.4644888440e-01  -2.5542788428e+00  -1.6054416564e+00
   4.1339891324e-01   4.1224573243e-01   2.2040038930e-01  -2.4510682340e+00  -1.3909506782e+00
   4.1565410983e-01   4.1455209406e-01   1.9603593645e-01  -2.3072056764e+00  -1.1773406875e+00
   4.1784309690e-01   4.1675612559e-01   1.7029214541e-01  -2.1238454419e+00  -9.6298836121e-01
   4.2003306119e-01   4.1893006820e-01   1.4080803794e-01  -1.9008720298e+00  -7.4928369202e-01
   4.2228473499e-01   4.2113605417e-01   1.0472599696e-01  -1.6337302998e+00  -5.3590586936e-01
   4.2453237295e-01   4.2343341581e-01   6.1281123029e-02  -1.3337903290e+00  -3.3501526867e-01
   4.2665741155e-01   4.2563133009e-01   1.2281730705e-02  -1.0257617032e+00  -1.6169261814e-01
   4.2866541872e-01   4.2768349302e-01  -4.1986705624e-02  -7.1738037102e-01  -1.6130347466e-02
   4.3060534923e-01   4.2964734442e-01  -1.0194108698e-01  -4.0955599685e-01   1.0447726604e-01
   4.3251356087e-01   4.3156335404e-01  -1.6827107720e-01  -1.0154114593e-01   2.0219047472e-01
   4.3442094964e-01   4.3346376770e-01  -2.4169950313e-01   2.0700458731e-01   2.7767215675e-01
   4.3635753672e-01   4.3537813158e-01  -3.2260312392e-01   5.1466181278e-01   3.3043268146e-01
   4.3835654627e-01   4.3733694186e-01  -4.1225974099e-01   8.2284522162e-01   3.5967403422e-01
   4.4043662500e-01   4.3937615068e-01  -5.1043296754e-01   1.1272031959e+00   3.6327542767e-01
   4.4253985249e-01   4.4149709932e-01  -6.1369768405e-01   1.4155828494e+00   3.4033795667e-01
   4.4462320710e-01   4.4358260566e-01  -7.1688276195e-01   1.6752108548e+00   2.9333350035e-01
   4.4672758775e-01   4.4566380855e-01  -8.2017997736e-01   1.9096400279e+00   2.2402043281e-01
   4.4891196447e-01   4.4779136694e-01  -9.2364929104e-01   2.1210100344e+00   1.3249320057e-01
   4.5126594965e-01   4.5003256200e-01  -1.0271714073e+00   2.3103247398e+00   1.6905166696e-02
   4.5397375997e-01   4.5249933730e-01  -1.1313126247e+00   2.4788499986e+00  -1.2999687441e-01
   4.5735951527e-01   4.5544818263e-01  -1.2301599163e+00   2.6177792773e+00  -3.1831023343e-01
   4.6162797951e-01   4.5927084791e-01  -1.2921169449e+00   2.6936339594e+00  -5.3342614538e-01
   4.6651114958e-01   4.6398511111e-01  -1.2613382978e+00   2.6730508858e+00  -7.0409532002e-01
   4.7039569429e-01   4.6903718805e-01  -1.1561489906e+00   2.5995392254e+00  -7.5817195598e-01
   4.7279185709e-01   4.7175420054e-01  -1.0515116413e+00   2.5346208266e+00  -7.4371438215e-01
   4.7471013751e-01   4.7382951364e-01  -9.4791943091e-01   2.4752777920e+00  -7.0494330448e-01
   4.7637515518e-01   4.7559076137e-01  -8.4441314868e-01   2.4192976915e+00  -6.5160029510e-01
   4.7787857922e-01   4.7715954898e-01  -7.4096339403e-01   2.3656526421e+00  -5.8798399662e-01
   4.7926958189e-01   4.7859760947e-01  -6.3768794277e-01   2.3136564515e+00  -5.1661504907e-01
   4.8057834895e-01   4.7994155431e-01  -5.3432954265e-01   2.2625897238e+00  -4.3884671521e-01
   4.8182509209e-01   4.8121514360e-01  -4.3069914920e-01   2.2118608439e+00  -3.5555326433e-01
   4.8302447802e-01   4.8243504059e-01  -3.2737945673e-01   2.1613054043e+00  -2.6797100562e-01
   4.8418778828e-01   4.8361391545e-01  -2.2466796211e-01   2.1106592336e+00  -1.7700493749e-01
   4.8532376560e-01   4.8476166111e-01  -1.2031140181e-01   2.0583961626e+00  -8.1039436790e-02
   4.8643981443e-01   4.8588587009e-01  -1.8086111329e-02   2.0060207969e+00   1.6061618206e-02
   4.8754242565e-01   4.8699375878e-01   8.6392172185e-02   1.9508670955e+00   1.1816303042e-01
   4.8863737676e-01   4.8809109251e-01   1.8906917786e-01   1.8946330653e+00   2.2107533543e-01
   4.8973025032e-01   4.8918366101e-01   2.9223286302e-01   1.8356510154e+00   3.2681675949e-01
   4.9082651997e-01   4.9027683962e-01   3.9624615536e-01   1.7731334918e+00   4.3562721172e-01
   4.9193180318e-01   4.9137620032e-01   4.9863976111e-01   1.7080278394e+00   5.4473283765e-01
   4.9305229898e-01   4.9248740604e-01   6.0301446022e-01   1.6373290233e+00   6.5783454410e-01
   4.9419488176e-01   4.9361719191e-01   7.0544181549e-01   1.5628970784e+00   7.7054354370e-01
   4.9536771504e-01   4.9477257160e-01   8.0929414340e-01   1.4813365538e+00   8.8642816874e-01
   4.9658103552e-01   4.9596285849e-01   9.1262177455e-01   1.3928094217e+00   1.0032220689e+00
   4.9784778996e-01   4.9719921256e-01   1.0156313155e+00   1.2956283370e+00   1.1210152441e+00
   4.9924818369e-01   4.9849636737e-01   1.1238697177e+00   1.1813299751e+00   1.2461251370e+00