# time = 3.7
# Grid points = 474
# Pressure (Pa) = 101325
#             1_pos             2_posf             3_uvel             4_vvel             5_wvel
  -4.9917840810e-01  -5.0000000000e-01   1.3814482608e+00   1.2215235879e+00   1.5842751630e+00
  -4.9750814511e-01  -4.9835681619e-01   1.5015673725e+00   1.0431517293e+00   1.7297255421e+00
  -4.9566236670e-01  -4.9665947403e-01   1.6174780205e+00   8.3358548657e-01   1.8707889743e+00
  -4.9337913820e-01  -4.9466525936e-01   1.7334257462e+00   5.5884071755e-01   2.0118697022e+00
  -4.9070684198e-01  -4.9209301703e-01   1.8287076003e+00   2.2020224221e-01   2.1262059219e+00
  -4.8796632188e-01  -4.8932066692e-01   1.8788076384e+00  -1.3971819078e-01   2.1823675356e+00
  -4.8525041762e-01  -4.8661197685e-01   1.8795825247e+00  -4.9955947373e-01   2.1746751998e+00
  -4.8247325112e-01  -4.8388885839e-01   1.8311097364e+00  -8.5956121225e-01   2.1030436136e+00
  -4.7971240761e-01  -4.8105764385e-01   1.7366592845e+00  -1.1976532526e+00   1.9727890809e+00
  -4.7731406729e-01  -4.7836717138e-01   1.6209753336e+00  -1.4651117498e+00   1.8179239647e+00
  -4.7535629892e-01  -4.7626096320e-01   1.5047892195e+00  -1.6601480620e+00   1.6656069575e+00
  -4.7363463088e-01  -4.7445163464e-01   1.3892199905e+00  -1.8096318310e+00   1.5167576209e+00
  -4.7205820286e-01  -4.7281762713e-01   1.2737971622e+00  -1.9266543580e+00   1.3705974778e+00
  -4.7057922324e-01  -4.7129877858e-01   1.1580870247e+00  -2.0178993972e+00   1.2265876328e+00
  -4.6916801250e-01  -4.6985966791e-01   1.0430819430e+00  -2.0864678815e+00   1.0860252300e+00
  -4.6780432622e-01  -4.6847635709e-01   9.2700563743e-01  -2.1356484171e+00   9.4688802093e-01
  -4.6647318109e-01  -4.6713229535e-01   8.1201764556e-01  -2.1660215821e+00   8.1193946950e-01
  -4.6516256736e-01  -4.6581406684e-01   6.9678159943e-01  -2.1791456793e+00   6.7978364310e-01
  -4.6386252316e-01  -4.6451106789e-01   5.8086810701e-01  -2.1753389648e+00   5.5023780954e-01
  -4.6256404824e-01  -4.6321397844e-01   4.6540244562e-01  -2.1547985206e+00   4.2488362180e-01
  -4.6125861670e-01  -4.6191411803e-01   3.5016629434e-01  -2.1176293262e+00   3.0380838442e-01
  -4.5993776484e-01  -4.6060311536e-01   2.3511162564e-01  -2.0636393667e+00   1.8736480404e-01
  -4.5859242112e-01  -4.5927241432e-01   1.1908260698e-01  -1.9915028369e+00   7.4971863192e-02
  -4.5721266704e-01  -4.5791242792e-01   4.2779436471e-03  -1.9018624330e+00  -3.0636000194e-02
  -4.5578682495e-01  -4.5651290616e-01  -1.1170158290e-01  -1.7917014799e+00  -1.3087979909e-01
  -4.5430067193e-01  -4.5506074373e-01  -2.2681916527e-01  -1.6613347071e+00  -2.2299405501e-01
  -4.5273610223e-01  -4.5354060013e-01  -3.4241156517e-01  -1.5073321026e+00  -3.0684572857e-01
  -4.5106864371e-01  -4.5193160433e-01  -4.5770519810e-01  -1.3278896469e+00  -3.8021422973e-01
  -4.4926329074e-01  -4.5020568309e-01  -5.7329776733e-01  -1.1181680256e+00  -4.4122774630e-01
  -4.4726609887e-01  -4.4832089838e-01  -6.8869903980e-01  -8.7327001193e-01  -4.8636806900e-01
  -4.4498442178e-01  -4.4621129935e-01  -8.0433259567e-01  -5.8309280206e-01  -5.1073182228e-01
  -4.4235257510e-01  -4.4375754422e-01  -9.1588872794e-01  -2.4520909339e-01  -5.0622020465e-01
  -4.3946564586e-01  -4.4094760599e-01  -1.0113817717e+00   1.1418107333e-01  -4.6794400908e-01
  -4.3633688466e-01  -4.3798368573e-01  -1.0841896679e+00   4.7502420518e-01  -3.9725596245e-01
  -4.3268516130e-01  -4.3469008358e-01  -1.1306322322e+00   8.3669496315e-01  -2.9451560762e-01
  -4.2755929390e-01  -4.3068023901e-01  -1.1307204335e+00   1.2045599689e+00  -1.5543849179e-01
  -4.2166997226e-01  -4.2443834879e-01  -1.0519131484e+00   1.4245399211e+00  -5.8363321156e-02
  -4.1704632770e-01  -4.1890159573e-01  -9.3426414298e-01   1.4523231450e+00  -5.8479295313e-02
  -4.1367958978e-01  -4.1519105967e-01  -8.1846010191e-01   1.4041143250e+00  -1.0694008388e-01
  -4.1084966285e-01  -4.1216811989e-01  -7.0305343049e-01   1.3297100082e+00  -1.7535676315e-01
  -4.0833775233e-01  -4.0953120581e-01  -5.8751158487e-01   1.2436135558e+00  -2.5299469098e-01
  -4.0603685963e-01  -4.0714429884e-01  -4.7225658258e-01   1.1523642439e+00  -3.3355838953e-01
  -4.0388289794e-01  -4.0492942043e-01  -3.5684471532e-01   1.0584145522e+00  -4.1361535424e-01
  -4.0183252169e-01  -4.0283637546e-01  -2.4151183253e-01   9.6307053401e-01  -4.9048063069e-01
  -3.9985311918e-01  -4.0082866791e-01  -1.2610583652e-01   8.6637939901e-01  -5.6243372794e-01
  -3.9791788163e-01  -3.9887757044e-01  -1.0877570735e-02   7.6810677883e-01  -6.2792094932e-01
  -3.9600259296e-01  -3.9695819283e-01   1.0462068153e-01   6.6692847856e-01  -6.8599580165e-01
  -3.9408304632e-01  -3.9504699309e-01   2.2008927061e-01   5.6166282690e-01  -7.3535304376e-01
  -3.9213230721e-01  -3.9311909955e-01   3.3539490862e-01   4.5041646706e-01  -7.7478456301e-01
  -3.9011678658e-01  -3.9114551487e-01   4.5082368858e-01   3.2999998768e-01  -8.0296921274e-01
  -3.8798888510e-01  -3.8908805828e-01   5.6634398997e-01   1.9596172746e-01  -8.1788997702e-01
  -3.8567048920e-01  -3.8688971191e-01   6.8190118744e-01   4.0846094715e-02  -8.1638893303e-01
  -3.8300187036e-01  -3.8445126649e-01   7.9796967567e-01  -1.5131480034e-01  -7.9223937099e-01
  -3.7960165421e-01  -3.8155247422e-01   9.1246696601e-01  -4.1881331636e-01  -7.2988158718e-01
  -3.7567331486e-01  -3.7765083420e-01   9.9128868037e-01  -7.5827678705e-01  -6.2407662592e-01
  -3.7184186692e-01  -3.7369579552e-01   1.0053117942e+00  -1.1171201108e+00  -4.9820593540e-01
  -3.6818376169e-01  -3.6998793832e-01   9.5737844911e-01  -1.4765958475e+00  -3.7057026291e-01
  -3.6476920525e-01  -3.6637958505e-01   8.6085289697e-01  -1.8143012560e+00  -2.5622866394e-01
  -3.6190222515e-01  -3.6315882545e-01   7.4469251472e-01  -2.0899325936e+00  -1.6993768704e-01
  -3.5955743529e-01  -3.6064562486e-01   6.2896019190e-01  -2.3025663732e+00  -1.0914635194e-01
  -3.5747581335e-01  -3.5846924571e-01   5.1328741828e-01  -2.4774396301e+00  -6.3648108177e-02
  -3.5554555589e-01  -3.5648238098e-01   3.9754626969e-01  -2.6243864024e+00  -2.9075556133e-02
  -3.5370428246e-01  -3.5460873079e-01   2.8235195339e-01  -2.7474701387e+00  -3.1181085731e-03
  -3.5191009141e-01  -3.5279983412e-01   1.6689809686e-01  -2.8498872929e+00   1.5998493749e-02
  -3.5013002733e-01  -3.5102034870e-01   5.1392957090e-02  -2.9320668161e+00   2.9312313781e-02
  -3.4833352158e-01  -3.4923970596e-01  -6.4282558632e-02  -2.9935336297e+00   3.7693574450e-02
  -3.4648782394e-01  -3.4742733720e-01  -1.7951529454e-01  -3.0323160578e+00   4.1887535011e-02
  -3.4455195495e-01  -3.4554831069e-01  -2.9508363884e-01  -3.0452578309e+00   4.2710573925e-02
  -3.4246600922e-01  -3.4355559922e-01  -4.1070434931e-01  -3.0258558762e+00   4.1108673370e-02
  -3.4012589732e-01  -3.4137641922e-01  -5.2641248173e-01  -2.9618944087e+00   3.8610555799e-02
  -3.3729386531e-01  -3.3887537541e-01  -6.4277080304e-01  -2.8242595407e+00   3.8561344064e-02
  -3.3373119516e-01  -3.3571235521e-01  -7.4738227852e-01  -2.5608808355e+00   5.0095878109e-02
  -3.3013995431e-01  -3.3175003512e-01  -8.0416006135e-01  -2.2051428957e+00   8.1264110476e-02
  -3.2713093899e-01  -3.2852987349e-01  -8.1205166198e-01  -1.8444793529e+00   1.2701055089e-01
  -3.2444947423e-01  -3.2573200448e-01  -7.9013588565e-01  -1.4838997031e+00   1.8393902151e-01
  -3.2194996463e-01  -3.2316694398e-01  -7.4741025688e-01  -1.1244103022e+00   2.4969142206e-01
  -3.1954784063e-01  -3.2073298528e-01  -6.8819300739e-01  -7.6375594121e-01   3.2288535548e-01
  -3.1718162262e-01  -3.1836269597e-01  -6.1546130245e-01  -4.0464594881e-01   4.0121701089e-01
  -3.1479564044e-01  -3.1600054927e-01  -5.2968873280e-01  -4.3685531358e-02   4.8347607714e-01
  -3.1232750552e-01  -3.1359073161e-01  -4.3160578877e-01   3.1594314308e-01   5.6644480973e-01
  -3.0974859368e-01  -3.1106427944e-01  -3.2174844979e-01   6.6884826444e-01   6.4527667296e-01
  -3.0714129829e-01  -3.0843290792e-01  -2.0655867388e-01   9.9084568076e-01   7.0985509749e-01
  -3.0455287342e-01  -3.0584968867e-01  -9.1361522852e-02   1.2653759725e+00   7.5183344439e-01
  -3.0192288339e-01  -3.0325605817e-01   2.4177363095e-02   1.4901397154e+00   7.6529915662e-01
  -2.9918504232e-01  -3.0058970861e-01   1.3933247958e-01   1.6563879713e+00   7.4186335542e-01
  -2.9625455536e-01  -2.9778037603e-01   2.5472129400e-01   1.7519350977e+00   6.6930904450e-01
  -2.9299442333e-01  -2.9472873469e-01   3.7017597062e-01   1.7529955117e+00   5.2803935420e-01
  -2.8955416173e-01  -2.9126011198e-01   4.7454800496e-01   1.6372019133e+00   3.1311939417e-01
  -2.8641489689e-01  -2.8784821147e-01   5.5148818723e-01   1.4350349199e+00   6.6380512361e-02
  -2.8367227528e-01  -2.8498158232e-01   6.0256564976e-01   1.1914422629e+00  -1.8035104690e-01
  -2.8109973593e-01  -2.8236296824e-01   6.3518897457e-01   9.1922822572e-01  -4.2628961636e-01
  -2.7855854486e-01  -2.7983650363e-01   6.5179419119e-01   6.2086835829e-01  -6.7236678198e-01
  -2.7591378759e-01  -2.7728058609e-01   6.5123852164e-01   2.9371248246e-01  -9.1903198909e-01
  -2.7306953365e-01  -2.7454698909e-01   6.2896485650e-01  -5.8001245695e-02  -1.1573755392e+00
  -2.6996238336e-01  -2.7159207822e-01   5.7747911031e-01  -4.1912858020e-01  -1.3667452571e+00
  -2.6657645717e-01  -2.6833268850e-01   4.8795278151e-01  -7.5831833363e-01  -1.5128404237e+00
  -2.6342123777e-01  -2.6482022584e-01   3.7379030395e-01  -1.0032536699e+00  -1.5579223553e+00
  -2.6083514468e-01  -2.6202224969e-01   2.5789108929e-01  -1.1401677229e+00  -1.5198669915e+00
  -2.5858769354e-01  -2.5964803967e-01   1.4255567824e-01  -1.2076114462e+00  -1.4305785579e+00
  -2.5655037453e-01  -2.5752734742e-01   2.6853417755e-02  -1.2266116335e+00  -1.3047763161e+00
  -2.5465278369e-01  -2.5557340165e-01  -8.8341614810e-02  -1.2085385093e+00  -1.1520919262e+00
  -2.5284972121e-01  -2.5373216573e-01  -2.0398013617e-01  -1.1605203213e+00  -9.7676654804e-01
  -2.5110888879e-01  -2.5196727669e-01  -3.1921477882e-01  -1.0876804418e+00  -7.8371732688e-01
  -2.4940443518e-01  -2.5025050088e-01  -4.3500099982e-01  -9.9265349783e-01  -5.7384757740e-01
  -2.4771352258e-01  -2.4855836948e-01  -5.5029722434e-01  -8.7845724103e-01  -3.5077214873e-01
  -2.4601470591e-01  -2.4686867567e-01  -6.6554473378e-01  -7.4612549807e-01  -1.1488389261e-01
  -2.4431234304e-01  -2.4516073614e-01  -7.7882716327e-01  -5.9879684938e-01   1.2900218591e-01
  -2.4261819605e-01  -2.4346394993e-01  -8.8788704120e-01  -4.4028825978e-01   3.7514570078e-01
  -2.4091346566e-01  -2.4177244216e-01  -9.9209319685e-01  -2.7202520793e-01   6.2147008318e-01
  -2.3916427906e-01  -2.4005448915e-01  -1.0910823685e+00  -9.4163519734e-02   8.6705831499e-01
  -2.3732807788e-01  -2.3827406896e-01  -1.1851334005e+00   9.6155981631e-02   1.1137292216e+00
  -2.3534180132e-01  -2.3638208681e-01  -1.2723835907e+00   3.0061189860e-01   1.3595643892e+00
  -2.3309001431e-01  -2.3430151584e-01  -1.3509925723e+00   5.2777398280e-01   1.6067278209e+00
  -2.3027701721e-01  -2.3187851277e-01  -1.4137375835e+00   7.9645295983e-01   1.8556670980e+00
  -2.2645548597e-01  -2.2867552165e-01  -1.4292701791e+00   1.1254364169e+00   2.0723609355e+00
  -2.2235484195e-01  -2.2423545029e-01  -1.3558653955e+00   1.4276290068e+00   2.1472411311e+00
  -2.1926377134e-01  -2.2047423360e-01  -1.2373442032e+00   1.6190270185e+00   2.0955967251e+00
  -2.1707588367e-01  -2.1805330907e-01  -1.1210654697e+00   1.7360377761e+00   2.0061025545e+00
  -2.1524632204e-01  -2.1609845826e-01  -1.0053561401e+00   1.8233299146e+00   1.9026797780e+00
  -2.1362140285e-01  -2.1439418582e-01  -8.8976801645e-01   1.8935732724e+00   1.7922223993e+00
  -2.1213035299e-01  -2.1284861988e-01  -7.7424792485e-01   1.9524343331e+00   1.6780889192e+00
  -2.1073297734e-01  -2.1141208611e-01  -6.5885481767e-01   2.0030280722e+00   1.5623039820e+00
  -2.0940352536e-01  -2.1005386857e-01  -5.4360295561e-01   2.0472748597e+00   1.4461559300e+00
  -2.0812417356e-01  -2.0875318216e-01  -4.2779927892e-01   2.0866482316e+00   1.3298553073e+00
  -2.0688161592e-01  -2.0749516496e-01  -3.1225236112e-01   2.1216843579e+00   1.2149164295e+00
  -2.0566526556e-01  -2.0626806687e-01  -1.9662766452e-01   2.1530645265e+00   1.1015758590e+00
  -2.0446637627e-01  -2.0506246426e-01  -8.1331460101e-02   2.1810655735e+00   9.9071448714e-01
  -2.0327734466e-01  -2.0387028829e-01   3.3800814381e-02   2.2059797483e+00   8.8259633498e-01
  -2.0209126970e-01  -2.0268440103e-01   1.4890006846e-01   2.2279511785e+00   7.7750769504e-01
  -2.0090147165e-01  -2.0149813836e-01   2.6522444913e-01   2.2471576328e+00   6.7479514543e-01
  -1.9970122365e-01  -2.0030480494e-01   3.8040643306e-01   2.2631016233e+00   5.7699895880e-01
  -1.9848348986e-01  -1.9909764236e-01   4.9570063371e-01   2.2758039228e+00   4.8345716687e-01
  -1.9724048137e-01  -1.9786933735e-01   6.1110213955e-01   2.2849207700e+00   3.9471822035e-01
  -1.9596323099e-01  -1.9661162539e-01   7.2642672958e-01   2.2899563558e+00   3.1153404327e-01
  -1.9464093815e-01  -1.9531483659e-01   8.4183160156e-01   2.2902414740e+00   2.3451646746e-01
  -1.9325989426e-01  -1.9396703971e-01   9.5753218573e-01   2.2847999857e+00   1.6445082542e-01
  -1.9180212350e-01  -1.9255274881e-01   1.0728969743e+00   2.2723125028e+00   1.0286144633e-01
  -1.9024256431e-01  -1.9105149818e-01   1.1884323482e+00   2.2507741522e+00   5.0971827763e-02
  -1.8854366466e-01  -1.8943363044e-01   1.3039712201e+00   2.2171544599e+00   1.1034974983e-02
  -1.8664397079e-01  -1.8765369889e-01   1.4195600578e+00   2.1663658405e+00  -1.3648885718e-02
  -1.8442730585e-01  -1.8563424269e-01   1.5353167240e+00   2.0887347532e+00  -1.7313488921e-02
  -1.8160313917e-01  -1.8322036901e-01   1.6520815730e+00   1.9598270602e+00   1.3196436938e-02
  -1.7756259117e-01  -1.7998590933e-01   1.7585384760e+00   1.7168285684e+00   1.1064640549e-01
  -1.7303185648e-01  -1.7513927301e-01   1.8018665574e+00   1.3714778542e+00   2.6306290640e-01
  -1.6908706558e-01  -1.7092443995e-01   1.7770284720e+00   1.0120777930e+00   4.0695340374e-01
  -1.6556874658e-01  -1.6724969121e-01   1.7110135119e+00   6.5238351565e-01   5.2383375842e-01
  -1.6230329771e-01  -1.6388780195e-01   1.6172769311e+00   2.9360364078e-01   6.0956635021e-01
  -1.5930533986e-01  -1.6071879347e-01   1.5064201536e+00  -5.2620505623e-02   6.6221914302e-01
  -1.5665937975e-01  -1.5789188625e-01   1.3909410077e+00  -3.6632781078e-01   6.8419712616e-01
  -1.5431114807e-01  -1.5542687324e-01   1.2755119063e+00  -6.4852383475e-01   6.8304217433e-01
  -1.5216225868e-01  -1.5319542290e-01   1.1600323846e+00  -9.0726798509e-01   6.6455716025e-01
  -1.5015713276e-01  -1.5112909446e-01   1.0447840986e+00  -1.1461810123e+00   6.3248418786e-01
  -1.4825992434e-01  -1.4918517106e-01   9.2933140176e-01  -1.3686261340e+00   5.8921372622e-01
  -1.4644521115e-01  -1.4733467761e-01   8.1405797753e-01  -1.5753009225e+00   5.3665846192e-01
  -1.4469345284e-01  -1.4555574469e-01   6.9857740242e-01  -1.7677006509e+00   4.7592047253e-01
  -1.4298867368e-01  -1.4383116098e-01   5.8323273876e-01  -1.9455597056e+00   4.0806822794e-01
  -1.4131690759e-01  -1.4214618637e-01   4.6814513459e-01  -2.1087149432e+00   3.3380884096e-01
  -1.3966534044e-01  -1.4048762881e-01   3.5226034364e-01  -2.2580611596e+00   2.5272128765e-01
  -1.3802137227e-01  -1.3884305207e-01   2.3722239834e-01  -2.3906203967e+00   1.6602290648e-01
  -1.3637181817e-01  -1.3719969246e-01   1.2175491881e-01  -2.5066366289e+00   7.2597324219e-02
  -1.3470202479e-01  -1.3554394387e-01   6.2059415971e-03  -2.6036195100e+00  -2.7846456144e-02
  -1.3299460342e-01  -1.3386010571e-01  -1.0907953400e-01  -2.6785197672e+00  -1.3588164039e-01
  -1.3122742364e-01  -1.3212910114e-01  -2.2446214486e-01  -2.7275373942e+00  -2.5326541349e-01
  -1.2936992205e-01  -1.3032574614e-01  -3.3997854768e-01  -2.7444253576e+00  -3.8236553090e-01
  -1.2737607576e-01  -1.2841409796e-01  -4.5548628236e-01  -2.7193443913e+00  -5.2680036583e-01
  -1.2516795232e-01  -1.2633805357e-01  -5.7098562036e-01  -2.6353733994e+00  -6.9321398040e-01
  -1.2259649311e-01  -1.2399785107e-01  -6.8675045395e-01  -2.4574966486e+00  -8.9583597393e-01
  -1.1978118372e-01  -1.2119513514e-01  -7.8715671618e-01  -2.1634829469e+00  -1.1261925225e+00
  -1.1722127913e-01  -1.1836723231e-01  -8.5320147799e-01  -1.8063878969e+00  -1.3427680481e+00
  -1.1509287231e-01  -1.1607532595e-01  -8.8893061117e-01  -1.4449501189e+00  -1.5274688641e+00
  -1.1322832905e-01  -1.1411041867e-01  -9.0614626200e-01  -1.0844076423e+00  -1.6916311506e+00
  -1.1153107570e-01  -1.1234623943e-01  -9.1098807382e-01  -7.2442937352e-01  -1.8422389071e+00
  -1.0994725144e-01  -1.1071591197e-01  -9.0684742915e-01  -3.6318862953e-01  -1.9837295428e+00
  -1.0844209005e-01  -1.0917859092e-01  -8.9593683127e-01  -3.6367972583e-03  -2.1172485628e+00
  -1.0699069130e-01  -1.0770558918e-01  -8.7971706094e-01   3.5659929786e-01  -2.2452248677e+00
  -1.0557379342e-01  -1.0627579343e-01  -8.5921741166e-01   7.1801270317e-01  -2.3688109927e+00
  -1.0417484262e-01  -1.0487179340e-01  -8.3557379398e-01   1.0763493695e+00  -2.4873154531e+00
  -1.0277836491e-01  -1.0347789183e-01  -8.0903549110e-01   1.4383403135e+00  -2.6034381657e+00
  -1.0136848770e-01  -1.0207883800e-01  -7.8063653333e-01   1.7979114622e+00  -2.7154980095e+00
  -9.9927160114e-02  -1.0065813741e-01  -7.5075009351e-01   2.1577967164e+00  -2.8245000034e+00
  -9.8431492431e-02  -9.9196182820e-02  -7.1987185361e-01   2.5187944664e+00  -2.9305605879e+00
  -9.6849353975e-02  -9.7666802042e-02  -6.8884632511e-01   2.8786563009e+00  -3.0326229567e+00
  -9.5128935434e-02  -9.6031905908e-02  -6.5831759022e-01   3.2399909423e+00  -3.1304856434e+00
  -9.3169554815e-02  -9.4225964960e-02  -6.2976324141e-01   3.6024266324e+00  -3.2218253936e+00
  -9.0693116826e-02  -9.2113144671e-02  -6.0649295961e-01   3.9678346810e+00  -3.3006435589e+00
  -8.6064311804e-02  -8.9273088982e-02  -6.1421993439e-01   4.3003035403e+00  -3.3087294567e+00
  -8.1038906322e-02  -8.2855534627e-02  -6.9292767640e-01   4.1679929213e+00  -3.1166625722e+00
  -7.8108252031e-02  -7.9222278017e-02  -7.7662651780e-01   3.8043189551e+00  -2.8823541163e+00
  -7.6119770026e-02  -7.6994226045e-02  -8.4685008194e-01   3.4405794647e+00  -2.6704958359e+00
  -7.4493656872e-02  -7.5245314008e-02  -9.1056195920e-01   3.0789849297e+00  -2.4668846762e+00
  -7.3066926550e-02  -7.3741999736e-02  -9.7021942049e-01   2.7168585737e+00  -2.2660228828e+00
  -7.1768786630e-02  -7.2391853364e-02  -1.0261595412e+00   2.3576236368e+00  -2.0680498857e+00
  -7.0560251636e-02  -7.1145719897e-02  -1.0793313784e+00   1.9984270403e+00  -1.8704218090e+00
  -6.9417550346e-02  -6.9974783374e-02  -1.1305165985e+00   1.6354159414e+00  -1.6703994730e+00
  -6.8324055410e-02  -6.8860317318e-02  -1.1786063778e+00   1.2776885671e+00  -1.4725564422e+00
  -6.7267461975e-02  -6.7787793503e-02  -1.2247687965e+00   9.1747857583e-01  -1.2722628467e+00
  -6.6238617133e-02  -6.6747130448e-02  -1.2689152416e+00   5.5534536385e-01  -1.0695049621e+00
  -6.5229849759e-02  -6.5730103818e-02  -1.3105029080e+00   1.9577086374e-01  -8.6652349875e-01
  -6.4234582529e-02  -6.4729595701e-02  -1.3498451266e+00  -1.6402978578e-01  -6.6150426817e-01
  -6.3247023061e-02  -6.3739569357e-02  -1.3868974175e+00  -5.2438948082e-01  -4.5397870460e-01
  -6.2261713444e-02  -6.2754476766e-02  -1.4215529664e+00  -8.8547496871e-01  -2.4354075294e-01
  -6.1273271772e-02  -6.1768950123e-02  -1.4534918278e+00  -1.2454087183e+00  -3.0962806987e-02
  -6.0276158330e-02  -6.0777593420e-02  -1.4826321038e+00  -1.6052105604e+00   1.8471406324e-01
  -5.9264388663e-02  -5.9774723239e-02  -1.5087220881e+00  -1.9647575493e+00   4.0385615796e-01
  -5.8231038661e-02  -5.8754054088e-02  -1.5316093754e+00  -2.3270757742e+00   6.2891816699e-01
  -5.7167898835e-02  -5.7708023234e-02  -1.5505365563e+00  -2.6871511992e+00   8.5750044736e-01
  -5.6065022706e-02  -5.6627774435e-02  -1.5650057116e+00  -3.0442656988e+00   1.0899070812e+00
  -5.4910797379e-02  -5.5502270977e-02  -1.5745011515e+00  -3.4076629860e+00   1.3335176086e+00
  -5.3708034454e-02  -5.4319323781e-02  -1.5775540279e+00  -3.7595021155e+00   1.5779279002e+00
  -5.2463138266e-02  -5.3096745126e-02  -1.5732733488e+00  -4.0983421575e+00   1.8235560755e+00
  -5.1166546254e-02  -5.1829531406e-02  -1.5605246899e+00  -4.4192231409e+00   2.0687035735e+00
  -4.9801008403e-02  -5.0503561102e-02  -1.5374115322e+00  -4.7223341268e+00   2.3164468309e+00
  -4.8342526768e-02  -4.9098455703e-02  -1.5021560419e+00  -4.9963228659e+00   2.5615777930e+00
  -4.6754581213e-02  -4.7586597833e-02  -1.4509148501e+00  -5.2380503353e+00   2.8077606731e+00
  -4.4974374735e-02  -4.5922564593e-02  -1.3779237878e+00  -5.4336726017e+00   3.0540029554e+00
  -4.2998052848e-02  -4.4026184878e-02  -1.2780717068e+00  -5.5557012814e+00   3.2887058389e+00
  -4.1070655474e-02  -4.1969920818e-02  -1.1630444710e+00  -5.5781129541e+00   3.4760321728e+00
  -3.9362305491e-02  -4.0171390129e-02  -1.0476233613e+00  -5.5177553974e+00   3.6054523721e+00
  -3.7805683954e-02  -3.8553220854e-02  -9.3200666365e-01  -5.3988940568e+00   3.6933786502e+00
  -3.6354604293e-02  -3.7058147054e-02  -8.1642101664e-01  -5.2357318938e+00   3.7491096083e+00
  -3.4979688191e-02  -3.5651061533e-02  -7.0118384536e-01  -5.0379039068e+00   3.7786031169e+00
  -3.3660687901e-02  -3.4308314849e-02  -5.8588301369e-01  -4.8108753738e+00   3.7859358346e+00
  -3.2382721616e-02  -3.3013060953e-02  -4.7024575931e-01  -4.5582744050e+00   3.7736337939e+00
  -3.1134000315e-02  -3.1752382279e-02  -3.5459319391e-01  -4.2838892630e+00   3.7434306279e+00
  -2.9904597774e-02  -3.0515618351e-02  -2.3905906856e-01  -3.9905353151e+00   3.6966028375e+00
  -2.8685747466e-02  -2.9293577198e-02  -1.2364963095e-01  -3.6801977602e+00   3.6339542623e+00
  -2.7469270579e-02  -2.8077917734e-02  -8.2996976377e-03  -3.3542105922e+00   3.5558244488e+00
  -2.6247064189e-02  -2.6860623423e-02   1.0707343831e-01  -3.0134585730e+00   3.4621102039e+00
  -2.5014821667e-02  -2.5633504956e-02   2.2211399120e-01  -2.6598649542e+00   3.3527169367e+00
  -2.3783464998e-02  -2.4396138378e-02   3.3492232580e-01  -2.3002680536e+00   3.2291441346e+00
  -2.2559798503e-02  -2.3170791618e-02   4.4413917235e-01  -1.9402086872e+00   3.0928141922e+00
  -2.1333573805e-02  -2.1948805389e-02   5.5002383944e-01  -1.5799294534e+00   2.9431948827e+00
  -2.0092652379e-02  -2.0718342222e-02   6.5284228582e-01  -1.2192381360e+00   2.7790852536e+00
  -1.8823713972e-02  -1.9466962537e-02   7.5262613300e-01  -8.5838399292e-01   2.5988796958e+00
  -1.7510956879e-02  -1.8180465406e-02   8.4909686251e-01  -4.9842842557e-01   2.4007069596e+00
  -1.6134263046e-02  -1.6841448352e-02   9.4238901078e-01  -1.3843831022e-01   2.1804688446e+00
  -1.4716027676e-02  -1.5427077741e-02   1.0291847219e+00   2.0917264932e-01   1.9418666089e+00
  -1.3323109993e-02  -1.4004977611e-02   1.1052832154e+00   5.2714002600e-01   1.6943602575e+00
  -1.1982185388e-02  -1.2641242376e-02   1.1679413376e+00   8.0204634531e-01   1.4496243451e+00
  -1.0682244316e-02  -1.1323128401e-02   1.2193767761e+00   1.0412327138e+00   1.2039382755e+00
  -9.4147914636e-03  -1.0041360232e-02   1.2602064084e+00   1.2458664943e+00   9.5782718505e-01
  -8.1726570787e-03  -8.7882226952e-03   1.2910058905e+00   1.4171665526e+00   7.1172033501e-01
  -6.9495966886e-03  -7.5570914623e-03   1.3123190055e+00   1.5564309906e+00   4.6583547287e-01
  -5.7399918747e-03  -6.3421019150e-03   1.3246276077e+00   1.6648935993e+00   2.2022364840e-01
  -4.5386011756e-03  -5.1378818345e-03   1.3283307383e+00   1.7436148478e+00  -2.5188159490e-02
  -3.3403364641e-03  -3.9393205168e-03   1.3237316897e+00   1.7934035541e+00  -2.7055474733e-01
  -2.1400090595e-03  -2.7413524114e-03   1.3108915951e+00   1.8147126979e+00  -5.1771356563e-01
  -9.3212634877e-04  -1.5386657077e-03   1.2900967004e+00   1.8074576637e+00  -7.6345588381e-01
   2.8931424925e-04  -3.2558698988e-04   1.2614192415e+00   1.7720196449e+00  -1.0090141038e+00
   1.5311812089e-03   9.0421548837e-04   1.2248044597e+00   1.7081014070e+00  -1.2547238504e+00
   2.8016617177e-03   2.1581469294e-03   1.1801664361e+00   1.6151407091e+00  -1.5003310572e+00
   4.1109605850e-03   3.4451765061e-03   1.1271778022e+00   1.4918722151e+00  -1.7461775772e+00
   5.4725294366e-03   4.7767446639e-03   1.0651798315e+00   1.3359159363e+00  -1.9929283992e+00
   6.9046774823e-03   6.1683142094e-03   9.9398468853e-01   1.1458261423e+00  -2.2385012072e+00
   8.4340799804e-03   7.6410407552e-03   9.1221537812e-01   9.1671857550e-01  -2.4839834849e+00
   1.0104145255e-02   9.2271192055e-03   8.1732787882e-01   6.3950433412e-01  -2.7307026583e+00
   1.1941516552e-02   1.0981171305e-02   7.0892204805e-01   3.1058354334e-01  -2.9714946227e+00
   1.3844002375e-02   1.2901861799e-02   5.9535949413e-01  -4.5891641818e-02  -3.1829347347e+00
   1.5719327137e-02   1.4786142951e-02   4.8377168866e-01  -4.0704518606e-01  -3.3516621244e+00
   1.7600566921e-02   1.6652511322e-02   3.7563004843e-01  -7.6682778538e-01  -3.4769905539e+00
   1.9538400328e-02   1.8548622520e-02   2.6998227991e-01  -1.1274175061e+00  -3.5587743743e+00
   2.1598120379e-02   2.0528178135e-02   1.6668831086e-01  -1.4886344292e+00  -3.5910275962e+00
   2.3888292623e-02   2.2668062623e-02   6.5683768717e-02  -1.8498437956e+00  -3.5600446582e+00
   2.6618799763e-02   2.5108522624e-02  -3.3024144155e-02  -2.2087392018e+00  -3.4327049927e+00
   2.9401618874e-02   2.8129076902e-02  -1.0821370189e-01  -2.4807153898e+00  -3.2110819571e+00
   3.1692531966e-02   3.0674160846e-02  -1.4973197730e-01  -2.6212529400e+00  -2.9632239606e+00
   3.3600221992e-02   3.2710903086e-02  -1.7038114312e-01  -2.6754746358e+00  -2.7166408780e+00
   3.5300111210e-02   3.4489540898e-02  -1.7866178112e-01  -2.6737868817e+00  -2.4695631455e+00
   3.6869555690e-02   3.6110681521e-02  -1.7834886108e-01  -2.6299101223e+00  -2.2240875032e+00
   3.8351830203e-02   3.7628429858e-02  -1.7161656416e-01  -2.5510928827e+00  -1.9782599854e+00
   3.9774323875e-02   3.9075230547e-02  -1.5978278138e-01  -2.4417317985e+00  -1.7326400556e+00
   4.1156420734e-02   4.0473417203e-02  -1.4362054782e-01  -2.3034993503e+00  -1.4857299697e+00
   4.2513044807e-02   4.1839424264e-02  -1.2397292637e-01  -2.1397877995e+00  -1.2405787001e+00
   4.3856500443e-02   4.3186665349e-02  -1.0114296216e-01  -1.9501478244e+00  -9.9494662694e-01
   4.5197538296e-02   4.4526335537e-02  -7.5345989500e-02  -1.7338416174e+00  -7.4802081697e-01
   4.6546249027e-02   4.5868741055e-02  -4.7227268639e-02  -1.4940374034e+00  -5.0348141520e-01
   4.7912792377e-02   4.7223756999e-02  -1.6383518125e-02  -1.2251235460e+00  -2.5638613901e-01
   4.9307828469e-02   4.8601827754e-02   1.6438682574e-02  -9.3152684484e-01  -1.1863917030e-02
   5.0743392454e-02   5.0013829184e-02   5.1828456595e-02  -6.0585731858e-01   2.3487564050e-01
   5.2207825414e-02   5.1472955725e-02   8.8732469045e-02  -2.5580780947e-01   4.7668112371e-01
   5.3650667067e-02   5.2942695103e-02   1.2554858249e-01   1.0425444678e-01   7.0437909680e-01
   5.5047776467e-02   5.4358639031e-02   1.6114816226e-01   4.6289357545e-01   9.1304173277e-01
   5.6414013560e-02   5.5736913904e-02   1.9611996054e-01   8.2534850462e-01   1.1078320611e+00
   5.7762323677e-02   5.7091113216e-02   2.2982219728e-01   1.1841664116e+00   1.2865255619e+00
   5.9104466362e-02   5.8433534137e-02   2.6276739726e-01   1.5439082688e+00   1.4529861781e+00
   6.0451808752e-02   5.9775398588e-02   2.9511115942e-01   1.9057061709e+00   1.6086664193e+00
   6.1816225066e-02   6.1128218917e-02   3.2637778799e-01   2.2635303364e+00   1.7519787045e+00
   6.3211375120e-02   6.2504231215e-02   3.5738781478e-01   2.6262800784e+00   1.8871752385e+00
   6.4653930942e-02   6.3918519026e-02   3.8744807881e-01   2.9855426464e+00   2.0116279978e+00
   6.6165814248e-02   6.5389342859e-02   4.1692287796e-01   3.3454347638e+00   2.1273728783e+00
   6.7779318088e-02   6.6942285637e-02   4.4582476025e-01   3.7065575587e+00   2.2348293489e+00
   6.9546485745e-02   6.8616350540e-02   4.7386084496e-01   4.0665899291e+00   2.3334624128e+00
   7.1567532276e-02   7.0476620951e-02   5.0101080014e-01   4.4291781926e+00   2.4240886919e+00
   7.4104885422e-02   7.2658443602e-02   5.2626093564e-01   4.7937293652e+00   2.5055942563e+00
   7.7526520153e-02   7.5551327241e-02   5.4273241169e-01   5.1094846132e+00   2.5655835455e+00
   8.1476905976e-02   7.9501713064e-02   5.3371252643e-01   5.2090283210e+00   2.5745501845e+00
   8.5477905063e-02   8.3452098887e-02   4.8942153487e-01   5.0052046983e+00   2.5253760091e+00
   8.8741837857e-02   8.7503711239e-02   4.2675400006e-01   4.6300647660e+00   2.4482626711e+00
   9.0981550477e-02   8.9979964474e-02   3.6923780459e-01   4.2673083962e+00   2.3763202144e+00
   9.2861396960e-02   9.1983136480e-02   3.1263665380e-01   3.9061339052e+00   2.3047856701e+00
   9.4541878575e-02   9.3739657440e-02   2.5610950395e-01   3.5445105480e+00   2.2323380279e+00
   9.6096131064e-02   9.5344099709e-02   1.9987874444e-01   3.1849048533e+00   2.1589232402e+00
   9.7565832357e-02   9.6848162418e-02   1.4359530913e-01   2.8252716005e+00   2.0837227200e+00
   9.8977729923e-02   9.8283502295e-02   8.7009804043e-02   2.4637745331e+00   2.0059707807e+00
   1.0035123539e-01   9.9671957551e-02   3.0891086115e-02   2.1047925371e+00   1.9262718309e+00
   1.0170158899e-01   1.0103051323e-01  -2.5461562301e-02   1.7430558011e+00   1.8431021217e+00
   1.0304161504e-01   1.0237266476e-01  -8.0962101928e-02   1.3845090651e+00   1.7574588349e+00
   1.0438312125e-01   1.0371056532e-01  -1.3630170039e-01   1.0233519661e+00   1.6675426238e+00
   1.0573772454e-01   1.0505567718e-01  -1.9066298387e-01   6.6315654845e-01   1.5737207275e+00
   1.0711777092e-01   1.0641977189e-01  -2.4378884395e-01   3.0338686440e-01   1.4752867716e+00
   1.0853732118e-01   1.0781576996e-01  -2.9525635310e-01  -5.6094539862e-02   1.3714944547e+00
   1.1001381601e-01   1.0925887241e-01  -3.4473061458e-01  -4.1737066741e-01   1.2607297924e+00
   1.1157029742e-01   1.1076875960e-01  -3.9102175816e-01  -7.7829327910e-01   1.1422919535e+00
   1.1323910999e-01   1.1237183524e-01  -4.3273897478e-01  -1.1379007534e+00   1.0147046954e+00
   1.1507083258e-01   1.1410638474e-01  -4.6806625890e-01  -1.4981980065e+00   8.7442343798e-01
   1.1715595752e-01   1.1603528043e-01  -4.9327766846e-01  -1.8596953852e+00   7.1612964112e-01
   1.1969438156e-01   1.1827663460e-01  -5.0015954710e-01  -2.2227590441e+00   5.2884201268e-01
   1.2294359536e-01   1.2111212852e-01  -4.6909778928e-01  -2.5588461464e+00   3.0354757935e-01
   1.2658882411e-01   1.2477506220e-01  -3.8300260157e-01  -2.7712829042e+00   7.5500110190e-02
   1.2978377682e-01   1.2840258601e-01  -2.6745296132e-01  -2.8226707020e+00  -9.7821703425e-02
   1.3235774354e-01   1.3116496762e-01  -1.5149509850e-01  -2.7802016600e+00  -2.1738797368e-01
   1.3465455028e-01   1.3355051945e-01  -3.5863576900e-02  -2.6887728496e+00  -3.0896310915e-01
   1.3682756115e-01   1.3575858111e-01   7.9990882915e-02  -2.5632923885e+00  -3.8328368579e-01
   1.3897182370e-01   1.3789654119e-01   1.9533674994e-01  -2.4105997027e+00  -4.4539470562e-01
   1.4117369974e-01   1.4004710620e-01   3.1105458058e-01  -2.2303964233e+00  -4.9939094327e-01
   1.4354874708e-01   1.4230029328e-01   4.2688697466e-01  -2.0183954228e+00  -5.4811268034e-01
   1.4633888714e-01   1.4479720088e-01   5.4352759095e-01  -1.7569841681e+00  -5.9568776242e-01
   1.4981236160e-01   1.4788057341e-01   6.4758206961e-01  -1.4309577310e+00  -6.4533311885e-01
   1.5385946366e-01   1.5174414979e-01   6.9786886575e-01  -1.0712953296e+00  -6.9668819241e-01
   1.5819320894e-01   1.5597477754e-01   6.5551423588e-01  -7.3200061874e-01  -7.4877709797e-01
   1.6184740152e-01   1.6041164034e-01   5.4509413792e-01  -4.9068903256e-01  -7.9037666501e-01
   1.6440447902e-01   1.6328316269e-01   4.2838457171e-01  -3.4964304220e-01  -8.1619039213e-01
   1.6650136438e-01   1.6552579535e-01   3.1251017966e-01  -2.5125433334e-01  -8.3356851250e-01
   1.6837033901e-01   1.6747693341e-01   1.9689794313e-01  -1.7648781261e-01  -8.4492020159e-01
   1.7010830122e-01   1.6926374462e-01   8.1186819368e-02  -1.1761722777e-01  -8.5098913983e-01
   1.7177006805e-01   1.7095285781e-01  -3.4292570670e-02  -7.0960891267e-02  -8.5189966540e-01
   1.7339327517e-01   1.7258727828e-01  -1.4958907759e-01  -3.4271265954e-02  -8.4750865660e-01
   1.7500830949e-01   1.7419927206e-01  -2.6521342920e-01  -6.2342783890e-03  -8.3733360493e-01
   1.7664414492e-01   1.7581734693e-01  -3.8053573199e-01   1.3514771307e-02  -8.2070150772e-01
   1.7833348868e-01   1.7747094292e-01  -4.9626245231e-01   2.4995694461e-02  -7.9635904110e-01
   1.8011963246e-01   1.7919603443e-01  -6.1173385245e-01   2.7335412727e-02  -7.6264885865e-01
   1.8207106981e-01   1.8104323049e-01  -7.2756180553e-01   1.8590439920e-02  -7.1635049442e-01
   1.8432341455e-01   1.8309890913e-01  -8.4352934710e-01  -5.8100024403e-03  -6.5147309329e-01
   1.8730324195e-01   1.8554791997e-01  -9.6165172153e-01  -6.1015859216e-02  -5.4894789654e-01
   1.9198932527e-01   1.8905856393e-01  -1.0502943414e+00  -1.9507602341e-01  -3.6422137837e-01
   1.9726099767e-01   1.9492008661e-01  -1.0099870669e+00  -3.9429286255e-01  -1.5728083964e-01
   2.0095746375e-01   1.9960190873e-01  -8.9129363814e-01  -5.5163215574e-01  -3.7966602236e-02
   2.0338988416e-01   2.0231301878e-01  -7.7485109478e-01  -6.5550381062e-01   1.7331948734e-02
   2.0540576969e-01   2.0446674954e-01  -6.5886111285e-01  -7.3784328037e-01   4.5398418946e-02
   2.0720180342e-01   2.0634478985e-01  -5.4344642266e-01  -8.0558655236e-01   5.4972612640e-02
   2.0886272091e-01   2.0805881699e-01  -4.2779697004e-01  -8.6208005278e-01   4.9972156324e-02
   2.1043552366e-01   2.0966662483e-01  -3.1248588977e-01  -9.0839207237e-01   3.2471023255e-02
   2.1195075282e-01   2.1120442249e-01  -1.9688570060e-01  -9.4539798576e-01   3.5945685893e-03
   2.1343051381e-01   2.1269708315e-01  -8.1368250808e-02  -9.7310449875e-01  -3.5882203823e-02
   2.1489263354e-01   2.1416394446e-01   3.4015325073e-02  -9.9135680220e-01  -8.5499569231e-02
   2.1635282734e-01   2.1562132261e-01   1.4936998357e-01  -9.9971977216e-01  -1.4511399356e-01
   2.1782637853e-01   2.1708433207e-01   2.6481590298e-01  -9.9738962265e-01  -2.1485164397e-01
   2.1932969182e-01   2.1856842500e-01   3.8035654276e-01  -9.8313181413e-01  -2.9501723565e-01
   2.2088202986e-01   2.2009095864e-01   4.9574195980e-01  -9.5525514106e-01  -3.8595001490e-01
   2.2250829290e-01   2.2167310109e-01   6.1128227772e-01  -9.1113074925e-01  -4.8876948102e-01
   2.2424396686e-01   2.2334348470e-01   7.2680152093e-01  -8.4690742803e-01  -6.0474563877e-01
   2.2614578731e-01   2.2514444901e-01   8.4242234964e-01  -7.5607718581e-01  -7.3638747204e-01
   2.2832036589e-01   2.2714712560e-01   9.5816512912e-01  -6.2659267427e-01  -8.8817007965e-01
   2.3104116554e-01   2.2949360617e-01   1.0752150514e+00  -4.2696175369e-01  -1.0727091725e+00
   2.3446740230e-01   2.3258872491e-01   1.1737568048e+00  -1.2547275471e-01  -1.2802585950e+00
   2.3803867974e-01   2.3634607970e-01   1.2168599232e+00   2.3437979152e-01  -1.4507744091e+00
   2.4135828121e-01   2.3973127978e-01   1.2001299146e+00   5.9472116355e-01  -1.5514509457e+00
   2.4464229029e-01   2.4298528263e-01   1.1324403181e+00   9.5495455779e-01  -1.5866436902e+00
   2.4774388155e-01   2.4629929796e-01   1.0274992663e+00   1.2792648314e+00  -1.5586582129e+00
   2.5038396827e-01   2.4918846514e-01   9.1129314381e-01   1.5291096155e+00  -1.4880442804e+00
   2.5265231116e-01   2.5157947139e-01   7.9570516340e-01   1.7148550729e+00  -1.3949500418e+00
   2.5473031395e-01   2.5372515093e-01   6.8008143624e-01   1.8560238196e+00  -1.2858419464e+00
   2.5670511721e-01   2.5573547696e-01   5.6440926279e-01   1.9601124436e+00  -1.1637676207e+00
   2.5863194685e-01   2.5767475745e-01   4.4907519952e-01   2.0301406015e+00  -1.0307213879e+00
   2.6055367048e-01   2.5958913624e-01   3.3379364740e-01   2.0671893385e+00  -8.8710293880e-01
   2.6251072899e-01   2.6151820472e-01   2.1822108819e-01   2.0699040728e+00  -7.3244580450e-01
   2.6454940182e-01   2.6350325326e-01   1.0249451628e-01   2.0345017480e+00  -5.6621415999e-01
   2.6673238471e-01   2.6559555038e-01  -1.2884081568e-02   1.9546785625e+00  -3.8768785783e-01
   2.6916222718e-01   2.6786921904e-01  -1.2851914396e-01   1.8179035808e+00  -1.9301453166e-01
   2.7205175754e-01   2.7045523533e-01  -2.4468062112e-01   1.5975391139e+00   2.4776487078e-02
   2.7542659499e-01   2.7364827974e-01  -3.4750355935e-01   1.2816560111e+00   2.4877958737e-01
   2.7889122059e-01   2.7720491024e-01  -4.1552767925e-01   9.2048545616e-01   4.3473183875e-01
   2.8234944938e-01   2.8057753094e-01  -4.4692745844e-01   5.5893010010e-01   5.6660125180e-01
   2.8629386712e-01   2.8412136782e-01  -4.4622940370e-01   1.9467701009e-01   6.4706698803e-01
   2.9276767405e-01   2.8846636642e-01  -3.9826623250e-01  -1.5582221479e-01   6.2509756948e-01
   3.0061497953e-01   2.9706898168e-01  -3.5179165449e-01  -1.0194201852e-01   4.4585254578e-01
   3.0637126398e-01   3.0416097737e-01  -3.7679400732e-01   2.5861771340e-01   2.8762850946e-01
   3.1056872481e-01   3.0858155059e-01  -4.4116875773e-01   6.2241234855e-01   2.1143877043e-01
   3.1463802338e-01   3.1255589902e-01  -5.3538607957e-01   9.7907645225e-01   1.9979760453e-01
   3.1872411652e-01   3.1672014775e-01  -6.4851306415e-01   1.2783593515e+00   2.6634536024e-01
   3.2287356189e-01   3.2072808529e-01  -7.6383798176e-01   1.4681672619e+00   4.2271413324e-01
   3.2687829824e-01   3.2501903849e-01  -8.5550715516e-01   1.5155145176e+00   6.5111469935e-01
   3.3033830393e-01   3.2873755799e-01  -9.0381967467e-01   1.4409137046e+00   8.9821710060e-01
   3.3344961879e-01   3.3193904987e-01  -9.1295905681e-01   1.2891529131e+00   1.1444151978e+00
   3.3648870306e-01   3.3496018770e-01  -8.8492724094e-01   1.0774802027e+00   1.3907291201e+00
   3.3967017916e-01   3.3801721842e-01  -8.1344988919e-01   8.0823359686e-01   1.6357419292e+00
   3.4270881407e-01   3.4132313990e-01  -7.0642042466e-01   5.2723901326e-01   1.8396556784e+00
   3.4523117408e-01   3.4409448823e-01  -5.9028065176e-01   2.8996915892e-01   1.9740555113e+00
   3.4737466320e-01   3.4636785992e-01  -4.7457481375e-01   9.4093500446e-02   2.0558821570e+00
   3.4931156545e-01   3.4838146648e-01  -3.5923215252e-01  -7.3160994744e-02   2.1000630426e+00
   3.5112509625e-01   3.5024166442e-01  -2.4349745909e-01  -2.1923582701e-01   2.1133368897e+00
   3.5286583623e-01   3.5200852807e-01  -1.2794391890e-01  -3.4727550689e-01   2.0986313433e+00
   3.5457029672e-01   3.5372314438e-01  -1.2398799249e-02  -4.6025724475e-01   2.0571816490e+00
   3.5626879955e-01   3.5541744907e-01   1.0294190881e-01  -5.6010346878e-01   1.9889088688e+00
   3.5799061964e-01   3.5712015003e-01   2.1837468776e-01  -6.4880591452e-01   1.8920980533e+00
   3.5976860714e-01   3.5886108925e-01   3.3382894836e-01  -7.2788851854e-01   1.7635380179e+00
   3.6164560677e-01   3.6067612502e-01   4.4944789606e-01  -7.9918125726e-01   1.5973369660e+00
   3.6366197227e-01   3.6261508852e-01   5.6366662844e-01  -8.6416674149e-01   1.3868572593e+00
   3.6568115675e-01   3.6470885602e-01   6.6606065168e-01  -9.2089635011e-01   1.1455772022e+00
   3.6754825006e-01   3.6665345748e-01   7.4773169697e-01  -9.6878700538e-01   8.9980343232e-01
   3.6928695524e-01   3.6844304263e-01   8.1188584040e-01  -1.0125629163e+00   6.5345882008e-01
   3.7094160435e-01   3.7013086785e-01   8.6127525785e-01  -1.0555544625e+00   4.0842637693e-01
   3.7254251576e-01   3.7175234086e-01   8.9854975189e-01  -1.1010134849e+00   1.6117000510e-01
   3.7411286219e-01   3.7333269067e-01   9.2440922450e-01  -1.1502602845e+00  -8.4133887840e-02
   3.7567245930e-01   3.7489303370e-01   9.4014409750e-01  -1.2055042931e+00  -3.2965485822e-01
   3.7723981263e-01   3.7645188489e-01   9.4629521955e-01  -1.2686191154e+00  -5.7564342371e-01
   3.7883443336e-01   3.7802774038e-01   9.4310202008e-01  -1.3415988300e+00  -8.2215288430e-01
   3.8047891362e-01   3.7964112633e-01   9.3066851482e-01  -1.4261221498e+00  -1.0675086716e+00
   3.8220252201e-01   3.8131670090e-01   9.0864162173e-01  -1.5256600796e+00  -1.3137187857e+00
   3.8404748900e-01   3.8308834311e-01   8.7639988948e-01  -1.6435451769e+00  -1.5593259177e+00
   3.8608416343e-01   3.8500663490e-01   8.3203272118e-01  -1.7870852555e+00  -1.8064676281e+00
   3.8845280006e-01   3.8716169196e-01   7.7246323749e-01  -1.9664985896e+00  -2.0530157809e+00
   3.9152402103e-01   3.8974390817e-01   6.8753714153e-01  -2.2121423156e+00  -2.3006752578e+00
   3.9540749083e-01   3.9330413390e-01   5.7903792981e-01  -2.5179734707e+00  -2.4860180915e+00
   3.9998842425e-01   3.9751084777e-01   4.6325358223e-01  -2.8244993388e+00  -2.5128683716e+00
   4.0461283637e-01   4.0246600073e-01   3.6886924379e-01  -3.0166937919e+00  -2.3449943375e+00
   4.0824270461e-01   4.0675967201e-01   3.1129588167e-01  -3.0483400141e+00  -2.0931811227e+00
   4.1098573482e-01   4.0972573721e-01   2.7530769364e-01  -2.9857176340e+00  -1.8461171765e+00
   4.1339891324e-01   4.1224573243e-01   2.4620793460e-01  -2.8650741309e+00  -1.5994711438e+00
   4.1565410983e-01   4.1455209406e-01   2.1898960467e-01  -2.6969121765e+00  -1.3538382246e+00
   4.1784309690e-01   4.1675612559e-01   1.9023058224e-01  -2.4825810251e+00  -1.1073517171e+00
   4.2003306119e-01   4.1893006820e-01   1.5729342531e-01  -2.2219456756e+00  -8.6160997691e-01
   4.2228473499e-01   4.2113605417e-01   1.1698590429e-01  -1.9096815947e+00  -6.1624408587e-01
   4.2453237295e-01   4.2343341581e-01   6.8453579064e-02  -1.5590793623e+00  -3.8523740112e-01
   4.2665741155e-01   4.2563133009e-01   1.3716510762e-02  -1.1990222200e+00  -1.8593143406e-01
   4.2866541872e-01   4.2768349302e-01  -4.6906429399e-02  -8.3855278941e-01  -1.8547455718e-02
   4.3060534923e-01   4.2964734442e-01  -1.1388098441e-01  -4.7873439033e-01   1.2014087471e-01
   4.3251356087e-01   4.3156335404e-01  -1.8797758879e-01  -1.1869334453e-01   2.3250267198e-01
   4.3442094964e-01   4.3346376770e-01  -2.7000371612e-01   2.4196824739e-01   3.1930019269e-01
   4.3635753672e-01   4.3537813158e-01  -3.6038024750e-01   6.0159124593e-01   3.7997040815e-01
   4.3835654627e-01   4.3733694186e-01  -4.6053460500e-01   9.6182929211e-01   4.1359567777e-01
   4.4043662500e-01   4.3937615068e-01  -5.7020272575e-01   1.3175957423e+00   4.1773728359e-01
   4.4253985249e-01   4.4149709932e-01  -6.8555845194e-01   1.6546849902e+00   3.9136155348e-01
   4.4462320710e-01   4.4358260566e-01  -8.0082518173e-01   1.9581661936e+00   3.3731091335e-01
   4.4672758775e-01   4.4566380855e-01  -9.1621714448e-01   2.2321922698e+00   2.5760733794e-01
   4.4891196447e-01   4.4779136694e-01  -1.0318013136e+00   2.4792642936e+00   1.5235943063e-01
   4.5126594965e-01   4.5003256200e-01  -1.1474444074e+00   2.7005556951e+00   1.9443717712e-02
   4.5397375997e-01   4.5249933730e-01  -1.2637789855e+00   2.8975461487e+00  -1.4948035420e-01
   4.5735951527e-01   4.5544818263e-01  -1.3741995708e+00   3.0599416519e+00  -3.6602384354e-01
   4.6162797951e-01   4.5927084791e-01  -1.4434100998e+00   3.1486088588e+00  -6.1338811175e-01
   4.6651114958e-01   4.6398511111e-01  -1.4090262081e+00   3.1245494280e+00  -8.0964300035e-01
   4.7039569429e-01   4.6903718805e-01  -1.2915190754e+00   3.0386214772e+00  -8.7182703830e-01
   4.7279185709e-01   4.7175420054e-01  -1.1746289468e+00   2.9627381946e+00  -8.5520270033e-01
   4.7471013751e-01   4.7382951364e-01  -1.0589064793e+00   2.8933719767e+00  -8.1061994637e-01
   4.7637515518e-01   4.7559076137e-01  -9.4328008294e-01   2.8279367081e+00  -7.4928074116e-01
   4.7787857922e-01   4.7715954898e-01  -8.2771689071e-01   2.7652308913e+00  -6.7612814898e-01
   4.7926958189e-01   4.7859760947e-01  -7.1234845658e-01   2.7044524320e+00  -5.9406068516e-01
   4.8057834895e-01   4.7994155431e-01  -5.9688739807e-01   2.6447604240e+00  -5.0463448512e-01
   4.8182509209e-01   4.8121514360e-01  -4.8112253021e-01   2.5854633247e+00  -4.0885488310e-01
   4.8302447802e-01   4.8243504059e-01  -3.6570477412e-01   2.5263689555e+00  -3.0814352319e-01
   4.8418778828e-01   4.8361391545e-01  -2.5096645916e-01   2.4671685236e+00  -2.0354107264e-01
   4.8532376560e-01   4.8476166111e-01  -1.3439047919e-01   2.4060780837e+00  -9.3189718401e-02
   4.8643981443e-01   4.8588587009e-01  -2.0195351198e-02   2.3448563710e+00   1.8467438578e-02
   4.8754242565e-01   4.8699375878e-01   9.6516553070e-02   2.2803870401e+00   1.3587455976e-01
   4.8863737676e-01   4.8809109251e-01   2.1121623769e-01   2.2146548940e+00   2.5421415008e-01
   4.8973025032e-01   4.8918366101e-01   3.2645956199e-01   2.1457105612e+00   3.7580698104e-01
   4.9082651997e-01   4.9027683962e-01   4.4265194791e-01   2.0726335806e+00   5.0092892573e-01
   4.9193180318e-01   4.9137620032e-01   5.5703496676e-01   1.9965313045e+00   6.2639030787e-01
   4.9305229898e-01   4.9248740604e-01   6.7363101672e-01   1.9138911315e+00   7.5644682813e-01
   4.9419488176e-01   4.9361719191e-01   7.8805167282e-01   1.8268872613e+00   8.8605178639e-01
   4.9536771504e-01   4.9477257160e-01   9.0406411557e-01   1.7315507304e+00   1.0193084360e+00
   4.9658103552e-01   4.9596285849e-01   1.0194903825e+00   1.6280708636e+00   1.1536106839e+00
   4.9784778996e-01   4.9719921256e-01   1.1345612662e+00   1.5144753083e+00   1.2890620225e+00
   4.9924818369e-01   4.9849636737e-01   1.2554731941e+00   1.3808712226e+00   1.4329269342e+00