# time = 1.2
# Grid points = 474
# Pressure (Pa) = 101325
#             1_pos             2_posf             3_uvel             4_vvel             5_wvel
  -4.9917840810e-01  -5.0000000000e-01   1.1358991492e+00   6.4414399606e-01   9.6666203128e-01
  -4.9750814511e-01  -4.9835681619e-01   1.2346710832e+00   5.5008098891e-01   1.0554091117e+00
  -4.9566236670e-01  -4.9665947403e-01   1.3299829501e+00   4.3956805963e-01   1.1414793603e+00
  -4.9337913820e-01  -4.9466525936e-01   1.4253261215e+00   2.9468407497e-01   1.2275599652e+00
  -4.9070684198e-01  -4.9209301703e-01   1.5036772480e+00   1.1610671975e-01   1.2973220411e+00
  -4.8796632188e-01  -4.8932066692e-01   1.5448771703e+00  -7.3693069801e-02   1.3315884345e+00
  -4.8525041762e-01  -4.8661197685e-01   1.5455186899e+00  -2.6345075972e-01   1.3268939255e+00
  -4.8247325112e-01  -4.8388885839e-01   1.5056655135e+00  -4.5329270404e-01   1.2831864688e+00
  -4.7971240761e-01  -4.8105764385e-01   1.4280062030e+00  -6.3158051262e-01   1.2037098951e+00
  -4.7731406729e-01  -4.7836717138e-01   1.3328864713e+00  -7.7262046958e-01   1.1092171916e+00
  -4.7535629892e-01  -4.7626096320e-01   1.2373529767e+00  -8.7546950839e-01   1.0162794127e+00
  -4.7363463088e-01  -4.7445163464e-01   1.1423262023e+00  -9.5429699780e-01   9.2545756005e-01
  -4.7205820286e-01  -4.7281762713e-01   1.0474194459e+00  -1.0160064637e+00   8.3627660347e-01
  -4.7057922324e-01  -4.7129877858e-01   9.5227616674e-01  -1.0641224944e+00   7.4840771185e-01
  -4.6916801250e-01  -4.6985966791e-01   8.5771239199e-01  -1.1002803340e+00   6.6264233653e-01
  -4.6780432622e-01  -4.6847635709e-01   7.6226759317e-01  -1.1262141729e+00   5.7774657610e-01
  -4.6647318109e-01  -4.6713229535e-01   6.6771749171e-01  -1.1422301873e+00   4.9540657465e-01
  -4.6516256736e-01  -4.6581406684e-01   5.7296326295e-01  -1.1491501172e+00   4.1477058595e-01
  -4.6386252316e-01  -4.6451106789e-01   4.7765184304e-01  -1.1471417868e+00   3.3572710917e-01
  -4.6256404824e-01  -4.6321397844e-01   3.8270851411e-01  -1.1363091324e+00   2.5924119800e-01
  -4.6125861670e-01  -4.6191411803e-01   2.8795376617e-01  -1.1167075111e+00   1.8536611697e-01
  -4.5993776484e-01  -4.6060311536e-01   1.9334811283e-01  -1.0882356646e+00   1.1431706772e-01
  -4.5859242112e-01  -4.5927241432e-01   9.7941151851e-02  -1.0501944356e+00   4.5739531296e-02
  -4.5721266704e-01  -4.5791242792e-01   3.5408101848e-03  -1.0029227579e+00  -1.8698057769e-02
  -4.5578682495e-01  -4.5651290616e-01  -9.1825716040e-02  -9.4482980441e-01  -7.9862751635e-02
  -4.5430067193e-01  -4.5506074373e-01  -1.8648362285e-01  -8.7608155812e-01  -1.3606717816e-01
  -4.5273610223e-01  -4.5354060013e-01  -2.8153209384e-01  -7.9486923120e-01  -1.8723017534e-01
  -4.5106864371e-01  -4.5193160433e-01  -3.7633503753e-01  -7.0024149925e-01  -2.3199684543e-01
  -4.4926329074e-01  -4.5020568309e-01  -4.7138393849e-01  -5.8964640012e-01  -2.6922510833e-01
  -4.4726609887e-01  -4.4832089838e-01  -5.6627570459e-01  -4.6050143950e-01  -2.9676832687e-01
  -4.4498442178e-01  -4.4621129935e-01  -6.6135866074e-01  -3.0747901489e-01  -3.1163471187e-01
  -4.4235257510e-01  -4.4375754422e-01  -7.5308906630e-01  -1.2929914366e-01  -3.0888275094e-01
  -4.3946564586e-01  -4.4094760599e-01  -8.3161137630e-01   6.0221801580e-02  -2.8552920957e-01
  -4.3633688466e-01  -4.3798368573e-01  -8.9148042166e-01   2.5050879226e-01  -2.4239939996e-01
  -4.3268516130e-01  -4.3469008358e-01  -9.2967019515e-01   4.4123202185e-01  -1.7971263765e-01
  -4.2755929390e-01  -4.3068023901e-01  -9.2974484660e-01   6.3522129904e-01  -9.4854450833e-02
  -4.2166997226e-01  -4.2443834879e-01  -8.6494713227e-01   7.5122429786e-01  -3.5622677035e-02
  -4.1704632770e-01  -4.1890159573e-01  -7.6821141108e-01   7.6587411147e-01  -3.5691457860e-02
  -4.1367958978e-01  -4.1519105967e-01  -6.7299260961e-01   7.4045037874e-01  -6.5257799406e-02
  -4.1084966285e-01  -4.1216811989e-01  -5.7810057054e-01   7.0121273417e-01  -1.0700019467e-01
  -4.0833775233e-01  -4.0953120581e-01  -4.8309740353e-01   6.5580936396e-01  -1.5436891312e-01
  -4.0603685963e-01  -4.0714429884e-01  -3.8833007908e-01   6.0768869435e-01  -2.0352279339e-01
  -4.0388289794e-01  -4.0492942043e-01  -2.9343373060e-01   5.5814401404e-01  -2.5236749867e-01
  -4.0183252169e-01  -4.0283637546e-01  -1.9860225205e-01   5.0786406392e-01  -2.9926481980e-01
  -3.9985311918e-01  -4.0082866791e-01  -1.0371055204e-01   4.5687374284e-01  -3.4316500692e-01
  -3.9791788163e-01  -3.9887757044e-01  -8.9648541320e-03   4.0504946703e-01  -3.8312008594e-01
  -3.9600259296e-01  -3.9695819283e-01   8.6003007108e-02   3.5169293721e-01  -4.1855255650e-01
  -3.9408304632e-01  -3.9504699309e-01   1.8094668497e-01   2.9618102145e-01  -4.4866604186e-01
  -3.9213230721e-01  -3.9311909955e-01   2.7575662975e-01   2.3751528752e-01  -4.7272342714e-01
  -3.9011678658e-01  -3.9114551487e-01   3.7066814301e-01   1.7401384121e-01  -4.8991862759e-01
  -3.8798888510e-01  -3.8908805828e-01   4.6565531686e-01   1.0332916266e-01  -4.9902098694e-01
  -3.8567048920e-01  -3.8688971191e-01   5.6067338589e-01   2.1529651729e-02  -4.9810374075e-01
  -3.8300187036e-01  -3.8445126649e-01   6.5611272925e-01  -7.9805139173e-02  -4.8336773975e-01
  -3.7960165421e-01  -3.8155247422e-01   7.5026179330e-01  -2.2086812223e-01  -4.4531947261e-01
  -3.7567331486e-01  -3.7765083420e-01   8.1507854306e-01  -3.9988036993e-01  -3.8076296110e-01
  -3.7184186692e-01  -3.7369579552e-01   8.2661569832e-01  -5.8911155191e-01  -3.0396456711e-01
  -3.6818376169e-01  -3.6998793832e-01   7.8720962813e-01  -7.7867553322e-01  -2.2609028030e-01
  -3.6476920525e-01  -3.6637958505e-01   7.0784844522e-01  -9.5675871065e-01  -1.5632801068e-01
  -3.6190222515e-01  -3.6315882545e-01   6.1234138120e-01  -1.1021077917e+00  -1.0368079001e-01
  -3.5955743529e-01  -3.6064562486e-01   5.1718504061e-01  -1.2142360033e+00  -6.6591826726e-02
  -3.5747581335e-01  -3.5846924571e-01   4.2207691729e-01  -1.3064517363e+00  -3.8833737013e-02
  -3.5554555589e-01  -3.5648238098e-01   3.2691202777e-01  -1.3839408294e+00  -1.7741809768e-02
  -3.5370428246e-01  -3.5460873079e-01   2.3219631416e-01  -1.4488460898e+00  -1.9062563065e-03
  -3.5191009141e-01  -3.5279983412e-01   1.3726681408e-01  -1.5028531121e+00   9.7554544374e-03
  -3.5013002733e-01  -3.5102034870e-01   4.2294789304e-02  -1.5461880973e+00   1.7876692459e-02
  -3.4833352158e-01  -3.4923970596e-01  -5.2817673746e-02  -1.5786005150e+00   2.2988418622e-02
  -3.4648782394e-01  -3.4742733720e-01  -1.4756642343e-01  -1.5990506319e+00   2.5545364275e-02
  -3.4455195495e-01  -3.4554831069e-01  -2.4259150901e-01  -1.6058740190e+00   2.6045634888e-02
  -3.4246600922e-01  -3.4355559922e-01  -3.3766010119e-01  -1.5956413651e+00   2.5066440099e-02
  -3.4012589732e-01  -3.4137641922e-01  -4.3280115022e-01  -1.5619108285e+00   2.3540557214e-02
  -3.3729386531e-01  -3.3887537541e-01  -5.2847769259e-01  -1.4893295601e+00   2.3509072057e-02
  -3.3373119516e-01  -3.3571235521e-01  -6.1449684299e-01  -1.3504389980e+00   3.0545910226e-02
  -3.3013995431e-01  -3.3175003512e-01  -6.6118588169e-01  -1.1628444598e+00   4.9563183003e-02
  -3.2713093899e-01  -3.2852987349e-01  -6.6767840046e-01  -9.7265297010e-01   7.7476065518e-02
  -3.2444947423e-01  -3.2573200448e-01  -6.4966181127e-01  -7.8250601925e-01   1.1221207742e-01
  -3.2194996463e-01  -3.2316694398e-01  -6.1453429522e-01  -5.9293420290e-01   1.5233228979e-01
  -3.1954784063e-01  -3.2073298528e-01  -5.6584654109e-01  -4.0274822165e-01   1.9699317851e-01
  -3.1718162262e-01  -3.1836269597e-01  -5.0604650938e-01  -2.1337677862e-01   2.4478903089e-01
  -3.1479564044e-01  -3.1600054927e-01  -4.3552367095e-01  -2.3029671493e-02   2.9498138541e-01
  -3.1232750552e-01  -3.1359073161e-01  -3.5487868394e-01   1.6661502308e-01   3.4560693300e-01
  -3.0974859368e-01  -3.1106427944e-01  -2.6455227264e-01   3.5271399525e-01   3.9370856377e-01
  -3.0714129829e-01  -3.0843290792e-01  -1.6984116942e-01   5.2251408638e-01   4.3311353608e-01
  -3.0455287342e-01  -3.0584968867e-01  -7.5123810540e-02   6.6728293481e-01   4.5872906192e-01
  -3.0192288339e-01  -3.0325605817e-01   1.9874652227e-02   7.8580794769e-01   4.6694762818e-01
  -2.9918504232e-01  -3.0058970861e-01   1.1455763784e-01   8.7347546860e-01   4.5265077220e-01
  -2.9625455536e-01  -2.9778037603e-01   2.0943278912e-01   9.2385951318e-01   4.0838433941e-01
  -2.9299442333e-01  -2.9472873469e-01   3.0436205253e-01   9.2441700509e-01   3.2219134164e-01
  -2.8955416173e-01  -2.9126011198e-01   3.9017884058e-01   8.6335294689e-01   1.9106053753e-01
  -2.8641489689e-01  -2.8784821147e-01   4.5344049489e-01   7.5674120465e-01   4.0514904076e-02
  -2.8367227528e-01  -2.8498158232e-01   4.9543722841e-01   6.2828446128e-01  -1.1002680370e-01
  -2.8109973593e-01  -2.8236296824e-01   5.2226054937e-01   4.8473481028e-01  -2.6008505746e-01
  -2.7855854486e-01  -2.7983650363e-01   5.3591341830e-01   3.2739767101e-01  -4.1022821209e-01
  -2.7591378759e-01  -2.7728058609e-01   5.3545621923e-01   1.5487551764e-01  -5.6073052041e-01
  -2.7306953365e-01  -2.7454698909e-01   5.1714200680e-01  -3.0596635800e-02  -7.0615584348e-01
  -2.6996238336e-01  -2.7159207822e-01   4.7480900070e-01  -2.2103252204e-01  -8.3390345438e-01
  -2.6657645717e-01  -2.6833268850e-01   4.0119824681e-01  -3.9989929713e-01  -9.2304502069e-01
  -2.6342123777e-01  -2.6482022584e-01   3.0733121442e-01  -5.2906164830e-01  -9.5055407406e-01
  -2.6083514468e-01  -2.6202224969e-01   2.1203629259e-01  -6.0126010420e-01  -9.2733710214e-01
  -2.5858769354e-01  -2.5964803967e-01   1.1720499836e-01  -6.3682413285e-01  -8.7286035801e-01
  -2.5655037453e-01  -2.5752734742e-01   2.2072109523e-02  -6.4684197575e-01  -7.9610479020e-01
  -2.5465278369e-01  -2.5557340165e-01  -7.2643699408e-02  -6.3730961231e-01  -7.0294711926e-01
  -2.5284972121e-01  -2.5373216573e-01  -1.6772413497e-01  -6.1198603393e-01  -5.9597510051e-01
  -2.5110888879e-01  -2.5196727669e-01  -2.6247247875e-01  -5.7357300888e-01  -4.7818890271e-01
  -2.4940443518e-01  -2.5025050088e-01  -3.5767433173e-01  -5.2345986572e-01  -3.5013970132e-01
  -2.4771352258e-01  -2.4855836948e-01  -4.5247329301e-01  -4.6323799919e-01  -2.1403306740e-01
  -2.4601470591e-01  -2.4686867567e-01  -5.4723219720e-01  -3.9345258067e-01  -7.0108707333e-02
  -2.4431234304e-01  -2.4516073614e-01  -6.4037537335e-01  -3.1575873564e-01   7.8695553561e-02
  -2.4261819605e-01  -2.4346394993e-01  -7.3004668589e-01  -2.3216933337e-01   2.2887727769e-01
  -2.4091346566e-01  -2.4177244216e-01  -8.1572717832e-01  -1.4343609480e-01   3.7916946481e-01
  -2.3916427906e-01  -2.4005448915e-01  -8.9711817563e-01  -4.9641199487e-02   5.2901260713e-01
  -2.3732807788e-01  -2.3827406896e-01  -9.7444895908e-01   5.0723111079e-02   6.7951645433e-01
  -2.3534180132e-01  -2.3638208681e-01  -1.0461879902e+00   1.5854199981e-01   8.2951053271e-01
  -2.3309001431e-01  -2.3430151584e-01  -1.1108221089e+00   2.7833460057e-01   9.8031525146e-01
  -2.3027701721e-01  -2.3187851277e-01  -1.1624126778e+00   4.2002042769e-01   1.1322038730e+00
  -2.2645548597e-01  -2.2867552165e-01  -1.1751845004e+00   5.9350642314e-01   1.2644190746e+00
  -2.2235484195e-01  -2.2423545029e-01  -1.1148303825e+00   7.5286319049e-01   1.3101088779e+00
  -2.1926377134e-01  -2.2047423360e-01  -1.0173804838e+00   8.5379298985e-01   1.2786008398e+00
  -2.1707588367e-01  -2.1805330907e-01  -9.2177417447e-01   9.1549554350e-01   1.2239987316e+00
  -2.1524632204e-01  -2.1609845826e-01  -8.2663592975e-01   9.6152633191e-01   1.1608980682e+00
  -2.1362140285e-01  -2.1439418582e-01  -7.3159725756e-01   9.9856664633e-01   1.0935052306e+00
  -2.1213035299e-01  -2.1284861988e-01  -6.3661444721e-01   1.0296046431e+00   1.0238694061e+00
  -2.1073297734e-01  -2.1141208611e-01  -5.4173597475e-01   1.0562829710e+00   9.5322592775e-01
  -2.0940352536e-01  -2.1005386857e-01  -4.4697356699e-01   1.0796143164e+00   8.8236087564e-01
  -2.0812417356e-01  -2.0875318216e-01  -3.5175737513e-01   1.1003757223e+00   8.1140272753e-01
  -2.0688161592e-01  -2.0749516496e-01  -2.5675222276e-01   1.1188499446e+00   7.4127542275e-01
  -2.0566526556e-01  -2.0626806687e-01  -1.6168304293e-01   1.1353962486e+00   6.7212330581e-01
  -2.0446637627e-01  -2.0506246426e-01  -6.6883876832e-02   1.1501606274e+00   6.0448384171e-01
  -2.0327734466e-01  -2.0387028829e-01   2.7780586726e-02   1.1632971940e+00   5.3851812481e-01
  -2.0209126970e-01  -2.0268440103e-01   1.2241799051e-01   1.1748819514e+00   4.7440083735e-01
  -2.0090147165e-01  -2.0149813836e-01   2.1806282316e-01   1.1850086278e+00   4.1173331865e-01
  -1.9970122365e-01  -2.0030480494e-01   3.1276845682e-01   1.1934149133e+00   3.5206546132e-01
  -1.9848348986e-01  -1.9909764236e-01   4.0756647653e-01   1.2001117461e+00   2.9499338962e-01
  -1.9724048137e-01  -1.9786933735e-01   5.0245285794e-01   1.2049178500e+00   2.4085173639e-01
  -1.9596323099e-01  -1.9661162539e-01   5.9727614625e-01   1.2075717706e+00   1.9009927911e-01
  -1.9464093815e-01  -1.9531483659e-01   6.9216561555e-01   1.2077206107e+00   1.4310932387e-01
  -1.9325989426e-01  -1.9396703971e-01   7.8729842812e-01   1.2048496159e+00   1.0036103713e-01
  -1.9180212350e-01  -1.9255274881e-01   8.8215537485e-01   1.1982630356e+00   6.2784465100e-02
  -1.9024256431e-01  -1.9105149818e-01   9.7715287097e-01   1.1869036237e+00   3.1126119669e-02
  -1.8854366466e-01  -1.8943363044e-01   1.0721536083e+00   1.1691733075e+00   6.7606467291e-03
  -1.8664397079e-01  -1.8765369889e-01   1.1671959173e+00   1.1423892234e+00  -8.2983549048e-03
  -1.8442730585e-01  -1.8563424269e-01   1.2623769342e+00   1.1014501705e+00  -1.0532660032e-02
  -1.8160313917e-01  -1.8322036901e-01   1.3583881758e+00   1.0334711508e+00   8.0842817111e-03
  -1.7756259117e-01  -1.7998590933e-01   1.4459264073e+00   9.0532813271e-01   6.7543781284e-02
  -1.7303185648e-01  -1.7513927301e-01   1.4815596721e+00   7.2321185623e-01   1.6053945676e-01
  -1.6908706558e-01  -1.7092443995e-01   1.4611438070e+00   5.3368757216e-01   2.4833190077e-01
  -1.6556874658e-01  -1.6724969121e-01   1.4068700659e+00   3.4400851594e-01   3.1964360229e-01
  -1.6230329771e-01  -1.6388780195e-01   1.3298018485e+00   1.5481187490e-01   3.7195023746e-01
  -1.5930533986e-01  -1.6071879347e-01   1.2386559207e+00  -2.7763571702e-02   4.0407319200e-01
  -1.5665937975e-01  -1.5789188625e-01   1.1437083271e+00  -1.9319172068e-01   4.1748011766e-01
  -1.5431114807e-01  -1.5542687324e-01   1.0488010740e+00  -3.4200287092e-01   4.1677271670e-01
  -1.5216225868e-01  -1.5319542290e-01   9.5385175949e-01  -4.7844702879e-01   4.0549155142e-01
  -1.5015713276e-01  -1.5112909446e-01   8.5909208556e-01  -6.0443354240e-01   3.8591983788e-01
  -1.4825992434e-01  -1.4918517106e-01   7.6416392975e-01  -7.2173594931e-01   3.5951608936e-01
  -1.4644521115e-01  -1.4733467761e-01   6.6938281597e-01  -8.3072210388e-01   3.2744732429e-01
  -1.4469345284e-01  -1.4555574469e-01   5.7443104866e-01  -9.3218051153e-01   2.9038595800e-01
  -1.4298867368e-01  -1.4383116098e-01   4.7959072419e-01  -1.0259711050e+00   2.4898391737e-01
  -1.4131690759e-01  -1.4214618637e-01   3.8496146626e-01  -1.1120078520e+00   2.0367264552e-01
  -1.3966534044e-01  -1.4048762881e-01   2.8967643195e-01  -1.1907626011e+00   1.5419523751e-01
  -1.3802137227e-01  -1.3884305207e-01   1.9508739983e-01  -1.2606649793e+00   1.0129448067e-01
  -1.3637181817e-01  -1.3719969246e-01   1.0014485860e-01  -1.3218436322e+00   4.4289205194e-02
  -1.3470202479e-01  -1.3554394387e-01   5.1349424383e-03  -1.3729853129e+00  -1.6998125864e-02
  -1.3299460342e-01  -1.3386010571e-01  -8.9658723863e-02  -1.4124820321e+00  -8.2917235824e-02
  -1.3122742364e-01  -1.3212910114e-01  -1.8453275050e-01  -1.4383299067e+00  -1.5454025496e-01
  -1.2936992205e-01  -1.3032574614e-01  -2.7951739880e-01  -1.4472346507e+00  -2.3331183688e-01
  -1.2737607576e-01  -1.2841409796e-01  -3.7449571996e-01  -1.4340076666e+00  -3.2143967845e-01
  -1.2516795232e-01  -1.2633805357e-01  -4.6946826805e-01  -1.3897258521e+00  -4.2297756345e-01
  -1.2259649311e-01  -1.2399785107e-01  -5.6466094232e-01  -1.2959241511e+00  -5.4660749582e-01
  -1.1978118372e-01  -1.2119513514e-01  -6.4722709043e-01  -1.1408793803e+00  -6.8715890321e-01
  -1.1722127913e-01  -1.1836723231e-01  -7.0154028005e-01  -9.5256981632e-01  -8.1930115678e-01
  -1.1509287231e-01  -1.1607532595e-01  -7.3092614123e-01  -7.6197041440e-01  -9.3199474404e-01
  -1.1322832905e-01  -1.1411041867e-01  -7.4508904297e-01  -5.7184328363e-01  -1.0321565740e+00
  -1.1153107570e-01  -1.1234623943e-01  -7.4907739297e-01  -3.8201377841e-01  -1.1240479903e+00
  -1.0994725144e-01  -1.1071591197e-01  -7.4567983394e-01  -1.9151859632e-01  -1.2103765010e+00
  -1.0844209005e-01  -1.0917859092e-01  -7.3671556468e-01  -1.9140919017e-03  -1.2918410738e+00
  -1.0699069130e-01  -1.0770558918e-01  -7.2338577510e-01   1.8805120693e-01  -1.3699237042e+00
  -1.0557379342e-01  -1.0627579343e-01  -7.0653682133e-01   3.7863731038e-01  -1.4453276200e+00
  -1.0417484262e-01  -1.0487179340e-01  -6.8710263219e-01   5.6760091523e-01  -1.5176309470e+00
  -1.0277836491e-01  -1.0347789183e-01  -6.6528831168e-01   7.5849153104e-01  -1.5884810070e+00
  -1.0136848770e-01  -1.0207883800e-01  -6.4194397779e-01   9.4810609029e-01  -1.6568521090e+00
  -9.9927160114e-02  -1.0065813741e-01  -6.1737652150e-01   1.1378862814e+00  -1.7233574572e+00
  -9.8431492431e-02  -9.9196182820e-02  -5.9199352595e-01   1.3282531306e+00  -1.7880681026e+00
  -9.6849353975e-02  -9.7666802042e-02  -5.6648933771e-01   1.5180209795e+00  -1.8503392616e+00
  -9.5128935434e-02  -9.6031905908e-02  -5.4139357800e-01   1.7085655121e+00  -1.9100480129e+00
  -9.3169554815e-02  -9.4225964960e-02  -5.1792114072e-01   1.8996907098e+00  -1.9657768619e+00
  -9.0693116826e-02  -9.2113144671e-02  -4.9879330418e-01   2.0923834382e+00  -2.0138658165e+00
  -8.6064311804e-02  -8.9273088982e-02  -5.0515106852e-01   2.2677066645e+00  -2.0187984977e+00
  -8.1038906322e-02  -8.2855534627e-02  -5.6986286888e-01   2.1979358108e+00  -1.9016116987e+00
  -7.8108252031e-02  -7.9222278017e-02  -6.3867491011e-01   2.0061586610e+00  -1.7586522364e+00
  -7.6119770026e-02  -7.6994226045e-02  -6.9640739908e-01   1.8143467414e+00  -1.6293903982e+00
  -7.4493656872e-02  -7.5245314008e-02  -7.4878587329e-01   1.6236658394e+00  -1.5051603802e+00
  -7.3066926550e-02  -7.3741999736e-02  -7.9783067476e-01   1.4327044352e+00  -1.3826078080e+00
  -7.1768786630e-02  -7.2391853364e-02  -8.4381900682e-01   1.2432677336e+00  -1.2618177491e+00
  -7.0560251636e-02  -7.1145719897e-02  -8.8753114374e-01   1.0538512184e+00  -1.1412380965e+00
  -6.9417550346e-02  -6.9974783374e-02  -9.2960970805e-01   8.6242315957e-01  -1.0191975804e+00
  -6.8324055410e-02  -6.8860317318e-02  -9.6914317305e-01   6.7378136384e-01  -8.9848668854e-01
  -6.7267461975e-02  -6.7787793503e-02  -1.0070918043e+00   4.8383037780e-01  -7.7628057560e-01
  -6.6238617133e-02  -6.6747130448e-02  -1.0433827473e+00   2.9286519096e-01  -6.5257086473e-01
  -6.5229849759e-02  -6.5730103818e-02  -1.0775697805e+00   1.0324927998e-01  -5.2872468955e-01
  -6.4234582529e-02  -6.4729595701e-02  -1.1099104707e+00  -8.6485906987e-02  -4.0363514734e-01
  -6.3247023061e-02  -6.3739569357e-02  -1.1403682321e+00  -2.7651591750e-01  -2.7701634574e-01
  -6.2261713444e-02  -6.2754476766e-02  -1.1688552281e+00  -4.6692868360e-01  -1.4862053142e-01
  -6.1273271772e-02  -6.1768950123e-02  -1.1951084229e+00  -6.5673411929e-01  -1.8918965050e-02
  -6.0276158330e-02  -6.0777593420e-02  -1.2190604468e+00  -8.4647001733e-01   1.1267343705e-01
  -5.9264388663e-02  -5.9774723239e-02  -1.2405043310e+00  -1.0360715455e+00   2.4638017520e-01
  -5.8231038661e-02  -5.8754054088e-02  -1.2593146795e+00  -1.2271344675e+00   3.8369895711e-01
  -5.7167898835e-02  -5.7708023234e-02  -1.2748688234e+00  -1.4170147116e+00   5.2316568226e-01
  -5.6065022706e-02  -5.6627774435e-02  -1.2867573559e+00  -1.6053335883e+00   6.6496589474e-01
  -5.4910797379e-02  -5.5502270977e-02  -1.2945560066e+00  -1.7969656342e+00   8.1360215741e-01
  -5.3708034454e-02  -5.4319323781e-02  -1.2970574353e+00  -1.9825027042e+00   9.6272653028e-01
  -5.2463138266e-02  -5.3096745126e-02  -1.2935290406e+00  -2.1611849512e+00   1.1125941451e+00
  -5.1166546254e-02  -5.1829531406e-02  -1.2830381424e+00  -2.3303968161e+00   1.2621686684e+00
  -4.9801008403e-02  -5.0503561102e-02  -1.2640252841e+00  -2.4902380099e+00   1.4133271996e+00
  -4.8342526768e-02  -4.9098455703e-02  -1.2350288896e+00  -2.6347221055e+00   1.5628921382e+00
  -4.6754581213e-02  -4.7586597833e-02  -1.1928887496e+00  -2.7621938116e+00   1.7130992535e+00
  -4.4974374735e-02  -4.5922564593e-02  -1.1328655078e+00  -2.8653527760e+00   1.8633431027e+00
  -4.2998052848e-02  -4.4026184878e-02  -1.0507571104e+00  -2.9297034450e+00   2.0065469119e+00
  -4.1070655474e-02  -4.1969920818e-02  -9.5617314339e-01  -2.9415226796e+00   2.1208447469e+00
  -3.9362305491e-02  -4.0171390129e-02  -8.6126738850e-01  -2.9096948042e+00   2.1998117548e+00
  -3.7805683954e-02  -3.8553220854e-02  -7.6620228765e-01  -2.8470158379e+00   2.2534616735e+00
  -3.6354604293e-02  -3.7058147054e-02  -6.7116384853e-01  -2.7609754992e+00   2.2874679427e+00
  -3.4979688191e-02  -3.5651061533e-02  -5.7641284448e-01  -2.6566546590e+00   2.3054656873e+00
  -3.3660687901e-02  -3.4308314849e-02  -4.8161025813e-01  -2.5369353538e+00   2.3099422464e+00
  -3.2382721616e-02  -3.3013060953e-02  -3.8653172194e-01  -2.4037308162e+00   2.3024388573e+00
  -3.1134000315e-02  -3.1752382279e-02  -2.9144118929e-01  -2.2590387289e+00   2.2840132690e+00
  -2.9904597774e-02  -3.0515618351e-02  -1.9644857794e-01  -2.1043437344e+00   2.2554443205e+00
  -2.8685747466e-02  -2.9293577198e-02  -1.0155898578e-01  -1.9406926991e+00   2.2172224635e+00
  -2.7469270579e-02  -2.8077917734e-02  -6.7187933844e-03  -1.7687890873e+00   2.1695548675e+00
  -2.6247064189e-02  -2.6860623423e-02   8.8140013706e-02  -1.5890994680e+00   2.1123785683e+00
  -2.5014821667e-02  -2.5633504956e-02   1.8272491561e-01  -1.4026380395e+00   2.0456358403e+00
  -2.3783464998e-02  -2.4396138378e-02   2.7547406309e-01  -1.2130108748e+00   1.9702415356e+00
  -2.2559798503e-02  -2.3170791618e-02   3.6526990097e-01  -1.0231398323e+00   1.8870634811e+00
  -2.1333573805e-02  -2.1948805389e-02   4.5232563747e-01  -8.3315284783e-01   1.7957769453e+00
  -2.0092652379e-02  -2.0718342222e-02   5.3685993145e-01  -6.4294856498e-01   1.6956491789e+00
  -1.8823713972e-02  -1.9466962537e-02   6.1889875792e-01  -4.5265843189e-01   1.5857005289e+00
  -1.7510956879e-02  -1.8180465406e-02   6.9821308688e-01  -2.6284216726e-01   1.4647892557e+00
  -1.6134263046e-02  -1.6841448352e-02   7.7491345510e-01  -7.3007713978e-02   1.3304148717e+00
  -1.4716027676e-02  -1.5427077741e-02   8.4627200050e-01   1.1029876930e-01   1.1848355865e+00
  -1.3323109993e-02  -1.4004977611e-02   9.0883504628e-01   2.7797318443e-01   1.0338232459e+00
  -1.1982185388e-02  -1.2641242376e-02   9.6034743012e-01   4.2294006439e-01   8.8450092536e-01
  -1.0682244316e-02  -1.1323128401e-02   1.0026324718e+00   5.4907061128e-01   7.3459858310e-01
  -9.4147914636e-03  -1.0041360232e-02   1.0361973893e+00   6.5698041359e-01   5.8443664145e-01
  -8.1726570787e-03  -8.7882226952e-03   1.0615155039e+00   7.4731221923e-01   4.3427702458e-01
  -6.9495966886e-03  -7.5570914623e-03   1.0790339252e+00   8.2075056011e-01   2.8425260251e-01
  -5.7399918747e-03  -6.3421019150e-03   1.0891488400e+00   8.7794605478e-01   1.3439453445e-01
  -4.5386011756e-03  -5.1378818345e-03   1.0921883425e+00   9.1945792330e-01  -1.5341723342e-02
  -3.3403364641e-03  -3.9393205168e-03   1.0884017998e+00   9.4571268156e-01  -1.6505061172e-01
  -2.1400090595e-03  -2.7413524114e-03   1.0778394399e+00   9.5694919644e-01  -3.1585323781e-01
  -9.3212634877e-04  -1.5386657077e-03   1.0607366846e+00   9.5312285335e-01  -4.6579180940e-01
   2.8931424925e-04  -3.2558698988e-04   1.0371529028e+00   9.3443466527e-01  -6.1561826687e-01
   1.5311812089e-03   9.0421548837e-04   1.0070430672e+00   9.0072788904e-01  -7.6553739147e-01
   2.8016617177e-03   2.1581469294e-03   9.7033654321e-01   8.5170603585e-01  -9.1539416916e-01
   4.1109605850e-03   3.4451765061e-03   9.2676416396e-01   7.8670184968e-01  -1.0653971887e+00
   5.4725294366e-03   4.7767446639e-03   8.7578431437e-01   7.0446027964e-01  -1.2159522067e+00
   6.9046774823e-03   6.1683142094e-03   8.1724260330e-01   6.0421894657e-01  -1.3657887181e+00
   8.4340799804e-03   7.6410407552e-03   7.5000684788e-01   4.8340221245e-01  -1.5155702813e+00
   1.0104145255e-02   9.2271192055e-03   6.7198533456e-01   3.3721718657e-01  -1.6661068861e+00
   1.1941516552e-02   1.0981171305e-02   5.8284922200e-01   1.6376554701e-01  -1.8130274138e+00
   1.3844002375e-02   1.2901861799e-02   4.8947389971e-01  -2.4216402785e-02  -1.9420392497e+00
   1.5719327137e-02   1.4786142951e-02   3.9772312214e-01  -2.1466532070e-01  -2.0449901543e+00
   1.7600566921e-02   1.6652511322e-02   3.0880668784e-01  -4.0439119866e-01  -2.1214613817e+00
   1.9538400328e-02   1.8548622520e-02   2.2194161003e-01  -5.9454260079e-01  -2.1713640870e+00
   2.1598120379e-02   2.0528178135e-02   1.3701281997e-01  -7.8502462990e-01  -2.1910459560e+00
   2.3888292623e-02   2.2668062623e-02   5.3967624603e-02  -9.7550251276e-01  -2.1721446211e+00
   2.6618799763e-02   2.5108522624e-02  -2.7187491270e-02  -1.1647598994e+00  -2.0944517578e+00
   2.9401618874e-02   2.8129076902e-02  -8.9004209963e-02  -1.3081815411e+00  -1.9592318147e+00
   3.1692531966e-02   3.0674160846e-02  -1.2313613189e-01  -1.3822910103e+00  -1.8080038259e+00
   3.3600221992e-02   3.2710903086e-02  -1.4010967956e-01  -1.4108831635e+00  -1.6575531208e+00
   3.5300111210e-02   3.4489540898e-02  -1.4691398402e-01  -1.4099923259e+00  -1.5068002396e+00
   3.6869555690e-02   3.6110681521e-02  -1.4665285313e-01  -1.3868537610e+00  -1.3570245979e+00
   3.8351830203e-02   3.7628429858e-02  -1.4111386637e-01  -1.3452898552e+00  -1.2070340525e+00
   3.9774323875e-02   3.9075230547e-02  -1.3138060524e-01  -1.2876191043e+00  -1.0571699910e+00
   4.1156420734e-02   4.0473417203e-02  -1.1808864475e-01  -1.2147234565e+00  -9.0651859132e-01
   4.2513044807e-02   4.1839424264e-02  -1.0193119934e-01  -1.1283917767e+00  -7.5694018969e-01
   4.3856500443e-02   4.3186665349e-02  -8.3157411406e-02  -1.0283871108e+00  -6.0706829892e-01
   4.5197538296e-02   4.4526335537e-02  -6.1944332801e-02  -9.1432038075e-01  -4.5640691384e-01
   4.6546249027e-02   4.5868741055e-02  -3.8822550257e-02  -7.8786231281e-01  -3.0720147303e-01
   4.7912792377e-02   4.7223756999e-02  -1.3460450510e-02  -6.4605367270e-01  -1.5643644867e-01
   4.9307828469e-02   4.8601827754e-02   1.3528060592e-02  -4.9122888298e-01  -7.2412514768e-03
   5.0743392454e-02   5.0013829184e-02   4.2627378329e-02  -3.1949092476e-01   1.4330697822e-01
   5.2207825414e-02   5.1472955725e-02   7.2971374176e-02  -1.3489652854e-01   2.9084480996e-01
   5.3650667067e-02   5.2942695103e-02   1.0324271813e-01   5.4977920014e-02   4.2977505714e-01
   5.5047776467e-02   5.4358639031e-02   1.3251345362e-01   2.4410185791e-01   5.5709098264e-01
   5.6414013560e-02   5.5736913904e-02   1.6126770453e-01   4.3523797499e-01   6.7594280351e-01
   5.7762323677e-02   5.7091113216e-02   1.8897782542e-01   6.2445612193e-01   7.8497320933e-01
   5.9104466362e-02   5.8433534137e-02   2.1606524804e-01   8.1416147437e-01   8.8653978391e-01
   6.0451808752e-02   5.9775398588e-02   2.4265792428e-01   1.0049510304e+00   9.8152877328e-01
   6.1816225066e-02   6.1128218917e-02   2.6836476387e-01   1.1936450632e+00   1.0689714985e+00
   6.3211375120e-02   6.2504231215e-02   2.9386040771e-01   1.3849365141e+00   1.1514624570e+00
   6.4653930942e-02   6.3918519026e-02   3.1857496758e-01   1.5743890276e+00   1.2273981395e+00
   6.6165814248e-02   6.5389342859e-02   3.4280796962e-01   1.7641735066e+00   1.2980207540e+00
   6.7779318088e-02   6.6942285637e-02   3.6656973129e-01   1.9546069495e+00   1.3635862390e+00
   6.9546485745e-02   6.8616350540e-02   3.8961945303e-01   2.1444653545e+00   1.4237681575e+00
   7.1567532276e-02   7.0476620951e-02   4.1194038589e-01   2.3356715632e+00   1.4790647773e+00
   7.4104885422e-02   7.2658443602e-02   4.3269901778e-01   2.5279128808e+00   1.5287964226e+00
   7.7526520153e-02   7.5551327241e-02   4.4623968589e-01   2.6944223312e+00   1.5653997515e+00
   8.1476905976e-02   7.9501713064e-02   4.3882206029e-01   2.7469155484e+00   1.5708708487e+00
   8.5477905063e-02   8.3452098887e-02   4.0240577981e-01   2.6394321385e+00   1.5408661875e+00
   8.8741837857e-02   8.7503711239e-02   3.5088116435e-01   2.4416074049e+00   1.4938137980e+00
   9.0981550477e-02   8.9979964474e-02   3.0359213870e-01   2.2503129411e+00   1.4499165114e+00
   9.2861396960e-02   9.1983136480e-02   2.5705548959e-01   2.0598526518e+00   1.4062681296e+00
   9.4541878575e-02   9.3739657440e-02   2.1057967655e-01   1.8691556551e+00   1.3620626265e+00
   9.6096131064e-02   9.5344099709e-02   1.6434752582e-01   1.6795226405e+00   1.3172670362e+00
   9.7565832357e-02   9.6848162418e-02   1.1807203123e-01   1.4898750889e+00   1.2713818908e+00
   9.8977729923e-02   9.8283502295e-02   7.1548139678e-02   1.2992446744e+00   1.2239400018e+00
   1.0035123539e-01   9.9671957551e-02   2.5407994286e-02   1.1099405396e+00   1.1753101710e+00
   1.0170158899e-01   1.0103051323e-01  -2.0924526267e-02   9.1918372037e-01   1.1245626649e+00
   1.0304161504e-01   1.0237266476e-01  -6.6556490515e-02   7.3010908978e-01   1.0723059435e+00
   1.0438312125e-01   1.0371056532e-01  -1.1205616561e-01   5.3965790349e-01   1.0174421174e+00
   1.0573772454e-01   1.0505567718e-01  -1.5675150987e-01   3.4971382500e-01   9.6019527944e-01
   1.0711777092e-01   1.0641977189e-01  -2.0043112361e-01   1.5999422426e-01   9.0013444193e-01
   1.0853732118e-01   1.0781576996e-01  -2.4274726923e-01  -2.9573390166e-02   8.3680425988e-01
   1.1001381601e-01   1.0925887241e-01  -2.8342458293e-01  -2.2008747157e-01   7.6921996940e-01
   1.1157029742e-01   1.1076875960e-01  -3.2148474170e-01  -4.1041518908e-01   6.9695398823e-01
   1.1323910999e-01   1.1237183524e-01  -3.5578420095e-01  -6.0004946383e-01   6.1910562104e-01
   1.1507083258e-01   1.1410638474e-01  -3.8482980101e-01  -7.9004759325e-01   5.3351218653e-01
   1.1715595752e-01   1.1603528043e-01  -4.0555800067e-01  -9.8067875935e-01   4.3692866755e-01
   1.1969438156e-01   1.1827663460e-01  -4.1121537003e-01  -1.1721361730e+00   3.2265502526e-01
   1.2294359536e-01   1.2111212852e-01  -3.8567486693e-01  -1.3493683825e+00   1.8519245005e-01
   1.2658882411e-01   1.2477506220e-01  -3.1488511080e-01  -1.4613957993e+00   4.6051387377e-02
   1.2978377682e-01   1.2840258601e-01  -2.1987767906e-01  -1.4884962911e+00  -5.9698180019e-02
   1.3235774354e-01   1.3116496762e-01  -1.2453480589e-01  -1.4661024348e+00  -1.3264883170e-01
   1.3465455028e-01   1.3355051945e-01  -2.9460378439e-02  -1.4178901899e+00  -1.8852071606e-01
   1.3682756115e-01   1.3575858111e-01   6.5797239620e-02  -1.3517211978e+00  -2.3386472732e-01
   1.3897182370e-01   1.3789654119e-01   1.6063654768e-01  -1.2712021484e+00  -2.7175907596e-01
   1.4117369974e-01   1.4004710620e-01   2.5578150020e-01  -1.1761757224e+00  -3.0470214928e-01
   1.4354874708e-01   1.4230029328e-01   3.5102034720e-01  -1.0643811642e+00  -3.3442691938e-01
   1.4633888714e-01   1.4479720088e-01   4.4692315018e-01  -9.2653075132e-01  -3.6345190226e-01
   1.4981236160e-01   1.4788057341e-01   5.3247624232e-01  -7.5460622147e-01  -3.9374005811e-01
   1.5385946366e-01   1.5174414979e-01   5.7381878136e-01  -5.6494360580e-01  -4.2507215248e-01
   1.5819320894e-01   1.5597477754e-01   5.3898779830e-01  -3.8602059901e-01  -4.5685354474e-01
   1.6184740152e-01   1.6041164034e-01   4.4819187631e-01  -2.5876693969e-01  -4.8223632283e-01
   1.6440447902e-01   1.6328316269e-01   3.5222602229e-01  -1.8438693216e-01  -4.9798786923e-01
   1.6650136438e-01   1.6552579535e-01   2.5694756997e-01  -1.3250167612e-01  -5.0859259589e-01
   1.6837033901e-01   1.6747693341e-01   1.6188507703e-01  -9.3073261387e-02  -5.1552039857e-01
   1.7010830122e-01   1.6926374462e-01   6.6741568450e-02  -6.2027346673e-02  -5.1922501191e-01
   1.7177006805e-01   1.7095285781e-01  -2.8211153397e-02  -3.7422445588e-02  -5.1978228364e-01
   1.7339327517e-01   1.7258727828e-01  -1.2301328120e-01  -1.8073347454e-02  -5.1710488289e-01
   1.7500830949e-01   1.7419927206e-01  -2.1808476521e-01  -3.2870854735e-03  -5.1089841423e-01
   1.7664414492e-01   1.7581734693e-01  -3.1290767241e-01   7.1286551004e-03  -5.0075223782e-01
   1.7833348868e-01   1.7747094292e-01  -4.0806286770e-01   1.3184333090e-02  -4.8590165689e-01
   1.8011963246e-01   1.7919603443e-01  -5.0300784580e-01   1.4419539438e-02  -4.6533544337e-01
   1.8207106981e-01   1.8104323049e-01  -5.9824563321e-01   9.8094181095e-03  -4.3708866485e-01
   1.8432341455e-01   1.8309890913e-01  -6.9359766811e-01  -3.0563566811e-03  -3.9750604704e-01
   1.8730324195e-01   1.8554791997e-01  -7.9072044050e-01  -3.2166834126e-02  -3.3495297846e-01
   1.9198932527e-01   1.8905856393e-01  -8.6360123385e-01  -1.0286019892e-01  -2.2224502573e-01
   1.9726099767e-01   1.9492008661e-01  -8.3045266489e-01  -2.0791446676e-01  -9.5981439331e-02
   2.0095746375e-01   1.9960190873e-01  -7.3285371934e-01  -2.9088628319e-01  -2.3181129768e-02
   2.0338988416e-01   2.0231301878e-01  -6.3710736247e-01  -3.4566279436e-01   1.0560514761e-02
   2.0540576969e-01   2.0446674954e-01  -5.4173387750e-01  -3.8908466090e-01   2.7686724953e-02
   2.0720180342e-01   2.0634478985e-01  -4.4683393548e-01  -4.2480945907e-01   3.3530017448e-02
   2.0886272091e-01   2.0805881699e-01  -3.5174136310e-01  -4.5460188100e-01   3.0480711701e-02
   2.1043552366e-01   2.0966662483e-01  -2.5692736597e-01  -4.7902526352e-01   1.9804217695e-02
   2.1195075282e-01   2.1120442249e-01  -1.6187597096e-01  -4.9854122782e-01   2.1871716558e-03
   2.1343051381e-01   2.1269708315e-01  -6.6892913768e-02  -5.1315330368e-01  -2.1897568440e-02
   2.1489263354e-01   2.1416394446e-01   2.7979766846e-02  -5.2277985257e-01  -5.2169504624e-02
   2.1635282734e-01   2.1562132261e-01   1.2282836777e-01  -5.2719141824e-01  -8.8541057423e-02
   2.1782637853e-01   2.1708433207e-01   2.1775169243e-01  -5.2596413622e-01  -1.3108920262e-01
   2.1932969182e-01   2.1856842500e-01   3.1275256441e-01  -5.1844698896e-01  -1.7999985658e-01
   2.2088202986e-01   2.2009095864e-01   4.0762544249e-01  -5.0374813925e-01  -2.3548000732e-01
   2.2250829290e-01   2.2167310109e-01   5.0262527067e-01  -4.8048130150e-01  -2.9821269775e-01
   2.2424396686e-01   2.2334348470e-01   5.9760728329e-01  -4.4661559125e-01  -3.6897280489e-01
   2.2614578731e-01   2.2514444901e-01   6.9267221041e-01  -3.9871911186e-01  -4.4929114870e-01
   2.2832036589e-01   2.2714712560e-01   7.8783656623e-01  -3.3043886306e-01  -5.4189814733e-01
   2.3104116554e-01   2.2949360617e-01   8.8407424637e-01  -2.2516792169e-01  -6.5449108742e-01
   2.3446740230e-01   2.3258872491e-01   9.6509202591e-01  -6.6183298456e-02  -7.8112363350e-01
   2.3803867974e-01   2.3634607970e-01   1.0005257053e+00   1.2357931561e-01  -8.8516106055e-01
   2.4135828121e-01   2.3973127978e-01   9.8676325600e-01   3.1360057862e-01  -9.4658743035e-01
   2.4464229029e-01   2.4298528263e-01   9.3110081312e-01   5.0356566217e-01  -9.6806007537e-01
   2.4774388155e-01   2.4629929796e-01   8.4481020075e-01   6.7458775315e-01  -9.5098561297e-01
   2.5038396827e-01   2.4918846514e-01   7.4925865793e-01   8.0634168038e-01  -9.0790205887e-01
   2.5265231116e-01   2.5157947139e-01   6.5421658346e-01   9.0429371405e-01  -8.5110246358e-01
   2.5473031395e-01   2.5372515093e-01   5.5914596147e-01   9.7873884208e-01  -7.8453224421e-01
   2.5670511721e-01   2.5573547696e-01   4.6403620145e-01   1.0336302846e+00  -7.1005086942e-01
   2.5863194685e-01   2.5767475745e-01   3.6920507322e-01   1.0705604084e+00  -6.2887514834e-01
   2.6055367048e-01   2.5958913624e-01   2.7441772432e-01   1.0900992906e+00  -5.4124895130e-01
   2.6251072899e-01   2.6151820472e-01   1.7939172456e-01   1.0915326153e+00  -4.4688767463e-01
   2.6454940182e-01   2.6350325326e-01   8.4239773659e-02   1.0728654365e+00  -3.4546439717e-01
   2.6673238471e-01   2.6559555038e-01  -1.0625281388e-02   1.0307735223e+00  -2.3653973620e-01
   2.6916222718e-01   2.6786921904e-01  -1.0570021004e-01   9.5864886366e-01  -1.1776324094e-01
   2.7205175754e-01   2.7045523533e-01  -2.0120651847e-01   8.4244444248e-01   1.5118115658e-02
   2.7542659499e-01   2.7364827974e-01  -2.8574399787e-01   6.7586937059e-01   1.5178966289e-01
   2.7889122059e-01   2.7720491024e-01  -3.4166850416e-01   4.8541204489e-01   2.6524513472e-01
   2.8234944938e-01   2.8057753094e-01  -3.6747986374e-01   2.9475123145e-01   3.4570287333e-01
   2.8629386712e-01   2.8412136782e-01  -3.6689988831e-01   1.0266729333e-01   3.9479747327e-01
   2.9276767405e-01   2.8846636642e-01  -3.2745850373e-01  -8.2164550698e-02   3.8139267585e-01
   3.0061497953e-01   2.9706898168e-01  -2.8924898446e-01  -5.3752571648e-02   2.7202830224e-01
   3.0637126398e-01   3.0416097737e-01  -3.0981434159e-01   1.3638376276e-01   1.7548953491e-01
   3.1056872481e-01   3.0858155059e-01  -3.6275195242e-01   3.2822666271e-01   1.2900288161e-01
   3.1463802338e-01   3.1255589902e-01  -4.4022616643e-01   5.1630989208e-01   1.2189965395e-01
   3.1872411652e-01   3.1672014775e-01  -5.3324660217e-01   6.7413432521e-01   1.6250245364e-01
   3.2287356189e-01   3.2072808529e-01  -6.2807129580e-01   7.7422882507e-01   2.5790864645e-01
   3.2687829824e-01   3.2501903849e-01  -7.0344214625e-01   7.9919848574e-01   3.9726455988e-01
   3.3033830393e-01   3.2873755799e-01  -7.4316142814e-01   7.5985997773e-01   5.4803161668e-01
   3.3344961879e-01   3.3193904987e-01  -7.5066992051e-01   6.7983171131e-01   6.9824731564e-01
   3.3648870306e-01   3.3496018770e-01  -7.2761390205e-01   5.6820925358e-01   8.4853410245e-01
   3.3967017916e-01   3.3801721842e-01  -6.6883439697e-01   4.2622545687e-01   9.9802754879e-01
   3.4270881407e-01   3.4132313990e-01  -5.8082300269e-01   2.7804599813e-01   1.1224451855e+00
   3.4523117408e-01   3.4409448823e-01  -4.8532251106e-01   1.5292390441e-01   1.2044495985e+00
   3.4737466320e-01   3.4636785992e-01  -3.9018027748e-01   4.9630355396e-02   1.2543769121e+00
   3.4931156545e-01   3.4838146648e-01  -2.9533769480e-01  -3.8570299562e-02   1.2813349697e+00
   3.5112509625e-01   3.5024166442e-01  -2.0017358404e-01  -1.1560222818e-01   1.2894353520e+00
   3.5286583623e-01   3.5200852807e-01  -1.0515915119e-01  -1.8312363250e-01   1.2804643253e+00
   3.5457029672e-01   3.5372314438e-01  -1.0152308601e-02  -2.4270450428e-01   1.2551755611e+00
   3.5626879955e-01   3.5541744907e-01   8.4685814159e-02  -2.9535860925e-01   1.2135208869e+00
   3.5799061964e-01   3.5712015003e-01   1.7959899207e-01  -3.4213627185e-01   1.1544539354e+00
   3.5976860714e-01   3.5886108925e-01   2.7452914537e-01  -3.8384112906e-01   1.0760154156e+00
   3.6164560677e-01   3.6067612502e-01   3.6959394146e-01  -4.2143821434e-01   9.7461047951e-01
   3.6366197227e-01   3.6261508852e-01   4.6350655029e-01  -4.5570936557e-01   8.4618918193e-01
   3.6568115675e-01   3.6470885602e-01   5.4769572107e-01  -4.8562684655e-01   6.9897506810e-01
   3.6754825006e-01   3.6665345748e-01   6.1484537710e-01  -5.1088300190e-01   5.4901883491e-01
   3.6928695524e-01   3.6844304263e-01   6.6759182134e-01  -5.3396910641e-01   3.9871403577e-01
   3.7094160435e-01   3.7013086785e-01   7.0819808655e-01  -5.5664141795e-01   2.4920961323e-01
   3.7254251576e-01   3.7175234086e-01   7.3884293196e-01  -5.8061479284e-01   9.8348071102e-02
   3.7411286219e-01   3.7333269067e-01   7.6010193823e-01  -6.0658547018e-01  -5.1322373060e-02
   3.7567245930e-01   3.7489303370e-01   7.7303613462e-01  -6.3571858622e-01  -2.0112544705e-01
   3.7723981263e-01   3.7645188489e-01   7.7809024919e-01  -6.6900216888e-01  -3.5121399967e-01
   3.7883443336e-01   3.7802774038e-01   7.7546117516e-01  -7.0748777271e-01  -5.0162055379e-01
   3.8047891362e-01   3.7964112633e-01   7.6523448970e-01  -7.5206064146e-01  -6.5132338483e-01
   3.8220252201e-01   3.8131670090e-01   7.4711988123e-01  -8.0455116671e-01  -8.0154767832e-01
   3.8404748900e-01   3.8308834311e-01   7.2060643355e-01  -8.6671671854e-01  -9.5140428606e-01
   3.8608416343e-01   3.8500663490e-01   6.8412322520e-01  -9.4241096320e-01  -1.1021974806e+00
   3.8845280006e-01   3.8716169196e-01   6.3514047982e-01  -1.0370223353e+00  -1.2526288731e+00
   3.9152402103e-01   3.8974390817e-01   5.6530924802e-01  -1.1665591709e+00  -1.4037389424e+00
   3.9540749083e-01   3.9330413390e-01   4.7609705456e-01  -1.3278346240e+00  -1.5168274443e+00
   3.9998842425e-01   3.9751084777e-01   3.8089754885e-01  -1.4894758757e+00  -1.5332127764e+00
   4.0461283637e-01   4.0246600073e-01   3.0329609550e-01  -1.5908255936e+00  -1.4307875350e+00
   4.0824270461e-01   4.0675967201e-01   2.5596169608e-01  -1.6075124352e+00  -1.2771462227e+00
   4.1098573482e-01   4.0972573721e-01   2.2637428814e-01  -1.5744881999e+00  -1.1264020152e+00
   4.1339891324e-01   4.1224573243e-01   2.0245010773e-01  -1.5108673520e+00  -9.7591250871e-01
   4.1565410983e-01   4.1455209406e-01   1.8007230529e-01  -1.4221882856e+00  -8.2604097329e-01
   4.1784309690e-01   4.1675612559e-01   1.5642711554e-01  -1.3091624691e+00  -6.7564851124e-01
   4.2003306119e-01   4.1893006820e-01   1.2934589000e-01  -1.1717186868e+00  -5.2571039176e-01
   4.2228473499e-01   4.2113605417e-01   9.6203780037e-02  -1.0070490779e+00  -3.7600155702e-01
   4.2453237295e-01   4.2343341581e-01   5.6298145136e-02  -8.2216229022e-01  -2.3505392321e-01
   4.2665741155e-01   4.2563133009e-01   1.1290018845e-02  -6.3228960232e-01  -1.1344836523e-01
   4.2866541872e-01   4.2768349302e-01  -3.8558299773e-02  -4.4219952824e-01  -1.1319912508e-02
   4.3060534923e-01   4.2964734442e-01  -9.3629693670e-02  -2.5245278124e-01   7.3299956904e-02
   4.3251356087e-01   4.3156335404e-01  -1.5455761588e-01  -6.2588622799e-02   1.4185673451e-01
   4.3442094964e-01   4.3346376770e-01  -2.2200599728e-01   1.2760278544e-01   1.9481549484e-01
   4.3635753672e-01   4.3537813158e-01  -2.9632089365e-01   3.1724652070e-01   2.3183269748e-01
   4.3835654627e-01   4.3733694186e-01  -3.7867602994e-01   5.0721462242e-01   2.5234843147e-01
   4.4043662500e-01   4.3937615068e-01  -4.6885426209e-01   6.9482470459e-01   2.5487471642e-01
   4.4253985249e-01   4.4149709932e-01  -5.6370939892e-01   8.7258557820e-01   2.3878088212e-01
   4.4462320710e-01   4.4358260566e-01  -6.5849143199e-01   1.0326236004e+00   2.0580126576e-01
   4.4672758775e-01   4.4566380855e-01  -7.5337652586e-01   1.1771287668e+00   1.5716957232e-01
   4.4891196447e-01   4.4779136694e-01  -8.4841977841e-01   1.3074199881e+00   9.2952072000e-02
   4.5126594965e-01   4.5003256200e-01  -9.4351165219e-01   1.4241160497e+00   1.1853145631e-02
   4.5397375997e-01   4.5249933730e-01  -1.0391724327e+00   1.5279972212e+00  -9.1216151561e-02
   4.5735951527e-01   4.5544818263e-01  -1.1299708907e+00   1.6136349853e+00  -2.2334016254e-01
   4.6162797951e-01   4.5927084791e-01  -1.1868842943e+00   1.6603925332e+00  -3.7426884740e-01
   4.6651114958e-01   4.6398511111e-01  -1.1586155838e+00   1.6477041399e+00  -4.9401211959e-01
   4.7039569429e-01   4.6903718805e-01  -1.0619961993e+00   1.6023896506e+00  -5.3195170682e-01
   4.7279185709e-01   4.7175420054e-01  -9.6588286041e-01   1.5623723272e+00  -5.2180681155e-01
   4.7471013751e-01   4.7382951364e-01  -8.7072920492e-01   1.5257917895e+00  -4.9460325409e-01
   4.7637515518e-01   4.7559076137e-01  -7.7565429328e-01   1.4912842377e+00  -4.5717583716e-01
   4.7787857922e-01   4.7715954898e-01  -6.8063117400e-01   1.4582160627e+00  -4.1254054517e-01
   4.7926958189e-01   4.7859760947e-01  -5.8576805815e-01   1.4261642834e+00  -3.6246589456e-01
   4.8057834895e-01   4.7994155431e-01  -4.9082866471e-01   1.3946854509e+00  -3.0790135001e-01
   4.8182509209e-01   4.8121514360e-01  -3.9563935764e-01   1.3634148837e+00  -2.4946030892e-01
   4.8302447802e-01   4.8243504059e-01  -3.0073537524e-01   1.3322512421e+00  -1.8801019006e-01
   4.8418778828e-01   4.8361391545e-01  -2.0638998771e-01   1.3010316888e+00  -1.2418595664e-01
   4.8532376560e-01   4.8476166111e-01  -1.1053346661e-01   1.2688154606e+00  -5.6854039921e-02
   4.8643981443e-01   4.8588587009e-01  -1.6634559411e-02   1.2365300378e+00   1.1274565812e-02
   4.8754242565e-01   4.8699375878e-01   7.9333892901e-02   1.2025320144e+00   8.2911508758e-02
   4.8863737676e-01   4.8809109251e-01   1.7364784417e-01   1.1678680869e+00   1.5511735595e-01
   4.8973025032e-01   4.8918366101e-01   2.6840889776e-01   1.1315102576e+00   2.2930814763e-01
   4.9082651997e-01   4.9027683962e-01   3.6395042549e-01   1.0929731297e+00   3.0565220986e-01
   4.9193180318e-01   4.9137620032e-01   4.5800425779e-01   1.0528406725e+00   3.8220333953e-01
   4.9305229898e-01   4.9248740604e-01   5.5387790351e-01   1.0092605286e+00   4.6155818128e-01
   4.9419488176e-01   4.9361719191e-01   6.4796289350e-01   9.6337926816e-01   5.4063745691e-01
   4.9536771504e-01   4.9477257160e-01   7.4335688863e-01   9.1310387963e-01   6.2194479078e-01
   4.9658103552e-01   4.9596285849e-01   8.3826902562e-01   8.5853421760e-01   7.0389005610e-01
   4.9784778996e-01   4.9719921256e-01   9.3288909852e-01   7.9863018505e-01   7.8653639598e-01
   4.9924818369e-01   4.9849636737e-01   1.0323123304e+00   7.2817487192e-01   8.7431626106e-01