# time = 0.6
# Grid points = 474
# Pressure (Pa) = 101325
#             1_pos             2_posf             3_uvel             4_vvel             5_wvel
  -4.9917840810e-01  -5.0000000000e-01   1.2215128025e+00   5.5870233078e-01   9.1132639669e-01
  -4.9750814511e-01  -4.9835681619e-01   1.3277296687e+00   4.7711581672e-01   9.9499301589e-01
  -4.9566236670e-01  -4.9665947403e-01   1.4302257191e+00   3.8126132313e-01   1.0761360150e+00
  -4.9337913820e-01  -4.9466525936e-01   1.5327555261e+00   2.5559479176e-01   1.1572887296e+00
  -4.9070684198e-01  -4.9209301703e-01   1.6170126467e+00   1.0070404050e-01   1.2230570239e+00
  -4.8796632188e-01  -4.8932066692e-01   1.6613184152e+00  -6.3920539820e-02   1.2553615739e+00
  -4.8525041762e-01  -4.8661197685e-01   1.6620087936e+00  -2.2850855230e-01   1.2509355429e+00
  -4.8247325112e-01  -4.8388885839e-01   1.6191522905e+00  -3.9316959146e-01   1.2097298646e+00
  -4.7971240761e-01  -4.8105764385e-01   1.5356400809e+00  -5.4780899963e-01   1.1348026918e+00
  -4.7731406729e-01  -4.7836717138e-01   1.4333513163e+00  -6.7014113051e-01   1.0457190395e+00
  -4.7535629892e-01  -4.7626096320e-01   1.3306175017e+00  -7.5934802881e-01   9.5810135129e-01
  -4.7363463088e-01  -4.7445163464e-01   1.2284285371e+00  -8.2771962296e-01   8.7247849474e-01
  -4.7205820286e-01  -4.7281762713e-01   1.1263685920e+00  -8.8124374663e-01   7.8840262322e-01
  -4.7057922324e-01  -4.7129877858e-01   1.0240542620e+00  -9.2297748204e-01   7.0556372467e-01
  -4.6916801250e-01  -4.6985966791e-01   9.2236308461e-01  -9.5433917371e-01   6.2470794144e-01
  -4.6780432622e-01  -4.6847635709e-01   8.1972445254e-01  -9.7683298471e-01   5.4467200431e-01
  -4.6647318109e-01  -4.6713229535e-01   7.1804792856e-01  -9.9072448201e-01   4.6704553347e-01
  -4.6516256736e-01  -4.6581406684e-01   6.1615186934e-01  -9.9672640744e-01   3.9102553961e-01
  -4.6386252316e-01  -4.6451106789e-01   5.1365660042e-01  -9.9498432389e-01   3.1650690430e-01
  -4.6256404824e-01  -4.6321397844e-01   4.1155714511e-01  -9.8558838263e-01   2.4439943639e-01
  -4.6125861670e-01  -4.6191411803e-01   3.0966046373e-01  -9.6858659749e-01   1.7475335095e-01
  -4.5993776484e-01  -4.6060311536e-01   2.0792409370e-01  -9.4389114088e-01   1.0777153024e-01
  -4.5859242112e-01  -4.5927241432e-01   1.0532599737e-01  -9.1089559043e-01   4.3119750148e-02
  -4.5721266704e-01  -4.5791242792e-01   3.8103704635e-03  -8.6989392590e-01  -1.7629064915e-02
  -4.5578682495e-01  -4.5651290616e-01  -9.8744289132e-02  -8.1950632537e-01  -7.5292331521e-02
  -4.5430067193e-01  -4.5506074373e-01  -2.0053694278e-01  -7.5987675770e-01  -1.2827927165e-01
  -4.5273610223e-01  -4.5354060013e-01  -3.0274962585e-01  -6.8943635183e-01  -1.7651336815e-01
  -4.5106864371e-01  -4.5193160433e-01  -4.0469830478e-01  -6.0735996796e-01  -2.1871728404e-01
  -4.4926329074e-01  -4.5020568309e-01  -5.0691151360e-01  -5.1143413634e-01  -2.5381431594e-01
  -4.4726609887e-01  -4.4832089838e-01  -6.0895578309e-01  -3.9941890584e-01  -2.7978070948e-01
  -4.4498442178e-01  -4.4621129935e-01  -7.1120570286e-01  -2.6669332843e-01  -2.9379593699e-01
  -4.4235257510e-01  -4.4375754422e-01  -8.0985043344e-01  -1.1214720233e-01  -2.9120136343e-01
  -4.3946564586e-01  -4.4094760599e-01  -8.9429156315e-01   5.2235698209e-02  -2.6918454204e-01
  -4.3633688466e-01  -4.3798368573e-01  -9.5867348540e-01   2.1728301351e-01  -2.2852354804e-01
  -4.3268516130e-01  -4.3469008358e-01  -9.9974211796e-01   3.8270867473e-01  -1.6942513921e-01
  -4.2755929390e-01  -4.3068023901e-01  -9.9982282258e-01   5.5096710180e-01  -8.9424490973e-02
  -4.2166997226e-01  -4.2443834879e-01  -9.3014146039e-01   6.5158323706e-01  -3.3583280841e-02
  -4.1704632770e-01  -4.1890159573e-01  -8.2611467381e-01   6.6428962766e-01  -3.3648000951e-02
  -4.1367958978e-01  -4.1519105967e-01  -7.2371906481e-01   6.4223783769e-01  -6.1521715770e-02
  -4.1084966285e-01  -4.1216811989e-01  -6.2167482336e-01   6.0820441348e-01  -1.0087447100e-01
  -4.0833775233e-01  -4.0953120581e-01  -5.1951106788e-01   5.6882308470e-01  -1.4553147222e-01
  -4.0603685963e-01  -4.0714429884e-01  -4.1760092546e-01   5.2708488047e-01  -1.9187144555e-01
  -4.0388289794e-01  -4.0492942043e-01  -3.1555203009e-01   4.8411154811e-01  -2.3791994484e-01
  -4.0183252169e-01  -4.0283637546e-01  -2.1357288978e-01   4.4050047588e-01  -2.8213254147e-01
  -3.9985311918e-01  -4.0082866791e-01  -1.1152898370e-01   3.9627326115e-01  -3.2351957958e-01
  -3.9791788163e-01  -3.9887757044e-01  -9.6420773452e-03   3.5132271432e-01  -3.6118735343e-01
  -3.9600259296e-01  -3.9695819283e-01   9.2483746385e-02   3.0504315918e-01  -3.9459142295e-01
  -3.9408304632e-01  -3.9504699309e-01   1.9458357589e-01   2.5689411852e-01  -4.2298100208e-01
  -3.9213230721e-01  -3.9311909955e-01   2.9653960807e-01   2.0600959466e-01  -4.4566117450e-01
  -3.9011678658e-01  -3.9114551487e-01   3.9860488497e-01   1.5093078235e-01  -4.6187200287e-01
  -3.8798888510e-01  -3.8908805828e-01   5.0075155370e-01   8.9621541341e-02  -4.7045328463e-01
  -3.8567048920e-01  -3.8688971191e-01   6.0293148765e-01   1.8671766391e-02  -4.6958856088e-01
  -3.8300187036e-01  -3.8445126649e-01   7.0556451641e-01  -6.9222087633e-02  -4.5569618064e-01
  -3.7960165421e-01  -3.8155247422e-01   8.0681014951e-01  -1.9157450332e-01  -4.1982613025e-01
  -3.7567331486e-01  -3.7765083420e-01   8.7651278388e-01  -3.4684243407e-01  -3.5896541645e-01
  -3.7184186692e-01  -3.7369579552e-01   8.8892010861e-01  -5.1097369046e-01  -2.8656369252e-01
  -3.6818376169e-01  -3.6998793832e-01   8.4654454871e-01  -6.7539346790e-01  -2.1314772114e-01
  -3.6476920525e-01  -3.6637958505e-01   7.6120236379e-01  -8.2985517523e-01  -1.4737941104e-01
  -3.6190222515e-01  -3.6315882545e-01   6.5849725255e-01  -9.5592465708e-01  -9.7746349448e-02
  -3.5955743529e-01  -3.6064562486e-01   5.5616919189e-01  -1.0531797477e+00  -6.2780846998e-02
  -3.5747581335e-01  -3.5846924571e-01   4.5389291832e-01  -1.1331635876e+00  -3.6612032998e-02
  -3.5554555589e-01  -3.5648238098e-01   3.5155555268e-01  -1.2003741558e+00  -1.6727748337e-02
  -3.5370428246e-01  -3.5460873079e-01   2.4970117801e-01  -1.2566700343e+00  -1.7989118609e-03
  -3.5191009141e-01  -3.5279983412e-01   1.4761686933e-01  -1.3035132352e+00   9.1950336269e-03
  -3.5013002733e-01  -3.5102034870e-01   4.5486797971e-02  -1.3410999556e+00   1.6851199951e-02
  -3.4833352158e-01  -3.4923970596e-01  -5.6794329587e-02  -1.3692128945e+00   2.1670152722e-02
  -3.4648782394e-01  -3.4742733720e-01  -1.5868436539e-01  -1.3869502311e+00   2.4080593632e-02
  -3.4455195495e-01  -3.4554831069e-01  -2.6087160402e-01  -1.3928683056e+00   2.4552115145e-02
  -3.4246600922e-01  -3.4355559922e-01  -3.6310567610e-01  -1.3839926746e+00   2.3628888881e-02
  -3.4012589732e-01  -3.4137641922e-01  -4.6541773022e-01  -1.3547359486e+00   2.2190303163e-02
  -3.3729386531e-01  -3.3887537541e-01  -5.6830574167e-01  -1.2917816946e+00   2.2160620375e-02
  -3.3373119516e-01  -3.3571235521e-01  -6.6080864101e-01  -1.1713135059e+00   2.8794729236e-02
  -3.3013995431e-01  -3.3175003512e-01  -7.1101718151e-01  -1.0086015812e+00   4.6723548124e-02
  -3.2713093899e-01  -3.2852987349e-01  -7.1799953169e-01  -8.4363726096e-01   7.3038783094e-02
  -3.2444947423e-01  -3.2573200448e-01  -6.9862548066e-01  -6.7871162680e-01   1.0578657509e-01
  -3.2194996463e-01  -3.2316694398e-01  -6.6085082088e-01  -5.1428487809e-01   1.4361035983e-01
  -3.1954784063e-01  -3.2073298528e-01  -6.0849386561e-01  -3.4932545735e-01   1.8571489964e-01
  -3.1718162262e-01  -3.1836269597e-01  -5.4418707928e-01  -1.8507255836e-01   2.3077494897e-01
  -3.1479564044e-01  -3.1600054927e-01  -4.6834929336e-01  -1.9973433362e-02   2.7809432253e-01
  -3.1232750552e-01  -3.1359073161e-01  -3.8162643614e-01   1.4451642192e-01   3.2582210026e-01
  -3.0974859368e-01  -3.1106427944e-01  -2.8449244562e-01   3.0593083469e-01   3.7117045117e-01
  -3.0714129829e-01  -3.0843290792e-01  -1.8264324883e-01   4.5320824575e-01   4.0831997626e-01
  -3.0455287342e-01  -3.0584968867e-01  -8.0787273071e-02   5.7877456870e-01   4.3246941347e-01
  -3.0192288339e-01  -3.0325605817e-01   2.1371044720e-02   6.8157804470e-01   4.4021776475e-01
  -2.9918504232e-01  -3.0058970861e-01   1.2319016498e-01   7.5761697266e-01   4.2673957297e-01
  -2.9625455536e-01  -2.9778037603e-01   2.2521600111e-01   8.0131770670e-01   3.8500739726e-01
  -2.9299442333e-01  -2.9472873469e-01   3.2730011449e-01   8.0180088279e-01   3.0374872404e-01
  -2.8955416173e-01  -2.9126011198e-01   4.1958504764e-01   7.4883602584e-01   1.8012466789e-01
  -2.8641489689e-01  -2.8784821147e-01   4.8761493619e-01   6.5636501609e-01   3.8197120183e-02
  -2.8367227528e-01  -2.8498158232e-01   5.3277719644e-01   5.4494660802e-01  -1.0372677975e-01
  -2.8109973593e-01  -2.8236296824e-01   5.6162244431e-01   4.2043727409e-01  -2.4519493882e-01
  -2.7855854486e-01  -2.7983650363e-01   5.7630460209e-01   2.8396927522e-01  -3.8674317181e-01
  -2.7591378759e-01  -2.7728058609e-01   5.7581323709e-01   1.3433045717e-01  -5.2863003454e-01
  -2.7306953365e-01  -2.7454698909e-01   5.5611899170e-01  -2.6540603557e-02  -6.6573058730e-01
  -2.6996238336e-01  -2.7159207822e-01   5.1059565651e-01  -1.9171691394e-01  -7.8616544249e-01
  -2.6657645717e-01  -2.6833268850e-01   4.3143713929e-01  -3.4685851789e-01  -8.7020432008e-01
  -2.6342123777e-01  -2.6482022584e-01   3.3049553603e-01  -4.5888841281e-01  -8.9613886477e-01
  -2.6083514468e-01  -2.6202224969e-01   2.2801832552e-01  -5.2151009691e-01  -8.7425117893e-01
  -2.5858769354e-01  -2.5964803967e-01   1.2603962367e-01  -5.5235654547e-01  -8.2289317277e-01
  -2.5655037453e-01  -2.5752734742e-01   2.3736552096e-02  -5.6104525293e-01  -7.5053168582e-01
  -2.5465278369e-01  -2.5557340165e-01  -7.8118037721e-02  -5.5277689494e-01  -6.6270702627e-01
  -2.5284972121e-01  -2.5373216573e-01  -1.8036476343e-01  -5.3081186735e-01  -5.6185881632e-01
  -2.5110888879e-01  -2.5196727669e-01  -2.8225439012e-01  -4.9749357869e-01  -4.5081547947e-01
  -2.4940443518e-01  -2.5025050088e-01  -3.8463172749e-01  -4.5402707402e-01  -3.3009664125e-01
  -2.4771352258e-01  -2.4855836948e-01  -4.8657582474e-01  -4.0179266891e-01  -2.0178161344e-01
  -2.4601470591e-01  -2.4686867567e-01  -5.8847686262e-01  -3.4126322194e-01  -6.6096381284e-02
  -2.4431234304e-01  -2.4516073614e-01  -6.8864040858e-01  -2.7387432902e-01   7.4189408628e-02
  -2.4261819605e-01  -2.4346394993e-01  -7.8507042611e-01  -2.0137187979e-01   2.1577381916e-01
  -2.4091346566e-01  -2.4177244216e-01  -8.7720884364e-01  -1.2440788915e-01   3.5746238053e-01
  -2.3916427906e-01  -2.4005448915e-01  -9.6473447506e-01  -4.3053637840e-02   4.9872761487e-01
  -2.3732807788e-01  -2.3827406896e-01  -1.0478938857e+00   4.3998643921e-02   6.4061574474e-01
  -2.3534180132e-01  -2.3638208681e-01  -1.1250401065e+00   1.3751670433e-01   7.8202330449e-01
  -2.3309001431e-01  -2.3430151584e-01  -1.1945459393e+00   2.4142025182e-01   9.2419512284e-01
  -2.3027701721e-01  -2.3187851277e-01  -1.2500251696e+00   3.6431304932e-01   1.0673888392e+00
  -2.2645548597e-01  -2.2867552165e-01  -1.2637599395e+00   5.1478787362e-01   1.1920354501e+00
  -2.2235484195e-01  -2.2423545029e-01  -1.1988572261e+00   6.5300727482e-01   1.2351099723e+00
  -2.1926377134e-01  -2.2047423360e-01  -1.0940627021e+00   7.4054932561e-01   1.2054058949e+00
  -2.1707588367e-01  -2.1805330907e-01  -9.9125064186e-01   7.9406725192e-01   1.1539297387e+00
  -2.1524632204e-01  -2.1609845826e-01  -8.8894189231e-01   8.3399212396e-01   1.0944415150e+00
  -2.1362140285e-01  -2.1439418582e-01  -7.8674020085e-01   8.6611902346e-01   1.0309068151e+00
  -2.1213035299e-01  -2.1284861988e-01  -6.8459856798e-01   8.9303975689e-01   9.6525752240e-01
  -2.1073297734e-01  -2.1141208611e-01  -5.8256912647e-01   9.1617909203e-01   8.9865825397e-01
  -2.0940352536e-01  -2.1005386857e-01  -4.8066448885e-01   9.3641539231e-01   8.3185009124e-01
  -2.0812417356e-01  -2.0875318216e-01  -3.7827185796e-01   9.5442263168e-01   7.6495415879e-01
  -2.0688161592e-01  -2.0749516496e-01  -2.7610616579e-01   9.7044606388e-01   6.9884150360e-01
  -2.0566526556e-01  -2.0626806687e-01  -1.7387161400e-01   9.8479730037e-01   6.3364820780e-01
  -2.0446637627e-01  -2.0506246426e-01  -7.1927420721e-02   9.9760297115e-01   5.6988096843e-01
  -2.0327734466e-01  -2.0387028829e-01   2.9871923604e-02   1.0089967473e+00   5.0769165813e-01
  -2.0209126970e-01  -2.0268440103e-01   1.3164217491e-01   1.0190445507e+00   4.4724495948e-01
  -2.0090147165e-01  -2.0149813836e-01   2.3449579199e-01   1.0278276742e+00   3.8816503485e-01
  -1.9970122365e-01  -2.0030480494e-01   3.3633942941e-01   1.0351186080e+00   3.3191304891e-01
  -1.9848348986e-01  -1.9909764236e-01   4.3828242372e-01   1.0409268364e+00   2.7810824742e-01
  -1.9724048137e-01  -1.9786933735e-01   5.4032044811e-01   1.0450951282e+00   2.2706610646e-01
  -1.9596323099e-01  -1.9661162539e-01   6.4229063366e-01   1.0473967098e+00   1.7921913975e-01
  -1.9464093815e-01  -1.9531483659e-01   7.4433199941e-01   1.0475254928e+00   1.3491928262e-01
  -1.9325989426e-01  -1.9396703971e-01   8.4663506252e-01   1.0450350007e+00   9.4618270560e-02
  -1.9180212350e-01  -1.9255274881e-01   9.4864148333e-01   1.0393217707e+00   5.9192906625e-02
  -1.9024256431e-01  -1.9105149818e-01   1.0507990666e+00   1.0294687910e+00   2.9346966677e-02
  -1.8854366466e-01  -1.8943363044e-01   1.1529601608e+00   1.0140899614e+00   6.3764009561e-03
  -1.8664397079e-01  -1.8765369889e-01   1.2551659951e+00   9.9085827938e-01  -7.8204663517e-03
  -1.8442730585e-01  -1.8563424269e-01   1.3575210447e+00   9.5534917788e-01  -9.9268221612e-03
  -1.8160313917e-01  -1.8322036901e-01   1.4607689909e+00   8.9638674977e-01   7.6243769573e-03
  -1.7756259117e-01  -1.7998590933e-01   1.5549055134e+00   7.8524062672e-01   6.3679958814e-02
  -1.7303185648e-01  -1.7513927301e-01   1.5932251040e+00   6.2728050553e-01   1.5135176673e-01
  -1.6908706558e-01  -1.7092443995e-01   1.5712710784e+00   4.6289512374e-01   2.3411813856e-01
  -1.6556874658e-01  -1.6724969121e-01   1.5129072435e+00   2.9837556500e-01   3.0134719187e-01
  -1.6230329771e-01  -1.6388780195e-01   1.4300308581e+00   1.3427446676e-01   3.5065912340e-01
  -1.5930533986e-01  -1.6071879347e-01   1.3320156650e+00  -2.4083671235e-02   3.8094280796e-01
  -1.5665937975e-01  -1.5789188625e-01   1.2299122017e+00  -1.6756896562e-01   3.9358190542e-01
  -1.5431114807e-01  -1.5542687324e-01   1.1278520585e+00  -2.9664137950e-01   3.9291469135e-01
  -1.5216225868e-01  -1.5319542290e-01   1.0257466381e+00  -4.1498718818e-01   3.8227903822e-01
  -1.5015713276e-01  -1.5112909446e-01   9.2384511420e-01  -5.2426247902e-01   3.6382745418e-01
  -1.4825992434e-01  -1.4918517106e-01   8.2176237847e-01  -6.2600554246e-01   3.3893495528e-01
  -1.4644521115e-01  -1.4733467761e-01   7.1983773861e-01  -7.2053543943e-01   3.0870175240e-01
  -1.4469345284e-01  -1.4555574469e-01   6.1772955684e-01  -8.0853608528e-01   2.7376176617e-01
  -1.4298867368e-01  -1.4383116098e-01   5.1574119187e-01  -8.8988599128e-01   2.3472960364e-01
  -1.4131690759e-01  -1.4214618637e-01   4.1397977644e-01  -9.6451053625e-01   1.9201200966e-01
  -1.3966534044e-01  -1.4048762881e-01   3.1151313345e-01  -1.0328189802e+00   1.4536678454e-01
  -1.3802137227e-01  -1.3884305207e-01   2.0979492352e-01  -1.0934492489e+00   9.5494197486e-02
  -1.3637181817e-01  -1.3719969246e-01   1.0769653179e-01  -1.1465129224e+00   4.1752071797e-02
  -1.3470202479e-01  -1.3554394387e-01   5.5256550216e-03  -1.1908709454e+00  -1.6026964022e-02
  -1.3299460342e-01  -1.3386010571e-01  -9.6412709536e-02  -1.2251286154e+00  -7.8172610396e-02
  -1.3122742364e-01  -1.3212910114e-01  -1.9843753463e-01  -1.2475478475e+00  -1.4569561971e-01
  -1.2936992205e-01  -1.3032574614e-01  -3.0058137296e-01  -1.2552713157e+00  -2.1995794005e-01
  -1.2737607576e-01  -1.2841409796e-01  -4.0271847764e-01  -1.2437986475e+00  -3.0304087858e-01
  -1.2516795232e-01  -1.2633805357e-01  -5.0484947321e-01  -1.2053903174e+00  -3.9876614283e-01
  -1.2259649311e-01  -1.2399785107e-01  -6.0721734497e-01  -1.1240305075e+00  -5.1531869927e-01
  -1.1978118372e-01  -1.2119513514e-01  -6.9600719638e-01  -9.8955103807e-01  -6.4782394116e-01
  -1.1722127913e-01  -1.1836723231e-01  -7.5441470492e-01  -8.2621911981e-01  -7.7240134490e-01
  -1.1509287231e-01  -1.1607532595e-01  -7.8601606183e-01  -6.6090112886e-01  -8.7864341518e-01
  -1.1322832905e-01  -1.1411041867e-01  -8.0124706825e-01  -4.9599278902e-01  -9.7307110832e-01
  -1.1153107570e-01  -1.1234623943e-01  -8.0553664266e-01  -3.3134261255e-01  -1.0597018273e+00
  -1.0994725144e-01  -1.1071591197e-01  -8.0188361732e-01  -1.6611506704e-01  -1.1410880872e+00
  -1.0844209005e-01  -1.0917859092e-01  -7.9224430315e-01  -1.6600665248e-03  -1.2178888465e+00
  -1.0699069130e-01  -1.0770558918e-01  -7.7791043048e-01   1.6310786544e-01  -1.2915012618e+00
  -1.0557379342e-01  -1.0627579343e-01  -7.5979214798e-01   3.2841425225e-01  -1.3625883041e+00
  -1.0417484262e-01  -1.0487179340e-01  -7.3889376942e-01   4.9231334812e-01  -1.4307522540e+00
  -1.0277836491e-01  -1.0347789183e-01  -7.1543586925e-01   6.5788384968e-01  -1.4975461258e+00
  -1.0136848770e-01  -1.0207883800e-01  -6.9033263020e-01   8.2234755178e-01  -1.5620029508e+00
  -9.9927160114e-02  -1.0065813741e-01  -6.6391407865e-01   9.8695491556e-01  -1.6247008277e+00
  -9.8431492431e-02  -9.9196182820e-02  -6.3661851905e-01   1.1520711227e+00  -1.6857067401e+00
  -9.6849353975e-02  -9.7666802042e-02  -6.0919262791e-01   1.3166677847e+00  -1.7444128181e+00
  -9.5128935434e-02  -9.6031905908e-02  -5.8220594829e-01   1.4819381149e+00  -1.8007031761e+00
  -9.3169554815e-02  -9.4225964960e-02  -5.5696494018e-01   1.6477120998e+00  -1.8532414669e+00
  -9.0693116826e-02  -9.2113144671e-02  -5.3639598689e-01   1.8148457184e+00  -1.8985772207e+00
  -8.6064311804e-02  -8.9273088982e-02  -5.4323342336e-01   1.9669138733e+00  -1.9032272859e+00
  -8.1038906322e-02  -8.2855534627e-02  -6.1282231965e-01   1.9063978417e+00  -1.7927491541e+00
  -7.8108252031e-02  -7.9222278017e-02  -6.8682013907e-01   1.7400586209e+00  -1.6579739215e+00
  -7.6119770026e-02  -7.6994226045e-02  -7.4890334060e-01   1.5736891941e+00  -1.5361121642e+00
  -7.4493656872e-02  -7.5245314008e-02  -8.0522899665e-01   1.4083007443e+00  -1.4189941672e+00
  -7.3066926550e-02  -7.3741999736e-02  -8.5796971761e-01   1.2426689873e+00  -1.3034575854e+00
  -7.1768786630e-02  -7.2391853364e-02  -9.0742360496e-01   1.0783596841e+00  -1.1895826143e+00
  -7.0560251636e-02  -7.1145719897e-02  -9.5442973748e-01   9.1406788346e-01  -1.0759060021e+00
  -6.9417550346e-02  -6.9974783374e-02  -9.9967916568e-01   7.4803135041e-01  -9.6085215634e-01
  -6.8324055410e-02  -6.8860317318e-02  -1.0421916759e+00   5.8441149872e-01  -8.4705181226e-01
  -6.7267461975e-02  -6.7787793503e-02  -1.0829998961e+00   4.1965610719e-01  -7.3184184302e-01
  -6.6238617133e-02  -6.6747130448e-02  -1.1220254813e+00   2.5402103740e-01  -6.1521435080e-01
  -6.5229849759e-02  -6.5730103818e-02  -1.1587885857e+00   8.9556268565e-02  -4.9845820221e-01
  -6.4234582529e-02  -6.4729595701e-02  -1.1935661838e+00  -7.5011958457e-02  -3.8052986286e-01
  -6.3247023061e-02  -6.3739569357e-02  -1.2263189317e+00  -2.3983590610e-01  -2.6115980684e-01
  -6.2261713444e-02  -6.2754476766e-02  -1.2569523717e+00  -4.0499184288e-01  -1.4011446380e-01
  -6.1273271772e-02  -6.1768950123e-02  -1.2851836461e+00  -5.6962101034e-01  -1.7838114841e-02
  -6.0276158330e-02  -6.0777593420e-02  -1.3109403052e+00  -7.3418986711e-01   1.0622082920e-01
  -5.9264388663e-02  -5.9774723239e-02  -1.3339997805e+00  -8.9864218069e-01   2.3227307440e-01
  -5.8231038661e-02  -5.8754054088e-02  -1.3542272189e+00  -1.0643620489e+00   3.6173058828e-01
  -5.7167898835e-02  -5.7708023234e-02  -1.3709530288e+00  -1.2290561166e+00   4.9321308888e-01
  -5.6065022706e-02  -5.6627774435e-02  -1.3837369465e+00  -1.3923959249e+00   6.2689549958e-01
  -5.4910797379e-02  -5.5502270977e-02  -1.3921227058e+00  -1.5586094410e+00   7.6702262218e-01
  -5.3708034454e-02  -5.4319323781e-02  -1.3948120000e+00  -1.7195364393e+00   9.0760992668e-01
  -5.2463138266e-02  -5.3096745126e-02  -1.3910170123e+00  -1.8745178612e+00   1.0488979413e+00
  -5.1166546254e-02  -5.1829531406e-02  -1.3797347735e+00  -2.0212850825e+00   1.1899096635e+00
  -4.9801008403e-02  -5.0503561102e-02  -1.3592882862e+00  -2.1599245898e+00   1.3324147373e+00
  -4.8342526768e-02  -4.9098455703e-02  -1.3281058330e+00  -2.2852440111e+00   1.4734174777e+00
  -4.6754581213e-02  -4.7586597833e-02  -1.2827890171e+00  -2.3958076202e+00   1.6150256704e+00
  -4.4974374735e-02  -4.5922564593e-02  -1.2182412910e+00  -2.4852834055e+00   1.7566685472e+00
  -4.2998052848e-02  -4.4026184878e-02  -1.1299439332e+00  -2.5410985417e+00   1.8916744774e+00
  -4.1070655474e-02  -4.1969920818e-02  -1.0282308796e+00  -2.5513501484e+00   1.9994292779e+00
  -3.9362305491e-02  -4.0171390129e-02  -9.2617194265e-01  -2.5237440998e+00   2.0738758688e+00
  -3.7805683954e-02  -3.8553220854e-02  -8.2394176168e-01  -2.4693791213e+00   2.1244547215e+00
  -3.6354604293e-02  -3.7058147054e-02  -7.2174033741e-01  -2.3947514778e+00   2.1565144818e+00
  -3.4979688191e-02  -3.5651061533e-02  -6.1984808017e-01  -2.3042681019e+00   2.1734821703e+00
  -3.3660687901e-02  -3.4308314849e-02  -5.1790040975e-01  -2.2004287506e+00   2.1777027317e+00
  -3.2382721616e-02  -3.3013060953e-02  -4.1565604084e-01  -2.0848928816e+00   2.1706291706e+00
  -3.1134000315e-02  -3.1752382279e-02  -3.1339881471e-01  -1.9593932004e+00   2.1532586811e+00
  -2.9904597774e-02  -3.0515618351e-02  -2.1124692891e-01  -1.8252174233e+00   2.1263255143e+00
  -2.8685747466e-02  -2.9293577198e-02  -1.0920586217e-01  -1.6832735585e+00   2.0902920439e+00
  -2.7469270579e-02  -2.8077917734e-02  -7.2179515604e-03  -1.5341717618e+00   2.0453535787e+00
  -2.6247064189e-02  -2.6860623423e-02   9.4789944908e-02  -1.3783167162e+00   1.9914507586e+00
  -2.5014821667e-02  -2.5633504956e-02   1.9650326240e-01  -1.2165880947e+00   1.9285291607e+00
  -2.3783464998e-02  -2.4396138378e-02   2.9624244370e-01  -1.0521136514e+00   1.8574512586e+00
  -2.2559798503e-02  -2.3170791618e-02   3.9280571085e-01  -8.8742768154e-01   1.7790351941e+00
  -2.1333573805e-02  -2.1948805389e-02   4.8642234183e-01  -7.2264115243e-01   1.6929748255e+00
  -2.0092652379e-02  -2.0718342222e-02   5.7732747501e-01  -5.5766615338e-01   1.5985793508e+00
  -1.8823713972e-02  -1.9466962537e-02   6.6554904241e-01  -3.9261669847e-01   1.4949251985e+00
  -1.7510956879e-02  -1.8180465406e-02   7.5084075195e-01  -2.2797826566e-01   1.3809359881e+00
  -1.6134263046e-02  -1.6841448352e-02   8.3332146749e-01  -6.3324068615e-02   1.2542543762e+00
  -1.4716027676e-02  -1.5427077741e-02   9.1005774449e-01   9.5668034566e-02   1.1170092865e+00
  -1.3323109993e-02  -1.4004977611e-02   9.7733562888e-01   2.4110154127e-01   9.7464213213e-01
  -1.1982185388e-02  -1.2641242376e-02   1.0327300108e+00   3.6683949865e-01   8.3386820700e-01
  -1.0682244316e-02  -1.1323128401e-02   1.0782016233e+00   4.7623962003e-01   6.9254742803e-01
  -9.4147914636e-03  -1.0041360232e-02   1.1142959126e+00   5.6983584062e-01   5.5098187597e-01
  -8.1726570787e-03  -8.7882226952e-03   1.1415218736e+00   6.4818565259e-01   4.0941848224e-01
  -6.9495966886e-03  -7.5570914623e-03   1.1603603132e+00   7.1188278975e-01   2.6798251199e-01
  -5.7399918747e-03  -6.3421019150e-03   1.1712372779e+00   7.6149157082e-01   1.2670334200e-01
  -4.5386011756e-03  -5.1378818345e-03   1.1745055891e+00   7.9749703933e-01  -1.4461020357e-02
  -3.3403364641e-03  -3.9393205168e-03   1.1704334079e+00   8.2026913680e-01  -1.5559960871e-01
  -2.1400090595e-03  -2.7413524114e-03   1.1590747460e+00   8.3001504483e-01  -2.9776935066e-01
  -9.3212634877e-04  -1.5386657077e-03   1.1406827717e+00   8.2669606870e-01  -4.3912452998e-01
   2.8931424925e-04  -3.2558698988e-04   1.1153213272e+00   8.1048655754e-01  -5.8037404099e-01
   1.5311812089e-03   9.0421548837e-04   1.0829419917e+00   7.8125055865e-01  -7.2171094224e-01
   2.8016617177e-03   2.1581469294e-03   1.0434688076e+00   7.3873091024e-01  -8.6298909415e-01
   4.1109605850e-03   3.4451765061e-03   9.9661232218e-01   6.8234886235e-01  -1.0044051457e+00
   5.4725294366e-03   4.7767446639e-03   9.4179010105e-01   6.1101583638e-01  -1.1463416281e+00
   6.9046774823e-03   6.1683142094e-03   8.7883611985e-01   5.2407057823e-01  -1.2876007687e+00
   8.4340799804e-03   7.6410407552e-03   8.0653286776e-01   4.1927908762e-01  -1.4288081448e+00
   1.0104145255e-02   9.2271192055e-03   7.2263098786e-01   2.9248421293e-01  -1.5707273862e+00
   1.1941516552e-02   1.0981171305e-02   6.2677686372e-01   1.4203943487e-01  -1.7092376072e+00
   1.3844002375e-02   1.2901861799e-02   5.2636407437e-01  -2.1008299741e-02  -1.8308643661e+00
   1.5719327137e-02   1.4786142951e-02   4.2769831030e-01  -1.8619574887e-01  -1.9279220851e+00
   1.7600566921e-02   1.6652511322e-02   3.3208054612e-01  -3.5075603352e-01  -2.0000159842e+00
   1.9538400328e-02   1.8548622520e-02   2.3866878345e-01  -5.1568536872e-01  -2.0470623070e+00
   2.1598120379e-02   2.0528178135e-02   1.4733928457e-01  -6.8090143917e-01  -2.0656178203e+00
   2.3888292623e-02   2.2668062623e-02   5.8035393526e-02  -8.4611386457e-01  -2.0477988702e+00
   2.6618799763e-02   2.5108522624e-02  -2.9235896366e-02  -1.0102676050e+00  -1.9745539804e+00
   2.9401618874e-02   2.8129076902e-02  -9.5711285409e-02  -1.1346652789e+00  -1.8470751337e+00
   3.1692531966e-02   3.0674160846e-02  -1.3241540504e-01  -1.1989444798e+00  -1.7045045150e+00
   3.3600221992e-02   3.2710903086e-02  -1.5066802372e-01  -1.2237438818e+00  -1.5626666015e+00
   3.5300111210e-02   3.4489540898e-02  -1.5798500848e-01  -1.2229709782e+00  -1.4205437581e+00
   3.6869555690e-02   3.6110681521e-02  -1.5770408739e-01  -1.2029013323e+00  -1.2793421725e+00
   3.8351830203e-02   3.7628429858e-02  -1.5174756061e-01  -1.1668503181e+00  -1.1379379540e+00
   3.9774323875e-02   3.9075230547e-02  -1.4128067482e-01  -1.1168289012e+00  -9.9665295187e-01
   4.1156420734e-02   4.0473417203e-02  -1.2698690573e-01  -1.0536020441e+00  -8.5462565854e-01
   4.2513044807e-02   4.1839424264e-02  -1.0961171366e-01  -9.7872133519e-01  -7.1360991631e-01
   4.3856500443e-02   4.3186665349e-02  -8.9423018257e-02  -8.9198124789e-01  -5.7231746417e-01
   4.5197538296e-02   4.4526335537e-02  -6.6611216515e-02  -7.9304431058e-01  -4.3028069100e-01
   4.6546249027e-02   4.5868741055e-02  -4.1746884273e-02  -6.8335964424e-01  -2.8961649543e-01
   4.7912792377e-02   4.7223756999e-02  -1.4473418660e-02  -5.6036052761e-01  -1.4748197269e-01
   4.9307828469e-02   4.8601827754e-02   1.4549006273e-02  -4.2607174538e-01  -6.8273905151e-03
   5.0743392454e-02   5.0013829184e-02   4.5841288165e-02  -2.7711318110e-01   1.3510279410e-01
   5.2207825414e-02   5.1472955725e-02   7.8472023157e-02  -1.1700347951e-01   2.7419493396e-01
   5.3650667067e-02   5.2942695103e-02   1.1102460632e-01   4.7685910204e-02   4.0517224823e-01
   5.5047776467e-02   5.4358639031e-02   1.4250115255e-01   2.1172432435e-01   5.2520011465e-01
   5.6414013560e-02   5.5736913904e-02   1.7342227096e-01   3.7750800942e-01   6.3724841668e-01
   5.7762323677e-02   5.7091113216e-02   2.0322055582e-01   5.4162811526e-01   7.4003753871e-01
   5.9104466362e-02   5.8433534137e-02   2.3234919894e-01   7.0617079433e-01   8.3579010560e-01
   6.0451808752e-02   5.9775398588e-02   2.6094579553e-01   8.7165385911e-01   9.2534163014e-01
   6.1816225066e-02   6.1128218917e-02   2.8858978579e-01   1.0353193451e+00   1.0077788817e+00
   6.3211375120e-02   6.2504231215e-02   3.1600664952e-01   1.2012377183e+00   1.0855478399e+00
   6.4653930942e-02   6.3918519026e-02   3.4258355540e-01   1.3655610658e+00   1.1571367834e+00
   6.6165814248e-02   6.5389342859e-02   3.6864260081e-01   1.5301723404e+00   1.2237168119e+00
   6.7779318088e-02   6.6942285637e-02   3.9419488029e-01   1.6953464938e+00   1.2855292128e+00
   6.9546485745e-02   6.8616350540e-02   4.1898144782e-01   1.8600218775e+00   1.3422662345e+00
   7.1567532276e-02   7.0476620951e-02   4.4298428744e-01   2.0258662855e+00   1.3943976235e+00
   7.4104885422e-02   7.2658443602e-02   4.6530706416e-01   2.1926085008e+00   1.4412826115e+00
   7.7526520153e-02   7.5551327241e-02   4.7986790365e-01   2.3370319550e+00   1.4757907858e+00
   8.1476905976e-02   7.9501713064e-02   4.7189106598e-01   2.3825624366e+00   1.4809487490e+00
   8.5477905063e-02   8.3452098887e-02   4.3273029588e-01   2.2893358079e+00   1.4526615520e+00
   8.8741837857e-02   8.7503711239e-02   3.7732267900e-01   2.1177508522e+00   1.4083024020e+00
   9.0981550477e-02   8.9979964474e-02   3.2646988017e-01   1.9518299768e+00   1.3669177509e+00
   9.2861396960e-02   9.1983136480e-02   2.7642616358e-01   1.7866326282e+00   1.3257677578e+00
   9.4541878575e-02   9.3739657440e-02   2.2644786835e-01   1.6212299685e+00   1.2840925361e+00
   9.6096131064e-02   9.5344099709e-02   1.7673159706e-01   1.4567501617e+00   1.2418610092e+00
   9.7565832357e-02   9.6848162418e-02   1.2696871382e-01   1.2922577446e+00   1.1986023001e+00
   9.8977729923e-02   9.8283502295e-02   7.6938712473e-02   1.1269128313e+00   1.1538759634e+00
   1.0035123539e-01   9.9671957551e-02   2.7321375827e-02   9.6271827553e-01   1.1080296924e+00
   1.0170158899e-01   1.0103051323e-01  -2.2502834056e-02   7.9726371882e-01   1.0601869727e+00
   1.0304161504e-01   1.0237266476e-01  -7.1573691996e-02   6.3326821928e-01   1.0109214377e+00
   1.0438312125e-01   1.0371056532e-01  -1.2050228923e-01   4.6807874803e-01   9.5919804308e-01
   1.0573772454e-01   1.0505567718e-01  -1.6856593619e-01   3.0332911578e-01   9.0522805653e-01
   1.0711777092e-01   1.0641977189e-01  -2.1553729942e-01   1.3877417969e-01   8.4860516269e-01
   1.0853732118e-01   1.0781576996e-01  -2.6104243220e-01  -2.5648937856e-02   7.8890008357e-01
   1.1001381601e-01   1.0925887241e-01  -3.0478521434e-01  -1.9089299211e-01   7.2518442805e-01
   1.1157029742e-01   1.1076875960e-01  -3.4571358880e-01  -3.5597541539e-01   6.5705509394e-01
   1.1323910999e-01   1.1237183524e-01  -3.8259782285e-01  -5.2045639263e-01   5.8366294926e-01
   1.1507083258e-01   1.1410638474e-01  -4.1383221494e-01  -6.8525298702e-01   5.0296911812e-01
   1.1715595752e-01   1.1603528043e-01  -4.3612232350e-01  -8.5059868851e-01   4.1191435121e-01
   1.1969438156e-01   1.1827663460e-01  -4.4220571039e-01  -1.0166611073e+00   3.0418216846e-01
   1.2294359536e-01   1.2111212852e-01  -4.1473986289e-01  -1.1703852843e+00   1.7458858449e-01
   1.2658882411e-01   1.2477506220e-01  -3.3861444146e-01  -1.2675536310e+00   4.3412739464e-02
   1.2978377682e-01   1.2840258601e-01  -2.3644621579e-01  -1.2910598781e+00  -5.6283002410e-02
   1.3235774354e-01   1.3116496762e-01  -1.3391736212e-01  -1.2716367217e+00  -1.2505737273e-01
   1.3465455028e-01   1.3355051945e-01  -3.1677237476e-02  -1.2298197339e+00  -1.7773063466e-01
   1.3682756115e-01   1.3575858111e-01   7.0759848664e-02  -1.1724277891e+00  -2.2047867906e-01
   1.3897182370e-01   1.3789654119e-01   1.7274706599e-01  -1.1025891840e+00  -2.5620350618e-01
   1.4117369974e-01   1.4004710620e-01   2.7506293112e-01  -1.0201674721e+00  -2.8726047912e-01
   1.4354874708e-01   1.4230029328e-01   3.7747972612e-01  -9.2320176869e-01  -3.1528336095e-01
   1.4633888714e-01   1.4479720088e-01   4.8061045087e-01  -8.0363629097e-01  -3.4264647856e-01
   1.4981236160e-01   1.4788057341e-01   5.7261129941e-01  -6.5451630221e-01  -3.7120042055e-01
   1.5385946366e-01   1.5174414979e-01   6.1706933532e-01  -4.9001091369e-01  -4.0073856167e-01
   1.5819320894e-01   1.5597477754e-01   5.7961257396e-01  -3.3482042001e-01  -4.3070037603e-01
   1.6184740152e-01   1.6041164034e-01   4.8197286557e-01  -2.2444563412e-01  -4.5463000446e-01
   1.6440447902e-01   1.6328316269e-01   3.7877371387e-01  -1.5993124897e-01  -4.6947983226e-01
   1.6650136438e-01   1.6552579535e-01   2.7631384084e-01  -1.1492787938e-01  -4.7947750704e-01
   1.6837033901e-01   1.6747693341e-01   1.7408624215e-01  -8.0729056284e-02  -4.8600876503e-01
   1.7010830122e-01   1.6926374462e-01   7.1771547858e-02  -5.3800863743e-02  -4.8950136089e-01
   1.7177006805e-01   1.7095285781e-01  -3.0337958879e-02  -3.2459337244e-02  -4.9002679735e-01
   1.7339327517e-01   1.7258727828e-01  -1.3228550323e-01  -1.5676473635e-02  -4.8750274128e-01
   1.7500830949e-01   1.7419927206e-01  -2.3452268918e-01  -2.8512205459e-03  -4.8165164976e-01
   1.7664414492e-01   1.7581734693e-01  -3.3649254647e-01   6.1832271238e-03  -4.7208638972e-01
   1.7833348868e-01   1.7747094292e-01  -4.3881971974e-01   1.1435943517e-02  -4.5808604095e-01
   1.8011963246e-01   1.7919603443e-01  -5.4092081193e-01   1.2507588763e-02  -4.3869726445e-01
   1.8207106981e-01   1.8104323049e-01  -6.4333675834e-01   8.5092490063e-03  -4.1206761474e-01
   1.8432341455e-01   1.8309890913e-01  -7.4587552803e-01  -2.6496884404e-03  -3.7475107130e-01
   1.8730324195e-01   1.8554791997e-01  -8.5031842811e-01  -2.7898575236e-02  -3.1577907309e-01
   1.9198932527e-01   1.8905856393e-01  -9.2869202831e-01  -8.9214739651e-02  -2.0952340051e-01
   1.9726099767e-01   1.9492008661e-01  -8.9304457845e-01  -1.8033439583e-01  -9.0488038436e-02
   2.0095746375e-01   1.9960190873e-01  -7.8808915861e-01  -2.5230088702e-01  -2.1855283553e-02
   2.0338988416e-01   2.0231301878e-01  -6.8512608024e-01  -2.9981198126e-01   9.9548045554e-03
   2.0540576969e-01   2.0446674954e-01  -5.8256402722e-01  -3.3747454657e-01   2.6100644561e-02
   2.0720180342e-01   2.0634478985e-01  -4.8051124236e-01  -3.6846100629e-01   3.1609481480e-02
   2.0886272091e-01   2.0805881699e-01  -3.7825133448e-01  -3.9430198009e-01   2.8734796262e-02
   2.1043552366e-01   2.0966662483e-01  -2.7629102164e-01  -4.1548608013e-01   1.8669557669e-02
   2.1195075282e-01   2.1120442249e-01  -1.7407543906e-01  -4.3241369803e-01   2.0610945006e-03
   2.1343051381e-01   2.1269708315e-01  -7.1933365631e-02  -4.4508789391e-01  -2.0644804924e-02
   2.1489263354e-01   2.1416394446e-01   3.0089991481e-02  -4.5343785736e-01  -4.9183700013e-02
   2.1635282734e-01   2.1562132261e-01   1.3208743295e-01  -4.5726456759e-01  -8.3473024476e-02
   2.1782637853e-01   2.1708433207e-01   2.3416520794e-01  -4.5620038240e-01  -1.2358534682e-01
   2.1932969182e-01   2.1856842500e-01   3.3632635087e-01  -4.4968063622e-01  -1.6969593949e-01
   2.2088202986e-01   2.2009095864e-01   4.3834982596e-01  -4.3693178596e-01  -2.2199994021e-01
   2.2250829290e-01   2.2167310109e-01   5.4050978815e-01  -4.1675142622e-01  -2.8114128802e-01
   2.2424396686e-01   2.2334348470e-01   6.4265055425e-01  -3.8737805215e-01  -3.4785049851e-01
   2.2614578731e-01   2.2514444901e-01   7.4488043548e-01  -3.4583498036e-01  -4.2357075306e-01
   2.2832036589e-01   2.2714712560e-01   8.4721717048e-01  -2.8661188395e-01  -5.1087615481e-01
   2.3104116554e-01   2.2949360617e-01   9.5070800514e-01  -1.9530461507e-01  -6.1702332558e-01
   2.3446740230e-01   2.3258872491e-01   1.0378316333e+00  -5.7408290495e-02  -7.3640632901e-01
   2.3803867974e-01   2.3634607970e-01   1.0759353675e+00   1.0718374684e-01  -8.3448770379e-01
   2.4135828121e-01   2.3973127978e-01   1.0611350406e+00   2.7200031421e-01  -8.9239739501e-01
   2.4464229029e-01   2.4298528263e-01   1.0012767055e+00   4.3676831956e-01  -9.1264060558e-01
   2.4774388155e-01   2.4629929796e-01   9.0848180847e-01   5.8510608754e-01  -8.9654344379e-01
   2.5038396827e-01   2.4918846514e-01   8.0572810749e-01   6.9938432824e-01  -8.5592617718e-01
   2.5265231116e-01   2.5157947139e-01   7.0352238102e-01   7.8434421650e-01  -8.0237810762e-01
   2.5473031395e-01   2.5372515093e-01   6.0128602995e-01   8.4891519672e-01  -7.3961877816e-01
   2.5670511721e-01   2.5573547696e-01   4.9900765272e-01   8.9652612665e-01  -6.6940120440e-01
   2.5863194685e-01   2.5767475745e-01   3.9702896425e-01   9.2855815708e-01  -5.9287253519e-01
   2.6055367048e-01   2.5958913624e-01   2.9509740909e-01   9.4550574982e-01  -5.1026267966e-01
   2.6251072899e-01   2.6151820472e-01   1.9290927216e-01   9.4674933766e-01  -4.2130332792e-01
   2.6454940182e-01   2.6350325326e-01   9.0585753257e-02   9.3055858692e-01  -3.2568627647e-01
   2.6673238471e-01   2.6559555038e-01  -1.1429174299e-02   8.9405019519e-01  -2.2299729982e-01
   2.6916222718e-01   2.6786921904e-01  -1.1366970166e-01   8.3149265218e-01  -1.1102051138e-01
   2.7205175754e-01   2.7045523533e-01  -2.1637398748e-01   7.3070215957e-01   1.4253626308e-02
   2.7542659499e-01   2.7364827974e-01  -3.0728256823e-01   5.8622221570e-01   1.4310092170e-01
   2.7889122059e-01   2.7720491024e-01  -3.6742153860e-01   4.2102768107e-01   2.5006117110e-01
   2.8234944938e-01   2.8057753094e-01  -3.9517772987e-01   2.5565652448e-01   3.2591271435e-01
   2.8629386712e-01   2.8412136782e-01  -3.9455346666e-01   8.9050895158e-02   3.7219656597e-01
   2.9276767405e-01   2.8846636642e-01  -3.5213884704e-01  -7.1264755578e-02   3.5955892563e-01
   3.0061497953e-01   2.9706898168e-01  -3.1104962488e-01  -4.6621627854e-02   2.5645532889e-01
   3.0637126398e-01   3.0416097737e-01  -3.3316564449e-01   1.1829471672e-01   1.6544328496e-01
   3.1056872481e-01   3.0858155059e-01  -3.9009380681e-01   2.8469142068e-01   1.2161802895e-01
   3.1463802338e-01   3.1255589902e-01  -4.7340787494e-01   4.4782726054e-01   1.1492161518e-01
   3.1872411652e-01   3.1672014775e-01  -5.7343976897e-01   5.8471797413e-01   1.5320018036e-01
   3.2287356189e-01   3.2072808529e-01  -6.7541169205e-01   6.7153620249e-01   2.4314476908e-01
   3.2687829824e-01   3.2501903849e-01  -7.5646325608e-01   6.9319424971e-01   3.7452303873e-01
   3.3033830393e-01   3.2873755799e-01  -7.9917595705e-01   6.5907396242e-01   5.1665915484e-01
   3.3344961879e-01   3.3193904987e-01  -8.0724998763e-01   5.8966096925e-01   6.5827545351e-01
   3.3648870306e-01   3.3496018770e-01  -7.8245573264e-01   4.9284439565e-01   7.9995875877e-01
   3.3967017916e-01   3.3801721842e-01  -7.1924538146e-01   3.6969355219e-01   9.4089413475e-01
   3.4270881407e-01   3.4132313990e-01  -6.2459990508e-01   2.4116873497e-01   1.0581892187e+00
   3.4523117408e-01   3.4409448823e-01  -5.2190097830e-01   1.3264284773e-01   1.1354991156e+00
   3.4737466320e-01   3.4636785992e-01  -4.1958740747e-01   4.3050097365e-02   1.1825682360e+00
   3.4931156545e-01   3.4838146648e-01  -3.1759613956e-01  -3.3451729547e-02   1.2079830241e+00
   3.5112509625e-01   3.5024166442e-01  -2.1525916118e-01  -1.0026629036e-01   1.2156196834e+00
   3.5286583623e-01   3.5200852807e-01  -1.1308318727e-01  -1.5883183749e-01   1.2071622204e+00
   3.5457029672e-01   3.5372314438e-01  -1.0915415758e-02  -2.1051011645e-01   1.1833211598e+00
   3.5626879955e-01   3.5541744907e-01   9.1070881931e-02  -2.5618042553e-01   1.1440510852e+00
   3.5799061964e-01   3.5712015003e-01   1.9313785606e-01  -2.9675377497e-01   1.0883655284e+00
   3.5976860714e-01   3.5886108925e-01   2.9522304927e-01  -3.3292720898e-01   1.0144173595e+00
   3.6164560677e-01   3.6067612502e-01   3.9745299620e-01  -3.6553776312e-01   9.1881752061e-01
   3.6366197227e-01   3.6261508852e-01   4.9844387415e-01  -3.9526357364e-01   7.9774790809e-01
   3.6568115675e-01   3.6470885602e-01   5.8897841188e-01  -4.2121319051e-01   6.5896129272e-01
   3.6754825006e-01   3.6665345748e-01   6.6118912741e-01  -4.4311972457e-01   5.1758952236e-01
   3.6928695524e-01   3.6844304263e-01   7.1791103490e-01  -4.6314400855e-01   3.7588912786e-01
   3.7094160435e-01   3.7013086785e-01   7.6157774109e-01  -4.8280935253e-01   2.3494327911e-01
   3.7254251576e-01   3.7175234086e-01   7.9453222346e-01  -5.0360316098e-01   9.2717988344e-02
   3.7411286219e-01   3.7333269067e-01   8.1739344978e-01  -5.2612932098e-01  -4.8384403082e-02
   3.7567245930e-01   3.7489303370e-01   8.3130242218e-01  -5.5139842837e-01  -1.8961184505e-01
   3.7723981263e-01   3.7645188489e-01   8.3673739096e-01  -5.8026745923e-01  -3.3110843726e-01
   3.7883443336e-01   3.7802774038e-01   8.3391009228e-01  -6.1364848924e-01  -4.7290484203e-01
   3.8047891362e-01   3.7964112633e-01   8.2291255692e-01  -6.5230934116e-01  -6.1403782579e-01
   3.8220252201e-01   3.8131670090e-01   8.0343259566e-01  -6.9783762221e-01  -7.5566243972e-01
   3.8404748900e-01   3.8308834311e-01   7.7492078959e-01  -7.5175760023e-01  -8.9694043898e-01
   3.8608416343e-01   3.8500663490e-01   7.3568782365e-01  -8.1741178427e-01  -1.0391014386e+00
   3.8845280006e-01   3.8716169196e-01   6.8301326473e-01  -8.9947387208e-01  -1.1809213876e+00
   3.9152402103e-01   3.8974390817e-01   6.0791893363e-01  -1.0118288146e+00  -1.3233812328e+00
   3.9540749083e-01   3.9330413390e-01   5.1198299999e-01  -1.1517124228e+00  -1.4299961665e+00
   3.9998842425e-01   3.9751084777e-01   4.0960859338e-01  -1.2919131592e+00  -1.4454438277e+00
   4.0461283637e-01   4.0246600073e-01   3.2615860151e-01  -1.3798193836e+00  -1.3488822681e+00
   4.0824270461e-01   4.0675967201e-01   2.7525676324e-01  -1.3942925244e+00  -1.2040364131e+00
   4.1098573482e-01   4.0972573721e-01   2.4343939430e-01  -1.3656483754e+00  -1.0619217263e+00
   4.1339891324e-01   4.1224573243e-01   2.1771201534e-01  -1.3104660000e+00  -9.2004711081e-01
   4.1565410983e-01   4.1455209406e-01   1.9364749869e-01  -1.2335491631e+00  -7.7875505325e-01
   4.1784309690e-01   4.1675612559e-01   1.6822000489e-01  -1.1355149538e+00  -6.3697185740e-01
   4.2003306119e-01   4.1893006820e-01   1.3909743014e-01  -1.0163015983e+00  -4.9561696419e-01
   4.2228473499e-01   4.2113605417e-01   1.0345708003e-01  -8.7347366678e-01  -3.5447819837e-01
   4.2453237295e-01   4.2343341581e-01   6.0543364216e-02  -7.1311018141e-01  -2.2159906676e-01
   4.2665741155e-01   4.2563133009e-01   1.2142539671e-02  -5.4842214510e-01  -1.0695474879e-01
   4.2866541872e-01   4.2768349302e-01  -4.1463311988e-02  -3.8354557135e-01  -1.0672550337e-02
   4.3060534923e-01   4.2964734442e-01  -1.0068592837e-01  -2.1896679603e-01   6.9103358906e-02
   4.3251356087e-01   4.3156335404e-01  -1.6620650634e-01  -5.4286189819e-02   1.3373572150e-01
   4.3442094964e-01   4.3346376770e-01  -2.3873901818e-01   1.1067825481e-01   1.8366298781e-01
   4.3635753672e-01   4.3537813158e-01  -3.1865560043e-01   2.7516766631e-01   2.1856128222e-01
   4.3835654627e-01   4.3733694186e-01  -4.0721844629e-01   4.3993841809e-01   2.3790274652e-01
   4.4043662500e-01   4.3937615068e-01  -5.0419403970e-01   6.0266391634e-01   2.4028457805e-01
   4.4253985249e-01   4.4149709932e-01  -6.0619903722e-01   7.5684660315e-01   2.2511220292e-01
   4.4462320710e-01   4.4358260566e-01  -7.0812539252e-01   8.9565719496e-01   1.9402066813e-01
   4.4672758775e-01   4.4566380855e-01  -8.1016255238e-01   1.0209952059e+00   1.4817305658e-01
   4.4891196447e-01   4.4779136694e-01  -9.1236977098e-01   1.1340046050e+00   8.7631846552e-02
   4.5126594965e-01   4.5003256200e-01  -1.0146292580e+00   1.2352220992e+00   1.1175589141e-02
   4.5397375997e-01   4.5249933730e-01  -1.1175005216e+00   1.3253244566e+00  -8.5993337051e-02
   4.5735951527e-01   4.5544818263e-01  -1.2151429666e+00   1.3996031805e+00  -2.1055372500e-01
   4.6162797951e-01   4.5927084791e-01  -1.2763463104e+00   1.4401586912e+00  -3.5284230884e-01
   4.6651114958e-01   4.6398511111e-01  -1.2459470505e+00   1.4291530604e+00  -4.6573071959e-01
   4.7039569429e-01   4.6903718805e-01  -1.1420452504e+00   1.3898488321e+00  -5.0149836982e-01
   4.7279185709e-01   4.7175420054e-01  -1.0386875968e+00   1.3551392157e+00  -4.9193418533e-01
   4.7471013751e-01   4.7382951364e-01  -9.3636194908e-01   1.3234105518e+00  -4.6628787870e-01
   4.7637515518e-01   4.7559076137e-01  -8.3412097417e-01   1.2934799250e+00  -4.3100298706e-01
   4.7787857922e-01   4.7715954898e-01  -7.3193569095e-01   1.2647977644e+00  -3.8892284196e-01
   4.7926958189e-01   4.7859760947e-01  -6.2992246736e-01   1.2369971916e+00  -3.4171471968e-01
   4.8057834895e-01   4.7994155431e-01  -5.2782721348e-01   1.2096935753e+00  -2.9027373202e-01
   4.8182509209e-01   4.8121514360e-01  -4.2546320575e-01   1.1825706046e+00  -2.3517816202e-01
   4.8302447802e-01   4.8243504059e-01  -3.2340602488e-01   1.1555403816e+00  -1.7724577271e-01
   4.8418778828e-01   4.8361391545e-01  -2.2194953809e-01   1.1284616678e+00  -1.1707517859e-01
   4.8532376560e-01   4.8476166111e-01  -1.1886801480e-01   1.1005184803e+00  -5.3597702555e-02
   4.8643981443e-01   4.8588587009e-01  -1.7891652394e-02   1.0725152824e+00   1.0630852887e-02
   4.8754242565e-01   4.8699375878e-01   8.5310248226e-02   1.0430266448e+00   7.8166906314e-02
   4.8863737676e-01   4.8809109251e-01   1.8673294822e-01   1.0129604345e+00   1.4623929369e-01
   4.8973025032e-01   4.8918366101e-01   2.8863645609e-01   9.8142500522e-01   2.1618299309e-01
   4.9082651997e-01   4.9027683962e-01   3.9137927184e-01   9.4799934300e-01   2.8815669423e-01
   4.9193180318e-01   4.9137620032e-01   4.9252226706e-01   9.1318996199e-01   3.6032560515e-01
   4.9305229898e-01   4.9248740604e-01   5.9562225003e-01   8.7539019869e-01   4.3513772338e-01
   4.9419488176e-01   4.9361719191e-01   6.9679876972e-01   8.3559454603e-01   5.0969004547e-01
   4.9536771504e-01   4.9477257160e-01   7.9938297048e-01   7.9198760731e-01   5.8634287314e-01
   4.9658103552e-01   4.9596285849e-01   9.0144900708e-01   7.4465599478e-01   6.6359710658e-01
   4.9784778996e-01   4.9719921256e-01   1.0032009815e+00   6.9269757073e-01   7.4151227293e-01
   4.9924818369e-01   4.9849636737e-01   1.1101181700e+00   6.3158739502e-01   8.2426707993e-01