# time = 2.2
# Grid points = 474
# Pressure (Pa) = 101325
#             1_pos             2_posf             3_uvel             4_vvel             5_wvel
  -4.9917840810e-01  -5.0000000000e-01   1.1182931814e+00   8.2827157190e-01   1.1385163793e+00
  -4.9750814511e-01  -4.9835681619e-01   1.2155329138e+00   7.0732218728e-01   1.2430415512e+00
  -4.9566236670e-01  -4.9665947403e-01   1.3093660872e+00   5.6522083016e-01   1.3444140494e+00
  -4.9337913820e-01  -4.9466525936e-01   1.4032297970e+00   3.7892382578e-01   1.4457988525e+00
  -4.9070684198e-01  -4.9209301703e-01   1.4803646505e+00   1.4930248322e-01   1.5279640511e+00
  -4.8796632188e-01  -4.8932066692e-01   1.5209242442e+00  -9.4749289384e-02   1.5683230229e+00
  -4.8525041762e-01  -4.8661197685e-01   1.5215543035e+00  -3.3874712996e-01   1.5627944487e+00
  -4.8247325112e-01  -4.8388885839e-01   1.4823175475e+00  -5.8285350880e-01   1.5113170299e+00
  -4.7971240761e-01  -4.8105764385e-01   1.4058609409e+00  -8.1210331733e-01   1.4177112692e+00
  -4.7731406729e-01  -4.7836717138e-01   1.3122149317e+00  -9.9345847337e-01   1.3064196435e+00
  -4.7535629892e-01  -4.7626096320e-01   1.2181618718e+00  -1.1257062611e+00   1.1969592821e+00
  -4.7363463088e-01  -4.7445163464e-01   1.1246078581e+00  -1.2270662036e+00   1.0899909654e+00
  -4.7205820286e-01  -4.7281762713e-01   1.0311721285e+00  -1.3064151259e+00   9.8495523089e-01
  -4.7057922324e-01  -4.7129877858e-01   9.3750364136e-01  -1.3682850835e+00   8.8146479756e-01
  -4.6916801250e-01  -4.6985966791e-01   8.4440575772e-01  -1.4147787332e+00   7.8045182973e-01
  -4.6780432622e-01  -4.6847635709e-01   7.5044057909e-01  -1.4481259726e+00   6.8046306442e-01
  -4.6647318109e-01  -4.6713229535e-01   6.5735629156e-01  -1.4687204860e+00   5.8348441676e-01
  -4.6516256736e-01  -4.6581406684e-01   5.6407109941e-01  -1.4776189053e+00   4.8851271767e-01
  -4.6386252316e-01  -4.6451106789e-01   4.7023740969e-01  -1.4750370274e+00   3.9541664583e-01
  -4.6256404824e-01  -4.6321397844e-01   3.7676615626e-01  -1.4611084937e+00   3.0533282749e-01
  -4.6125861670e-01  -4.6191411803e-01   2.8348060997e-01  -1.4359044860e+00   2.1832399900e-01
  -4.5993776484e-01  -4.6060311536e-01   1.9034189523e-01  -1.3992948033e+00   1.3464362354e-01
  -4.5859242112e-01  -4.5927241432e-01   9.6414346704e-02  -1.3503804483e+00   5.3874157053e-02
  -4.5721266704e-01  -4.5791242792e-01   3.4778568265e-03  -1.2895972262e+00  -2.2019343724e-02
  -4.5578682495e-01  -4.5651290616e-01  -9.0409785686e-02  -1.2148996023e+00  -9.4058074983e-02
  -4.5430067193e-01  -4.5506074373e-01  -1.8359974719e-01  -1.1265009958e+00  -1.6025467478e-01
  -4.5273610223e-01  -4.5354060013e-01  -2.7717416357e-01  -1.0220756057e+00  -2.2051354708e-01
  -4.5106864371e-01  -4.5193160433e-01  -3.7050680502e-01  -9.0040018104e-01  -2.7323891056e-01
  -4.4926329074e-01  -4.5020568309e-01  -4.6408152914e-01  -7.5819331643e-01  -3.1708563432e-01
  -4.4726609887e-01  -4.4832089838e-01  -5.5750148851e-01  -5.9213434315e-01  -3.4952543447e-01
  -4.4498442178e-01  -4.4621129935e-01  -6.5110959351e-01  -3.9537283361e-01  -3.6703461457e-01
  -4.4235257510e-01  -4.4375754422e-01  -7.4141705341e-01  -1.6626292326e-01  -3.6379312809e-01
  -4.3946564586e-01  -4.4094760599e-01  -8.1872119088e-01   7.7429824636e-02  -3.3628738352e-01
  -4.3633688466e-01  -4.3798368573e-01  -8.7766129768e-01   3.2210767054e-01  -2.8548944282e-01
  -4.3268516130e-01  -4.3469008358e-01  -9.1525825997e-01   5.6734656107e-01  -2.1165763981e-01
  -4.2755929390e-01  -4.3068023901e-01  -9.1533092690e-01   8.1678529743e-01  -1.1171281906e-01
  -4.2166997226e-01  -4.2443834879e-01  -8.5153693525e-01   9.6594682190e-01  -4.1950946259e-02
  -4.1704632770e-01  -4.1890159573e-01  -7.5630016246e-01   9.8478489450e-01  -4.2032847870e-02
  -4.1367958978e-01  -4.1519105967e-01  -6.6255686496e-01   9.5209491333e-01  -7.6856648313e-02
  -4.1084966285e-01  -4.1216811989e-01  -5.6913526957e-01   9.0164249920e-01  -1.2602128052e-01
  -4.0833775233e-01  -4.0953120581e-01  -4.7560426811e-01   8.4326197224e-01  -1.8181254170e-01
  -4.0603685963e-01  -4.0714429884e-01  -3.8230546066e-01   7.8138743910e-01  -2.3970634444e-01
  -4.0388289794e-01  -4.0492942043e-01  -2.8887964313e-01   7.1768185736e-01  -2.9723599952e-01
  -4.0183252169e-01  -4.0283637546e-01  -1.9551771395e-01   6.5303083037e-01  -3.5247203521e-01
  -3.9985311918e-01  -4.0082866791e-01  -1.0209652952e-01   5.8746637178e-01  -4.0417806400e-01
  -3.9791788163e-01  -3.9887757044e-01  -8.8191272592e-03   5.2082956816e-01  -4.5123756594e-01
  -3.9600259296e-01  -3.9695819283e-01   8.4676942003e-02   4.5222252009e-01  -4.9297036582e-01
  -3.9408304632e-01  -3.9504699309e-01   1.7814913674e-01   3.8084397575e-01  -5.2843849214e-01
  -3.9213230721e-01  -3.9311909955e-01   2.7148958999e-01   3.0541010877e-01  -5.5677377164e-01
  -3.9011678658e-01  -3.9114551487e-01   3.6492993584e-01   2.2375827312e-01  -5.7702679968e-01
  -3.8798888510e-01  -3.8908805828e-01   4.5844463739e-01   1.3286993194e-01  -5.8774810961e-01
  -3.8567048920e-01  -3.8688971191e-01   5.5198957316e-01   2.7689673604e-02  -5.8666835799e-01
  -3.8300187036e-01  -3.8445126649e-01   6.4594896906e-01  -1.0260985146e-01  -5.6931290824e-01
  -3.7960165421e-01  -3.8155247422e-01   7.3863754250e-01  -2.8399352271e-01  -5.2450028552e-01
  -3.7567331486e-01  -3.7765083420e-01   8.0244779890e-01  -5.1417415844e-01  -4.4846604748e-01
  -3.7184186692e-01  -3.7369579552e-01   8.1380391552e-01  -7.5749516120e-01  -3.5801290087e-01
  -3.6818376169e-01  -3.6998793832e-01   7.7500623825e-01  -1.0012444987e+00  -2.6629212797e-01
  -3.6476920525e-01  -3.6637958505e-01   6.9687278245e-01  -1.2302316618e+00  -1.8412532326e-01
  -3.6190222515e-01  -3.6315882545e-01   6.0284407526e-01  -1.4171281186e+00  -1.2211647453e-01
  -3.5955743529e-01  -3.6064562486e-01   5.0916107077e-01  -1.5613078309e+00  -7.8432148461e-02
  -3.5747581335e-01  -3.5846924571e-01   4.1552578468e-01  -1.6798832698e+00  -4.5737728116e-02
  -3.5554555589e-01  -3.5648238098e-01   3.2183479364e-01  -1.7795225988e+00  -2.0894716712e-02
  -3.5370428246e-01  -3.5460873079e-01   2.2858616898e-01  -1.8629811236e+00  -2.2426719099e-03
  -3.5191009141e-01  -3.5279983412e-01   1.3512719827e-01  -1.9324262563e+00   1.1493415503e-02
  -3.5013002733e-01  -3.5102034870e-01   4.1626481723e-02  -1.9881488556e+00   2.1059523849e-02
  -3.4833352158e-01  -3.4923970596e-01  -5.2012379655e-02  -2.0298267821e+00   2.7081015493e-02
  -3.4648782394e-01  -3.4742733720e-01  -1.4529304240e-01  -2.0561231035e+00   3.0093462436e-02
  -3.4455195495e-01  -3.4554831069e-01  -2.3884562804e-01  -2.0648976385e+00   3.0683530485e-02
  -3.4246600922e-01  -3.4355559922e-01  -3.3244089234e-01  -2.0517408445e+00   2.9531040674e-02
  -3.4012589732e-01  -3.4137641922e-01  -4.2610729235e-01  -2.0083695529e+00   2.7734592211e-02
  -3.3729386531e-01  -3.3887537541e-01  -5.2030058126e-01  -1.9150424793e+00   2.7698118856e-02
  -3.3373119516e-01  -3.3571235521e-01  -6.0498565284e-01  -1.7364522674e+00   3.5986379265e-02
  -3.3013995431e-01  -3.3175003512e-01  -6.5094980133e-01  -1.4952363025e+00   5.8384622122e-02
  -3.2713093899e-01  -3.2852987349e-01  -6.5734039632e-01  -1.2506807838e+00   9.1259697266e-02
  -3.2444947423e-01  -3.2573200448e-01  -6.3960175203e-01  -1.0061823614e+00   1.3217079613e-01
  -3.2194996463e-01  -3.2316694398e-01  -6.0501739465e-01  -7.6242335006e-01   1.7942322387e-01
  -3.1954784063e-01  -3.2073298528e-01  -5.5708297210e-01  -5.1787452781e-01   2.3202351050e-01
  -3.1718162262e-01  -3.1836269597e-01  -4.9820850900e-01  -2.7437299207e-01   2.8831604255e-01
  -3.1479564044e-01  -3.1600054927e-01  -4.2877741931e-01  -2.9616831484e-02   3.4743106259e-01
  -3.1232750552e-01  -3.1359073161e-01  -3.4938104908e-01   2.1423621869e-01   4.0705620830e-01
  -3.0974859368e-01  -3.1106427944e-01  -2.6045328953e-01   4.5353012512e-01   4.6370862740e-01
  -3.0714129829e-01  -3.0843290792e-01  -1.6720884099e-01   6.7186635463e-01   5.1011819072e-01
  -3.0455287342e-01  -3.0584968867e-01  -7.3958314804e-02   8.5801647607e-01   5.4028671085e-01
  -3.0192288339e-01  -3.0325605817e-01   1.9568900738e-02   1.0104213035e+00   5.4996528342e-01
  -2.9918504232e-01  -3.0058970861e-01   1.1278547794e-01   1.1231484282e+00   5.3312543565e-01
  -2.9625455536e-01  -2.9778037603e-01   2.0619120754e-01   1.1879350954e+00   4.8098772786e-01
  -2.9299442333e-01  -2.9472873469e-01   2.9965018044e-01   1.1886529628e+00   3.7946933664e-01
  -2.8955416173e-01  -2.9126011198e-01   3.8413778981e-01   1.1101354980e+00   2.2502375836e-01
  -2.8641489689e-01  -2.8784821147e-01   4.4641959315e-01   9.7305092039e-01   4.7711858659e-02
  -2.8367227528e-01  -2.8498158232e-01   4.8776582876e-01   8.0787701680e-01  -1.2959516302e-01
  -2.8109973593e-01  -2.8236296824e-01   5.1417365871e-01   6.2329594007e-01  -3.0633259569e-01
  -2.7855854486e-01  -2.7983650363e-01   5.2761502049e-01   4.2098626718e-01  -4.8316986570e-01
  -2.7591378759e-01  -2.7728058609e-01   5.2716484987e-01   1.9915099814e-01  -6.6042997367e-01
  -2.7306953365e-01  -2.7454698909e-01   5.0913423540e-01  -3.9336045282e-02  -8.3171024428e-01
  -2.6996238336e-01  -2.7159207822e-01   4.6745683465e-01  -2.8420589639e-01  -9.8216959343e-01
  -2.6657645717e-01  -2.6833268850e-01   3.9498612874e-01  -5.1420010047e-01  -1.0871587539e+00
  -2.6342123777e-01  -2.6482022584e-01   3.0257289748e-01  -6.8028276462e-01  -1.1195575148e+00
  -2.6083514468e-01  -2.6202224969e-01   2.0875391347e-01  -7.7311919305e-01  -1.0922116549e+00
  -2.5858769354e-01  -2.5964803967e-01   1.1539139076e-01  -8.1884973540e-01  -1.0280483548e+00
  -2.5655037453e-01  -2.5752734742e-01   2.1731955550e-02  -8.3173206448e-01  -9.3764527653e-01
  -2.5465278369e-01  -2.5557340165e-01  -7.1516850730e-02  -8.1947602120e-01  -8.2792397144e-01
  -2.5284972121e-01  -2.5373216573e-01  -1.6512462836e-01  -7.8691506189e-01  -7.0193226247e-01
  -2.5110888879e-01  -2.5196727669e-01  -2.5840545072e-01  -7.3752321101e-01  -5.6320372676e-01
  -2.4940443518e-01  -2.5025050088e-01  -3.5213275113e-01  -6.7308692610e-01  -4.1238752401e-01
  -2.4771352258e-01  -2.4855836948e-01  -4.4546339307e-01  -5.9565247112e-01  -2.5208136414e-01
  -2.4601470591e-01  -2.4686867567e-01  -5.3875459076e-01  -5.0592085088e-01  -8.2567566914e-02
  -2.4431234304e-01  -2.4516073614e-01  -6.3045507774e-01  -4.0602026881e-01   9.2693707268e-02
  -2.4261819605e-01  -2.4346394993e-01  -7.1873746697e-01  -2.9853892531e-01   2.6957729998e-01
  -2.4091346566e-01  -2.4177244216e-01  -8.0309083870e-01  -1.8444340451e-01   4.4659094428e-01
  -2.3916427906e-01  -2.4005448915e-01  -8.8322114194e-01  -6.3839371974e-02   6.2307565313e-01
  -2.3732807788e-01  -2.3827406896e-01  -9.5935410256e-01   6.5211901881e-02   8.0033847987e-01
  -2.3534180132e-01  -2.3638208681e-01  -1.0299818977e+00   2.0384860998e-01   9.7700083191e-01
  -2.3309001431e-01  -2.3430151584e-01  -1.0936147909e+00   3.5788163931e-01   1.1546178514e+00
  -2.3027701721e-01  -2.3187851277e-01  -1.1444060939e+00   5.4006593581e-01   1.3335113019e+00
  -2.2645548597e-01  -2.2867552165e-01  -1.1569797673e+00   7.6314050238e-01   1.4892330857e+00
  -2.2235484195e-01  -2.2423545029e-01  -1.0975600323e+00   9.6804800502e-01   1.5430452159e+00
  -2.1926377134e-01  -2.2047423360e-01  -1.0016191546e+00   1.0978283616e+00   1.5059340826e+00
  -2.1707588367e-01  -2.1805330907e-01  -9.0749341064e-01   1.1771688484e+00   1.4416230409e+00
  -2.1524632204e-01  -2.1609845826e-01  -8.1382852989e-01   1.2363579891e+00   1.3673025086e+00
  -2.1362140285e-01  -2.1439418582e-01  -7.2026171374e-01   1.2839868392e+00   1.2879267101e+00
  -2.1213035299e-01  -2.1284861988e-01  -6.2674992284e-01   1.3238976811e+00   1.2059091553e+00
  -2.1073297734e-01  -2.1141208611e-01  -5.3334087970e-01   1.3582026925e+00   1.1227048068e+00
  -2.0940352536e-01  -2.1005386857e-01  -4.4004612819e-01   1.3882040225e+00   1.0392395017e+00
  -2.0812417356e-01  -2.0875318216e-01  -3.4630464497e-01   1.4149008279e+00   9.5566455282e-01
  -2.0688161592e-01  -2.0749516496e-01  -2.5277095721e-01   1.4386566787e+00   8.7306817486e-01
  -2.0566526556e-01  -2.0626806687e-01  -1.5917425888e-01   1.4599335344e+00   7.9162037234e-01
  -2.0446637627e-01  -2.0506246426e-01  -6.5843418364e-02   1.4789191140e+00   7.1195417058e-01
  -2.0327734466e-01  -2.0387028829e-01   2.7354778483e-02   1.4958115826e+00   6.3425930378e-01
  -2.0209126970e-01  -2.0268440103e-01   1.2052630537e-01   1.5107086685e+00   5.5874151039e-01
  -2.0090147165e-01  -2.0149813836e-01   2.1468962435e-01   1.5237309003e+00   4.8493124110e-01
  -1.9970122365e-01  -2.0030480494e-01   3.0792825734e-01   1.5345409693e+00   4.1465396730e-01
  -1.9848348986e-01  -1.9909764236e-01   4.0125780715e-01   1.5431529499e+00   3.4743399769e-01
  -1.9724048137e-01  -1.9786933735e-01   4.9467430725e-01   1.5493337488e+00   2.8366546126e-01
  -1.9596323099e-01  -1.9661162539e-01   5.8802864359e-01   1.5527471752e+00   2.2388870536e-01
  -1.9464093815e-01  -1.9531483659e-01   6.8144808064e-01   1.5529394601e+00   1.6854340744e-01
  -1.9325989426e-01  -1.9396703971e-01   7.7510702672e-01   1.5492487118e+00   1.1819392677e-01
  -1.9180212350e-01  -1.9255274881e-01   8.6849430453e-01   1.5407803001e+00   7.3935672511e-02
  -1.9024256431e-01  -1.9105149818e-01   9.6201986081e-01   1.5261747775e+00   3.6647881236e-02
  -1.8854366466e-01  -1.8943363044e-01   1.0555484896e+00   1.5033772743e+00   7.9496082538e-03
  -1.8664397079e-01  -1.8765369889e-01   1.1491178871e+00   1.4689380537e+00  -9.7875346232e-03
  -1.8442730585e-01  -1.8563424269e-01   1.2428236104e+00   1.4162977817e+00  -1.2419789232e-02
  -1.8160313917e-01  -1.8322036901e-01   1.3373462814e+00   1.3288884044e+00   9.5064981767e-03
  -1.7756259117e-01  -1.7998590933e-01   1.4235263797e+00   1.1641176104e+00   7.9537150310e-02
  -1.7303185648e-01  -1.7513927301e-01   1.4586051112e+00   9.2994537268e-01   1.8906711798e-01
  -1.6908706558e-01  -1.7092443995e-01   1.4385032670e+00   6.8624719962e-01   2.9246926650e-01
  -1.6556874658e-01  -1.6724969121e-01   1.3850683749e+00   4.4234979654e-01   3.7646079901e-01
  -1.6230329771e-01  -1.6388780195e-01   1.3091924182e+00   1.9907257963e-01   4.3806848430e-01
  -1.5930533986e-01  -1.6071879347e-01   1.2194571442e+00  -3.5690895650e-02   4.7590406262e-01
  -1.5665937975e-01  -1.5789188625e-01   1.1259794278e+00  -2.4840567696e-01   4.9169600191e-01
  -1.5431114807e-01  -1.5542687324e-01   1.0325416913e+00  -4.3975362712e-01   4.9086412558e-01
  -1.5216225868e-01  -1.5319542290e-01   9.3906274261e-01  -6.1519958220e-01   4.7757849922e-01
  -1.5015713276e-01  -1.5112909446e-01   8.4577065692e-01  -7.7719866197e-01   4.5452828397e-01
  -1.4825992434e-01  -1.4918517106e-01   7.5231283358e-01  -9.2803135775e-01   4.2343131609e-01
  -1.4644521115e-01  -1.4733467761e-01   6.5899989335e-01  -1.0681706722e+00   3.8566210079e-01
  -1.4469345284e-01  -1.4555574469e-01   5.6551905129e-01  -1.1986305010e+00   3.4201260977e-01
  -1.4298867368e-01  -1.4383116098e-01   4.7214802750e-01  -1.3192307401e+00   2.9325067541e-01
  -1.4131690759e-01  -1.4214618637e-01   3.7898489865e-01  -1.4298607663e+00   2.3988444752e-01
  -1.3966534044e-01  -1.4048762881e-01   2.8517625333e-01  -1.5311273069e+00   1.8161135416e-01
  -1.3802137227e-01  -1.3884305207e-01   1.9205292843e-01  -1.6210111066e+00   1.1930622872e-01
  -1.3637181817e-01  -1.3719969246e-01   9.8581681525e-02  -1.6996775892e+00   5.2166803391e-02
  -1.3470202479e-01  -1.3554394387e-01   5.0442251478e-03  -1.7654381275e+00  -2.0016030333e-02
  -1.3299460342e-01  -1.3386010571e-01  -8.8280194733e-02  -1.8162251026e+00  -9.7654181839e-02
  -1.3122742364e-01  -1.3212910114e-01  -1.8168356568e-01  -1.8494618424e+00  -1.8201040296e-01
  -1.2936992205e-01  -1.3032574614e-01  -2.7519563988e-01  -1.8609124209e+00  -2.7478620749e-01
  -1.2737607576e-01  -1.2841409796e-01  -3.6870121814e-01  -1.8439051284e+00  -3.7858182386e-01
  -1.2516795232e-01  -1.2633805357e-01  -4.6220073583e-01  -1.7869662786e+00  -4.9817180052e-01
  -1.2259649311e-01  -1.2399785107e-01  -5.5591636094e-01  -1.6663527548e+00  -6.4378180178e-01
  -1.1978118372e-01  -1.2119513514e-01  -6.3720047028e-01  -1.4669903433e+00  -8.0932210977e-01
  -1.1722127913e-01  -1.1836723231e-01  -6.9066924684e-01  -1.2248545610e+00  -9.6495852167e-01
  -1.1509287231e-01  -1.1607532595e-01  -7.1959713974e-01  -9.7977427789e-01  -1.0976886445e+00
  -1.1322832905e-01  -1.1411041867e-01  -7.3353809389e-01  -7.3530117741e-01  -1.2156590758e+00
  -1.1153107570e-01  -1.1234623943e-01  -7.3746224405e-01  -4.9121072031e-01  -1.3238887551e+00
  -1.0994725144e-01  -1.1071591197e-01  -7.3411498616e-01  -2.4626426843e-01  -1.4255665465e+00
  -1.0844209005e-01  -1.0917859092e-01  -7.2528733420e-01  -2.4630556112e-03  -1.5215156690e+00
  -1.0699069130e-01  -1.0770558918e-01  -7.1216184006e-01   2.4180210497e-01  -1.6134816009e+00
  -1.0557379342e-01  -1.0627579343e-01  -6.9557173579e-01   4.8686554007e-01  -1.7022925925e+00
  -1.0417484262e-01  -1.0487179340e-01  -6.7643649979e-01   7.2984271392e-01  -1.7874517481e+00
  -1.0277836491e-01  -1.0347789183e-01  -6.5495801354e-01   9.7529772823e-01  -1.8708992821e+00
  -1.0136848770e-01  -1.0207883800e-01  -6.3197325678e-01   1.2191119436e+00  -1.9514271247e+00
  -9.9927160114e-02  -1.0065813741e-01  -6.0778434733e-01   1.4631391388e+00  -2.0297575056e+00
  -9.8431492431e-02  -9.9196182820e-02  -5.8279254809e-01   1.7079206828e+00  -2.1059741060e+00
  -9.6849353975e-02  -9.7666802042e-02  -5.5768146126e-01   1.9519320022e+00  -2.1793174942e+00
  -9.5128935434e-02  -9.6031905908e-02  -5.3297249053e-01   2.1969420006e+00  -2.2496428941e+00
  -9.3169554815e-02  -9.4225964960e-02  -5.0986171761e-01   2.4426986157e+00  -2.3152807781e+00
  -9.0693116826e-02  -9.2113144671e-02  -4.9102827541e-01   2.6904707648e+00  -2.3719204104e+00
  -8.6064311804e-02  -8.9273088982e-02  -4.9728602908e-01   2.9159081919e+00  -2.3777305839e+00
  -8.1038906322e-02  -8.2855534627e-02  -5.6099665544e-01   2.8261932204e+00  -2.2397079403e+00
  -7.8108252031e-02  -7.9222278017e-02  -6.2874522042e-01   2.5795976682e+00  -2.0713300016e+00
  -7.6119770026e-02  -7.6994226045e-02  -6.8558580416e-01   2.3329575383e+00  -1.9190851334e+00
  -7.4493656872e-02  -7.5245314008e-02  -7.3715528700e-01   2.0877717734e+00  -1.7727667612e+00
  -7.3066926550e-02  -7.3741999736e-02  -7.8544274464e-01   1.8422253594e+00  -1.6284241020e+00
  -7.1768786630e-02  -7.2391853364e-02  -8.3072106907e-01   1.5986394975e+00  -1.4861573512e+00
  -7.0560251636e-02  -7.1145719897e-02  -8.7375846945e-01   1.3550796108e+00  -1.3441384356e+00
  -6.9417550346e-02  -6.9974783374e-02  -9.1518764174e-01   1.1089332110e+00  -1.2003989323e+00
  -6.8324055410e-02  -6.8860317318e-02  -9.5411112000e-01   8.6636952164e-01  -1.0582254828e+00
  -6.7267461975e-02  -6.7787793503e-02  -9.9147434829e-01   6.2212243216e-01  -9.1429098143e-01
  -6.6238617133e-02  -6.6747130448e-02  -1.0272055987e+00   3.7657125212e-01  -7.6858556333e-01
  -6.5229849759e-02  -6.5730103818e-02  -1.0608655328e+00   1.3275504004e-01  -6.2271944108e-01
  -6.4234582529e-02  -6.4729595701e-02  -1.0927077481e+00  -1.1121453093e-01  -4.7538890490e-01
  -6.3247023061e-02  -6.3739569357e-02  -1.1226962297e+00  -3.5556318734e-01  -3.2625723238e-01
  -6.2261713444e-02  -6.2754476766e-02  -1.1507445052e+00  -6.0040399571e-01  -1.7503262175e-01
  -6.1273271772e-02  -6.1768950123e-02  -1.1765936026e+00  -8.4446386119e-01  -2.2270126162e-02
  -6.0276158330e-02  -6.0777593420e-02  -1.2001772059e+00  -1.0884343000e+00   1.3271936325e-01
  -5.9264388663e-02  -5.9774723239e-02  -1.2212915549e+00  -1.3322319475e+00   2.9019908173e-01
  -5.8231038661e-02  -5.8754054088e-02  -1.2398132238e+00  -1.5779087025e+00   4.5193302368e-01
  -5.7167898835e-02  -5.7708023234e-02  -1.2551291577e+00  -1.8220647049e+00   6.1619676719e-01
  -5.6065022706e-02  -5.6627774435e-02  -1.2668362927e+00  -2.0642130181e+00   7.8320884015e-01
  -5.4910797379e-02  -5.5502270977e-02  -1.2745170142e+00  -2.3106215226e+00   9.5827234371e-01
  -5.3708034454e-02  -5.4319323781e-02  -1.2769825566e+00  -2.5491928280e+00   1.1339106749e+00
  -5.2463138266e-02  -5.3096745126e-02  -1.2735116673e+00  -2.7789498884e+00   1.3104243175e+00
  -5.1166546254e-02  -5.1829531406e-02  -1.2631860888e+00  -2.9965295046e+00   1.4865926682e+00
  -4.9801008403e-02  -5.0503561102e-02  -1.2444705483e+00  -3.2020598826e+00   1.6646265495e+00
  -4.8342526768e-02  -4.9098455703e-02  -1.2159260412e+00  -3.3878434187e+00   1.8407833721e+00
  -4.6754581213e-02  -4.7586597833e-02  -1.1744413370e+00  -3.5517516565e+00   2.0176963782e+00
  -4.4974374735e-02  -4.5922564593e-02  -1.1153504577e+00  -3.6843974779e+00   2.1946524166e+00
  -4.2998052848e-02  -4.4026184878e-02  -1.0345162832e+00  -3.7671418776e+00   2.3633164265e+00
  -4.1070655474e-02  -4.1969920818e-02  -9.4139917340e-01  -3.7823391151e+00   2.4979348921e+00
  -3.9362305491e-02  -4.0171390129e-02  -8.4796458319e-01  -3.7414130790e+00   2.5909407970e+00
  -3.7805683954e-02  -3.8553220854e-02  -7.5437263319e-01  -3.6608174234e+00   2.6541282990e+00
  -3.6354604293e-02  -3.7058147054e-02  -6.6080656163e-01  -3.5501827405e+00   2.6941795638e+00
  -3.4979688191e-02  -3.5651061533e-02  -5.6752317550e-01  -3.4160422262e+00   2.7153760364e+00
  -3.3660687901e-02  -3.4308314849e-02  -4.7418875724e-01  -3.2621017209e+00   2.7206472950e+00
  -3.2382721616e-02  -3.3013060953e-02  -3.8058244597e-01  -3.0908213368e+00   2.7118086028e+00
  -3.1134000315e-02  -3.1752382279e-02  -2.8696413069e-01  -2.9047697781e+00   2.6901057785e+00
  -2.9904597774e-02  -3.0515618351e-02  -1.9344204511e-01  -2.7058560591e+00   2.6564561394e+00
  -2.8685747466e-02  -2.9293577198e-02  -1.0002122116e-01  -2.4954262834e+00   2.6114373395e+00
  -2.7469270579e-02  -2.8077917734e-02  -6.6488779962e-03  -2.2743849931e+00   2.5552933833e+00
  -2.6247064189e-02  -2.6860623423e-02   8.6741941580e-02  -2.0433321201e+00   2.4879501131e+00
  -2.5014821667e-02  -2.5633504956e-02   1.7986324291e-01  -1.8035717623e+00   2.4093395458e+00
  -2.3783464998e-02  -2.4396138378e-02   2.7117734207e-01  -1.5597407648e+00   2.3205392131e+00
  -2.2559798503e-02  -2.3170791618e-02   3.5958397024e-01  -1.3155961791e+00   2.2225712550e+00
  -2.1333573805e-02  -2.1948805389e-02   4.4529303352e-01  -1.0713025071e+00   2.1150532033e+00
  -2.0092652379e-02  -2.0718342222e-02   5.2851980978e-01  -8.2672941693e-01   1.9971220283e+00
  -1.8823713972e-02  -1.9466962537e-02   6.0928987931e-01  -5.8204592649e-01   1.8676239013e+00
  -1.7510956879e-02  -1.8180465406e-02   6.8737776702e-01  -3.3797174226e-01   1.7252140924e+00
  -1.6134263046e-02  -1.6841448352e-02   7.6289232342e-01  -9.3874149270e-02   1.5669475408e+00
  -1.4716027676e-02  -1.5427077741e-02   8.3314788459e-01   1.4182951690e-01   1.3954839958e+00
  -1.3323109993e-02  -1.4004977611e-02   8.9474416656e-01   3.5743280535e-01   1.2176215589e+00
  -1.1982185388e-02  -1.2641242376e-02   9.4546083153e-01   5.4383776373e-01   1.0417497845e+00
  -1.0682244316e-02  -1.1323128401e-02   9.8709299658e-01   7.0602215671e-01   8.6519500396e-01
  -9.4147914636e-03  -1.0041360232e-02   1.0201400216e+00   8.4477753508e-01   6.8833460221e-01
  -8.1726570787e-03  -8.7882226952e-03   1.0450678961e+00   9.6093037218e-01   5.1147706572e-01
  -6.9495966886e-03  -7.5570914623e-03   1.0623168054e+00   1.0553608691e+00   3.3477888192e-01
  -5.7399918747e-03  -6.3421019150e-03   1.0722768017e+00   1.1289056195e+00   1.5827674440e-01
  -4.5386011756e-03  -5.1378818345e-03   1.0752709001e+00   1.1822836934e+00  -1.8081814772e-02
  -3.3403364641e-03  -3.9393205168e-03   1.0715446076e+00   1.2160435238e+00  -1.9440803096e-01
  -2.1400090595e-03  -2.7413524114e-03   1.0611473860e+00   1.2304922589e+00  -3.7202233813e-01
  -9.3212634877e-04  -1.5386657077e-03   1.0443109907e+00   1.2255725273e+00  -5.4861886308e-01
   2.8931424925e-04  -3.2558698988e-04   1.0210938792e+00   1.2015428023e+00  -7.2508323754e-01
   1.5311812089e-03   9.0421548837e-04   9.9145172248e-01   1.1582015376e+00  -9.0165665066e-01
   2.8016617177e-03   2.1581469294e-03   9.5531497663e-01   1.0951674951e+00  -1.0781565263e+00
   4.1109605850e-03   3.4451765061e-03   9.1241864239e-01   1.0115826897e+00  -1.2548285346e+00
   5.4725294366e-03   4.7767446639e-03   8.6222949117e-01   9.0583332466e-01  -1.4321505645e+00
   6.9046774823e-03   6.1683142094e-03   8.0459550659e-01   7.7693909788e-01  -1.6086262192e+00
   8.4340799804e-03   7.6410407552e-03   7.3840203554e-01   6.2158814632e-01  -1.7850370160e+00
   1.0104145255e-02   9.2271192055e-03   6.6158974666e-01   4.3361756951e-01  -1.9623369221e+00
   1.1941516552e-02   1.0981171305e-02   5.7383483935e-01   2.1058641468e-01  -2.1353776533e+00
   1.3844002375e-02   1.2901861799e-02   4.8190613366e-01  -3.1128470793e-02  -2.2873255597e+00
   1.5719327137e-02   1.4786142951e-02   3.9157654154e-01  -2.7601554845e-01  -2.4085790752e+00
   1.7600566921e-02   1.6652511322e-02   3.0403713630e-01  -5.1997297282e-01  -2.4986450240e+00
   1.9538400328e-02   1.8548622520e-02   2.1851705448e-01  -7.6447761909e-01  -2.5574187547e+00
   2.1598120379e-02   2.0528178135e-02   1.3490297823e-01  -1.0094074770e+00  -2.5805985945e+00
   2.3888292623e-02   2.2668062623e-02   5.3142958071e-02  -1.2543321084e+00  -2.5583354010e+00
   2.6618799763e-02   2.5108522624e-02  -2.6756794704e-02  -1.4976875459e+00  -2.4668279433e+00
   2.9401618874e-02   2.8129076902e-02  -8.7617972504e-02  -1.6821056145e+00  -2.3075657731e+00
   3.1692531966e-02   3.0674160846e-02  -1.2122294692e-01  -1.7773992103e+00  -2.1294498887e+00
   3.3600221992e-02   3.2710903086e-02  -1.3793506105e-01  -1.8141647218e+00  -1.9522497767e+00
   3.5300111210e-02   3.4489540898e-02  -1.4463528025e-01  -1.8130197706e+00  -1.7746939448e+00
   3.6869555690e-02   3.6110681521e-02  -1.4437936203e-01  -1.7832677622e+00  -1.5982892308e+00
   3.8351830203e-02   3.7628429858e-02  -1.3892722682e-01  -1.7298236884e+00  -1.4216315083e+00
   3.9774323875e-02   3.9075230547e-02  -1.2934568034e-01  -1.6556687696e+00  -1.2451228450e+00
   4.1156420734e-02   4.0473417203e-02  -1.1626046388e-01  -1.5619370568e+00  -1.0676869386e+00
   4.2513044807e-02   4.1839424264e-02  -1.0035404737e-01  -1.4509287423e+00  -8.9151486951e-01
   4.3856500443e-02   4.3186665349e-02  -8.1871722741e-02  -1.3223391478e+00  -7.1499719648e-01
   4.5197538296e-02   4.4526335537e-02  -6.0987799472e-02  -1.1756679840e+00  -5.3754972749e-01
   4.6546249027e-02   4.5868741055e-02  -3.8224635436e-02  -1.0130635337e+00  -3.6181711579e-01
   4.7912792377e-02   4.7223756999e-02  -1.3255759190e-02  -8.3072070421e-01  -1.8424770425e-01
   4.9307828469e-02   4.8601827754e-02   1.3314445970e-02  -6.3164118263e-01  -8.5272800452e-03
   5.0743392454e-02   5.0013829184e-02   4.1962874466e-02  -4.1081403483e-01   1.6878666575e-01
   5.2207825414e-02   5.1472955725e-02   7.1836825911e-02  -1.7345555690e-01   3.4255493303e-01
   5.3650667067e-02   5.2942695103e-02   1.0163937272e-01   7.0692245019e-02   5.0618522662e-01
   5.5047776467e-02   5.4358639031e-02   1.3045691604e-01   3.1387503913e-01   6.5613625782e-01
   5.6414013560e-02   5.5736913904e-02   1.5876607172e-01   5.5964519413e-01   7.9611831919e-01
   5.7762323677e-02   5.7091113216e-02   1.8604735097e-01   8.0294917035e-01   9.2453279614e-01
   5.9104466362e-02   5.8433534137e-02   2.1271565322e-01   1.0468796327e+00   1.0441564245e+00
   6.0451808752e-02   5.9775398588e-02   2.3889694443e-01   1.2922042230e+00   1.1560330162e+00
   6.1816225066e-02   6.1128218917e-02   2.6420617751e-01   1.5348343238e+00   1.2590216807e+00
   6.3211375120e-02   6.2504231215e-02   2.8930755386e-01   1.7808043002e+00   1.3561781800e+00
   6.4653930942e-02   6.3918519026e-02   3.1363999458e-01   2.0244097132e+00   1.4456139298e+00
   6.6165814248e-02   6.5389342859e-02   3.3749839080e-01   2.2684419930e+00   1.5287919855e+00
   6.7779318088e-02   6.6942285637e-02   3.6089290039e-01   2.5133087480e+00   1.6060137886e+00
   6.9546485745e-02   6.8616350540e-02   3.8358644823e-01   2.7574361080e+00   1.6768948697e+00
   7.1567532276e-02   7.0476620951e-02   4.0556255624e-01   3.0032965358e+00   1.7420220796e+00
   7.4104885422e-02   7.2658443602e-02   4.2600063247e-01   3.2504879521e+00   1.8005949086e+00
   7.7526520153e-02   7.5551327241e-02   4.3933250559e-01   3.4645923106e+00   1.8437054345e+00
   8.1476905976e-02   7.9501713064e-02   4.3203020995e-01   3.5320900666e+00   1.8501491582e+00
   8.5477905063e-02   8.3452098887e-02   3.9617764336e-01   3.3938834976e+00   1.8148105160e+00
   8.8741837857e-02   8.7503711239e-02   3.4545027984e-01   3.1395124537e+00   1.7593935838e+00
   9.0981550477e-02   8.9979964474e-02   2.9889289428e-01   2.8935383100e+00   1.7076926541e+00
   9.2861396960e-02   9.1983136480e-02   2.5307623063e-01   2.6486367856e+00   1.6562848737e+00
   9.4541878575e-02   9.3739657440e-02   2.0731946340e-01   2.4034308959e+00   1.6042209196e+00
   9.6096131064e-02   9.5344099709e-02   1.6180259665e-01   2.1595931198e+00   1.5514619590e+00
   9.7565832357e-02   9.6848162418e-02   1.1624306748e-01   1.9157366543e+00   1.4974197280e+00
   9.8977729923e-02   9.8283502295e-02   7.0438996641e-02   1.6706163884e+00   1.4415439795e+00
   1.0035123539e-01   9.9671957551e-02   2.5012746898e-02   1.4272015112e+00   1.3842690734e+00
   1.0170158899e-01   1.0103051323e-01  -2.0602889630e-02   1.1819187209e+00   1.3244999890e+00
   1.0304161504e-01   1.0237266476e-01  -6.5528798545e-02   9.3879896469e-01   1.2629533492e+00
   1.0438312125e-01   1.0371056532e-01  -1.1032445605e-01   6.9390918848e-01   1.1983360815e+00
   1.0573772454e-01   1.0505567718e-01  -1.5432822132e-01   4.4967148512e-01   1.1309121089e+00
   1.0711777092e-01   1.0641977189e-01  -1.9733196904e-01   2.0572244084e-01   1.0601738163e+00
   1.0853732118e-01   1.0781576996e-01  -2.3899334683e-01  -3.8031152476e-02   9.8558489820e-01
   1.1001381601e-01   1.0925887241e-01  -2.7904125821e-01  -2.8300172381e-01   9.0598550717e-01
   1.1157029742e-01   1.1076875960e-01  -3.1651252757e-01  -5.2773262581e-01   8.2087202744e-01
   1.1323910999e-01   1.1237183524e-01  -3.5028131901e-01  -7.7157182473e-01   7.2918361425e-01
   1.1507083258e-01   1.1410638474e-01  -3.7887760077e-01  -1.0158788164e+00   6.2837306570e-01
   1.1715595752e-01   1.1603528043e-01  -3.9928527880e-01  -1.2609996911e+00   5.1461839549e-01
   1.1969438156e-01   1.1827663460e-01  -4.0485551893e-01  -1.5071828124e+00   3.8002828244e-01
   1.2294359536e-01   1.2111212852e-01  -3.7971101881e-01  -1.7350742898e+00   2.1812607571e-01
   1.2658882411e-01   1.2477506220e-01  -3.1001792107e-01  -1.8791225291e+00   5.4246357330e-02
   1.2978377682e-01   1.2840258601e-01  -2.1648204165e-01  -1.9139683175e+00  -7.0305550084e-02
   1.3235774354e-01   1.3116496762e-01  -1.2261580876e-01  -1.8851724365e+00  -1.5622726312e-01
   1.3465455028e-01   1.3355051945e-01  -2.9013803846e-02  -1.8231783167e+00  -2.2203379217e-01
   1.3682756115e-01   1.3575858111e-01   6.4768605263e-02  -1.7380947402e+00  -2.7544071773e-01
   1.3897182370e-01   1.3789654119e-01   1.5813923735e-01  -1.6345593251e+00  -3.2007351976e-01
   1.4117369974e-01   1.4004710620e-01   2.5181085198e-01  -1.5123697708e+00  -3.5887478961e-01
   1.4354874708e-01   1.4230029328e-01   3.4557501489e-01  -1.3686191054e+00  -3.9388561592e-01
   1.4633888714e-01   1.4479720088e-01   4.3999305280e-01  -1.1913647998e+00  -4.2807232471e-01
   1.4981236160e-01   1.4788057341e-01   5.2422205646e-01  -9.7029674005e-01  -4.6374680664e-01
   1.5385946366e-01   1.5174414979e-01   5.6492577330e-01  -7.2642070394e-01  -5.0065050149e-01
   1.5819320894e-01   1.5597477754e-01   5.3063631024e-01  -4.9635468116e-01  -5.3808267660e-01
   1.6184740152e-01   1.6041164034e-01   4.4124868840e-01  -3.3272759123e-01  -5.6797795378e-01
   1.6440447902e-01   1.6328316269e-01   3.4677072833e-01  -2.3708758202e-01  -5.8652941738e-01
   1.6650136438e-01   1.6552579535e-01   2.5296928591e-01  -1.7037221473e-01  -5.9901892536e-01
   1.6837033901e-01   1.6747693341e-01   1.5938032044e-01  -1.1967435094e-01  -6.0717773879e-01
   1.7010830122e-01   1.6926374462e-01   6.5711496633e-02  -7.9755044245e-02  -6.1154027355e-01
   1.7177006805e-01   1.7095285781e-01  -2.7769578482e-02  -4.8117853083e-02  -6.1219587110e-01
   1.7339327517e-01   1.7258727828e-01  -1.2110246579e-01  -2.3238787797e-02  -6.0904167704e-01
   1.7500830949e-01   1.7419927206e-01  -2.1470060470e-01  -4.2268088271e-03  -6.0173095283e-01
   1.7664414492e-01   1.7581734693e-01  -3.0805409053e-01   9.1653724912e-03  -5.8978005463e-01
   1.7833348868e-01   1.7747094292e-01  -4.0173479362e-01   1.6951197527e-02  -5.7228832243e-01
   1.8011963246e-01   1.7919603443e-01  -4.9520862859e-01   1.8538655475e-02  -5.4806474165e-01
   1.8207106981e-01   1.8104323049e-01  -5.8897085299e-01   1.2609936250e-02  -5.1479501988e-01
   1.8432341455e-01   1.8309890913e-01  -6.8284572503e-01  -3.9342612662e-03  -4.6817399255e-01
   1.8730324195e-01   1.8554791997e-01  -7.7846423594e-01  -4.1366618355e-02  -3.9449844951e-01
   1.9198932527e-01   1.8905856393e-01  -8.5021723115e-01  -1.3226784173e-01  -2.6175088796e-01
   1.9726099767e-01   1.9492008661e-01  -8.1758435844e-01  -2.6735085755e-01  -1.1303840799e-01
   2.0095746375e-01   1.9960190873e-01  -7.2149920148e-01  -3.7403871505e-01  -2.7295264948e-02
   2.0338988416e-01   2.0231301878e-01  -6.2723733874e-01  -4.4447183949e-01   1.2444761241e-02
   2.0540576969e-01   2.0446674954e-01  -5.3334232577e-01  -5.0030466903e-01   3.2615203307e-02
   2.0720180342e-01   2.0634478985e-01  -4.3991335194e-01  -5.4624027567e-01   3.9496677429e-02
   2.0886272091e-01   2.0805881699e-01  -3.4629460352e-01  -5.8454777174e-01   3.5904486205e-02
   2.1043552366e-01   2.0966662483e-01  -2.5295000014e-01  -6.1595152542e-01   2.3329027271e-02
   2.1195075282e-01   2.1120442249e-01  -1.5937157448e-01  -6.4104510534e-01   2.5790132915e-03
   2.1343051381e-01   2.1269708315e-01  -6.5860328722e-02  -6.5983305411e-01  -2.5788623958e-02
   2.1489263354e-01   2.1416394446e-01   2.7542347973e-02  -6.7221039895e-01  -6.1443515658e-02
   2.1635282734e-01   2.1562132261e-01   1.2092141628e-01  -6.7788209560e-01  -1.0428251275e-01
   2.1782637853e-01   2.1708433207e-01   2.1437415270e-01  -6.7630312153e-01  -1.5439627899e-01
   2.1932969182e-01   2.1856842500e-01   3.0790334411e-01  -6.6663637231e-01  -2.1200378755e-01
   2.2088202986e-01   2.2009095864e-01   4.0130664367e-01  -6.4773508975e-01  -2.7734882859e-01
   2.2250829290e-01   2.2167310109e-01   4.9483506221e-01  -6.1781672949e-01  -3.5123589223e-01
   2.2424396686e-01   2.2334348470e-01   5.8834610119e-01  -5.7426989956e-01  -4.3457762873e-01
   2.2614578731e-01   2.2514444901e-01   6.8193897180e-01  -5.1268172748e-01  -5.2917703962e-01
   2.2832036589e-01   2.2714712560e-01   7.7563000932e-01  -4.2488326837e-01  -6.3825001392e-01
   2.3104116554e-01   2.2949360617e-01   8.7037822371e-01  -2.8952065918e-01  -7.7086242688e-01
   2.3446740230e-01   2.3258872491e-01   9.5014296252e-01  -8.5090974129e-02  -9.2001063261e-01
   2.3803867974e-01   2.3634607970e-01   9.8503004590e-01   1.5891382284e-01  -1.0425461499e+00
   2.4135828121e-01   2.3973127978e-01   9.7148298690e-01   4.0325067721e-01  -1.1148942082e+00
   2.4464229029e-01   2.4298528263e-01   9.1668487720e-01   6.4751483658e-01  -1.1401846594e+00
   2.4774388155e-01   2.4629929796e-01   8.3173272387e-01   8.6742099183e-01  -1.1200742478e+00
   2.5038396827e-01   2.4918846514e-01   7.3766259385e-01   1.0368344517e+00  -1.0693302912e+00
   2.5265231116e-01   2.5157947139e-01   6.4409363484e-01   1.1627840760e+00  -1.0024315680e+00
   2.5473031395e-01   2.5372515093e-01   5.5049628880e-01   1.2585075709e+00  -9.2402499271e-01
   2.5670511721e-01   2.5573547696e-01   4.5686017868e-01   1.3290881473e+00  -8.3630064780e-01
   2.5863194685e-01   2.5767475745e-01   3.6349817411e-01   1.3765733388e+00  -7.4069169105e-01
   2.6055367048e-01   2.5958913624e-01   2.7017906891e-01   1.4016961720e+00  -6.3748535109e-01
   2.6251072899e-01   2.6151820472e-01   1.7662480114e-01   1.4035381483e+00  -5.2634641884e-01
   2.6454940182e-01   2.6350325326e-01   8.2946304698e-02   1.3795340880e+00  -4.0688984338e-01
   2.6673238471e-01   2.6559555038e-01  -1.0450002473e-02   1.3254095655e+00  -2.7859811579e-01
   2.6916222718e-01   2.6786921904e-01  -1.0405326728e-01   1.2326677332e+00  -1.3870286520e-01
   2.7205175754e-01   2.7045523533e-01  -1.9808171740e-01   1.0832463708e+00   1.7805142230e-02
   2.7542659499e-01   2.7364827974e-01  -2.8131176625e-01   8.6905653074e-01   1.7877727359e-01
   2.7889122059e-01   2.7720491024e-01  -3.3637223050e-01   6.2415825421e-01   3.1240548494e-01
   2.8234944938e-01   2.8057753094e-01  -3.6178590065e-01   3.7899866713e-01   4.0716891530e-01
   2.8629386712e-01   2.8412136782e-01  -3.6121693799e-01   1.3200947795e-01   4.6499281600e-01
   2.9276767405e-01   2.8846636642e-01  -3.2238815809e-01  -1.0565418179e-01   4.4920496531e-01
   3.0061497953e-01   2.9706898168e-01  -2.8476953016e-01  -6.9120304104e-02   3.2039588539e-01
   3.0637126398e-01   3.0416097737e-01  -3.0501375649e-01   1.7536456863e-01   2.0669272998e-01
   3.1056872481e-01   3.0858155059e-01  -3.5712901764e-01   4.2204339718e-01   1.5194091081e-01
   3.1463802338e-01   3.1255589902e-01  -4.3340103697e-01   6.6388757677e-01   1.4357486378e-01
   3.1872411652e-01   3.1672014775e-01  -5.2497904633e-01   8.6682354068e-01   1.9139690004e-01
   3.2287356189e-01   3.2072808529e-01  -6.1833432518e-01   9.9552791357e-01   3.0376621720e-01
   3.2687829824e-01   3.2501903849e-01  -6.9253824438e-01   1.0276338477e+00   4.6789929802e-01
   3.3033830393e-01   3.2873755799e-01  -7.3164370370e-01   9.7705007096e-01   6.4547223968e-01
   3.3344961879e-01   3.3193904987e-01  -7.3903785930e-01   8.7414606903e-01   8.2239564125e-01
   3.3648870306e-01   3.3496018770e-01  -7.1634140903e-01   7.3061726283e-01   9.9940260119e-01
   3.3967017916e-01   3.3801721842e-01  -6.5847530542e-01   5.4804894580e-01   1.1754749524e+00
   3.4270881407e-01   3.4132313990e-01  -5.7183012983e-01   3.5751431450e-01   1.3220129398e+00
   3.4523117408e-01   3.4409448823e-01  -4.7781133818e-01   1.9662793642e-01   1.4185967670e+00
   3.4737466320e-01   3.4636785992e-01  -3.8414478271e-01   6.3809651821e-02   1.4774003275e+00
   3.4931156545e-01   3.4838146648e-01  -2.9077290237e-01  -4.9601530219e-02   1.5091508011e+00
   3.5112509625e-01   3.5024166442e-01  -1.9708421384e-01  -1.4865146589e-01   1.5186907881e+00
   3.5286583623e-01   3.5200852807e-01  -1.0354265086e-01  -2.3547234553e-01   1.5081241507e+00
   3.5457029672e-01   3.5372314438e-01  -1.0008347412e-02  -3.1208292717e-01   1.4783385622e+00
   3.5626879955e-01   3.5541744907e-01   8.3360055999e-02  -3.7978675158e-01   1.4292772898e+00
   3.5799061964e-01   3.5712015003e-01   1.7680255751e-01  -4.3993436180e-01   1.3597079299e+00
   3.5976860714e-01   3.5886108925e-01   2.7026198854e-01  -4.9355910009e-01   1.2673228453e+00
   3.6164560677e-01   3.6067612502e-01   3.6385421764e-01  -5.4190183209e-01   1.1478880492e+00
   3.6366197227e-01   3.6261508852e-01   4.5631238646e-01  -5.8596787318e-01   9.9663355557e-01
   3.6568115675e-01   3.6470885602e-01   5.3919800294e-01  -6.2443581365e-01   8.2324507515e-01
   3.6754825006e-01   3.6665345748e-01   6.0530822150e-01  -6.5691016624e-01   6.4662707861e-01
   3.6928695524e-01   3.6844304263e-01   6.5723844931e-01  -6.8659429598e-01   4.6959866252e-01
   3.7094160435e-01   3.7013086785e-01   6.9721662508e-01  -7.1574645354e-01   2.9351302973e-01
   3.7254251576e-01   3.7175234086e-01   7.2738775025e-01  -7.4657164420e-01   1.1582908143e-01
   3.7411286219e-01   3.7333269067e-01   7.4831845714e-01  -7.7996512281e-01  -6.0451910992e-02
   3.7567245930e-01   3.7489303370e-01   7.6105333514e-01  -8.1742505456e-01  -2.3688903126e-01
   3.7723981263e-01   3.7645188489e-01   7.6603021379e-01  -8.6022188040e-01  -4.1366230451e-01
   3.7883443336e-01   3.7802774038e-01   7.6344292682e-01  -9.0970772863e-01  -5.9081003438e-01
   3.8047891362e-01   3.7964112633e-01   7.5337570868e-01  -9.6702088279e-01  -7.6712883823e-01
   3.8220252201e-01   3.8131670090e-01   7.3554274267e-01  -1.0345149305e+00  -9.4406172341e-01
   3.8404748900e-01   3.8308834311e-01   7.0944100751e-01  -1.1144495737e+00  -1.1205614469e+00
   3.8608416343e-01   3.8500663490e-01   6.7352390570e-01  -1.2117800157e+00  -1.2981641469e+00
   3.8845280006e-01   3.8716169196e-01   6.2530080757e-01  -1.3334349405e+00  -1.4753405501e+00
   3.9152402103e-01   3.8974390817e-01   5.5655202133e-01  -1.4999985562e+00  -1.6533160028e+00
   3.9540749083e-01   3.9330413390e-01   4.6872200589e-01  -1.7073732000e+00  -1.7865096287e+00
   3.9998842425e-01   3.9751084777e-01   3.7499658207e-01  -1.9152185500e+00  -1.8058068288e+00
   4.0461283637e-01   4.0246600073e-01   2.9859592167e-01  -2.0455389170e+00  -1.6851700414e+00
   4.0824270461e-01   4.0675967201e-01   2.5199351320e-01  -2.0669963644e+00  -1.5042118244e+00
   4.1098573482e-01   4.0972573721e-01   2.2286351441e-01  -2.0245332147e+00  -1.3266661097e+00
   4.1339891324e-01   4.1224573243e-01   1.9930923675e-01  -1.9427276977e+00  -1.1494205254e+00
   4.1565410983e-01   4.1455209406e-01   1.7727758532e-01  -1.8287013291e+00  -9.7290287553e-01
   4.1784309690e-01   4.1675612559e-01   1.5399838233e-01  -1.6833689685e+00  -7.9577174672e-01
   4.2003306119e-01   4.1893006820e-01   1.2733659526e-01  -1.5066390582e+00  -6.1917578606e-01
   4.2228473499e-01   4.2113605417e-01   9.4708072658e-02  -1.2949011628e+00  -4.4284990771e-01
   4.2453237295e-01   4.2343341581e-01   5.5421082085e-02  -1.0571672544e+00  -2.7684291967e-01
   4.2665741155e-01   4.2563133009e-01   1.1110887311e-02  -8.1302226098e-01  -1.3361687528e-01
   4.2866541872e-01   4.2768349302e-01  -3.7964315345e-02  -5.6859772184e-01  -1.3330798699e-02
   4.3060534923e-01   4.2964734442e-01  -9.2181497910e-02  -3.2461463321e-01   8.6333827678e-02
   4.3251356087e-01   4.3156335404e-01  -1.5216430639e-01  -8.0480568983e-02   1.6707949856e-01
   4.3442094964e-01   4.3346376770e-01  -2.1856638550e-01   1.6407428248e-01   2.2945398090e-01
   4.3635753672e-01   4.3537813158e-01  -2.9172843245e-01   4.0792490957e-01   2.7305266075e-01
   4.3835654627e-01   4.3733694186e-01  -3.7280597126e-01   6.5219260712e-01   2.9721608614e-01
   4.4043662500e-01   4.3937615068e-01  -4.6158523144e-01   8.9342826461e-01   3.0019172981e-01
   4.4253985249e-01   4.4149709932e-01  -5.5496883285e-01   1.1219994452e+00   2.8123678836e-01
   4.4462320710e-01   4.4358260566e-01  -6.4828045626e-01   1.3277819432e+00   2.4239393610e-01
   4.4672758775e-01   4.4566380855e-01  -7.4169352943e-01   1.5135917355e+00   1.8511621753e-01
   4.4891196447e-01   4.4779136694e-01  -8.3526228618e-01   1.6811247283e+00   1.0948168160e-01
   4.5126594965e-01   4.5003256200e-01  -9.2887886967e-01   1.8311765852e+00   1.3964353483e-02
   4.5397375997e-01   4.5249933730e-01  -1.0230554503e+00   1.9647506188e+00  -1.0742949117e-01
   4.5735951527e-01   4.5544818263e-01  -1.1124449446e+00   2.0748666946e+00  -2.6304377653e-01
   4.6162797951e-01   4.5927084791e-01  -1.1684746353e+00   2.1349893953e+00  -4.4080626067e-01
   4.6651114958e-01   4.6398511111e-01  -1.1406430122e+00   2.1186747597e+00  -5.8183932507e-01
   4.7039569429e-01   4.6903718805e-01  -1.0455209236e+00   2.0604085028e+00  -6.2652503047e-01
   4.7279185709e-01   4.7175420054e-01  -9.5089743072e-01   2.0089533957e+00  -6.1457715341e-01
   4.7471013751e-01   4.7382951364e-01  -8.5721887561e-01   1.9619173813e+00  -5.8253769595e-01
   4.7637515518e-01   4.7559076137e-01  -7.6361791962e-01   1.9175468609e+00  -5.3845664829e-01
   4.7787857922e-01   4.7715954898e-01  -6.7006800682e-01   1.8750271246e+00  -4.8588621572e-01
   4.7926958189e-01   4.7859760947e-01  -5.7667565884e-01   1.8338142915e+00  -4.2690934329e-01
   4.8057834895e-01   4.7994155431e-01  -4.8320825128e-01   1.7933381624e+00  -3.6264430508e-01
   4.8182509209e-01   4.8121514360e-01  -3.8949483625e-01   1.7531298191e+00  -2.9381355699e-01
   4.8302447802e-01   4.8243504059e-01  -2.9606235074e-01   1.7130589532e+00  -2.2143873425e-01
   4.8418778828e-01   4.8361391545e-01  -2.0317982576e-01   1.6729161819e+00  -1.4626768959e-01
   4.8532376560e-01   4.8476166111e-01  -1.0880962453e-01   1.6314918483e+00  -6.6965328157e-02
   4.8643981443e-01   4.8588587009e-01  -1.6366708738e-02   1.5899785235e+00   1.3275385817e-02
   4.8754242565e-01   4.8699375878e-01   7.8113635505e-02   1.5462630753e+00   9.7648184084e-02
   4.8863737676e-01   4.8809109251e-01   1.7096510713e-01   1.5016913668e+00   1.8269105068e-01
   4.8973025032e-01   4.8918366101e-01   2.6425672061e-01   1.4549415705e+00   2.7007177353e-01
   4.9082651997e-01   4.9027683962e-01   3.5831667615e-01   1.4053895463e+00   3.5998860460e-01
   4.9193180318e-01   4.9137620032e-01   4.5091197540e-01   1.3537861727e+00   4.5014933636e-01
   4.9305229898e-01   4.9248740604e-01   5.4529883348e-01   1.2977496344e+00   5.4361225710e-01
   4.9419488176e-01   4.9361719191e-01   6.3792473738e-01   1.2387542172e+00   6.3675064067e-01
   4.9536771504e-01   4.9477257160e-01   7.3183930504e-01   1.1741086617e+00   7.3251321923e-01
   4.9658103552e-01   4.9596285849e-01   8.2527944056e-01   1.1039413555e+00   8.2902716702e-01
   4.9784778996e-01   4.9719921256e-01   9.1843198776e-01   1.0269149026e+00   9.2636685517e-01
   4.9924818369e-01   4.9849636737e-01   1.0163131282e+00   9.3632122258e-01   1.0297527673e+00