# time = 2.3
# Grid points = 474
# Pressure (Pa) = 101325
#             1_pos             2_posf             3_uvel             4_vvel             5_wvel
  -4.9917840810e-01  -5.0000000000e-01   1.1252916377e+00   8.4979481405e-01   1.1610988771e+00
  -4.9750814511e-01  -4.9835681619e-01   1.2231397513e+00   7.2570261699e-01   1.2676973597e+00
  -4.9566236670e-01  -4.9665947403e-01   1.3175599717e+00   5.7990881206e-01   1.3710806402e+00
  -4.9337913820e-01  -4.9466525936e-01   1.4120108843e+00   3.8877093737e-01   1.4744764798e+00
  -4.9070684198e-01  -4.9209301703e-01   1.4896282263e+00   1.5318293398e-01   1.5582714981e+00
  -4.8796632188e-01  -4.8932066692e-01   1.5304414299e+00  -9.7210493308e-02   1.5994310534e+00
  -4.8525041762e-01  -4.8661197685e-01   1.5310752433e+00  -3.4754860845e-01   1.5937928690e+00
  -4.8247325112e-01  -4.8388885839e-01   1.4915927778e+00  -5.9799810348e-01   1.5412944299e+00
  -4.7971240761e-01  -4.8105764385e-01   1.4146575727e+00  -8.3320500069e-01   1.4458320174e+00
  -4.7731406729e-01  -4.7836717138e-01   1.3204254397e+00  -1.0192727140e+00   1.3323329260e+00
  -4.7535629892e-01  -4.7626096320e-01   1.2257837457e+00  -1.1549570063e+00   1.2207014133e+00
  -4.7363463088e-01  -4.7445163464e-01   1.1316442433e+00  -1.2589508338e+00   1.1116113705e+00
  -4.7205820286e-01  -4.7281762713e-01   1.0376237808e+00  -1.3403616858e+00   1.0044922399e+00
  -4.7057922324e-01  -4.7129877858e-01   9.4336911630e-01  -1.4038393833e+00   8.9894905965e-01
  -4.6916801250e-01  -4.6985966791e-01   8.4968863613e-01  -1.4515412202e+00   7.9593248438e-01
  -4.6780432622e-01  -4.6847635709e-01   7.5513544225e-01  -1.4857550386e+00   6.9396042588e-01
  -4.6647318109e-01  -4.6713229535e-01   6.6146865960e-01  -1.5068847518e+00   5.9505819059e-01
  -4.6516256736e-01  -4.6581406684e-01   5.6759972211e-01  -1.5160144488e+00   4.9820271176e-01
  -4.6386252316e-01  -4.6451106789e-01   4.7317886131e-01  -1.5133655345e+00   4.0326006354e-01
  -4.6256404824e-01  -4.6321397844e-01   3.7912271095e-01  -1.4990751222e+00   3.1138941766e-01
  -4.6125861670e-01  -4.6191411803e-01   2.8525343569e-01  -1.4732162435e+00   2.2265475514e-01
  -4.5993776484e-01  -4.6060311536e-01   1.9153191641e-01  -1.4356553145e+00   1.3731456691e-01
  -4.5859242112e-01  -4.5927241432e-01   9.7016632972e-02  -1.3854699779e+00   5.4943027240e-02
  -4.5721266704e-01  -4.5791242792e-01   3.4986150559e-03  -1.3231073625e+00  -2.2455829607e-02
  -4.5578682495e-01  -4.5651290616e-01  -9.0976501539e-02  -1.2464687815e+00  -9.5923454887e-02
  -4.5430067193e-01  -4.5506074373e-01  -1.8474956599e-01  -1.1557731992e+00  -1.6343306657e-01
  -4.5273610223e-01  -4.5354060013e-01  -2.7890948517e-01  -1.0486343795e+00  -2.2488717170e-01
  -4.5106864371e-01  -4.5193160433e-01  -3.7282611068e-01  -9.2379728515e-01  -2.7865833559e-01
  -4.4926329074e-01  -4.5020568309e-01  -4.6698632725e-01  -7.7789524428e-01  -3.2337474519e-01
  -4.4726609887e-01  -4.4832089838e-01  -5.6099080387e-01  -6.0752130096e-01  -3.5645796611e-01
  -4.4498442178e-01  -4.4621129935e-01  -6.5518459542e-01  -4.0564702054e-01  -3.7431440613e-01
  -4.4235257510e-01  -4.4375754422e-01  -7.4605708103e-01  -1.7058376930e-01  -3.7100857491e-01
  -4.3946564586e-01  -4.4094760599e-01  -8.2384487547e-01   7.9441258860e-02  -3.4295719094e-01
  -4.3633688466e-01  -4.3798368573e-01  -8.8315372936e-01   3.3047699206e-01  -2.9115160094e-01
  -4.3268516130e-01  -4.3469008358e-01  -9.2098588359e-01   5.8208836034e-01  -2.1585526631e-01
  -4.2755929390e-01  -4.3068023901e-01  -9.2105891509e-01   8.3800873130e-01  -1.1392797121e-01
  -4.2166997226e-01  -4.2443834879e-01  -8.5686561417e-01   9.9104624827e-01  -4.2782387778e-02
  -4.1704632770e-01  -4.1890159573e-01  -7.6103276958e-01   1.0103739039e+00  -4.2866022738e-02
  -4.1367958978e-01  -4.1519105967e-01  -6.6670275066e-01   9.7683455768e-01  -7.8380692523e-02
  -4.1084966285e-01  -4.1216811989e-01  -5.7269644579e-01   9.2507122534e-01  -1.2852065817e-01
  -4.0833775233e-01  -4.0953120581e-01  -4.7858004919e-01   8.6517377003e-01  -1.8541869865e-01
  -4.0603685963e-01  -4.0714429884e-01  -3.8469730033e-01   8.0169151719e-01  -2.4446098620e-01
  -4.0388289794e-01  -4.0492942043e-01  -2.9068674834e-01   7.3633063604e-01  -3.0313190249e-01
  -4.0183252169e-01  -4.0283637546e-01  -1.9674048782e-01   6.6999974168e-01  -3.5946370224e-01
  -3.9985311918e-01  -4.0082866791e-01  -1.0273460580e-01   6.0273167946e-01  -4.1219547277e-01
  -3.9791788163e-01  -3.9887757044e-01  -8.8734117799e-03   5.3436340616e-01  -4.6018854631e-01
  -3.9600259296e-01  -3.9695819283e-01   8.5207810392e-02   4.6397369061e-01  -5.0274925568e-01
  -3.9408304632e-01  -3.9504699309e-01   1.7926499953e-01   3.9074046007e-01  -5.3892102307e-01
  -3.9213230721e-01  -3.9311909955e-01   2.7318961159e-01   3.1334652769e-01  -5.6781845351e-01
  -3.9011678658e-01  -3.9114551487e-01   3.6721472761e-01   2.2957305113e-01  -5.8847330945e-01
  -3.8798888510e-01  -3.8908805828e-01   4.6131464685e-01   1.3632305656e-01  -5.9940737151e-01
  -3.8567048920e-01  -3.8688971191e-01   5.5544496516e-01   2.8409767104e-02  -5.9830627971e-01
  -3.8300187036e-01  -3.8445126649e-01   6.4999229963e-01  -1.0527551590e-01  -5.8060663531e-01
  -3.7960165421e-01  -3.8155247422e-01   7.4326078697e-01  -2.9137237246e-01  -5.3490515684e-01
  -3.7567331486e-01  -3.7765083420e-01   8.0747014378e-01  -5.2753421148e-01  -4.5736269977e-01
  -3.7184186692e-01  -3.7369579552e-01   8.1889704074e-01  -7.7717791490e-01  -3.6511525628e-01
  -3.6818376169e-01  -3.6998793832e-01   7.7985624546e-01  -1.0272611237e+00  -2.7157498647e-01
  -3.6476920525e-01  -3.6637958505e-01   7.0123350383e-01  -1.2621985929e+00  -1.8777816025e-01
  -3.6190222515e-01  -3.6315882545e-01   6.0661608330e-01  -1.4539516381e+00  -1.2453914097e-01
  -3.5955743529e-01  -3.6064562486e-01   5.1234658339e-01  -1.6018779408e+00  -7.9988144795e-02
  -3.5747581335e-01  -3.5846924571e-01   4.1812513309e-01  -1.7235346414e+00  -4.6645059047e-02
  -3.5554555589e-01  -3.5648238098e-01   3.2384765296e-01  -1.8257631761e+00  -2.1309129225e-02
  -3.5370428246e-01  -3.5460873079e-01   2.3001532759e-01  -1.9113904472e+00  -2.2869759169e-03
  -3.5191009141e-01  -3.5279983412e-01   1.3597135629e-01  -1.9826401875e+00   1.1721702732e-02
  -3.5013002733e-01  -3.5102034870e-01   4.1885393439e-02  -2.0398108139e+00   2.1477682351e-02
  -3.4833352158e-01  -3.4923970596e-01  -5.2339563719e-02  -2.0825718164e+00   2.7618730194e-02
  -3.4648782394e-01  -3.4742733720e-01  -1.4620406478e-01  -2.1095515223e+00   3.0691041154e-02
  -3.4455195495e-01  -3.4554831069e-01  -2.4034217392e-01  -2.1185541383e+00   3.1292918494e-02
  -3.4246600922e-01  -3.4355559922e-01  -3.3452320937e-01  -2.1050555401e+00   3.0117667083e-02
  -3.4012589732e-01  -3.4137641922e-01  -4.2877580084e-01  -2.0605573213e+00   2.8285676343e-02
  -3.3729386531e-01  -3.3887537541e-01  -5.2355854077e-01  -1.9648052221e+00   2.8248561023e-02
  -3.3373119516e-01  -3.3571235521e-01  -6.0877349529e-01  -1.7815744187e+00   3.6701280893e-02
  -3.3013995431e-01  -3.3175003512e-01  -6.5502515014e-01  -1.5340905064e+00   5.9543815625e-02
  -3.2713093899e-01  -3.2852987349e-01  -6.6145558202e-01  -1.2831802329e+00   9.3070959755e-02
  -3.2444947423e-01  -3.2573200448e-01  -6.4360576624e-01  -1.0323285218e+00   1.3479350590e-01
  -3.2194996463e-01  -3.2316694398e-01  -6.0880481297e-01  -7.8223542336e-01   1.8298315092e-01
  -3.1954784063e-01  -3.2073298528e-01  -5.6057024595e-01  -5.3133198134e-01   2.3662672159e-01
  -3.1718162262e-01  -3.1836269597e-01  -5.0132717303e-01  -2.8150303165e-01   2.9403576631e-01
  -3.1479564044e-01  -3.1600054927e-01  -4.3146140506e-01  -3.0386847913e-02   3.5432327477e-01
  -3.1232750552e-01  -3.1359073161e-01  -3.5156798831e-01   2.1980276596e-01   4.1513101719e-01
  -3.0974859368e-01  -3.1106427944e-01  -2.6208352870e-01   4.6531477521e-01   4.7290705582e-01
  -3.0714129829e-01  -3.0843290792e-01  -1.6825536888e-01   6.8932452879e-01   5.2023705877e-01
  -3.0455287342e-01  -3.0584968867e-01  -7.4421101344e-02   8.8031182305e-01   5.5100386432e-01
  -3.0192288339e-01  -3.0325605817e-01   1.9691582685e-02   1.0366769579e+00   5.6087428578e-01
  -2.9918504232e-01  -3.0058970861e-01   1.1349168148e-01   1.1523333720e+00   5.4370026997e-01
  -2.9625455536e-01  -2.9778037603e-01   2.0748211680e-01   1.2188036056e+00   4.9052822726e-01
  -2.9299442333e-01  -2.9472873469e-01   3.0152613147e-01   1.2195402252e+00   3.8699598751e-01
  -2.8955416173e-01  -2.9126011198e-01   3.8654262825e-01   1.1389825899e+00   2.2948671109e-01
  -2.8641489689e-01  -2.8784821147e-01   4.4921431810e-01   9.9833596487e-01   4.8657568713e-02
  -2.8367227528e-01  -2.8498158232e-01   4.9081938867e-01   8.2887009678e-01  -1.3216656941e-01
  -2.8109973593e-01  -2.8236296824e-01   5.1739254269e-01   6.3949274865e-01  -3.1240979914e-01
  -2.7855854486e-01  -2.7983650363e-01   5.3091806146e-01   4.3192611699e-01  -4.9275482829e-01
  -2.7591378759e-01  -2.7728058609e-01   5.3046508998e-01   2.0432650613e-01  -6.7353106316e-01
  -2.7306953365e-01  -2.7454698909e-01   5.1232162436e-01  -4.0357590420e-02  -8.4820881989e-01
  -2.6996238336e-01  -2.7159207822e-01   4.7038334684e-01  -2.9159037548e-01  -1.0016526184e+00
  -2.6657645717e-01  -2.6833268850e-01   3.9745900075e-01  -5.2756100549e-01  -1.1087242391e+00
  -2.6342123777e-01  -2.6482022584e-01   3.0446728702e-01  -6.9795938902e-01  -1.1417655307e+00
  -2.6083514468e-01  -2.6202224969e-01   2.1006101556e-01  -7.9320825064e-01  -1.1138771066e+00
  -2.5858769354e-01  -2.5964803967e-01   1.1611405963e-01  -8.4012718937e-01  -1.0484409332e+00
  -2.5655037453e-01  -2.5752734742e-01   2.1868330458e-02  -8.5334436136e-01  -9.5624448969e-01
  -2.5465278369e-01  -2.5557340165e-01  -7.1964200826e-02  -8.4076994531e-01  -8.4434662411e-01
  -2.5284972121e-01  -2.5373216573e-01  -1.6615795172e-01  -8.0736299468e-01  -7.1585561491e-01
  -2.5110888879e-01  -2.5196727669e-01  -2.6002270151e-01  -7.5668780498e-01  -5.7437513212e-01
  -2.4940443518e-01  -2.5025050088e-01  -3.5433672491e-01  -6.9057725526e-01  -4.2056721109e-01
  -2.4771352258e-01  -2.4855836948e-01  -4.4825160728e-01  -6.1113078031e-01  -2.5708109107e-01
  -2.4601470591e-01  -2.4686867567e-01  -5.4212679878e-01  -5.1906760074e-01  -8.4204691446e-02
  -2.4431234304e-01  -2.4516073614e-01  -6.3440132196e-01  -4.1657121925e-01   9.4533189526e-02
  -2.4261819605e-01  -2.4346394993e-01  -7.2323635032e-01  -3.0629708812e-01   2.7492556427e-01
  -2.4091346566e-01  -2.4177244216e-01  -8.0811776555e-01  -1.8923690737e-01   4.5545056449e-01
  -2.3916427906e-01  -2.4005448915e-01  -8.8874967567e-01  -6.5499087917e-02   6.3543613102e-01
  -2.3732807788e-01  -2.3827406896e-01  -9.6535921915e-01   6.6905477187e-02   8.1621524406e-01
  -2.3534180132e-01  -2.3638208681e-01  -1.0364291337e+00   2.0914455829e-01   9.9638196296e-01
  -2.3309001431e-01  -2.3430151584e-01  -1.1004603563e+00   3.6718003895e-01   1.1775222751e+00
  -2.3027701721e-01  -2.3187851277e-01  -1.1515695960e+00   5.5409830655e-01   1.3599643173e+00
  -2.2645548597e-01  -2.2867552165e-01  -1.1642219560e+00   7.8296941262e-01   1.5187750020e+00
  -2.2235484195e-01  -2.2423545029e-01  -1.1044302267e+00   9.9320146548e-01   1.5736544513e+00
  -2.1926377134e-01  -2.2047423360e-01  -1.0078887411e+00   1.1263542461e+00   1.5358070364e+00
  -2.1707588367e-01  -2.1805330907e-01  -9.1317376002e-01   1.2077564833e+00   1.4702201821e+00
  -2.1524632204e-01  -2.1609845826e-01  -8.1892253177e-01   1.2684837442e+00   1.3944252915e+00
  -2.1362140285e-01  -2.1439418582e-01  -7.2476998559e-01   1.3173503219e+00   1.3134748598e+00
  -2.1213035299e-01  -2.1284861988e-01  -6.3067281234e-01   1.3582983396e+00   1.2298302711e+00
  -2.1073297734e-01  -2.1141208611e-01  -5.3667903310e-01   1.3934948598e+00   1.1449753486e+00
  -2.0940352536e-01  -2.1005386857e-01  -4.4280026397e-01   1.4242758676e+00   1.0598542942e+00
  -2.0812417356e-01  -2.0875318216e-01  -3.4847196970e-01   1.4516664830e+00   9.7462142135e-01
  -2.0688161592e-01  -2.0749516496e-01  -2.5435277484e-01   1.4760397230e+00   8.9038653154e-01
  -2.0566526556e-01  -2.0626806687e-01  -1.6017017829e-01   1.4978695509e+00   8.0732300113e-01
  -2.0446637627e-01  -2.0506246426e-01  -6.6255107268e-02   1.5173485635e+00   7.2607641261e-01
  -2.0327734466e-01  -2.0387028829e-01   2.7526486078e-02   1.5346800751e+00   6.4684026361e-01
  -2.0209126970e-01  -2.0268440103e-01   1.2128123857e-01   1.5499643534e+00   5.6982437352e-01
  -2.0090147165e-01  -2.0149813836e-01   2.1603398707e-01   1.5633250600e+00   4.9454987779e-01
  -1.9970122365e-01  -2.0030480494e-01   3.0985625665e-01   1.5744161192e+00   4.2287846051e-01
  -1.9848348986e-01  -1.9909764236e-01   4.0377000693e-01   1.5832519723e+00   3.5432499334e-01
  -1.9724048137e-01  -1.9786933735e-01   4.9777124599e-01   1.5895934687e+00   2.8929142338e-01
  -1.9596323099e-01  -1.9661162539e-01   5.9170992562e-01   1.5930956815e+00   2.2832881667e-01
  -1.9464093815e-01  -1.9531483659e-01   6.8571410598e-01   1.5932930505e+00   1.7188557222e-01
  -1.9325989426e-01  -1.9396703971e-01   7.7995928579e-01   1.5895064849e+00   1.2053724401e-01
  -1.9180212350e-01  -1.9255274881e-01   8.7393108654e-01   1.5808181068e+00   7.5400970829e-02
  -1.9024256431e-01  -1.9105149818e-01   9.6804201865e-01   1.5658331438e+00   3.7373429869e-02
  -1.8854366466e-01  -1.8943363044e-01   1.0621560265e+00   1.5424433297e+00   8.1057930836e-03
  -1.8664397079e-01  -1.8765369889e-01   1.1563110369e+00   1.5071092860e+00  -9.9832830285e-03
  -1.8442730585e-01  -1.8563424269e-01   1.2506031952e+00   1.4531012338e+00  -1.2667842191e-02
  -1.8160313917e-01  -1.8322036901e-01   1.3457173595e+00   1.3634205971e+00   9.6932976548e-03
  -1.7756259117e-01  -1.7998590933e-01   1.4324366229e+00   1.1943682919e+00   8.1113040379e-02
  -1.7303185648e-01  -1.7513927301e-01   1.4677345935e+00   9.5411109838e-01   1.9281568975e-01
  -1.6908706558e-01  -1.7092443995e-01   1.4475066297e+00   7.0408039570e-01   2.9826902956e-01
  -1.6556874658e-01  -1.6724969121e-01   1.3937370183e+00   4.5384526384e-01   3.8392675577e-01
  -1.6230329771e-01  -1.6388780195e-01   1.3173859158e+00   2.0424642089e-01   4.4675664723e-01
  -1.5930533986e-01  -1.6071879347e-01   1.2270887879e+00  -3.6617456682e-02   4.8534289505e-01
  -1.5665937975e-01  -1.5789188625e-01   1.1330258366e+00  -2.5485970353e-01   5.0144823930e-01
  -1.5431114807e-01  -1.5542687324e-01   1.0390031507e+00  -4.5117989889e-01   5.0060000848e-01
  -1.5216225868e-01  -1.5319542290e-01   9.4493902115e-01  -6.3118488346e-01   4.8705098805e-01
  -1.5015713276e-01  -1.5112909446e-01   8.5106294555e-01  -7.9739357365e-01   4.6354368240e-01
  -1.4825992434e-01  -1.4918517106e-01   7.5702011276e-01  -9.5214571998e-01   4.3183000419e-01
  -1.4644521115e-01  -1.4733467761e-01   6.6312308573e-01  -1.0959266161e+00   3.9331172342e-01
  -1.4469345284e-01  -1.4555574469e-01   5.6905712023e-01  -1.2297765043e+00   3.4879652214e-01
  -1.4298867368e-01  -1.4383116098e-01   4.7510167379e-01  -1.3535106003e+00   2.9906746333e-01
  -1.4131690759e-01  -1.4214618637e-01   3.8135543649e-01  -1.4670154065e+00   2.4464277644e-01
  -1.3966534044e-01  -1.4048762881e-01   2.8695965552e-01  -1.5709134166e+00   1.8521388871e-01
  -1.3802137227e-01  -1.3884305207e-01   1.9325349769e-01  -1.6631329041e+00   1.2167298505e-01
  -1.3637181817e-01  -1.3719969246e-01   9.9197254608e-02  -1.7438435921e+00   5.3201884807e-02
  -1.3470202479e-01  -1.3554394387e-01   5.0744035323e-03  -1.8113129741e+00  -2.0412669154e-02
  -1.3299460342e-01  -1.3386010571e-01  -8.8834059750e-02  -1.8634197039e+00  -9.9590757752e-02
  -1.3122742364e-01  -1.3212910114e-01  -1.8282194681e-01  -1.8975201545e+00  -1.8562018138e-01
  -1.2936992205e-01  -1.3032574614e-01  -2.7691919079e-01  -1.9092683293e+00  -2.8023620647e-01
  -1.2737607576e-01  -1.2841409796e-01  -3.7100986332e-01  -1.8918191535e+00  -3.8609064194e-01
  -1.2516795232e-01  -1.2633805357e-01  -4.6509438804e-01  -1.8334007966e+00  -5.0805274815e-01
  -1.2259649311e-01  -1.2399785107e-01  -5.5939629324e-01  -1.7096531753e+00  -6.5655103368e-01
  -1.1978118372e-01  -1.2119513514e-01  -6.4118879286e-01  -1.5051103643e+00  -8.2537500073e-01
  -1.1722127913e-01  -1.1836723231e-01  -6.9499184900e-01  -1.2566826979e+00  -9.8409865579e-01
  -1.1509287231e-01  -1.1607532595e-01  -7.2410045065e-01  -1.0052340035e+00  -1.1194616741e+00
  -1.1322832905e-01  -1.1411041867e-01  -7.3812833173e-01  -7.5440826078e-01  -1.2397722399e+00
  -1.1153107570e-01  -1.1234623943e-01  -7.4207672782e-01  -5.0397509869e-01  -1.3501488444e+00
  -1.0994725144e-01  -1.1071591197e-01  -7.3870821294e-01  -2.5266369451e-01  -1.4538436043e+00
  -1.0844209005e-01  -1.0917859092e-01  -7.2982501113e-01  -2.5272853433e-03  -1.5516960655e+00
  -1.0699069130e-01  -1.0770558918e-01  -7.1661707232e-01   2.4808512977e-01  -1.6454863294e+00
  -1.0557379342e-01  -1.0627579343e-01  -6.9992284229e-01   4.9951656458e-01  -1.7360590747e+00
  -1.0417484262e-01  -1.0487179340e-01  -6.8066755704e-01   7.4880752790e-01  -1.8229075475e+00
  -1.0277836491e-01  -1.0347789183e-01  -6.5905435578e-01   1.0006407198e+00  -1.9080104496e+00
  -1.0136848770e-01  -1.0207883800e-01  -6.3592546126e-01   1.2507904771e+00  -1.9901357459e+00
  -9.9927160114e-02  -1.0065813741e-01  -6.1158487987e-01   1.5011587490e+00  -2.0700199923e+00
  -9.8431492431e-02  -9.9196182820e-02  -5.8643638538e-01   1.7523009715e+00  -2.1477485299e+00
  -9.6849353975e-02  -9.7666802042e-02  -5.6116786047e-01   2.0026529547e+00  -2.2225468613e+00
  -9.5128935434e-02  -9.6031905908e-02  -5.3630397089e-01   2.2540295665e+00  -2.2942673386e+00
  -9.3169554815e-02  -9.4225964960e-02  -5.1304828627e-01   2.5061721934e+00  -2.3612073156e+00
  -9.0693116826e-02  -9.2113144671e-02  -4.9409671108e-01   2.7603827224e+00  -2.4189705450e+00
  -8.6064311804e-02  -8.9273088982e-02  -5.0039344313e-01   2.9916781304e+00  -2.4248960162e+00
  -8.1038906322e-02  -8.2855534627e-02  -5.6450303711e-01   2.8996318350e+00  -2.2841354279e+00
  -7.8108252031e-02  -7.9222278017e-02  -6.3267600078e-01   2.6466284117e+00  -2.1124173678e+00
  -7.6119770026e-02  -7.6994226045e-02  -6.8987269598e-01   2.3935792648e+00  -1.9571524101e+00
  -7.4493656872e-02  -7.5245314008e-02  -7.4176529247e-01   2.1420222801e+00  -1.8079315140e+00
  -7.3066926550e-02  -7.3741999736e-02  -7.9035532074e-01   1.8900952779e+00  -1.6607255254e+00
  -7.1768786630e-02  -7.2391853364e-02  -8.3591737876e-01   1.6401797756e+00  -1.5156366270e+00
  -7.0560251636e-02  -7.1145719897e-02  -8.7922448720e-01   1.3902909253e+00  -1.3708004825e+00
  -6.9417550346e-02  -6.9974783374e-02  -9.2091330612e-01   1.1377483523e+00  -1.2242096214e+00
  -6.8324055410e-02  -6.8860317318e-02  -9.6008074408e-01   8.8888158883e-01  -1.0792158824e+00
  -6.7267461975e-02  -6.7787793503e-02  -9.9767817024e-01   6.3828768292e-01  -9.3242616005e-01
  -6.6238617133e-02  -6.6747130448e-02  -1.0336334075e+00   3.8635580059e-01  -7.8383039412e-01
  -6.5229849759e-02  -6.5730103818e-02  -1.0675043635e+00   1.3620397094e-01  -6.3507073895e-01
  -6.4234582529e-02  -6.4729595701e-02  -1.0995462259e+00  -1.1410520152e-01  -4.8481762329e-01
  -6.3247023061e-02  -6.3739569357e-02  -1.1297227550e+00  -3.6480330887e-01  -3.3272764541e-01
  -6.2261713444e-02  -6.2754476766e-02  -1.1579469375e+00  -6.1600635568e-01  -1.7850321535e-01
  -6.1273271772e-02  -6.1768950123e-02  -1.1839581790e+00  -8.6640816541e-01  -2.2710397026e-02
  -6.0276158330e-02  -6.0777593420e-02  -1.2076897498e+00  -1.1167182234e+00   1.3535358786e-01
  -5.9264388663e-02  -5.9774723239e-02  -1.2289366146e+00  -1.3668509988e+00   2.9595719592e-01
  -5.8231038661e-02  -5.8754054088e-02  -1.2475745786e+00  -1.6189117091e+00   4.6089941296e-01
  -5.7167898835e-02  -5.7708023234e-02  -1.2629867456e+00  -1.8694121481e+00   6.2842160952e-01
  -5.6065022706e-02  -5.6627774435e-02  -1.2747675288e+00  -2.1178527258e+00   7.9874664770e-01
  -5.4910797379e-02  -5.5502270977e-02  -1.2824967107e+00  -2.3706641945e+00   9.7728282339e-01
  -5.3708034454e-02  -5.4319323781e-02  -1.2849780676e+00  -2.6154348108e+00   1.1564052216e+00
  -5.2463138266e-02  -5.3096745126e-02  -1.2814858326e+00  -2.8511621394e+00   1.3364202856e+00
  -5.1166546254e-02  -5.1829531406e-02  -1.2710959969e+00  -3.0743955880e+00   1.5160831981e+00
  -4.9801008403e-02  -5.0503561102e-02  -1.2522636815e+00  -3.2852666929e+00   1.6976486343e+00
  -4.8342526768e-02  -4.9098455703e-02  -1.2235408652e+00  -3.4758778264e+00   1.8772997626e+00
  -4.6754581213e-02  -4.7586597833e-02  -1.1817968467e+00  -3.6440452227e+00   2.0577220550e+00
  -4.4974374735e-02  -4.5922564593e-02  -1.1223364365e+00  -3.7801378354e+00   2.2381882068e+00
  -4.2998052848e-02  -4.4026184878e-02  -1.0409965977e+00  -3.8650323202e+00   2.4101978118e+00
  -4.1070655474e-02  -4.1969920818e-02  -9.4729685730e-01  -3.8806244142e+00   2.5474865068e+00
  -3.9362305491e-02  -4.0171390129e-02  -8.5327755891e-01  -3.8386348631e+00   2.6423371898e+00
  -3.7805683954e-02  -3.8553220854e-02  -7.5909985141e-01  -3.7559448716e+00   2.7067779747e+00
  -3.6354604293e-02  -3.7058147054e-02  -6.6494813491e-01  -3.6424352843e+00   2.7476235789e+00
  -3.4979688191e-02  -3.5651061533e-02  -5.7108083359e-01  -3.5048090631e+00   2.7692403770e+00
  -3.3660687901e-02  -3.4308314849e-02  -4.7716214745e-01  -3.3468683450e+00   2.7746160597e+00
  -3.2382721616e-02  -3.3013060953e-02  -3.8296983724e-01  -3.1711371685e+00   2.7656018985e+00
  -3.1134000315e-02  -3.1752382279e-02  -2.8876542198e-01  -2.9802509857e+00   2.7434684255e+00
  -2.9904597774e-02  -3.0515618351e-02  -1.9465781529e-01  -2.7761684172e+00   2.7091511544e+00
  -2.8685747466e-02  -2.9293577198e-02  -1.0065208231e-01  -2.5602705450e+00   2.6632391983e+00
  -2.7469270579e-02  -2.8077917734e-02  -6.6951128610e-03  -2.3334854158e+00   2.6059814020e+00
  -2.6247064189e-02  -2.6860623423e-02   8.7280468932e-02  -2.0964285506e+00   2.5373021367e+00
  -2.5014821667e-02  -2.5633504956e-02   1.8098486497e-01  -1.8504379345e+00   2.4571320714e+00
  -2.3783464998e-02  -2.4396138378e-02   2.7287076257e-01  -1.6002709023e+00   2.3665701149e+00
  -2.2559798503e-02  -2.3170791618e-02   3.6183100253e-01  -1.3497821335e+00   2.2666586845e+00
  -2.1333573805e-02  -2.1948805389e-02   4.4807680499e-01  -1.0991404044e+00   2.1570077253e+00
  -2.0092652379e-02  -2.0718342222e-02   5.3182479623e-01  -8.4821199602e-01   2.0367370880e+00
  -1.8823713972e-02  -1.9466962537e-02   6.1310071775e-01  -5.9717031789e-01   1.9046700562e+00
  -1.7510956879e-02  -1.8180465406e-02   6.9167768419e-01  -3.4675377791e-01   1.7594352260e+00
  -1.6134263046e-02  -1.6841448352e-02   7.6766523107e-01  -9.6313219280e-02   1.5980291173e+00
  -1.4716027676e-02  -1.5427077741e-02   8.3836087606e-01   1.4551529545e-01   1.4231642438e+00
  -1.3323109993e-02  -1.4004977611e-02   9.0034303712e-01   3.6672111933e-01   1.2417735625e+00
  -1.1982185388e-02  -1.2641242376e-02   9.5137746355e-01   5.5796988626e-01   1.0624130497e+00
  -1.0682244316e-02  -1.1323128401e-02   9.9327051441e-01   7.2436871002e-01   8.8235599797e-01
  -9.4147914636e-03  -1.0041360232e-02   1.0265246752e+00   8.6672971015e-01   7.0198727754e-01
  -8.1726570787e-03  -8.7882226952e-03   1.0516088522e+00   9.8590083617e-01   5.2162149336e-01
  -6.9495966886e-03  -7.5570914623e-03   1.0689659861e+00   1.0827851614e+00   3.4141823629e-01
  -5.7399918747e-03  -6.3421019150e-03   1.0789885712e+00   1.1582410190e+00   1.6141492716e-01
  -4.5386011756e-03  -5.1378818345e-03   1.0820016447e+00   1.2130061638e+00  -1.8441943246e-02
  -3.3403364641e-03  -3.9393205168e-03   1.0782522508e+00   1.2476432803e+00  -1.9826581718e-01
  -2.1400090595e-03  -2.7413524114e-03   1.0677901625e+00   1.2624674983e+00  -3.7940332123e-01
  -9.3212634877e-04  -1.5386657077e-03   1.0508485832e+00   1.2574199552e+00  -5.5950284250e-01
   2.8931424925e-04  -3.2558698988e-04   1.0274863374e+00   1.2327658409e+00  -7.3946758047e-01
   1.5311812089e-03   9.0421548837e-04   9.9765881859e-01   1.1882983720e+00  -9.1954350850e-01
   2.8016617177e-03   2.1581469294e-03   9.6129604730e-01   1.1236264040e+00  -1.0995444287e+00
   4.1109605850e-03   3.4451765061e-03   9.1813136525e-01   1.0378696566e+00  -1.2797208837e+00
   5.4725294366e-03   4.7767446639e-03   8.6762820577e-01   9.2937239859e-01  -1.4605602413e+00
   6.9046774823e-03   6.1683142094e-03   8.0963359862e-01   7.9712885415e-01  -1.6405364213e+00
   8.4340799804e-03   7.6410407552e-03   7.4302591264e-01   6.3774110088e-01  -1.8204464412e+00
   1.0104145255e-02   9.2271192055e-03   6.6573292390e-01   4.4488609411e-01  -2.0012631878e+00
   1.1941516552e-02   1.0981171305e-02   5.7742879761e-01   2.1605945153e-01  -2.1777362533e+00
   1.3844002375e-02   1.2901861799e-02   4.8492471239e-01  -3.1936426096e-02  -2.3326980822e+00
   1.5719327137e-02   1.4786142951e-02   3.9402971291e-01  -2.8318693107e-01  -2.4563566590e+00
   1.7600566921e-02   1.6652511322e-02   3.0594232976e-01  -5.3348363076e-01  -2.5482090275e+00
   1.9538400328e-02   1.8548622520e-02   2.1988687360e-01  -7.8434177754e-01  -2.6081484591e+00
   2.1598120379e-02   2.0528178135e-02   1.3574931275e-01  -1.0356361918e+00  -2.6317879519e+00
   2.3888292623e-02   2.2668062623e-02   5.3477362136e-02  -1.2869252529e+00  -2.6090829932e+00
   2.6618799763e-02   2.5108522624e-02  -2.6922752900e-02  -1.5366043590e+00  -2.5157602250e+00
   2.9401618874e-02   2.8129076902e-02  -8.8165163640e-02  -1.7258146112e+00  -2.3533387784e+00
   3.1692531966e-02   3.0674160846e-02  -1.2198073239e-01  -1.8235844764e+00  -2.1716896807e+00
   3.3600221992e-02   3.2710903086e-02  -1.3879766596e-01  -1.8613053932e+00  -1.9909745530e+00
   3.5300111210e-02   3.4489540898e-02  -1.4554001336e-01  -1.8601307371e+00  -1.8098966690e+00
   3.6869555690e-02   3.6110681521e-02  -1.4528266293e-01  -1.8296056644e+00  -1.6299927512e+00
   3.8351830203e-02   3.7628429858e-02  -1.3979655534e-01  -1.7747728847e+00  -1.4498308172e+00
   3.9774323875e-02   3.9075230547e-02  -1.3015517507e-01  -1.6986910858e+00  -1.2698209086e+00
   4.1156420734e-02   4.0473417203e-02  -1.1698818180e-01  -1.6025237881e+00  -1.0888653722e+00
   4.2513044807e-02   4.1839424264e-02  -1.0098231626e-01  -1.4886309542e+00  -9.0919874999e-01
   4.3856500443e-02   4.3186665349e-02  -8.2384407128e-02  -1.3566999892e+00  -7.2917967530e-01
   4.5197538296e-02   4.4526335537e-02  -6.1369855046e-02  -1.2062176043e+00  -5.4821236780e-01
   4.6546249027e-02   4.5868741055e-02  -3.8464285991e-02  -1.0393879049e+00  -3.6899393971e-01
   4.7912792377e-02   4.7223756999e-02  -1.3339186082e-02  -8.5230692391e-01  -1.8790228354e-01
   4.9307828469e-02   4.8601827754e-02   1.3397280378e-02  -6.4805434664e-01  -8.6962973379e-03
   5.0743392454e-02   5.0013829184e-02   4.2224992780e-02  -4.2148903046e-01   1.7213481264e-01
   5.2207825414e-02   5.1472955725e-02   7.2285915413e-02  -1.7796281624e-01   3.4934990589e-01
   5.3650667067e-02   5.2942695103e-02   1.0227500306e-01   7.2529144639e-02   5.1622592439e-01
   5.5047776467e-02   5.4358639031e-02   1.3127293661e-01   3.2203102440e-01   6.6915133631e-01
   5.6414013560e-02   5.5736913904e-02   1.5975931369e-01   5.7418749946e-01   8.1191003119e-01
   5.7762323677e-02   5.7091113216e-02   1.8721139187e-01   8.2381371401e-01   9.4287168565e-01
   5.9104466362e-02   5.8433534137e-02   2.1404666677e-01   1.0740826955e+00   1.0648681144e+00
   6.0451808752e-02   5.9775398588e-02   2.4039189220e-01   1.3257820326e+00   1.1789638345e+00
   6.1816225066e-02   6.1128218917e-02   2.6585960914e-01   1.5747168655e+00   1.2839953256e+00
   6.3211375120e-02   6.2504231215e-02   2.9111817750e-01   1.8270783617e+00   1.3830789626e+00
   6.4653930942e-02   6.3918519026e-02   3.1560300428e-01   2.0770138525e+00   1.4742887006e+00
   6.6165814248e-02   6.5389342859e-02   3.3961082687e-01   2.3273873034e+00   1.5591166157e+00
   6.7779318088e-02   6.6942285637e-02   3.6315186670e-01   2.5786169142e+00   1.6378701285e+00
   6.9546485745e-02   6.8616350540e-02   3.8598756405e-01   2.8290879178e+00   1.7101571442e+00
   7.1567532276e-02   7.0476620951e-02   4.0810133902e-01   3.0813370238e+00   1.7765761536e+00
   7.4104885422e-02   7.2658443602e-02   4.2866746442e-01   3.3349517042e+00   1.8363107692e+00
   7.7526520153e-02   7.5551327241e-02   4.4208290169e-01   3.5546195585e+00   1.8802763826e+00
   8.1476905976e-02   7.9501713064e-02   4.3473495030e-01   3.6238712342e+00   1.8868479181e+00
   8.5477905063e-02   8.3452098887e-02   3.9865792198e-01   3.4820733513e+00   1.8508083605e+00
   8.8741837857e-02   8.7503711239e-02   3.4761292908e-01   3.2210924559e+00   1.7942922779e+00
   9.0981550477e-02   8.9979964474e-02   3.0076401536e-01   2.9687266564e+00   1.7415659028e+00
   9.2861396960e-02   9.1983136480e-02   2.5466046003e-01   2.7174613488e+00   1.6891384910e+00
   9.4541878575e-02   9.3739657440e-02   2.0861717646e-01   2.4658837670e+00   1.6360418895e+00
   9.6096131064e-02   9.5344099709e-02   1.6281529670e-01   2.2157098496e+00   1.5822364945e+00
   9.7565832357e-02   9.6848162418e-02   1.1697048889e-01   1.9655167575e+00   1.5271223739e+00
   9.8977729923e-02   9.8283502295e-02   7.0879609912e-02   1.7140270253e+00   1.4701383663e+00
   1.0035123539e-01   9.9671957551e-02   2.5168919585e-02   1.4642869970e+00   1.4117274461e+00
   1.0170158899e-01   1.0103051323e-01  -2.0732341600e-02   1.2126305183e+00   1.3507728731e+00
   1.0304161504e-01   1.0237266476e-01  -6.5939554708e-02   9.6319328105e-01   1.2880054834e+00
   1.0438312125e-01   1.0371056532e-01  -1.1101569925e-01   7.1194003070e-01   1.2221065563e+00
   1.0573772454e-01   1.0505567718e-01  -1.5529499176e-01   4.6135579858e-01   1.1533452487e+00
   1.0711777092e-01   1.0641977189e-01  -1.9856800407e-01   2.1106772791e-01   1.0812038761e+00
   1.0853732118e-01   1.0781576996e-01  -2.4049024061e-01  -3.9019811043e-02   1.0051354946e+00
   1.1001381601e-01   1.0925887241e-01  -2.8078890805e-01  -2.9035594870e-01   9.2395724951e-01
   1.1157029742e-01   1.1076875960e-01  -3.1849480086e-01  -5.4144618586e-01   8.3715553393e-01
   1.1323910999e-01   1.1237183524e-01  -3.5247503518e-01  -7.9162154459e-01   7.4364845848e-01
   1.1507083258e-01   1.1410638474e-01  -3.8125037713e-01  -1.0422768454e+00   6.4083829300e-01
   1.1715595752e-01   1.1603528043e-01  -4.0178585194e-01  -1.2937671684e+00   5.2482723401e-01
   1.1969438156e-01   1.1827663460e-01  -4.0739100407e-01  -1.5463473237e+00   3.8756741876e-01
   1.2294359536e-01   1.2111212852e-01  -3.8208913760e-01  -1.7801604963e+00   2.2245370193e-01
   1.2658882411e-01   1.2477506220e-01  -3.1195978872e-01  -1.9279517309e+00   5.5323178710e-02
   1.2978377682e-01   1.2840258601e-01  -2.1783838943e-01  -1.9637028822e+00  -7.1699468050e-02
   1.3235774354e-01   1.3116496762e-01  -1.2338456047e-01  -1.9341586460e+00  -1.5932565671e-01
   1.3465455028e-01   1.3355051945e-01  -2.9196608662e-02  -1.8705535207e+00  -2.2643765863e-01
   1.3682756115e-01   1.3575858111e-01   6.5172881334e-02  -1.7832589626e+00  -2.8090410076e-01
   1.3897182370e-01   1.3789654119e-01   1.5912802228e-01  -1.6770330978e+00  -3.2642237735e-01
   1.4117369974e-01   1.4004710620e-01   2.5338603808e-01  -1.5516683677e+00  -3.6599345058e-01
   1.4354874708e-01   1.4230029328e-01   3.4773719450e-01  -1.4041822625e+00  -4.0169889713e-01
   1.4633888714e-01   1.4479720088e-01   4.4274634424e-01  -1.2223219257e+00  -4.3656388724e-01
   1.4981236160e-01   1.4788057341e-01   5.2750272653e-01  -9.9550934351e-01  -4.7294616137e-01
   1.5385946366e-01   1.5174414979e-01   5.6846143071e-01  -7.4529615496e-01  -5.1058198902e-01
   1.5819320894e-01   1.5597477754e-01   5.3395758608e-01  -5.0925189243e-01  -5.4875669464e-01
   1.6184740152e-01   1.6041164034e-01   4.4401067938e-01  -3.4137302224e-01  -5.7924492259e-01
   1.6440447902e-01   1.6328316269e-01   3.4894150878e-01  -2.4324788168e-01  -5.9816429669e-01
   1.6650136438e-01   1.6552579535e-01   2.5455306012e-01  -1.7479898982e-01  -6.1090146261e-01
   1.6837033901e-01   1.6747693341e-01   1.6037840067e-01  -1.2278381664e-01  -6.1922202567e-01
   1.7010830122e-01   1.6926374462e-01   6.6123370277e-02  -8.1827281971e-02  -6.2367100348e-01
   1.7177006805e-01   1.7095285781e-01  -2.7942747055e-02  -4.9368074062e-02  -6.2433951056e-01
   1.7339327517e-01   1.7258727828e-01  -1.2185975870e-01  -2.3842602489e-02  -6.2112265257e-01
   1.7500830949e-01   1.7419927206e-01  -2.1604369134e-01  -4.3366744661e-03  -6.1366681274e-01
   1.7664414492e-01   1.7581734693e-01  -3.0998144927e-01   9.4034247548e-03  -6.0147875416e-01
   1.7833348868e-01   1.7747094292e-01  -4.0424848298e-01   1.7391485149e-02  -5.8363995044e-01
   1.8011963246e-01   1.7919603443e-01  -4.9830736618e-01   1.9020112680e-02  -5.5893576218e-01
   1.8207106981e-01   1.8104323049e-01  -5.9265645968e-01   1.2937253074e-02  -5.2500598920e-01
   1.8432341455e-01   1.8309890913e-01  -6.8711892898e-01  -4.0369308896e-03  -4.7746006800e-01
   1.8730324195e-01   1.8554791997e-01  -7.8333599641e-01  -4.2442060287e-02  -4.0232296372e-01
   1.9198932527e-01   1.8905856393e-01  -8.5553828903e-01  -1.3570543743e-01  -2.6694208630e-01
   1.9726099767e-01   1.9492008661e-01  -8.2270144871e-01  -2.7429858966e-01  -1.1527971018e-01
   2.0095746375e-01   1.9960190873e-01  -7.2601510476e-01  -3.8375867083e-01  -2.7835823711e-02
   2.0338988416e-01   2.0231301878e-01  -6.3116338701e-01  -4.5602193160e-01   1.2692409344e-02
   2.0540576969e-01   2.0446674954e-01  -5.3668078187e-01  -5.1330550500e-01   3.3262867783e-02
   2.0720180342e-01   2.0634478985e-01  -4.4266711019e-01  -5.6043467377e-01   4.0280752966e-02
   2.0886272091e-01   2.0805881699e-01  -3.4846245858e-01  -5.9973751315e-01   3.6617212396e-02
   2.1043552366e-01   2.0966662483e-01  -2.5453365243e-01  -6.3195721475e-01   2.3792208311e-02
   2.1195075282e-01   2.1120442249e-01  -1.6036954657e-01  -6.5770277082e-01   2.6304947989e-03
   2.1343051381e-01   2.1269708315e-01  -6.6273027667e-02  -6.7697884241e-01  -2.6299948587e-02
   2.1489263354e-01   2.1416394446e-01   2.7714255790e-02  -6.8967772911e-01  -6.2662199723e-02
   2.1635282734e-01   2.1562132261e-01   1.2167779634e-01  -6.9549671991e-01  -1.0635106361e-01
   2.1782637853e-01   2.1708433207e-01   2.1571547986e-01  -6.9387662980e-01  -1.5745900269e-01
   2.1932969182e-01   2.1856842500e-01   3.0983011155e-01  -6.8395860213e-01  -2.1620933393e-01
   2.2088202986e-01   2.2009095864e-01   4.0381807936e-01  -6.6456608037e-01  -2.8285068341e-01
   2.2250829290e-01   2.2167310109e-01   4.9793196742e-01  -6.3387020040e-01  -3.5820350003e-01
   2.2424396686e-01   2.2334348470e-01   5.9202838840e-01  -5.8919171322e-01  -4.4319853809e-01
   2.2614578731e-01   2.2514444901e-01   6.8620717996e-01  -5.2600307748e-01  -5.3967456505e-01
   2.2832036589e-01   2.2714712560e-01   7.8048478968e-01  -4.3592307778e-01  -6.5091126309e-01
   2.3104116554e-01   2.2949360617e-01   8.7582625670e-01  -2.9704296871e-01  -7.8615434660e-01
   2.3446740230e-01   2.3258872491e-01   9.5609054476e-01  -8.7301086095e-02  -9.3826123092e-01
   2.3803867974e-01   2.3634607970e-01   9.9119630496e-01   1.6304422439e-01  -1.0632274904e+00
   2.4135828121e-01   2.3973127978e-01   9.7756473419e-01   4.1373017034e-01  -1.1370107060e+00
   2.4464229029e-01   2.4298528263e-01   9.2242388389e-01   6.6434148836e-01  -1.1628028221e+00
   2.4774388155e-01   2.4629929796e-01   8.3694019615e-01   8.8996182559e-01  -1.1422934530e+00
   2.5038396827e-01   2.4918846514e-01   7.4228139121e-01   1.0637774018e+00  -1.0905428620e+00
   2.5265231116e-01   2.5157947139e-01   6.4812684144e-01   1.1929997328e+00  -1.0223170445e+00
   2.5473031395e-01   2.5372515093e-01   5.5394369015e-01   1.2912105067e+00  -9.4235509511e-01
   2.5670511721e-01   2.5573547696e-01   4.5972150183e-01   1.3636250218e+00  -8.5289054043e-01
   2.5863194685e-01   2.5767475745e-01   3.6577510746e-01   1.4123440176e+00  -7.5538496757e-01
   2.6055367048e-01   2.5958913624e-01   2.7187185472e-01   1.4381195682e+00  -6.5013130263e-01
   2.6251072899e-01   2.6151820472e-01   1.7773194028e-01   1.4400093074e+00  -5.3678768671e-01
   2.6454940182e-01   2.6350325326e-01   8.3466989827e-02   1.4153813996e+00  -4.1496143044e-01
   2.6673238471e-01   2.6559555038e-01  -1.0514039016e-02   1.3598503486e+00  -2.8412475892e-01
   2.6916222718e-01   2.6786921904e-01  -1.0470336442e-01   1.2646985151e+00  -1.4145438463e-01
   2.7205175754e-01   2.7045523533e-01  -1.9932059983e-01   1.1113943316e+00   1.8158295237e-02
   2.7542659499e-01   2.7364827974e-01  -2.8307190697e-01   8.9163867114e-01   1.8232365380e-01
   2.7889122059e-01   2.7720491024e-01  -3.3847731969e-01   6.4037664533e-01   3.1860266730e-01
   2.8234944938e-01   2.8057753094e-01  -3.6405034607e-01   3.8884655159e-01   4.1524593520e-01
   2.8629386712e-01   2.8412136782e-01  -3.6347808361e-01   1.3543934297e-01   4.7421690301e-01
   2.9276767405e-01   2.8846636642e-01  -3.2440645977e-01  -1.0839996489e-01   4.5811589294e-01
   3.0061497953e-01   2.9706898168e-01  -2.8655221841e-01  -7.0916695477e-02   3.2675167195e-01
   3.0637126398e-01   3.0416097737e-01  -3.0692282651e-01   1.7992111934e-01   2.1079303574e-01
   3.1056872481e-01   3.0858155059e-01  -3.5936400294e-01   4.3300986062e-01   1.5495514465e-01
   3.1463802338e-01   3.1255589902e-01  -4.3611318171e-01   6.8113829464e-01   1.4642317386e-01
   3.1872411652e-01   3.1672014775e-01  -5.2826423856e-01   8.8934745889e-01   1.9519387403e-01
   3.2287356189e-01   3.2072808529e-01  -6.2220381843e-01   1.0213961101e+00   3.0979225142e-01
   3.2687829824e-01   3.2501903849e-01  -6.9687231049e-01   1.0543362184e+00   4.7718119379e-01
   3.3033830393e-01   3.2873755799e-01  -7.3622275353e-01   1.0024379512e+00   6.5827657442e-01
   3.3344961879e-01   3.3193904987e-01  -7.4366346309e-01   8.9685994498e-01   8.3870950790e-01
   3.3648870306e-01   3.3496018770e-01  -7.2082527189e-01   7.4960152424e-01   1.0192276337e+00
   3.3967017916e-01   3.3801721842e-01  -6.6259734193e-01   5.6228918056e-01   1.1987925822e+00
   3.4270881407e-01   3.4132313990e-01  -5.7541019495e-01   3.6680354808e-01   1.3482372856e+00
   3.4523117408e-01   3.4409448823e-01  -4.8080320432e-01   2.0173659527e-01   1.4467369098e+00
   3.4737466320e-01   3.4636785992e-01  -3.8655059052e-01   6.5467092978e-02   1.5067068417e+00
   3.4931156545e-01   3.4838146648e-01  -2.9259445094e-01  -5.0891007748e-02   1.5390870502e+00
   3.5112509625e-01   3.5024166442e-01  -1.9831948453e-01  -1.5251468015e-01   1.5488161952e+00
   3.5286583623e-01   3.5200852807e-01  -1.0419253265e-01  -2.4159152033e-01   1.5380398729e+00
   3.5457029672e-01   3.5372314438e-01  -1.0072856494e-02  -3.2019274376e-01   1.5076633648e+00
   3.5626879955e-01   3.5541744907e-01   8.3879909561e-02  -3.8965576381e-01   1.4576288133e+00
   3.5799061964e-01   3.5712015003e-01   1.7790726600e-01  -4.5136621686e-01   1.3866793686e+00
   3.5976860714e-01   3.5886108925e-01   2.7195168813e-01  -5.0638429604e-01   1.2924616188e+00
   3.6164560677e-01   3.6067612502e-01   3.6612977336e-01  -5.5598310977e-01   1.1706575907e+00
   3.6366197227e-01   3.6261508852e-01   4.5916673888e-01  -6.0119409643e-01   1.0164026815e+00
   3.6568115675e-01   3.6470885602e-01   5.4257126924e-01  -6.4066151852e-01   8.3957473891e-01
   3.6754825006e-01   3.6665345748e-01   6.0909541815e-01  -6.7397962221e-01   6.5945323565e-01
   3.6928695524e-01   3.6844304263e-01   6.6135083095e-01  -7.0443501045e-01   4.7891318654e-01
   3.7094160435e-01   3.7013086785e-01   7.0157938702e-01  -7.3434461302e-01   2.9933463501e-01
   3.7254251576e-01   3.7175234086e-01   7.3193951368e-01  -7.6597072989e-01   1.1812607448e-01
   3.7411286219e-01   3.7333269067e-01   7.5300138565e-01  -8.0023187931e-01  -6.1651690041e-02
   3.7567245930e-01   3.7489303370e-01   7.6581613055e-01  -8.3866515506e-01  -2.4158866947e-01
   3.7723981263e-01   3.7645188489e-01   7.7082431736e-01  -8.8257401006e-01  -4.2186846017e-01
   3.7883443336e-01   3.7802774038e-01   7.6822099188e-01  -9.3334570746e-01  -6.0253012547e-01
   3.8047891362e-01   3.7964112633e-01   7.5809091356e-01  -9.9214810927e-01  -7.8234641193e-01
   3.8220252201e-01   3.8131670090e-01   7.4014647655e-01  -1.0613959609e+00  -9.6278894995e-01
   3.8404748900e-01   3.8308834311e-01   7.1388150837e-01  -1.1434076832e+00  -1.1427897220e+00
   3.8608416343e-01   3.8500663490e-01   6.7773972955e-01  -1.2432672413e+00  -1.3239153347e+00
   3.8845280006e-01   3.8716169196e-01   6.2921491516e-01  -1.3680833630e+00  -1.5046061753e+00
   3.9152402103e-01   3.8974390817e-01   5.6003591383e-01  -1.5389751428e+00  -1.6861118827e+00
   3.9540749083e-01   3.9330413390e-01   4.7165617820e-01  -1.7517384497e+00  -1.8219474286e+00
   3.9998842425e-01   3.9751084777e-01   3.7734401151e-01  -1.9649847254e+00  -1.8416272622e+00
   4.0461283637e-01   4.0246600073e-01   3.0046494715e-01  -2.0986915522e+00  -1.7185973772e+00
   4.0824270461e-01   4.0675967201e-01   2.5357065356e-01  -2.1207066501e+00  -1.5340495685e+00
   4.1098573482e-01   4.0972573721e-01   2.2425817881e-01  -2.0771401613e+00  -1.3529819875e+00
   4.1339891324e-01   4.1224573243e-01   2.0055635370e-01  -1.9932089905e+00  -1.1722205056e+00
   4.1565410983e-01   4.1455209406e-01   1.7838671105e-01  -1.8762197089e+00  -9.9220140673e-01
   4.1784309690e-01   4.1675612559e-01   1.5496173320e-01  -1.7271109512e+00  -8.1155666571e-01
   4.2003306119e-01   4.1893006820e-01   1.2813302650e-01  -1.5457887820e+00  -6.3145771218e-01
   4.2228473499e-01   4.2113605417e-01   9.5300268688e-02  -1.3285489509e+00  -4.5163419996e-01
   4.2453237295e-01   4.2343341581e-01   5.5767401803e-02  -1.0846376042e+00  -2.8233426506e-01
   4.2665741155e-01   4.2563133009e-01   1.1179922184e-02  -8.3414857943e-01  -1.3626715870e-01
   4.2866541872e-01   4.2768349302e-01  -3.8202362620e-02  -5.8337274341e-01  -1.3595058329e-02
   4.3060534923e-01   4.2964734442e-01  -9.2758787104e-02  -3.3304982829e-01   8.8046544975e-02
   4.3251356087e-01   4.3156335404e-01  -1.5311690186e-01  -8.2572014716e-02   1.7039391761e-01
   4.3442094964e-01   4.3346376770e-01  -2.1993444295e-01   1.6833751937e-01   2.3400569282e-01
   4.3635753672e-01   4.3537813158e-01  -2.9355424036e-01   4.1852452878e-01   2.7846923127e-01
   4.3835654627e-01   4.3733694186e-01  -3.7513904853e-01   6.6913944440e-01   3.0311200093e-01
   4.4043662500e-01   4.3937615068e-01  -4.6447375990e-01   9.1664353123e-01   3.0614671151e-01
   4.4253985249e-01   4.4149709932e-01  -5.5844161570e-01   1.1511540565e+00   2.8681582400e-01
   4.4462320710e-01   4.4358260566e-01  -6.5233703949e-01   1.3622837408e+00   2.4720252899e-01
   4.4672758775e-01   4.4566380855e-01  -7.4633454376e-01   1.5529217333e+00   1.8878869346e-01
   4.4891196447e-01   4.4779136694e-01  -8.4048870050e-01   1.7248080084e+00   1.1165391425e-01
   4.5126594965e-01   4.5003256200e-01  -9.3469097553e-01   1.8787589053e+00   1.4241946592e-02
   4.5397375997e-01   4.5249933730e-01  -1.0294567373e+00   2.0158038089e+00  -1.0955982668e-01
   4.5735951527e-01   4.5544818263e-01  -1.1194054333e+00   2.1287812121e+00  -2.6826084626e-01
   4.6162797951e-01   4.5927084791e-01  -1.1757855531e+00   2.1904661958e+00  -4.4954942716e-01
   4.6651114958e-01   4.6398511111e-01  -1.1477795992e+00   2.1737276799e+00  -5.9338008785e-01
   4.7039569429e-01   4.6903718805e-01  -1.0520621695e+00   2.1139474627e+00  -6.3895228155e-01
   4.7279185709e-01   4.7175420054e-01  -9.5684651257e-01   2.0611553691e+00  -6.2676749493e-01
   4.7471013751e-01   4.7382951364e-01  -8.6258172599e-01   2.0128971929e+00  -5.9409258594e-01
   4.7637515518e-01   4.7559076137e-01  -7.6839503528e-01   1.9673737706e+00  -5.4913722708e-01
   4.7787857922e-01   4.7715954898e-01  -6.7425971504e-01   1.9237492230e+00  -4.9552408597e-01
   4.7926958189e-01   4.7859760947e-01  -5.8028295174e-01   1.8814655368e+00  -4.3537742528e-01
   4.8057834895e-01   4.7994155431e-01  -4.8623066428e-01   1.8399376966e+00  -3.6983770159e-01
   4.8182509209e-01   4.8121514360e-01  -3.9193083448e-01   1.7986845998e+00  -2.9964170171e-01
   4.8302447802e-01   4.8243504059e-01  -2.9791369620e-01   1.7575725516e+00  -2.2583132570e-01
   4.8418778828e-01   4.8361391545e-01  -2.0444996362e-01   1.7163867286e+00  -1.4916926053e-01
   4.8532376560e-01   4.8476166111e-01  -1.0948924944e-01   1.6738860421e+00  -6.8293930025e-02
   4.8643981443e-01   4.8588587009e-01  -1.6467884060e-02   1.6312940502e+00   1.3538368568e-02
   4.8754242565e-01   4.8699375878e-01   7.8603655090e-02   1.5864427135e+00   9.9584714864e-02
   4.8863737676e-01   4.8809109251e-01   1.7203612560e-01   1.5407128651e+00   1.8631442313e-01
   4.8973025032e-01   4.8918366101e-01   2.6591148838e-01   1.4927483312e+00   2.7542836201e-01
   4.9082651997e-01   4.9027683962e-01   3.6055999699e-01   1.4419087535e+00   3.6712871584e-01
   4.9193180318e-01   4.9137620032e-01   4.5373468060e-01   1.3889645211e+00   4.5907781053e-01
   4.9305229898e-01   4.9248740604e-01   5.4871212866e-01   1.3314719290e+00   5.5439459636e-01
   4.9419488176e-01   4.9361719191e-01   6.4191759928e-01   1.2709435702e+00   6.4938041003e-01
   4.9536771504e-01   4.9477257160e-01   7.3641979158e-01   1.2046182549e+00   7.4704247283e-01
   4.9658103552e-01   4.9596285849e-01   8.3044457719e-01   1.1326277058e+00   8.4547081102e-01
   4.9784778996e-01   4.9719921256e-01   9.2417996814e-01   1.0535997748e+00   9.4474127108e-01
   4.9924818369e-01   4.9849636737e-01   1.0226735297e+00   9.6065207519e-01   1.0501778877e+00