# time = 3.9
# Grid points = 474
# Pressure (Pa) = 101325
#             1_pos             2_posf             3_uvel             4_vvel             5_wvel
  -4.9917840810e-01  -5.0000000000e-01   1.4408093377e+00   1.2868632082e+00   1.6621415175e+00
  -4.9750814511e-01  -4.9835681619e-01   1.5660896468e+00   1.0989504598e+00   1.8147408037e+00
  -4.9566236670e-01  -4.9665947403e-01   1.6869806213e+00   8.7817475729e-01   1.9627375349e+00
  -4.9337913820e-01  -4.9466525936e-01   1.8079101913e+00   5.8873417386e-01   2.1107524298e+00
  -4.9070684198e-01  -4.9209301703e-01   1.9072858262e+00   2.3198223699e-01   2.2307083441e+00
  -4.8796632188e-01  -4.8932066692e-01   1.9595382073e+00  -1.4719005106e-01   2.2896303826e+00
  -4.8525041762e-01  -4.8661197685e-01   1.9603459891e+00  -5.2627899480e-01   2.2815600565e+00
  -4.8247325112e-01  -4.8388885839e-01   1.9097899782e+00  -9.0553701609e-01   2.2064078719e+00
  -4.7971240761e-01  -4.8105764385e-01   1.8112807179e+00  -1.2617134414e+00   2.0697514241e+00
  -4.7731406729e-01  -4.7836717138e-01   1.6906256552e+00  -1.5434782016e+00   1.9072747694e+00
  -4.7535629892e-01  -4.7626096320e-01   1.5694469300e+00  -1.7489469649e+00   1.7474714476e+00
  -4.7363463088e-01  -4.7445163464e-01   1.4489116445e+00  -1.9064266108e+00   1.5913062230e+00
  -4.7205820286e-01  -4.7281762713e-01   1.3285290837e+00  -2.0297086858e+00   1.4379623601e+00
  -4.7057922324e-01  -4.7129877858e-01   1.2078468937e+00  -2.1258344537e+00   1.2868744785e+00
  -4.6916801250e-01  -4.6985966791e-01   1.0879000767e+00  -2.1980707135e+00   1.1394034777e+00
  -4.6780432622e-01  -4.6847635709e-01   9.6683602388e-01  -2.2498819781e+00   9.9342771726e-01
  -4.6647318109e-01  -4.6713229535e-01   8.4690706535e-01  -2.2818798786e+00   8.5184648516e-01
  -4.6516256736e-01  -4.6581406684e-01   7.2671940840e-01  -2.2957060715e+00   7.1319523969e-01
  -4.6386252316e-01  -4.6451106789e-01   6.0582520950e-01  -2.2916958368e+00   5.7728226804e-01
  -4.6256404824e-01  -4.6321397844e-01   4.8539809745e-01  -2.2700567971e+00   4.4576696145e-01
  -4.6125861670e-01  -4.6191411803e-01   3.6521036953e-01  -2.2308995478e+00   3.1874091602e-01
  -4.5993776484e-01  -4.6060311536e-01   2.4521193405e-01  -2.1740218032e+00   1.9657417438e-01
  -4.5859242112e-01  -4.5927241432e-01   1.2419729352e-01  -2.0980268430e+00   7.8657163000e-02
  -4.5721266704e-01  -4.5791242792e-01   4.4596286376e-03  -2.0035917388e+00  -3.2141282819e-02
  -4.5578682495e-01  -4.5651290616e-01  -1.1650337038e-01  -1.8875384582e+00  -1.3731201725e-01
  -4.5430067193e-01  -4.5506074373e-01  -2.3656737737e-01  -1.7501985636e+00  -2.3395363855e-01
  -4.5273610223e-01  -4.5354060013e-01  -3.5712659250e-01  -1.5879585757e+00  -3.2192656689e-01
  -4.5106864371e-01  -4.5193160433e-01  -4.7737419126e-01  -1.3989179789e+00  -3.9890106930e-01
  -4.4926329074e-01  -4.5020568309e-01  -5.9793355861e-01  -1.1779786084e+00  -4.6291333196e-01
  -4.4726609887e-01  -4.4832089838e-01  -7.1829339609e-01  -9.1998128855e-01  -5.1027222340e-01
  -4.4498442178e-01  -4.4621129935e-01  -8.3889548253e-01  -6.1428282529e-01  -5.3583336307e-01
  -4.4235257510e-01  -4.4375754422e-01  -9.5524492916e-01  -2.5832607849e-01  -5.3109989144e-01
  -4.3946564586e-01  -4.4094760599e-01  -1.0548410720e+00   1.2028750134e-01  -4.9094230462e-01
  -4.3633688466e-01  -4.3798368573e-01  -1.1307773150e+00   5.0043178170e-01  -4.1677982378e-01
  -4.3268516130e-01  -4.3469008358e-01  -1.1792153323e+00   8.8144797898e-01  -3.0898967004e-01
  -4.2755929390e-01  -4.3068023901e-01  -1.1793071422e+00   1.2689897937e+00  -1.6307684082e-01
  -4.2166997226e-01  -4.2443834879e-01  -1.0971133322e+00   1.5007363872e+00  -6.1230502376e-02
  -4.1704632770e-01  -4.1890159573e-01  -9.7440877988e-01   1.5300058526e+00  -6.1352390291e-02
  -4.1367958978e-01  -4.1519105967e-01  -8.5362847536e-01   1.4792185229e+00  -1.1219527665e-01
  -4.1084966285e-01  -4.1216811989e-01  -7.3326261126e-01   1.4008345222e+00  -1.8397490282e-01
  -4.0833775233e-01  -4.0953120581e-01  -6.1275576174e-01   1.3101329843e+00  -2.6542901048e-01
  -4.0603685963e-01  -4.0714429884e-01  -4.9254808237e-01   1.2140029644e+00  -3.4995269225e-01
  -4.0388289794e-01  -4.0492942043e-01  -3.7217680137e-01   1.1150281234e+00  -4.3394473310e-01
  -4.0183252169e-01  -4.0283637546e-01  -2.5188790608e-01   1.0145843732e+00  -5.1458820969e-01
  -3.9985311918e-01  -4.0082866791e-01  -1.3152276598e-01   9.1272144868e-01  -5.9007806709e-01
  -3.9791788163e-01  -3.9887757044e-01  -1.1343006505e-02   8.0919244441e-01  -6.5878424198e-01
  -3.9600259296e-01  -3.9695819283e-01   1.0911832475e-01   7.0260233548e-01  -7.1971372028e-01
  -3.9408304632e-01  -3.9504699309e-01   2.2954869818e-01   5.9170624311e-01  -7.7149710573e-01
  -3.9213230721e-01  -3.9311909955e-01   3.4980909407e-01   4.7450953566e-01  -8.1286690469e-01
  -3.9011678658e-01  -3.9114551487e-01   4.7019789318e-01   3.4765220231e-01  -8.4243703410e-01
  -3.8798888510e-01  -3.8908805828e-01   5.9068210755e-01   2.0644446485e-01  -8.5809133792e-01
  -3.8567048920e-01  -3.8688971191e-01   7.1120475040e-01   4.3031936173e-02  -8.5651667529e-01
  -3.8300187036e-01  -3.8445126649e-01   8.3226057234e-01  -1.5940738616e-01  -8.3118028234e-01
  -3.7960165421e-01  -3.8155247422e-01   9.5167752629e-01  -4.4121409953e-01  -7.6575766223e-01
  -3.7567331486e-01  -3.7765083420e-01   1.0338857241e+00  -7.9883517684e-01  -6.5475229932e-01
  -3.7184186692e-01  -3.7369579552e-01   1.0485107927e+00  -1.1768728027e+00  -5.2269483273e-01
  -3.6818376169e-01  -3.6998793832e-01   9.9851705742e-01  -1.5555767408e+00  -3.8878552453e-01
  -3.6476920525e-01  -3.6637958505e-01   8.9784309987e-01  -1.9113459232e+00  -2.6882363116e-01
  -3.6190222515e-01  -3.6315882545e-01   7.7669070150e-01  -2.2017207502e+00  -1.7829106575e-01
  -3.5955743529e-01  -3.6064562486e-01   6.5598487417e-01  -2.4257283153e+00  -1.1451149951e-01
  -3.5747581335e-01  -3.5846924571e-01   5.3534122532e-01  -2.6099555691e+00  -6.6776709675e-02
  -3.5554555589e-01  -3.5648238098e-01   4.1462631472e-01  -2.7647625668e+00  -3.0504630533e-02
  -3.5370428246e-01  -3.5460873079e-01   2.9448177707e-01  -2.8944301080e+00  -3.2711065582e-03
  -3.5191009141e-01  -3.5279983412e-01   1.7406658229e-01  -3.0023256242e+00   1.6785330848e-02
  -3.5013002733e-01  -3.5102034870e-01   5.3597934110e-02  -3.0889010109e+00   3.0753766480e-02
  -3.4833352158e-01  -3.4923970596e-01  -6.7048378726e-02  -3.1536557781e+00   3.9547195888e-02
  -3.4648782394e-01  -3.4742733720e-01  -1.8723285145e-01  -3.1945127860e+00   4.3947507139e-02
  -3.4455195495e-01  -3.4554831069e-01  -3.0776731831e-01  -3.2081469394e+00   4.4811205210e-02
  -3.4246600922e-01  -3.4355559922e-01  -4.2835635996e-01  -3.1877073205e+00   4.3130766207e-02
  -3.4012589732e-01  -3.4137641922e-01  -5.4903652716e-01  -3.1203247309e+00   4.0510047907e-02
  -3.3729386531e-01  -3.3887537541e-01  -6.7039474179e-01  -2.9753280024e+00   4.0458583123e-02
  -3.3373119516e-01  -3.3571235521e-01  -7.7950121000e-01  -2.6978614746e+00   5.2560164617e-02
  -3.3013995431e-01  -3.3175003512e-01  -8.3871844382e-01  -2.3230954301e+00   8.5260356208e-02
  -3.2713093899e-01  -3.2852987349e-01  -8.4694881916e-01  -1.9431402631e+00   1.3325520613e-01
  -3.2444947423e-01  -3.2573200448e-01  -8.2409097955e-01  -1.5632734450e+00   1.9298164490e-01
  -3.2194996463e-01  -3.2316694398e-01  -7.7952908065e-01  -1.1845551710e+00   2.6196568470e-01
  -3.1954784063e-01  -3.2073298528e-01  -7.1776690857e-01  -8.0460960697e-01   3.3875698885e-01
  -3.1718162262e-01  -3.1836269597e-01  -6.4190955996e-01  -4.2629100453e-01   4.2093851724e-01
  -3.1479564044e-01  -3.1600054927e-01  -5.5245097024e-01  -4.6022985077e-02   5.0724047029e-01
  -3.1232750552e-01  -3.1359073161e-01  -4.5015301781e-01   3.3284207136e-01   5.9428694950e-01
  -3.0974859368e-01  -3.1106427944e-01  -3.3557471153e-01   7.0462395119e-01   6.7699320829e-01
  -3.0714129829e-01  -3.0843290792e-01  -2.1543483806e-01   1.0438449041e+00   7.4474545319e-01
  -3.0455287342e-01  -3.0584968867e-01  -9.5287287816e-02   1.3330597546e+00   7.8878681139e-01
  -3.0192288339e-01  -3.0325605817e-01   2.5216674495e-02   1.5698460860e+00   8.0291411631e-01
  -2.9918504232e-01  -3.0058970861e-01   1.4532037331e-01   1.7449869867e+00   7.7832616897e-01
  -2.9625455536e-01  -2.9778037603e-01   2.6566781662e-01   1.8456450166e+00   7.0220549470e-01
  -2.9299442333e-01  -2.9472873469e-01   3.8608396342e-01   1.8467623236e+00   5.5399202000e-01
  -2.8955416173e-01  -2.9126011198e-01   4.9494122782e-01   1.7247751845e+00   3.2850832413e-01
  -2.8641489689e-01  -2.8784821147e-01   5.7518781748e-01   1.5117945737e+00   6.9641838363e-02
  -2.8367227528e-01  -2.8498158232e-01   6.2846028838e-01   1.2551724390e+00  -1.8921690830e-01
  -2.8109973593e-01  -2.8236296824e-01   6.6248559136e-01   9.6839796471e-01  -4.4724364857e-01
  -2.7855854486e-01  -2.7983650363e-01   6.7980443945e-01   6.5407911908e-01  -7.0541576196e-01
  -2.7591378759e-01  -2.7728058609e-01   6.7922494590e-01   3.0942396663e-01  -9.6420478187e-01
  -2.7306953365e-01  -2.7454698909e-01   6.5599416629e-01  -6.1102648222e-02  -1.2142630801e+00
  -2.6996238336e-01  -2.7159207822e-01   6.0229596697e-01  -4.4154643848e-01  -1.4339233925e+00
  -2.6657645717e-01  -2.6833268850e-01   5.0892245156e-01  -7.9887928279e-01  -1.5871990696e+00
  -2.6342123777e-01  -2.6482022584e-01   3.8985407554e-01  -1.0569161619e+00  -1.6344965674e+00
  -2.6083514468e-01  -2.6202224969e-01   2.6897431208e-01  -1.2011537981e+00  -1.5945704945e+00
  -2.5858769354e-01  -2.5964803967e-01   1.4868257013e-01  -1.2722051977e+00  -1.5008932023e+00
  -2.5655037453e-01  -2.5752734742e-01   2.8008206841e-02  -1.2922218602e+00  -1.3689074151e+00
  -2.5465278369e-01  -2.5557340165e-01  -9.2137136570e-02  -1.2731821920e+00  -1.2087181997e+00
  -2.5284972121e-01  -2.5373216573e-01  -2.1274503104e-01  -1.2225957258e+00  -1.0247751707e+00
  -2.5110888879e-01  -2.5196727669e-01  -3.3293169400e-01  -1.1458598771e+00  -8.2223715706e-01
  -2.4940443518e-01  -2.5025050088e-01  -4.5369364109e-01  -1.0457501983e+00  -6.0205187022e-01
  -2.4771352258e-01  -2.4855836948e-01  -5.7394453694e-01  -9.2544585641e-01  -3.6801183466e-01
  -2.4601470591e-01  -2.4686867567e-01  -6.9414462584e-01  -7.8603597705e-01  -1.2052921020e-01
  -2.4431234304e-01  -2.4516073614e-01  -8.1229518970e-01  -6.3082701768e-01   1.3534433207e-01
  -2.4261819605e-01  -2.4346394993e-01  -9.2604174509e-01  -4.6384010575e-01   3.9358625606e-01
  -2.4091346566e-01  -2.4177244216e-01  -1.0347259971e+00  -2.8657696650e-01   6.5201792627e-01
  -2.3916427906e-01  -2.4005448915e-01  -1.1379690729e+00  -9.9201760210e-02   9.0967725139e-01
  -2.3732807788e-01  -2.3827406896e-01  -1.2360617990e+00   1.0129762456e-01   1.1684724541e+00
  -2.3534180132e-01  -2.3638208681e-01  -1.3270614254e+00   3.1668958021e-01   1.4263908244e+00
  -2.3309001431e-01  -2.3430151584e-01  -1.4090484966e+00   5.5600225002e-01   1.6857027232e+00
  -2.3027701721e-01  -2.3187851277e-01  -1.4744898591e+00   8.3905254068e-01   1.9468777134e+00
  -2.2645548597e-01  -2.2867552165e-01  -1.4906899076e+00   1.1856330201e+00   2.1742222610e+00
  -2.2235484195e-01  -2.2423545029e-01  -1.4141306171e+00   1.5039897488e+00   2.2527827004e+00
  -2.1926377134e-01  -2.2047423360e-01  -1.2905161199e+00   1.7056256602e+00   2.1985996473e+00
  -2.1707588367e-01  -2.1805330907e-01  -1.1692404621e+00   1.8288954020e+00   2.1047064906e+00
  -2.1524632204e-01  -2.1609845826e-01  -1.0485586863e+00   1.9208568992e+00   1.9962001287e+00
  -2.1362140285e-01  -2.1439418582e-01  -9.2800333206e-01   1.9948576900e+00   1.8803134100e+00
  -2.1213035299e-01  -2.1284861988e-01  -8.0751894005e-01   2.0568673533e+00   1.7605699082e+00
  -2.1073297734e-01  -2.1141208611e-01  -6.8716699579e-01   2.1101674820e+00   1.6390937806e+00
  -2.0940352536e-01  -2.1005386857e-01  -5.6696237281e-01   2.1567811648e+00   1.5172366927e+00
  -2.0812417356e-01  -2.0875318216e-01  -4.4618222844e-01   2.1982607571e+00   1.3952195353e+00
  -2.0688161592e-01  -2.0749516496e-01  -3.2566988359e-01   2.2351711068e+00   1.2746310561e+00
  -2.0566526556e-01  -2.0626806687e-01  -2.0507642470e-01   2.2682299439e+00   1.1557194437e+00
  -2.0446637627e-01  -2.0506246426e-01  -8.4825581933e-02   2.2977289113e+00   1.0394088872e+00
  -2.0327734466e-01  -2.0387028829e-01   3.5254278271e-02   2.3239758909e+00   9.2597638426e-01
  -2.0209126970e-01  -2.0268440103e-01   1.5529969045e-01   2.3471227197e+00   8.1572229870e-01
  -2.0090147165e-01  -2.0149813836e-01   2.7662286698e-01   2.3673566766e+00   7.0796108990e-01
  -1.9970122365e-01  -2.0030480494e-01   3.9675454428e-01   2.3841536601e+00   6.0535789237e-01
  -1.9848348986e-01  -1.9909764236e-01   5.1700324919e-01   2.3975355558e+00   5.0721819907e-01
  -1.9724048137e-01  -1.9786933735e-01   6.3736385778e-01   2.4071402146e+00   4.1411741783e-01
  -1.9596323099e-01  -1.9661162539e-01   7.5764423096e-01   2.4124453064e+00   3.2684443116e-01
  -1.9464093815e-01  -1.9531483659e-01   8.7800831961e-01   2.4127458299e+00   2.4604114309e-01
  -1.9325989426e-01  -1.9396703971e-01   9.9868080877e-01   2.4070134329e+00   1.7253148611e-01
  -1.9180212350e-01  -1.9255274881e-01   1.1190030498e+00   2.3938581532e+00   1.0791471352e-01
  -1.9024256431e-01  -1.9105149818e-01   1.2395031791e+00   2.3711678787e+00   5.3474459018e-02
  -1.8854366466e-01  -1.8943363044e-01   1.3600069218e+00   2.3357500366e+00   1.1574467017e-02
  -1.8664397079e-01  -1.8765369889e-01   1.4805627307e+00   2.2822449089e+00  -1.4322824622e-02
  -1.8442730585e-01  -1.8563424269e-01   1.6012935123e+00   2.2004615226e+00  -1.8167728865e-02
  -1.8160313917e-01  -1.8322036901e-01   1.7230756804e+00   2.0646587719e+00   1.3841629160e-02
  -1.7756259117e-01  -1.7998590933e-01   1.8341067091e+00   1.8086625533e+00   1.1608126615e-01
  -1.7303185648e-01  -1.7513927301e-01   1.8792959829e+00   1.4448392740e+00   2.7598924795e-01
  -1.6908706558e-01  -1.7092443995e-01   1.8533899091e+00   1.0662150815e+00   4.2695228556e-01
  -1.6556874658e-01  -1.6724969121e-01   1.7845375893e+00   6.8728089518e-01   5.4957767031e-01
  -1.6230329771e-01  -1.6388780195e-01   1.6867724742e+00   3.0930999868e-01   6.3952438890e-01
  -1.5930533986e-01  -1.6071879347e-01   1.5711515600e+00  -5.5433582709e-02   6.9476542148e-01
  -1.5665937975e-01  -1.5789188625e-01   1.4507097400e+00  -3.8592101620e-01   7.1782393827e-01
  -1.5431114807e-01  -1.5542687324e-01   1.3303201920e+00  -6.8321164522e-01   7.1661249861e-01
  -1.5216225868e-01  -1.5319542290e-01   1.2098781143e+00  -9.5579597126e-01   6.9721919611e-01
  -1.5015713276e-01  -1.5112909446e-01   1.0896772556e+00  -1.2074884169e+00   6.6357006429e-01
  -1.4825992434e-01  -1.4918517106e-01   9.6926324093e-01  -1.4418320973e+00   6.1817306843e-01
  -1.4644521115e-01  -1.4733467761e-01   8.4903623683e-01  -1.6595618974e+00   5.6303490559e-01
  -1.4469345284e-01  -1.4555574469e-01   7.2859321115e-01  -1.8622530722e+00   4.9931182291e-01
  -1.4298867368e-01  -1.4383116098e-01   6.0829196644e-01  -2.0496258005e+00   4.2812480627e-01
  -1.4131690759e-01  -1.4214618637e-01   4.8825885556e-01  -2.2215082126e+00   3.5021572367e-01
  -1.3966534044e-01  -1.4048762881e-01   3.6739432976e-01  -2.3788429673e+00   2.6514285942e-01
  -1.3802137227e-01  -1.3884305207e-01   2.4741306875e-01  -2.5184928163e+00   1.7418338200e-01
  -1.3637181817e-01  -1.3719969246e-01   1.2698384682e-01  -2.6407147850e+00   7.6166049344e-02
  -1.3470202479e-01  -1.3554394387e-01   6.4696594224e-03  -2.7428853198e+00  -2.9214439724e-02
  -1.3299460342e-01  -1.3386010571e-01  -1.1376966460e-01  -2.8217920440e+00  -1.4255946621e-01
  -1.3122742364e-01  -1.3212910114e-01  -2.3411025164e-01  -2.8734316912e+00  -2.6571258333e-01
  -1.2936992205e-01  -1.3032574614e-01  -3.5459032222e-01  -2.8912230781e+00  -4.0115792634e-01
  -1.2737607576e-01  -1.2841409796e-01  -4.7506127687e-01  -2.8648006418e+00  -5.5269171900e-01
  -1.2516795232e-01  -1.2633805357e-01  -5.9552336754e-01  -2.7763381867e+00  -7.2728459200e-01
  -1.2259649311e-01  -1.2399785107e-01  -7.1626219061e-01  -2.5889470084e+00  -9.3986555646e-01
  -1.1978118372e-01  -1.2119513514e-01  -8.2098228397e-01  -2.2792067677e+00  -1.1815443228e+00
  -1.1722127913e-01  -1.1836723231e-01  -8.8986427452e-01  -1.9030109648e+00  -1.4087647892e+00
  -1.1509287231e-01  -1.1607532595e-01  -9.2712798939e-01  -1.5222401182e+00  -1.6025439183e+00
  -1.1322832905e-01  -1.1411041867e-01  -9.4508271301e-01  -1.1424124461e+00  -1.7747750556e+00
  -1.1153107570e-01  -1.1234623943e-01  -9.5013190375e-01  -7.6317915046e-01  -1.9327854623e+00
  -1.0994725144e-01  -1.1071591197e-01  -9.4581266588e-01  -3.8261584279e-01  -2.0812306463e+00
  -1.0844209005e-01  -1.0917859092e-01  -9.3443257795e-01  -3.8317799457e-03  -2.2213124112e+00
  -1.0699069130e-01  -1.0770558918e-01  -9.1751518516e-01   3.7567315111e-01  -2.3555790390e+00
  -1.0557379342e-01  -1.0627579343e-01  -8.9613400837e-01   7.5641836961e-01  -2.4852397120e+00
  -1.0417484262e-01  -1.0487179340e-01  -8.7147377564e-01   1.1339222787e+00  -2.6095689548e+00
  -1.0277836491e-01  -1.0347789183e-01  -8.4379446968e-01   1.5152759330e+00  -2.7313993900e+00
  -1.0136848770e-01  -1.0207883800e-01  -8.1417456422e-01   1.8940803598e+00  -2.8489672639e+00
  -9.9927160114e-02  -1.0065813741e-01  -7.8300326286e-01   2.2732156942e+00  -2.9633269933e+00
  -9.8431492431e-02  -9.9196182820e-02  -7.5079754649e-01   2.6535230315e+00  -3.0746007415e+00
  -9.6849353975e-02  -9.7666802042e-02  -7.1843822066e-01   3.0326336929e+00  -3.1816797568e+00
  -9.5128935434e-02  -9.6031905908e-02  -6.8659704189e-01   3.4132959391e+00  -3.2843526696e+00
  -9.3169554815e-02  -9.4225964960e-02  -6.5681510101e-01   3.7951181241e+00  -3.3801820325e+00
  -9.0693116826e-02  -9.2113144671e-02  -6.3254430812e-01   4.1800716474e+00  -3.4628743504e+00
  -8.6064311804e-02  -8.9273088982e-02  -6.4060292181e-01   4.5303240317e+00  -3.4713577580e+00
  -8.1038906322e-02  -8.2855534627e-02  -7.2269331598e-01   4.3909360646e+00  -3.2698503716e+00
  -7.8108252031e-02  -7.9222278017e-02  -8.0998962406e-01   4.0078092659e+00  -3.0240251154e+00
  -7.6119770026e-02  -7.6994226045e-02  -8.8323156733e-01   3.6246134599e+00  -2.8017535126e+00
  -7.4493656872e-02  -7.5245314008e-02  -9.4968199205e-01   3.2436773514e+00  -2.5881343987e+00
  -7.3066926550e-02  -7.3741999736e-02  -1.0119037736e+00   2.8621809806e+00  -2.3773997928e+00
  -7.1768786630e-02  -7.2391853364e-02  -1.0702484678e+00   2.4837306938e+00  -2.1696959786e+00
  -7.0560251636e-02  -7.1145719897e-02  -1.1257059214e+00   2.1053208017e+00  -1.9623540428e+00
  -6.9417550346e-02  -6.9974783374e-02  -1.1790913993e+00   1.7228923736e+00  -1.7525001693e+00
  -6.8324055410e-02  -6.8860317318e-02  -1.2292484118e+00   1.3460302971e+00  -1.5449327234e+00
  -6.7267461975e-02  -6.7787793503e-02  -1.2773952499e+00   9.6655281174e-01  -1.3347942672e+00
  -6.6238617133e-02  -6.6747130448e-02  -1.3234394922e+00   5.8504923554e-01  -1.1220704021e+00
  -6.5229849759e-02  -6.5730103818e-02  -1.3668149996e+00   2.0624123785e-01  -9.0911197416e-01
  -6.4234582529e-02  -6.4729595701e-02  -1.4078485735e+00  -1.7280500380e-01  -6.9401562407e-01
  -6.3247023061e-02  -6.3739569357e-02  -1.4464938238e+00  -5.5244019197e-01  -4.7628975544e-01
  -6.2261713444e-02  -6.2754476766e-02  -1.4826393473e+00  -9.3283999318e-01  -2.5550835519e-01
  -6.1273271772e-02  -6.1768950123e-02  -1.5159514465e+00  -1.3120264478e+00  -3.2481782321e-02
  -6.0276158330e-02  -6.0777593420e-02  -1.5463447071e+00  -1.6910739370e+00   1.9379602590e-01
  -5.9264388663e-02  -5.9774723239e-02  -1.5735566072e+00  -2.0698529384e+00   4.2370937332e-01
  -5.8231038661e-02  -5.8754054088e-02  -1.5974282002e+00  -2.4515514054e+00   6.5983360141e-01
  -5.7167898835e-02  -5.7708023234e-02  -1.6171695200e+00  -2.8308871030e+00   8.9965111904e-01
  -5.6065022706e-02  -5.6627774435e-02  -1.6322612510e+00  -3.2071034932e+00   1.1434809533e+00
  -5.4910797379e-02  -5.5502270977e-02  -1.6421655670e+00  -3.5899387303e+00   1.3990653595e+00
  -5.3708034454e-02  -5.4319323781e-02  -1.6453504632e+00  -3.9605975646e+00   1.6554888249e+00
  -5.2463138266e-02  -5.3096745126e-02  -1.6408866596e+00  -4.3175619910e+00   1.9131900180e+00
  -5.1166546254e-02  -5.1829531406e-02  -1.6275909756e+00  -4.6556067310e+00   2.1703868883e+00
  -4.9801008403e-02  -5.0503561102e-02  -1.6034854024e+00  -4.9749309574e+00   2.4303070798e+00
  -4.8342526768e-02  -4.9098455703e-02  -1.5667156881e+00  -5.2635751931e+00   2.6874865491e+00
  -4.6754581213e-02  -4.7586597833e-02  -1.5132733127e+00  -5.5182325078e+00   2.9457696027e+00
  -4.4974374735e-02  -4.5922564593e-02  -1.4371463964e+00  -5.7243184587e+00   3.2041149274e+00
  -4.2998052848e-02  -4.4026184878e-02  -1.3330041071e+00  -5.8528743180e+00   3.4503536102e+00
  -4.1070655474e-02  -4.1969920818e-02  -1.2130343709e+00  -5.8764846944e+00   3.6468870728e+00
  -3.9362305491e-02  -4.0171390129e-02  -1.0926536386e+00  -5.8128985556e+00   3.7826682183e+00
  -3.7805683954e-02  -3.8553220854e-02  -9.7206877358e-01  -5.6876792940e+00   3.8749159481e+00
  -3.6354604293e-02  -3.7058147054e-02  -8.5151618595e-01  -5.5157895805e+00   3.9333859055e+00
  -3.4979688191e-02  -3.5651061533e-02  -7.3132696250e-01  -5.3073797849e+00   3.9643288010e+00
  -3.3660687901e-02  -3.4308314849e-02  -6.1107127058e-01  -5.0682075200e+00   3.9720216668e+00
  -3.2382721616e-02  -3.3013060953e-02  -4.9046463559e-01  -4.8020949614e+00   3.9591146937e+00
  -3.1134000315e-02  -3.1752382279e-02  -3.6984197515e-01  -4.5130330042e+00   3.9274267265e+00
  -2.9904597774e-02  -3.0515618351e-02  -2.4934279325e-01  -4.2039876082e+00   3.8782970089e+00
  -2.8685747466e-02  -2.9293577198e-02  -1.2897360978e-01  -3.8770501595e+00   3.8125688905e+00
  -2.7469270579e-02  -2.8077917734e-02  -8.6664424033e-03  -3.5336260064e+00   3.7305986075e+00
  -2.6247064189e-02  -2.6860623423e-02   1.1166496898e-01  -3.1746472361e+00   3.6322778946e+00
  -2.5014821667e-02  -2.5633504956e-02   2.3164954810e-01  -2.8021399738e+00   3.5175075130e+00
  -2.3783464998e-02  -2.4396138378e-02   3.4930601966e-01  -2.4233083171e+00   3.3878606568e+00
  -2.2559798503e-02  -2.3170791618e-02   4.6321669560e-01  -2.0439894581e+00   3.2448296370e+00
  -2.1333573805e-02  -2.1948805389e-02   5.7365202798e-01  -1.6644389714e+00   3.0878560670e+00
  -2.0092652379e-02  -2.0718342222e-02   6.8088940641e-01  -1.2844543586e+00   2.9156799651e+00
  -1.8823713972e-02  -1.9466962537e-02   7.8496181374e-01  -9.0429820984e-01   2.7266168048e+00
  -1.7510956879e-02  -1.8180465406e-02   8.8557876527e-01  -5.2508869982e-01   2.5187033629e+00
  -1.6134263046e-02  -1.6841448352e-02   9.8288058690e-01  -1.4584279146e-01   2.2876400067e+00
  -1.4716027676e-02  -1.5427077741e-02   1.0734068297e+00   2.2036180606e-01   2.0373099251e+00
  -1.3323109993e-02  -1.4004977611e-02   1.1527761645e+00   5.5533719587e-01   1.7776381062e+00
  -1.1982185388e-02  -1.2641242376e-02   1.2181275248e+00   8.4494820555e-01   1.5208729322e+00
  -1.0682244316e-02  -1.1323128401e-02   1.2717739102e+00   1.0969286160e+00   1.2631109291e+00
  -9.4147914636e-03  -1.0041360232e-02   1.3143587064e+00   1.3125082321e+00   1.0049030428e+00
  -8.1726570787e-03  -8.7882226952e-03   1.3464823066e+00   1.4929711164e+00   7.4669963204e-01
  -6.9495966886e-03  -7.5570914623e-03   1.3687118621e+00   1.6396848060e+00   4.8872914560e-01
  -5.7399918747e-03  -6.3421019150e-03   1.3815499343e+00   1.7539490870e+00   2.3104514118e-01
  -4.5386011756e-03  -5.1378818345e-03   1.3854127131e+00   1.8368811529e+00  -2.6428992352e-02
  -3.3403364641e-03  -3.9393205168e-03   1.3806165249e+00   1.8893330851e+00  -2.8385566075e-01
  -2.1400090595e-03  -2.7413524114e-03   1.3672251337e+00   1.9117820935e+00  -5.4316262772e-01
  -9.3212634877e-04  -1.5386657077e-03   1.3455370798e+00   1.9041390360e+00  -8.0098345005e-01
   2.8931424925e-04  -3.2558698988e-04   1.3156277060e+00   1.8668054962e+00  -1.0586111040e+00
   1.5311812089e-03   9.0421548837e-04   1.2774399006e+00   1.7994683408e+00  -1.3163977106e+00
   2.8016617177e-03   2.1581469294e-03   1.2308840517e+00   1.7015352548e+00  -1.5740767153e+00
   4.1109605850e-03   3.4451765061e-03   1.1756187223e+00   1.5716732198e+00  -1.8320067729e+00
   5.4725294366e-03   4.7767446639e-03   1.1109568784e+00   1.4073749427e+00  -2.0908855554e+00
   6.9046774823e-03   6.1683142094e-03   1.0367026075e+00   1.2071173610e+00  -2.3485283975e+00
   8.4340799804e-03   7.6410407552e-03   9.5141973972e-01   9.6575496036e-01  -2.6060762304e+00
   1.0104145255e-02   9.2271192055e-03   8.5245492576e-01   6.7371267726e-01  -2.8649217178e+00
   1.1941516552e-02   1.0981171305e-02   7.3939081181e-01   3.2719807960e-01  -3.1175486286e+00
   1.3844002375e-02   1.2901861799e-02   6.2094830112e-01  -4.8344792149e-02  -3.3393809901e+00
   1.5719327137e-02   1.4786142951e-02   5.0456531598e-01  -4.2881627466e-01  -3.5164012477e+00
   1.7600566921e-02   1.6652511322e-02   3.9177650743e-01  -8.0784348929e-01  -3.6478894383e+00
   1.9538400328e-02   1.8548622520e-02   2.8158865802e-01  -1.1877210068e+00  -3.7336927519e+00
   2.1598120379e-02   2.0528178135e-02   1.7385566620e-01  -1.5682592861e+00  -3.7675309800e+00
   2.3888292623e-02   2.2668062623e-02   6.8510369953e-02  -1.9487896194e+00  -3.7350249158e+00
   2.6618799763e-02   2.5108522624e-02  -3.4439774138e-02  -2.3268822441e+00  -3.6014260751e+00
   2.9401618874e-02   2.8129076902e-02  -1.1286101661e-01  -2.6134063998e+00  -3.3689097835e+00
   3.1692531966e-02   3.0674160846e-02  -1.5616397670e-01  -2.7614613234e+00  -3.1088691450e+00
   3.3600221992e-02   3.2710903086e-02  -1.7770095533e-01  -2.8185833922e+00  -2.8501661443e+00
   3.5300111210e-02   3.4489540898e-02  -1.8633785242e-01  -2.8168054388e+00  -2.5909442179e+00
   3.6869555690e-02   3.6110681521e-02  -1.8601186473e-01  -2.7705818086e+00  -2.3334031531e+00
   3.8351830203e-02   3.7628429858e-02  -1.7899061234e-01  -2.6875487486e+00  -2.0754929385e+00
   3.9774323875e-02   3.9075230547e-02  -1.6664862166e-01  -2.5723380687e+00  -1.8178005325e+00
   4.1156420734e-02   4.0473417203e-02  -1.4979215055e-01  -2.4267117107e+00  -1.5587545731e+00
   4.2513044807e-02   4.1839424264e-02  -1.2930048786e-01  -2.2542433858e+00  -1.3015538911e+00
   4.3856500443e-02   4.3186665349e-02  -1.0548970434e-01  -2.0544597395e+00  -1.0438487862e+00
   4.5197538296e-02   4.4526335537e-02  -7.8584388024e-02  -1.8265834996e+00  -7.8478636814e-01
   4.6546249027e-02   4.5868741055e-02  -4.9257523969e-02  -1.5739523572e+00  -5.2822766378e-01
   4.7912792377e-02   4.7223756999e-02  -1.7088503417e-02  -1.2906545140e+00  -2.6898747334e-01
   4.9307828469e-02   4.8601827754e-02   1.7144016640e-02  -9.8135355562e-01  -1.2446816189e-02
   5.0743392454e-02   5.0013829184e-02   5.4054474799e-02  -6.3826421634e-01   2.4642014803e-01
   5.2207825414e-02   5.1472955725e-02   9.2544276768e-02  -2.6949082253e-01   5.0011051264e-01
   5.3650667067e-02   5.2942695103e-02   1.3094243886e-01   1.0983089718e-01   7.3899996276e-01
   5.5047776467e-02   5.4358639031e-02   1.6807182308e-01   4.8765337103e-01   9.5791846763e-01
   5.6414013560e-02   5.5736913904e-02   2.0454647800e-01   8.6949575301e-01   1.1622828236e+00
   5.7762323677e-02   5.7091113216e-02   2.3969704080e-01   1.2475065740e+00   1.3497591761e+00
   5.9104466362e-02   5.8433534137e-02   2.7405805857e-01   1.6264907691e+00   1.5244013835e+00
   6.0451808752e-02   5.9775398588e-02   3.0779181529e-01   2.0076409878e+00   1.6877333473e+00
   6.1816225066e-02   6.1128218917e-02   3.4040216978e-01   2.3846049196e+00   1.8380894577e+00
   6.3211375120e-02   6.2504231215e-02   3.7274491590e-01   2.7667578955e+00   1.9799309166e+00
   6.4653930942e-02   6.3918519026e-02   4.0409710163e-01   3.1452371728e+00   2.1105005335e+00
   6.6165814248e-02   6.5389342859e-02   4.3483868034e-01   3.5243796752e+00   2.2319342693e+00
   6.7779318088e-02   6.6942285637e-02   4.6498273921e-01   3.9048186851e+00   2.3446722102e+00
   6.9546485745e-02   6.8616350540e-02   4.9422381036e-01   4.2841089457e+00   2.4481530646e+00
   7.1567532276e-02   7.0476620951e-02   5.2254069091e-01   4.6660918136e+00   2.5432335916e+00
   7.4104885422e-02   7.2658443602e-02   5.4887613256e-01   5.0501425855e+00   2.6287451122e+00
   7.7526520153e-02   7.5551327241e-02   5.6605566684e-01   5.3827873680e+00   2.6916828344e+00
   8.1476905976e-02   7.9501713064e-02   5.5664828591e-01   5.4876555877e+00   2.7010901834e+00
   8.5477905063e-02   8.3452098887e-02   5.1045390955e-01   5.2729295413e+00   2.6494991692e+00
   8.8741837857e-02   8.7503711239e-02   4.4509317951e-01   4.8777235798e+00   2.5685958269e+00
   9.0981550477e-02   8.9979964474e-02   3.8510515310e-01   4.4955635735e+00   2.4931175087e+00
   9.2861396960e-02   9.1983136480e-02   3.2607149303e-01   4.1150700606e+00   2.4180671502e+00
   9.4541878575e-02   9.3739657440e-02   2.6711501488e-01   3.7341036723e+00   2.3420588141e+00
   9.6096131064e-02   9.5344099709e-02   2.0846766733e-01   3.3552628705e+00   2.2650357948e+00
   9.7565832357e-02   9.6848162418e-02   1.4976538353e-01   2.9763930369e+00   2.1861392722e+00
   9.8977729923e-02   9.8283502295e-02   9.0748051984e-02   2.5955596949e+00   2.1045659262e+00
   1.0035123539e-01   9.9671957551e-02   3.2217572292e-02   2.2173759549e+00   2.0209498701e+00
   1.0170158899e-01   1.0103051323e-01  -2.6556887261e-02   1.8362901264e+00   1.9336924635e+00
   1.0304161504e-01   1.0237266476e-01  -8.4442613907e-02   1.4585649305e+00   1.8438398976e+00
   1.0438312125e-01   1.0371056532e-01  -1.4216047910e-01   1.0780897464e+00   1.7495043883e+00
   1.0573772454e-01   1.0505567718e-01  -1.9885798203e-01   6.9862768548e-01   1.6510712224e+00
   1.0711777092e-01   1.0641977189e-01  -2.5426696541e-01   3.1961413310e-01   1.5477993062e+00
   1.0853732118e-01   1.0781576996e-01  -3.0794632688e-01  -5.9095716225e-02   1.4389056559e+00
   1.1001381601e-01   1.0925887241e-01  -3.5954677840e-01  -4.3969628313e-01   1.3226969576e+00
   1.1157029742e-01   1.1076875960e-01  -4.0782731589e-01  -8.1992441908e-01   1.1984379308e+00
   1.1323910999e-01   1.1237183524e-01  -4.5133736193e-01  -1.1987670640e+00   1.0645797711e+00
   1.1507083258e-01   1.1410638474e-01  -4.8818287122e-01  -1.5783363727e+00   9.1740367513e-01
   1.1715595752e-01   1.1603528043e-01  -5.1447778492e-01  -1.9591699843e+00   7.5132968346e-01
   1.1969438156e-01   1.1827663460e-01  -5.2165547752e-01  -2.3416536261e+00   5.5483674547e-01
   1.2294359536e-01   1.2111212852e-01  -4.8925895379e-01  -2.6957176996e+00   3.1846884675e-01
   1.2658882411e-01   1.2477506220e-01  -3.9946400204e-01  -2.9195173921e+00   7.9212466769e-02
   1.2978377682e-01   1.2840258601e-01  -2.7894881540e-01  -2.9736537069e+00  -1.0262851898e-01
   1.3235774354e-01   1.3116496762e-01  -1.5800785005e-01  -2.9289128581e+00  -2.2807183564e-01
   1.3465455028e-01   1.3355051945e-01  -3.7407241621e-02  -2.8325934245e+00  -3.2414823109e-01
   1.3682756115e-01   1.3575858111e-01   8.3425894078e-02  -2.7004009453e+00  -4.0212199428e-01
   1.3897182370e-01   1.3789654119e-01   2.0372859223e-01  -2.5395406820e+00  -4.6728609227e-01
   1.4117369974e-01   1.4004710620e-01   3.2441925528e-01  -2.3496983041e+00  -5.2393656457e-01
   1.4354874708e-01   1.4230029328e-01   4.4522943219e-01  -2.1263573682e+00  -5.7505329693e-01
   1.4633888714e-01   1.4479720088e-01   5.6688261664e-01  -1.8509632567e+00  -6.2496702976e-01
   1.4981236160e-01   1.4788057341e-01   6.7540890074e-01  -1.5074977549e+00  -6.7705278925e-01
   1.5385946366e-01   1.5174414979e-01   7.2785708430e-01  -1.1285971858e+00  -7.3093221577e-01
   1.5819320894e-01   1.5597477754e-01   6.8368290981e-01  -7.7115386779e-01  -7.8558137537e-01
   1.6184740152e-01   1.6041164034e-01   5.6851828335e-01  -5.1693480621e-01  -8.2922548631e-01
   1.6440447902e-01   1.6328316269e-01   4.4679377944e-01  -3.6834449009e-01  -8.5630782498e-01
   1.6650136438e-01   1.6552579535e-01   3.2594027406e-01  -2.6469316562e-01  -8.7453992602e-01
   1.6837033901e-01   1.6747693341e-01   2.0536015149e-01  -1.8592756529e-01  -8.8644938310e-01
   1.7010830122e-01   1.6926374462e-01   8.4676864785e-02  -1.2390816515e-01  -8.9281643096e-01
   1.7177006805e-01   1.7095285781e-01  -3.5764753464e-02  -7.4756346263e-02  -8.9377152078e-01
   1.7339327517e-01   1.7258727828e-01  -1.5601565068e-01  -3.6104352375e-02  -8.8916449674e-01
   1.7500830949e-01   1.7419927206e-01  -2.7660850059e-01  -6.5678218689e-03  -8.7848913394e-01
   1.7664414492e-01   1.7581734693e-01  -3.9688634313e-01   1.4237453220e-02  -8.6103935199e-01
   1.7833348868e-01   1.7747094292e-01  -5.1758600457e-01   2.6332342757e-02  -8.3550022333e-01
   1.8011963246e-01   1.7919603443e-01  -6.3801940136e-01   2.8797068335e-02  -8.0013294182e-01
   1.8207106981e-01   1.8104323049e-01  -7.5882470741e-01   1.9584186436e-02  -7.5155874997e-01
   1.8432341455e-01   1.8309890913e-01  -8.7977565084e-01  -6.1215706300e-03  -6.8349233376e-01
   1.8730324195e-01   1.8554791997e-01  -1.0029741243e+00  -6.4280515465e-02  -5.7592767341e-01
   1.9198932527e-01   1.8905856393e-01  -1.0954262987e+00  -2.0551161917e-01  -3.8212142372e-01
   1.9726099767e-01   1.9492008661e-01  -1.0533875660e+00  -4.1538444093e-01  -1.6500951426e-01
   2.0095746375e-01   1.9960190873e-01  -9.2959413312e-01  -5.8113960088e-01  -3.9830997188e-02
   2.0338988416e-01   2.0231301878e-01  -8.0814813501e-01  -6.9056716016e-01   1.8185371584e-02
   2.0540576969e-01   2.0446674954e-01  -6.8717407288e-01  -7.7731078553e-01   4.7631163617e-02
   2.0720180342e-01   2.0634478985e-01  -5.6679997422e-01  -8.4867746809e-01   5.7675757591e-02
   2.0886272091e-01   2.0805881699e-01  -4.4618098663e-01  -9.0819263223e-01   5.2429335761e-02
   2.1043552366e-01   2.0966662483e-01  -3.2591487799e-01  -9.5698171205e-01   3.4067811063e-02
   2.1195075282e-01   2.1120442249e-01  -2.0534720646e-01  -9.9596690498e-01   3.7718504110e-03
   2.1343051381e-01   2.1269708315e-01  -8.4865800416e-02  -1.0251552761e+00  -3.7645449285e-02
   2.1489263354e-01   2.1416394446e-01   3.5476007663e-02  -1.0443837359e+00  -8.9701767177e-02
   2.1635282734e-01   2.1562132261e-01   1.5578768466e-01  -1.0531938858e+00  -1.5224651461e-01
   2.1782637853e-01   2.1708433207e-01   2.7619457423e-01  -1.0507389457e+00  -2.2541206047e-01
   2.1932969182e-01   2.1856842500e-01   3.9670028644e-01  -1.0357183413e+00  -3.0951809740e-01
   2.2088202986e-01   2.2009095864e-01   5.1704414038e-01  -1.0063504058e+00  -4.0492054612e-01
   2.2250829290e-01   2.2167310109e-01   6.3754959104e-01  -9.5986566884e-01  -5.1279393199e-01
   2.2424396686e-01   2.2334348470e-01   7.5803310763e-01  -8.9220692088e-01  -6.3447068283e-01
   2.2614578731e-01   2.2514444901e-01   8.7862263311e-01  -7.9651806151e-01  -7.7258310424e-01
   2.2832036589e-01   2.2714712560e-01   9.9933942961e-01  -6.6010733674e-01  -9.3182625509e-01
   2.3104116554e-01   2.2949360617e-01   1.1214196767e+00  -4.4979810904e-01  -1.1254359350e+00
   2.3446740230e-01   2.3258872491e-01   1.2241965953e+00  -1.3218249913e-01  -1.3431869266e+00
   2.3803867974e-01   2.3634607970e-01   1.2691526189e+00   2.4691841000e-01  -1.5220839808e+00
   2.4135828121e-01   2.3973127978e-01   1.2517042948e+00   6.2653420360e-01  -1.6277089649e+00
   2.4464229029e-01   2.4298528263e-01   1.1811064753e+00   1.0060361669e+00  -1.6646314574e+00
   2.4774388155e-01   2.4629929796e-01   1.0716563102e+00   1.3476934460e+00  -1.6352703644e+00
   2.5038396827e-01   2.4918846514e-01   9.5045684041e-01   1.6109021030e+00  -1.5611855340e+00
   2.5265231116e-01   2.5157947139e-01   8.2990196168e-01   1.8065827987e+00  -1.4635154459e+00
   2.5473031395e-01   2.5372515093e-01   7.0930972061e-01   1.9553024014e+00  -1.3490443875e+00
   2.5670511721e-01   2.5573547696e-01   5.8866688595e-01   2.0649584875e+00  -1.2209697821e+00
   2.5863194685e-01   2.5767475745e-01   4.6837663190e-01   2.1387322339e+00  -1.0813839778e+00
   2.6055367048e-01   2.5958913624e-01   3.4814108888e-01   2.1777625099e+00  -9.3070631071e-01
   2.6251072899e-01   2.6151820472e-01   2.2760197486e-01   2.1806222774e+00  -7.6844738320e-01
   2.6454940182e-01   2.6350325326e-01   1.0690216577e-01   2.1433261273e+00  -5.9404503308e-01
   2.6673238471e-01   2.6559555038e-01  -1.3434789243e-02   2.0592330719e+00  -4.0674371590e-01
   2.6916222718e-01   2.6786921904e-01  -1.3403932342e-01   1.9151419030e+00  -2.0250171216e-01
   2.7205175754e-01   2.7045523533e-01  -2.5519303003e-01   1.6829900978e+00   2.5994271555e-02
   2.7542659499e-01   2.7364827974e-01  -3.6243514638e-01   1.3502104438e+00   2.6100767131e-01
   2.7889122059e-01   2.7720491024e-01  -4.3338308443e-01   9.6972099354e-01   4.5609992688e-01
   2.8234944938e-01   2.8057753094e-01  -4.6613279705e-01   5.8882621657e-01   5.9445104093e-01
   2.8629386712e-01   2.8412136782e-01  -4.6540530765e-01   2.0508945692e-01   6.7887186768e-01
   2.9276767405e-01   2.8846636642e-01  -4.1538146962e-01  -1.6415767005e-01   6.5582263711e-01
   3.0061497953e-01   2.9706898168e-01  -3.6690944902e-01  -1.0739535606e-01   4.6776740001e-01
   3.0637126398e-01   3.0416097737e-01  -3.9298548866e-01   2.7245048361e-01   3.0176639893e-01
   3.1056872481e-01   3.0858155059e-01  -4.6012594341e-01   6.5570419126e-01   2.2183185153e-01
   3.1463802338e-01   3.1255589902e-01  -5.5839146079e-01   1.0314459080e+00   2.0961857459e-01
   3.1872411652e-01   3.1672014775e-01  -6.7637941423e-01   1.3467370957e+00   2.7943735149e-01
   3.2287356189e-01   3.2072808529e-01  -7.9666003208e-01   1.5466975250e+00   4.4349199504e-01
   3.2687829824e-01   3.2501903849e-01  -8.9226868149e-01   1.5965771844e+00   6.8311888224e-01
   3.3033830393e-01   3.2873755799e-01  -9.4265776474e-01   1.5179859013e+00   9.4236678083e-01
   3.3344961879e-01   3.3193904987e-01  -9.5219048290e-01   1.3581074508e+00   1.2006658803e+00
   3.3648870306e-01   3.3496018770e-01  -9.2295478286e-01   1.1351124768e+00   1.4590864494e+00
   3.3967017916e-01   3.3801721842e-01  -8.4840670595e-01   8.5146406959e-01   1.7161418937e+00
   3.4270881407e-01   3.4132313990e-01  -7.3677874227e-01   5.5543934571e-01   1.9300781489e+00
   3.4523117408e-01   3.4409448823e-01  -6.1564881753e-01   3.0547818654e-01   2.0710837637e+00
   3.4737466320e-01   3.4636785992e-01  -4.9497133454e-01   9.9125384368e-02   2.1569321428e+00
   3.4931156545e-01   3.4838146648e-01  -3.7467253552e-01  -7.7075318170e-02   2.2032844184e+00
   3.5112509625e-01   3.5024166442e-01  -2.5396477967e-01  -2.3096346317e-01   2.2172105294e+00
   3.5286583623e-01   3.5200852807e-01  -1.3344589162e-01  -3.6585176036e-01   2.2017820200e+00
   3.5457029672e-01   3.5372314438e-01  -1.2935721767e-02  -4.8487666918e-01   2.1582948502e+00
   3.5626879955e-01   3.5541744907e-01   1.0736131481e-01  -5.9006344740e-01   2.0866662030e+00
   3.5799061964e-01   3.5712015003e-01   2.2775444148e-01  -6.8351036631e-01   1.9850968371e+00
   3.5976860714e-01   3.5886108925e-01   3.4817003956e-01  -7.6682287601e-01   1.8502177349e+00
   3.6164560677e-01   3.6067612502e-01   4.6875747641e-01  -8.4192883530e-01   1.6758475105e+00
   3.6366197227e-01   3.6261508852e-01   5.8788461385e-01  -9.1039015885e-01   1.4550222807e+00
   3.6568115675e-01   3.6470885602e-01   6.9467898406e-01  -9.7015401083e-01   1.2018828432e+00
   3.6754825006e-01   3.6665345748e-01   7.7985990394e-01  -1.0206061426e+00   9.4402885521e-01
   3.6928695524e-01   3.6844304263e-01   8.4677120606e-01  -1.0667234552e+00   6.8557599671e-01
   3.7094160435e-01   3.7013086785e-01   8.9828332336e-01  -1.1120144654e+00   4.2849982767e-01
   3.7254251576e-01   3.7175234086e-01   9.3715992595e-01  -1.1599049488e+00   1.6909044295e-01
   3.7411286219e-01   3.7333269067e-01   9.6413098257e-01  -1.2117858287e+00  -8.8270475083e-02
   3.7567245930e-01   3.7489303370e-01   9.8054236722e-01  -1.2699847159e+00  -3.4585912083e-01
   3.7723981263e-01   3.7645188489e-01   9.8695816770e-01  -1.3364754321e+00  -6.0393832563e-01
   3.7883443336e-01   3.7802774038e-01   9.8362809983e-01  -1.4133587176e+00  -8.6256400912e-01
   3.8047891362e-01   3.7964112633e-01   9.7066064412e-01  -1.5024030789e+00  -1.1199792955e+00
   3.8220252201e-01   3.8131670090e-01   9.4768754572e-01  -1.6072651821e+00  -1.3782908789e+00
   3.8404748900e-01   3.8308834311e-01   9.1406064237e-01  -1.7314558424e+00  -1.6359698202e+00
   3.8608416343e-01   3.8500663490e-01   8.6778723194e-01  -1.8826737648e+00  -1.8952587379e+00
   3.8845280006e-01   3.8716169196e-01   8.0565820248e-01  -2.0716837963e+00  -2.1539248875e+00
   3.9152402103e-01   3.8974390817e-01   7.1708288306e-01  -2.3304668670e+00  -2.4137569216e+00
   3.9540749083e-01   3.9330413390e-01   6.0392130511e-01  -2.6526567955e+00  -2.6082093136e+00
   3.9998842425e-01   3.9751084777e-01   4.8316126237e-01  -2.9755786488e+00  -2.6363790318e+00
   4.0461283637e-01   4.0246600073e-01   3.8472060335e-01  -3.1780536067e+00  -2.4602535608e+00
   4.0824270461e-01   4.0675967201e-01   3.2467276967e-01  -3.2113926993e+00  -2.1960633019e+00
   4.1098573482e-01   4.0972573721e-01   2.8713776732e-01  -3.1454208004e+00  -1.9368558078e+00
   4.1339891324e-01   4.1224573243e-01   2.5678726552e-01  -3.0183242603e+00  -1.6780867961e+00
   4.1565410983e-01   4.1455209406e-01   2.2839909668e-01  -2.8411675371e+00  -1.4203807100e+00
   4.1784309690e-01   4.1675612559e-01   1.9840408183e-01  -2.6153720601e+00  -1.1617790907e+00
   4.2003306119e-01   4.1893006820e-01   1.6405144798e-01  -2.3407956098e+00  -9.0395885039e-01
   4.2228473499e-01   4.2113605417e-01   1.2201179721e-01  -2.0118288510e+00  -6.4653293396e-01
   4.2453237295e-01   4.2343341581e-01   7.1393982244e-02  -1.6424732648e+00  -4.0417199293e-01
   4.2665741155e-01   4.2563133009e-01   1.4304865574e-02  -1.2631570305e+00  -1.9506989129e-01
   4.2866541872e-01   4.2768349302e-01  -4.8922989376e-02  -8.8340645295e-01  -1.9458773883e-02
   4.3060534923e-01   4.2964734442e-01  -1.1877534599e-01  -5.0434172956e-01   1.2604627989e-01
   4.3251356087e-01   4.3156335404e-01  -1.9605574839e-01  -1.2504245122e-01   2.4393083084e-01
   4.3442094964e-01   4.3346376770e-01  -2.8160636911e-01   2.5491056369e-01   3.3499460276e-01
   4.3635753672e-01   4.3537813158e-01  -3.7586617592e-01   6.3376942911e-01   3.9864689456e-01
   4.3835654627e-01   4.3733694186e-01  -4.8032392538e-01   1.0132762368e+00   4.3392496451e-01
   4.4043662500e-01   4.3937615068e-01  -5.9470420913e-01   1.3880722630e+00   4.3827022957e-01
   4.4253985249e-01   4.4149709932e-01  -7.1501646951e-01   1.7431920579e+00   4.1059820852e-01
   4.4462320710e-01   4.4358260566e-01  -8.3523589960e-01   2.0629061449e+00   3.5389103006e-01
   4.4672758775e-01   4.4566380855e-01  -9.5558593318e-01   2.3515895768e+00   2.7027005075e-01
   4.4891196447e-01   4.4779136694e-01  -1.0761364190e+00   2.6118772094e+00   1.5984921141e-01
   4.5126594965e-01   4.5003256200e-01  -1.1967483427e+00   2.8450052394e+00   2.0400666355e-02
   4.5397375997e-01   4.5249933730e-01  -1.3180814298e+00   3.0525324896e+00  -1.5682608571e-01
   4.5735951527e-01   4.5544818263e-01  -1.4332463495e+00   3.2236143490e+00  -3.8401281002e-01
   4.6162797951e-01   4.5927084791e-01  -1.5054304001e+00   3.3170242921e+00  -6.4353524490e-01
   4.6651114958e-01   4.6398511111e-01  -1.4695686770e+00   3.2916780325e+00  -8.4943636049e-01
   4.7039569429e-01   4.6903718805e-01  -1.3470121165e+00   3.2011540072e+00  -9.1467700373e-01
   4.7279185709e-01   4.7175420054e-01  -1.2250992000e+00   3.1212119102e+00  -8.9723574240e-01
   4.7471013751e-01   4.7382951364e-01  -1.1044041616e+00   3.0481354622e+00  -8.5046187370e-01
   4.7637515518e-01   4.7559076137e-01  -9.8380934740e-01   2.9792002226e+00  -7.8610795410e-01
   4.7787857922e-01   4.7715954898e-01  -8.6328047084e-01   2.9131404279e+00  -7.0936000542e-01
   4.7926958189e-01   4.7859760947e-01  -7.4295473474e-01   2.8491110811e+00  -6.2325900819e-01
   4.8057834895e-01   4.7994155431e-01  -6.2253240570e-01   2.7862262973e+00  -5.2943758410e-01
   4.8182509209e-01   4.8121514360e-01  -5.0179322294e-01   2.7237575441e+00  -4.2895048102e-01
   4.8302447802e-01   4.8243504059e-01  -3.8141607615e-01   2.6615023632e+00  -3.2328921741e-01
   4.8418778828e-01   4.8361391545e-01  -2.6174757377e-01   2.5991354445e+00  -2.1354560998e-01
   4.8532376560e-01   4.8476166111e-01  -1.4016245205e-01   2.5347774231e+00  -9.7770535734e-02
   4.8643981443e-01   4.8588587009e-01  -2.1060492707e-02   2.4702811041e+00   1.9374527288e-02
   4.8754242565e-01   4.8699375878e-01   1.0066637790e-01   2.4023634553e+00   1.4255216894e-01
   4.8863737676e-01   4.8809109251e-01   2.2029455834e-01   2.3331154418e+00   2.6670811562e-01
   4.8973025032e-01   4.8918366101e-01   3.4048972990e-01   2.2604834235e+00   3.9427720373e-01
   4.9082651997e-01   4.9027683962e-01   4.6167473440e-01   2.1834977050e+00   5.2554886540e-01
   4.9193180318e-01   4.9137620032e-01   5.8097261714e-01   2.1033248679e+00   6.5717665228e-01
   4.9305229898e-01   4.9248740604e-01   7.0257861192e-01   2.0162644276e+00   7.9362543201e-01
   4.9419488176e-01   4.9361719191e-01   8.2191572939e-01   1.9246068765e+00   9.2960045990e-01
   4.9536771504e-01   4.9477257160e-01   9.4291301840e-01   1.8241709572e+00   1.0694066639e+00
   4.9658103552e-01   4.9596285849e-01   1.0632989317e+00   1.7151561196e+00   1.2103098618e+00
   4.9784778996e-01   4.9719921256e-01   1.1833141768e+00   1.5954845114e+00   1.3524186332e+00
   4.9924818369e-01   4.9849636737e-01   1.3094214248e+00   1.4547341348e+00   1.5033545105e+00