# time = 0.1
# Grid points = 474
# Pressure (Pa) = 101325
#             1_pos             2_posf             3_uvel             4_vvel             5_wvel
  -4.9917840810e-01  -5.0000000000e-01   1.3332471471e+00   5.0107729132e-01   8.9341629316e-01
  -4.9750814511e-01  -4.9835681619e-01   1.4491800089e+00   4.2790563773e-01   9.7543850857e-01
  -4.9566236670e-01  -4.9665947403e-01   1.5610517156e+00   3.4193761201e-01   1.0549866881e+00
  -4.9337913820e-01  -4.9466525936e-01   1.6729602949e+00   2.2923237693e-01   1.1345443623e+00
  -4.9070684198e-01  -4.9209301703e-01   1.7649247695e+00   9.0317123864e-02   1.1990199393e+00
  -4.8796632188e-01  -4.8932066692e-01   1.8132834561e+00  -5.7328003265e-02   1.2306894299e+00
  -4.8525041762e-01  -4.8661197685e-01   1.8140371494e+00  -2.0494033108e-01   1.2263502100e+00
  -4.8247325112e-01  -4.8388885839e-01   1.7672606252e+00  -3.5261815058e-01   1.1859541776e+00
  -4.7971240761e-01  -4.8105764385e-01   1.6761095102e+00  -4.9130797170e-01   1.1124993946e+00
  -4.7731406729e-01  -4.7836717138e-01   1.5644642708e+00  -6.0102270126e-01   1.0251663866e+00
  -4.7535629892e-01  -4.7626096320e-01   1.4523332372e+00  -6.8102874938e-01   9.3927056878e-01
  -4.7363463088e-01  -4.7445163464e-01   1.3407968698e+00  -7.4234845555e-01   8.5533040188e-01
  -4.7205820286e-01  -4.7281762713e-01   1.2294013072e+00  -7.9035206532e-01   7.7290683470e-01
  -4.7057922324e-01  -4.7129877858e-01   1.1177280767e+00  -8.2778135190e-01   6.9169594489e-01
  -4.6916801250e-01  -4.6985966791e-01   1.0067349878e+00  -8.5590837112e-01   6.1242920937e-01
  -4.6780432622e-01  -4.6847635709e-01   8.9470776706e-01  -8.7608214564e-01   5.3396621964e-01
  -4.6647318109e-01  -4.6713229535e-01   7.8373064983e-01  -8.8854085187e-01   4.5786535457e-01
  -4.6516256736e-01  -4.6581406684e-01   6.7251390537e-01  -8.9392371882e-01   3.8333940581e-01
  -4.6386252316e-01  -4.6451106789e-01   5.6064312929e-01  -8.9236129571e-01   3.1028532114e-01
  -4.6256404824e-01  -4.6321397844e-01   4.4920436198e-01  -8.8393443557e-01   2.3959502888e-01
  -4.6125861670e-01  -4.6191411803e-01   3.3798690565e-01  -8.6868619984e-01   1.7131775761e-01
  -4.5993776484e-01  -4.6060311536e-01   2.2694441306e-01  -8.4653781927e-01   1.0565240294e-01
  -4.5859242112e-01  -4.5927241432e-01   1.1496135689e-01  -8.1694541759e-01   4.2271310988e-02
  -4.5721266704e-01  -4.5791242792e-01   4.1597734212e-03  -7.8017265357e-01  -1.7283507128e-02
  -4.5578682495e-01  -4.5651290616e-01  -1.0777590126e-01  -7.3498201967e-01  -7.3813399779e-02
  -4.5430067193e-01  -4.5506074373e-01  -2.1887988324e-01  -6.8150263581e-01  -1.2575885269e-01
  -4.5273610223e-01  -4.5354060013e-01  -3.3044233479e-01  -6.1832744393e-01  -1.7304484869e-01
  -4.5106864371e-01  -4.5193160433e-01  -4.4171665420e-01  -5.4471640889e-01  -2.1441915217e-01
  -4.4926329074e-01  -4.5020568309e-01  -5.5327972648e-01  -4.5868435781e-01  -2.4882621492e-01
  -4.4726609887e-01  -4.4832089838e-01  -6.6465843693e-01  -3.5822236762e-01  -2.7428204994e-01
  -4.4498442178e-01  -4.4621129935e-01  -7.7626164959e-01  -2.3918609404e-01  -2.8802155055e-01
  -4.4235257510e-01  -4.4375754422e-01  -8.8392994201e-01  -1.0057984091e-01  -2.8547763428e-01
  -4.3946564586e-01  -4.4094760599e-01  -9.7609541876e-01   4.6848623189e-02  -2.6389315254e-01
  -4.3633688466e-01  -4.3798368573e-01  -1.0463668285e+00   1.9487297429e-01  -2.2403091008e-01
  -4.3268516130e-01  -4.3469008358e-01  -1.0911924250e+00   3.4323664568e-01  -1.6609360776e-01
  -4.2755929390e-01  -4.3068023901e-01  -1.0912808097e+00   4.9414089370e-01  -8.7664886227e-02
  -4.2166997226e-01  -4.2443834879e-01  -1.0152256186e+00   5.8437942286e-01  -3.2921036360e-02
  -4.1704632770e-01  -4.1890159573e-01  -9.0168311554e-01   5.9577517612e-01  -3.2984656711e-02
  -4.1367958978e-01  -4.1519105967e-01  -7.8992091910e-01   5.7599769892e-01  -6.0310828401e-02
  -4.1084966285e-01  -4.1216811989e-01  -6.7854219993e-01   5.4547436821e-01  -9.8890476973e-02
  -4.0833775233e-01  -4.0953120581e-01  -5.6703302009e-01   5.1015471312e-01  -1.4267014323e-01
  -4.0603685963e-01  -4.0714429884e-01  -4.5580064710e-01   4.7272127046e-01  -1.8809971138e-01
  -4.0388289794e-01  -4.0492942043e-01  -3.4441682824e-01   4.3418009157e-01  -2.3324353473e-01
  -4.0183252169e-01  -4.0283637546e-01  -2.3310914778e-01   3.9506695149e-01  -2.7658753328e-01
  -3.9985311918e-01  -4.0082866791e-01  -1.2173078148e-01   3.5540122088e-01  -3.1716149913e-01
  -3.9791788163e-01  -3.9887757044e-01  -1.0523782042e-02   3.1508676682e-01  -3.5408928849e-01
  -3.9600259296e-01  -3.9695819283e-01   1.0094398334e-01   2.7358038301e-01  -3.8683716139e-01
  -3.9408304632e-01  -3.9504699309e-01   2.1238336979e-01   2.3039733832e-01  -4.1466908554e-01
  -3.9213230721e-01  -3.9311909955e-01   3.2366579792e-01   1.8476095531e-01  -4.3690380109e-01
  -3.9011678658e-01  -3.9114551487e-01   4.3506745658e-01   1.3536289112e-01  -4.5279630614e-01
  -3.8798888510e-01  -3.8908805828e-01   5.4655794497e-01   8.0377015206e-02  -4.6120919927e-01
  -3.8567048920e-01  -3.8688971191e-01   6.5808473424e-01   1.6744944119e-02  -4.6036172013e-01
  -3.8300187036e-01  -3.8445126649e-01   7.7010605811e-01  -6.2083572837e-02  -4.4674260885e-01
  -3.7960165421e-01  -3.8155247422e-01   8.8061307048e-01  -1.7181655529e-01  -4.1157774275e-01
  -3.7567331486e-01  -3.7765083420e-01   9.5669171316e-01  -3.1107007709e-01  -3.5191328190e-01
  -3.7184186692e-01  -3.7369579552e-01   9.7023401331e-01  -4.5827269364e-01  -2.8093451059e-01
  -3.6818376169e-01  -3.6998793832e-01   9.2398222721e-01  -6.0573402263e-01  -2.0896132585e-01
  -3.6476920525e-01  -3.6637958505e-01   8.3083349826e-01  -7.4426433063e-01  -1.4448543190e-01
  -3.6190222515e-01  -3.6315882545e-01   7.1873359073e-01  -8.5733080168e-01  -9.5827653372e-02
  -3.5955743529e-01  -3.6064562486e-01   6.0704522216e-01  -9.4455482697e-01  -6.1549173574e-02
  -3.5747581335e-01  -3.5846924571e-01   4.9541337674e-01  -1.0162889757e+00  -3.5894501282e-02
  -3.5554555589e-01  -3.5648238098e-01   3.8371484972e-01  -1.0765673005e+00  -1.6400848138e-02
  -3.5370428246e-01  -3.5460873079e-01   2.7254349296e-01  -1.1270566875e+00  -1.7652535937e-03
  -3.5191009141e-01  -3.5279983412e-01   1.6112116711e-01  -1.1690683544e+00   9.0127843722e-03
  -3.5013002733e-01  -3.5102034870e-01   4.9648889506e-02  -1.2027782620e+00   1.6518643209e-02
  -3.4833352158e-01  -3.4923970596e-01  -6.1988266030e-02  -1.2279915214e+00   2.1243052306e-02
  -3.4648782394e-01  -3.4742733720e-01  -1.7319856080e-01  -1.2438993260e+00   2.3606288865e-02
  -3.4455195495e-01  -3.4554831069e-01  -2.8473325250e-01  -1.2492069147e+00   2.4068720038e-02
  -3.4246600922e-01  -3.4355559922e-01  -3.9631907328e-01  -1.2412466294e+00   2.3163826432e-02
  -3.4012589732e-01  -3.4137641922e-01  -5.0799002781e-01  -1.2150073659e+00   2.1753721101e-02
  -3.3729386531e-01  -3.3887537541e-01  -6.2028965901e-01  -1.1585461523e+00   2.1724866836e-02
  -3.3373119516e-01  -3.3571235521e-01  -7.2125427813e-01  -1.0505030227e+00   2.8228892660e-02
  -3.3013995431e-01  -3.3175003512e-01  -7.7605577105e-01  -9.0457322406e-01   4.5805642870e-02
  -3.2713093899e-01  -3.2852987349e-01  -7.8367702522e-01  -7.5662337375e-01   7.1603933058e-02
  -3.2444947423e-01  -3.2573200448e-01  -7.6253096839e-01  -6.0870823689e-01   1.0370832716e-01
  -3.2194996463e-01  -3.2316694398e-01  -7.2130113700e-01  -4.6124054175e-01   1.4078893241e-01
  -3.1954784063e-01  -3.2073298528e-01  -6.6415511966e-01  -3.1329512359e-01   1.8206614620e-01
  -3.1718162262e-01  -3.1836269597e-01  -5.9396617892e-01  -1.6598336402e-01   2.2624076882e-01
  -3.1479564044e-01  -3.1600054927e-01  -5.1119145863e-01  -1.7912666786e-02   2.7263029802e-01
  -3.1232750552e-01  -3.1359073161e-01  -4.1653596803e-01   1.2961159170e-01   3.1942018590e-01
  -3.0974859368e-01  -3.1106427944e-01  -3.1051699090e-01   2.7437759861e-01   3.6387738358e-01
  -3.0714129829e-01  -3.0843290792e-01  -1.9935146195e-01   4.0646468887e-01   4.0029684828e-01
  -3.0455287342e-01  -3.0584968867e-01  -8.8178490873e-02   5.1907997065e-01   4.2397166845e-01
  -3.0192288339e-01  -3.0325605817e-01   2.3324528567e-02   6.1128016041e-01   4.3156767755e-01
  -2.9918504232e-01  -3.0058970861e-01   1.3445738487e-01   6.7947629031e-01   4.1835424075e-01
  -2.9625455536e-01  -2.9778037603e-01   2.4581594567e-01   7.1866957568e-01   3.7744200701e-01
  -2.9299442333e-01  -2.9472873469e-01   3.5723822391e-01   7.1910274452e-01   2.9777996857e-01
  -2.8955416173e-01  -2.9126011198e-01   4.5796507736e-01   6.7160050414e-01   1.7658503433e-01
  -2.8641489689e-01  -2.8784821147e-01   5.3221825352e-01   5.8866679908e-01   3.7446294541e-02
  -2.8367227528e-01  -2.8498158232e-01   5.8151202981e-01   4.8873996043e-01  -1.0168884738e-01
  -2.8109973593e-01  -2.8236296824e-01   6.1299622575e-01   3.7707241569e-01  -2.4037718826e-01
  -2.7855854486e-01  -2.7983650363e-01   6.2902179099e-01   2.5467964138e-01  -3.7914401625e-01
  -2.7591378759e-01  -2.7728058609e-01   6.2848586629e-01   1.2047450608e-01  -5.1824280573e-01
  -2.7306953365e-01  -2.7454698909e-01   6.0699050257e-01  -2.3804350732e-02  -6.5264931817e-01
  -2.6996238336e-01  -2.7159207822e-01   5.5730333856e-01  -1.7194437187e-01  -7.7071758935e-01
  -2.6657645717e-01  -2.6833268850e-01   4.7090418113e-01  -3.1108460497e-01  -8.5310503120e-01
  -2.6342123777e-01  -2.6482022584e-01   3.6072921399e-01  -4.1155961524e-01  -8.7852986785e-01
  -2.6083514468e-01  -2.6202224969e-01   2.4887804214e-01  -4.6772235362e-01  -8.5707217759e-01
  -2.5858769354e-01  -2.5964803967e-01   1.3757089834e-01  -4.9538714146e-01  -8.0672325807e-01
  -2.5655037453e-01  -2.5752734742e-01   2.5909656126e-02  -5.0317952766e-01  -7.3578357491e-01
  -2.5465278369e-01  -2.5557340165e-01  -8.5262122811e-02  -4.9576379375e-01  -6.4968457015e-01
  -2.5284972121e-01  -2.5373216573e-01  -1.9686194333e-01  -4.7606405836e-01  -5.5081792670e-01
  -2.5110888879e-01  -2.5196727669e-01  -3.0807202801e-01  -4.4618203317e-01  -4.4195649030e-01
  -2.4940443518e-01  -2.5025050088e-01  -4.1981446250e-01  -4.0719847404e-01  -3.2360967503e-01
  -2.4771352258e-01  -2.4855836948e-01  -5.3108404819e-01  -3.6035133300e-01  -1.9781593506e-01
  -2.4601470591e-01  -2.4686867567e-01  -6.4230665632e-01  -3.0606469762e-01  -6.4796814588e-02
  -2.4431234304e-01  -2.4516073614e-01  -7.5163285195e-01  -2.4562609999e-01   7.2732461735e-02
  -2.4261819605e-01  -2.4346394993e-01  -8.5688400610e-01  -1.8060136288e-01   2.1153483792e-01
  -2.4091346566e-01  -2.4177244216e-01  -9.5745099558e-01  -1.1157525374e-01   3.5043931508e-01
  -2.3916427906e-01  -2.4005448915e-01  -1.0529832532e+00  -3.8611702169e-02   4.8892878019e-01
  -2.3732807788e-01  -2.3827406896e-01  -1.1437499015e+00   3.9462178823e-02   6.2802889821e-01
  -2.3534180132e-01  -2.3638208681e-01  -1.2279533158e+00   1.2333494894e-01   7.6665788556e-01
  -2.3309001431e-01  -2.3430151584e-01  -1.3038174577e+00   2.1652203567e-01   9.0603610980e-01
  -2.3027701721e-01  -2.3187851277e-01  -1.3643719499e+00   3.2673980007e-01   1.0464161446e+00
  -2.2645548597e-01  -2.2867552165e-01  -1.3793634500e+00   4.6169471132e-01   1.1686134969e+00
  -2.2235484195e-01  -2.2423545029e-01  -1.3085240424e+00   5.8565807854e-01   1.2108415831e+00
  -2.1926377134e-01  -2.2047423360e-01  -1.1941435936e+00   6.6417087477e-01   1.1817211220e+00
  -2.1707588367e-01  -2.1805330907e-01  -1.0819268822e+00   7.1216879198e-01   1.1312563952e+00
  -2.1524632204e-01  -2.1609845826e-01  -9.7025949446e-01   7.4797564187e-01   1.0729370336e+00
  -2.1362140285e-01  -2.1439418582e-01  -8.5870894345e-01   7.7678880210e-01   1.0106507057e+00
  -2.1213035299e-01  -2.1284861988e-01  -7.4722393624e-01   8.0093276079e-01   9.4629133370e-01
  -2.1073297734e-01  -2.1141208611e-01  -6.3586137774e-01   8.2168533566e-01   8.8100065047e-01
  -2.0940352536e-01  -2.1005386857e-01  -5.2463503631e-01   8.3983429603e-01   8.1550517524e-01
  -2.0812417356e-01  -2.0875318216e-01  -4.1287606074e-01   8.5598410143e-01   7.4992365198e-01
  -2.0688161592e-01  -2.0749516496e-01  -3.0136478232e-01   8.7035471148e-01   6.8511001222e-01
  -2.0566526556e-01  -2.0626806687e-01  -1.8977834542e-01   8.8322559778e-01   6.2119766372e-01
  -2.0446637627e-01  -2.0506246426e-01  -7.8508828261e-02   8.9471033045e-01   5.5868334717e-01
  -2.0327734466e-01  -2.0387028829e-01   3.2602588664e-02   9.0492879365e-01   4.9771595063e-01
  -2.0209126970e-01  -2.0268440103e-01   1.4368224958e-01   9.1394011027e-01   4.3845692036e-01
  -2.0090147165e-01  -2.0149813836e-01   2.5594437471e-01   9.2181718694e-01   3.8053780244e-01
  -1.9970122365e-01  -2.0030480494e-01   3.6710412999e-01   9.2835598288e-01   3.2539105165e-01
  -1.9848348986e-01  -1.9909764236e-01   4.7837232787e-01   9.3356500273e-01   2.7264339399e-01
  -1.9724048137e-01  -1.9786933735e-01   5.8974424537e-01   9.3730323247e-01   2.2260410598e-01
  -1.9596323099e-01  -1.9661162539e-01   7.0104211480e-01   9.3936728859e-01   1.7569720206e-01
  -1.9464093815e-01  -1.9531483659e-01   8.1241767145e-01   9.3948265314e-01   1.3226770113e-01
  -1.9325989426e-01  -1.9396703971e-01   9.2407885948e-01   9.3724889960e-01   9.2758460825e-02
  -1.9180212350e-01  -1.9255274881e-01   1.0354162648e+00   9.3212480802e-01   5.8029054530e-02
  -1.9024256431e-01  -1.9105149818e-01   1.1469186542e+00   9.2328794801e-01   2.8769426485e-02
  -1.8854366466e-01  -1.8943363044e-01   1.2584248691e+00   9.0949518377e-01   6.2500590768e-03
  -1.8664397079e-01  -1.8765369889e-01   1.3699799088e+00   8.8865952286e-01  -7.6680298950e-03
  -1.8442730585e-01  -1.8563424269e-01   1.4816978039e+00   8.5681275341e-01  -9.7332106769e-03
  -1.8160313917e-01  -1.8322036901e-01   1.5943902603e+00   8.0393166373e-01   7.4728476379e-03
  -1.7756259117e-01  -1.7998590933e-01   1.6971378189e+00   7.0424917763e-01   6.2426602742e-02
  -1.7303185648e-01  -1.7513927301e-01   1.7389626468e+00   5.6258119401e-01   1.4837534549e-01
  -1.6908706558e-01  -1.7092443995e-01   1.7150004147e+00   4.1515070389e-01   2.2951514959e-01
  -1.6556874658e-01  -1.6724969121e-01   1.6512978558e+00   2.6759989340e-01   2.9542302377e-01
  -1.6230329771e-01  -1.6388780195e-01   1.5608405201e+00   1.2042438763e-01   3.4376590977e-01
  -1.5930533986e-01  -1.6071879347e-01   1.4538595995e+00  -2.1600494808e-02   3.7345450578e-01
  -1.5665937975e-01  -1.5789188625e-01   1.3424164555e+00  -1.5028653985e-01   3.8584527080e-01
  -1.5431114807e-01  -1.5542687324e-01   1.2310206036e+00  -2.6604626924e-01   3.8519122108e-01
  -1.5216225868e-01  -1.5319542290e-01   1.1195753401e+00  -3.7218575063e-01   3.7476463301e-01
  -1.5015713276e-01  -1.5112909446e-01   1.0083526291e+00  -4.7019025980e-01   3.5667571367e-01
  -1.4825992434e-01  -1.4918517106e-01   8.9693213415e-01  -5.6143942546e-01   3.3227245781e-01
  -1.4644521115e-01  -1.4733467761e-01   7.8568419917e-01  -6.4621939964e-01   3.0263345510e-01
  -1.4469345284e-01  -1.4555574469e-01   6.7423593497e-01  -7.2514355740e-01   2.6838016895e-01
  -1.4298867368e-01  -1.4383116098e-01   5.6291844846e-01  -7.9810294007e-01   2.3011512831e-01
  -1.4131690759e-01  -1.4214618637e-01   4.5184867145e-01  -8.6503062264e-01   1.8823708498e-01
  -1.3966534044e-01  -1.4048762881e-01   3.4000915785e-01  -9.2629365326e-01   1.4250859999e-01
  -1.3802137227e-01  -1.3884305207e-01   2.2898653766e-01  -9.8067044325e-01   9.3616180302e-02
  -1.3637181817e-01  -1.3719969246e-01   1.1754895852e-01  -1.0282610640e+00   4.0930270543e-02
  -1.3470202479e-01  -1.3554394387e-01   6.0322626171e-03  -1.0680439432e+00  -1.5713211176e-02
  -1.3299460342e-01  -1.3386010571e-01  -1.0523065429e-01  -1.0987682294e+00  -7.6637485490e-02
  -1.3122742364e-01  -1.3212910114e-01  -2.1658794250e-01  -1.1188751054e+00  -1.4283344018e-01
  -1.2936992205e-01  -1.3032574614e-01  -3.2807513278e-01  -1.1258019524e+00  -2.1563625676e-01
  -1.2737607576e-01  -1.2841409796e-01  -4.3955497635e-01  -1.1155125708e+00  -2.9708633835e-01
  -1.2516795232e-01  -1.2633805357e-01  -5.5102815558e-01  -1.0810656972e+00  -3.9093028436e-01
  -1.2259649311e-01  -1.2399785107e-01  -6.6275988355e-01  -1.0080974013e+00  -5.0519220198e-01
  -1.1978118372e-01  -1.2119513514e-01  -7.5967158032e-01  -8.8748826212e-01  -6.3509328989e-01
  -1.1722127913e-01  -1.1836723231e-01  -8.2342178607e-01  -7.4100254955e-01  -7.5722235498e-01
  -1.1509287231e-01  -1.1607532595e-01  -8.5791381252e-01  -5.9273561491e-01  -8.6137644018e-01
  -1.1322832905e-01  -1.1411041867e-01  -8.7453804992e-01  -4.4483608287e-01  -9.5394834223e-01
  -1.1153107570e-01  -1.1234623943e-01  -8.7922001392e-01  -2.9716808927e-01  -1.0388765083e+00
  -1.0994725144e-01  -1.1071591197e-01  -8.7523284779e-01  -1.4898227875e-01  -1.1186632877e+00
  -1.0844209005e-01  -1.0917859092e-01  -8.6471181130e-01  -1.4893334240e-03  -1.1939546877e+00
  -1.0699069130e-01  -1.0770558918e-01  -8.4906679287e-01   1.4628426636e-01  -1.2661204059e+00
  -1.0557379342e-01  -1.0627579343e-01  -8.2929119505e-01   2.9454078356e-01  -1.3358103834e+00
  -1.0417484262e-01  -1.0487179340e-01  -8.0648119888e-01   4.4153515889e-01  -1.4026347167e+00
  -1.0277836491e-01  -1.0347789183e-01  -7.8087755581e-01   5.9002854933e-01  -1.4681158981e+00
  -1.0136848770e-01  -1.0207883800e-01  -7.5347807142e-01   7.3752929699e-01  -1.5313059620e+00
  -9.9927160114e-02  -1.0065813741e-01  -7.2464296103e-01   8.8515888953e-01  -1.5927716453e+00
  -9.8431492431e-02  -9.9196182820e-02  -6.9485062273e-01   1.0332448439e+00  -1.6525786138e+00
  -9.6849353975e-02  -9.7666802042e-02  -6.6491603445e-01   1.1808648416e+00  -1.7101309429e+00
  -9.5128935434e-02  -9.6031905908e-02  -6.3546083887e-01   1.3290890276e+00  -1.7653150217e+00
  -9.3169554815e-02  -9.4225964960e-02  -6.0791100504e-01   1.4777649265e+00  -1.8168207618e+00
  -9.0693116826e-02  -9.2113144671e-02  -5.8546061052e-01   1.6276602371e+00  -1.8612654924e+00
  -8.6064311804e-02  -8.9273088982e-02  -5.9292362933e-01   1.7640440082e+00  -1.8658240158e+00
  -8.1038906322e-02  -8.2855534627e-02  -6.6887822239e-01   1.7097698021e+00  -1.7575168282e+00
  -7.8108252031e-02  -7.9222278017e-02  -7.4964498158e-01   1.5605870911e+00  -1.6253900998e+00
  -7.6119770026e-02  -7.6994226045e-02  -8.1740722478e-01   1.4113772661e+00  -1.5059231051e+00
  -7.4493656872e-02  -7.5245314008e-02  -8.7888525049e-01   1.2630472298e+00  -1.3911066602e+00
  -7.3066926550e-02  -7.3741999736e-02  -9.3645041041e-01   1.1144989764e+00  -1.2778405606e+00
  -7.1768786630e-02  -7.2391853364e-02  -9.9042807584e-01   9.6713677348e-01  -1.1662034239e+00
  -7.0560251636e-02  -7.1145719897e-02  -1.0417340806e+00   8.1979026563e-01  -1.0547607525e+00
  -6.9417550346e-02  -6.9974783374e-02  -1.0911226893e+00   6.7087897768e-01  -9.4196791649e-01
  -6.8324055410e-02  -6.8860317318e-02  -1.1375240239e+00   5.2413510966e-01  -8.3040395198e-01
  -6.7267461975e-02  -6.7787793503e-02  -1.1820651718e+00   3.7637282180e-01  -7.1745806705e-01
  -6.6238617133e-02  -6.6747130448e-02  -1.2246606219e+00   2.2782158592e-01  -6.0312251894e-01
  -6.5229849759e-02  -6.5730103818e-02  -1.2647866346e+00   8.0319943664e-02  -4.8866084554e-01
  -6.4234582529e-02  -6.4729595701e-02  -1.3027455213e+00  -6.7274486687e-02  -3.7305001975e-01
  -6.3247023061e-02  -6.3739569357e-02  -1.3384943391e+00  -2.1509826291e-01  -2.5602581233e-01
  -6.2261713444e-02  -6.2754476766e-02  -1.3719299904e+00  -3.6321978701e-01  -1.3735924308e-01
  -6.1273271772e-02  -6.1768950123e-02  -1.4027437435e+00  -5.1086887398e-01  -1.7485862177e-02
  -6.0276158330e-02  -6.0777593420e-02  -1.4308565219e+00  -6.5846387121e-01   1.0413507967e-01
  -5.9264388663e-02  -5.9774723239e-02  -1.4560253984e+00  -8.0595434604e-01   2.2771014762e-01
  -5.8231038661e-02  -5.8754054088e-02  -1.4781031853e+00  -9.5458163849e-01   3.5462356096e-01
  -5.7167898835e-02  -5.7708023234e-02  -1.4963590409e+00  -1.1022889332e+00   4.8352216279e-01
  -5.6065022706e-02  -5.6627774435e-02  -1.5103124295e+00  -1.2487816488e+00   6.1457743859e-01
  -5.4910797379e-02  -5.5502270977e-02  -1.5194653516e+00  -1.3978516742e+00   7.5195077047e-01
  -5.3708034454e-02  -5.4319323781e-02  -1.5224007370e+00  -1.5421804405e+00   8.8977523637e-01
  -5.2463138266e-02  -5.3096745126e-02  -1.5182587052e+00  -1.6811768654e+00   1.0282866371e+00
  -5.1166546254e-02  -5.1829531406e-02  -1.5059445422e+00  -1.8128063133e+00   1.1665271697e+00
  -4.9801008403e-02  -5.0503561102e-02  -1.4836278520e+00  -1.9371463506e+00   1.3062316999e+00
  -4.8342526768e-02  -4.9098455703e-02  -1.4495931461e+00  -2.0495401534e+00   1.4444634132e+00
  -4.6754581213e-02  -4.7586597833e-02  -1.4001311682e+00  -2.1487000779e+00   1.5832886707e+00
  -4.4974374735e-02  -4.5922564593e-02  -1.3296791751e+00  -2.2289472045e+00   1.7221479174e+00
  -4.2998052848e-02  -4.4026184878e-02  -1.2333051010e+00  -2.2790054862e+00   1.8545006316e+00
  -4.1070655474e-02  -4.1969920818e-02  -1.1222881420e+00  -2.2881997225e+00   1.9601377499e+00
  -3.9362305491e-02  -4.0171390129e-02  -1.0108936385e+00  -2.2634409941e+00   2.0331212359e+00
  -3.7805683954e-02  -3.8553220854e-02  -8.9931221061e-01  -2.2146832889e+00   2.0827060352e+00
  -3.6354604293e-02  -3.7058147054e-02  -7.8776215701e-01  -2.1477528384e+00   2.1141356814e+00
  -3.4979688191e-02  -3.5651061533e-02  -6.7654954001e-01  -2.0666020381e+00   2.1307698466e+00
  -3.3660687901e-02  -3.4308314849e-02  -5.6527643154e-01  -1.9734728170e+00   2.1349073919e+00
  -3.2382721616e-02  -3.3013060953e-02  -4.5367947593e-01  -1.8698534743e+00   2.1279727667e+00
  -3.1134000315e-02  -3.1752382279e-02  -3.4206847861e-01  -1.7572980021e+00   2.1109435682e+00
  -2.9904597774e-02  -3.0515618351e-02  -2.3057244915e-01  -1.6369613002e+00   2.0845396174e+00
  -2.8685747466e-02  -2.9293577198e-02  -1.1919736738e-01  -1.5096577240e+00   2.0492142013e+00
  -2.7469270579e-02  -2.8077917734e-02  -7.8802954878e-03  -1.3759344973e+00   2.0051587897e+00
  -2.6247064189e-02  -2.6860623423e-02   1.0345859958e-01  -1.2361545639e+00   1.9523151886e+00
  -2.5014821667e-02  -2.5633504956e-02   2.1447597945e-01  -1.0911068669e+00   1.8906300442e+00
  -2.3783464998e-02  -2.4396138378e-02   3.2333865289e-01  -9.4359655967e-01   1.8209488816e+00
  -2.2559798503e-02  -2.3170791618e-02   4.2873491164e-01  -7.9589654730e-01   1.7440737647e+00
  -2.1333573805e-02  -2.1948805389e-02   5.3091500728e-01  -6.4810635228e-01   1.6597045673e+00
  -2.0092652379e-02  -2.0718342222e-02   6.3013558830e-01  -5.0014713197e-01   1.5671640623e+00
  -1.8823713972e-02  -1.9466962537e-02   7.2642714346e-01  -3.5212114193e-01   1.4655468268e+00
  -1.7510956879e-02  -1.8180465406e-02   8.1952085373e-01  -2.0446378852e-01   1.3537976324e+00
  -1.6134263046e-02  -1.6841448352e-02   9.0954645960e-01  -5.6792306792e-02   1.2296054602e+00
  -1.4716027676e-02  -1.5427077741e-02   9.9330218480e-01   8.5801067015e-02   1.0950573979e+00
  -1.3323109993e-02  -1.4004977611e-02   1.0667343437e+00   2.1623428822e-01   9.5548792790e-01
  -1.1982185388e-02  -1.2641242376e-02   1.1271959866e+00   3.2900338117e-01   8.1748038012e-01
  -1.0682244316e-02  -1.1323128401e-02   1.1768272028e+00   4.2711973907e-01   6.7893672611e-01
  -9.4147914636e-03  -1.0041360232e-02   1.2162233314e+00   5.1106222661e-01   5.4015311000e-01
  -8.1726570787e-03  -8.7882226952e-03   1.2459399263e+00   5.8133083571e-01   4.0137161040e-01
  -6.9495966886e-03  -7.5570914623e-03   1.2665017748e+00   6.3845806187e-01   2.6271503061e-01
  -5.7399918747e-03  -6.3421019150e-03   1.2783738948e+00   6.8295001935e-01   1.2421216993e-01
  -4.5386011756e-03  -5.1378818345e-03   1.2819413813e+00   7.1524172369e-01  -1.4178139224e-02
  -3.3403364641e-03  -3.9393205168e-03   1.2774969250e+00   7.3566496011e-01  -1.5254318097e-01
  -2.1400090595e-03  -2.7413524114e-03   1.2650994798e+00   7.4440554033e-01  -2.9191911311e-01
  -9.3212634877e-04  -1.5386657077e-03   1.2450253692e+00   7.4142876218e-01  -4.3049649010e-01
   2.8931424925e-04  -3.2558698988e-04   1.2173442762e+00   7.2689099162e-01  -5.6897027571e-01
   1.5311812089e-03   9.0421548837e-04   1.1820033513e+00   7.0067029800e-01  -7.0752973474e-01
   2.8016617177e-03   2.1581469294e-03   1.1389196889e+00   6.6253604355e-01  -8.4603159951e-01
   4.1109605850e-03   3.4451765061e-03   1.0877773597e+00   6.1196917094e-01  -9.8466865478e-01
   5.4725294366e-03   4.7767446639e-03   1.0279406535e+00   5.4799337825e-01  -1.1238159145e+00
   6.9046774823e-03   6.1683142094e-03   9.5922835758e-01   4.7001561478e-01  -1.2622991441e+00
   8.4340799804e-03   7.6410407552e-03   8.8031159398e-01   3.7603229665e-01  -1.4007316275e+00
   1.0104145255e-02   9.2271192055e-03   7.8873525375e-01   2.6231504421e-01  -1.5398619885e+00
   1.1941516552e-02   1.0981171305e-02   6.8411336822e-01   1.2738716535e-01  -1.6756503222e+00
   1.3844002375e-02   1.2901861799e-02   5.7451580163e-01  -1.8843774057e-02  -1.7948869754e+00
   1.5719327137e-02   1.4786142951e-02   4.6682502687e-01  -1.6699371411e-01  -1.8900374006e+00
   1.7600566921e-02   1.6652511322e-02   3.6246102040e-01  -3.1458115385e-01  -1.9607145750e+00
   1.9538400328e-02   1.8548622520e-02   2.6050476381e-01  -4.6249955738e-01  -2.0068363878e+00
   2.1598120379e-02   2.0528178135e-02   1.6082119458e-01  -6.1067509590e-01  -2.0250272685e+00
   2.3888292623e-02   2.2668062623e-02   6.3348460290e-02  -7.5884733127e-01  -2.0075584845e+00
   2.6618799763e-02   2.5108522624e-02  -3.1905840032e-02  -9.0607002212e-01  -1.9357529394e+00
   2.9401618874e-02   2.8129076902e-02  -1.0446209040e-01  -1.0176370722e+00  -1.8107791873e+00
   3.1692531966e-02   3.0674160846e-02  -1.4452386242e-01  -1.0752863106e+00  -1.6710102249e+00
   3.3600221992e-02   3.2710903086e-02  -1.6444634017e-01  -1.0975277335e+00  -1.5319595628e+00
   3.5300111210e-02   3.4489540898e-02  -1.7243288439e-01  -1.0968344008e+00  -1.3926295640e+00
   3.6869555690e-02   3.6110681521e-02  -1.7212652990e-01  -1.0788346091e+00  -1.2542027137e+00
   3.8351830203e-02   3.7628429858e-02  -1.6562541582e-01  -1.0465017804e+00  -1.1155772066e+00
   3.9774323875e-02   3.9075230547e-02  -1.5420137594e-01  -1.0016394674e+00  -9.7706856724e-01
   4.1156420734e-02   4.0473417203e-02  -1.3860040689e-01  -9.4493373260e-01  -8.3783221715e-01
   4.2513044807e-02   4.1839424264e-02  -1.1963615457e-01  -8.7777613391e-01  -6.9958753405e-01
   4.3856500443e-02   4.3186665349e-02  -9.7601048710e-02  -7.9998234128e-01  -5.6107157186e-01
   4.5197538296e-02   4.4526335537e-02  -7.2702903761e-02  -7.1124968946e-01  -4.2182590786e-01
   4.6546249027e-02   4.5868741055e-02  -4.5564483284e-02  -6.1287783794e-01  -2.8392584187e-01
   4.7912792377e-02   4.7223756999e-02  -1.5796571934e-02  -5.0256479589e-01  -1.4458433319e-01
   4.9307828469e-02   4.8601827754e-02   1.5880274618e-02  -3.8212651302e-01  -6.6936746079e-03
   5.0743392454e-02   5.0013829184e-02   5.0034594542e-02  -2.4853149753e-01   1.3244753007e-01
   5.2207825414e-02   5.1472955725e-02   8.5649795356e-02  -1.0493548258e-01   2.6880646917e-01
   5.3650667067e-02   5.2942695103e-02   1.2117970521e-01   4.2767861232e-02   3.9721005193e-01
   5.5047776467e-02   5.4358639031e-02   1.5553516850e-01   1.8988736159e-01   5.1487935590e-01
   5.6414013560e-02   5.5736913904e-02   1.8928440903e-01   3.3857211739e-01   6.2472590474e-01
   5.7762323677e-02   5.7091113216e-02   2.2180812372e-01   4.8576486823e-01   7.2549522622e-01
   5.9104466362e-02   5.8433534137e-02   2.5360095377e-01   6.3333660155e-01   8.1936626964e-01
   6.0451808752e-02   5.9775398588e-02   2.8481307882e-01   7.8175172308e-01   9.0715812937e-01
   6.1816225066e-02   6.1128218917e-02   3.1498547302e-01   9.2853672567e-01   9.8797551869e-01
   6.3211375120e-02   6.2504231215e-02   3.4490997052e-01   1.0773422471e+00   1.0642163541e+00
   6.4653930942e-02   6.3918519026e-02   3.7391768822e-01   1.2247172493e+00   1.1343986182e+00
   6.6165814248e-02   6.5389342859e-02   4.0236018316e-01   1.3723504772e+00   1.1996703988e+00
   6.7779318088e-02   6.6942285637e-02   4.3024956408e-01   1.5204885240e+00   1.2602682419e+00
   6.9546485745e-02   6.8616350540e-02   4.5730319972e-01   1.6681792401e+00   1.3158904431e+00
   7.1567532276e-02   7.0476620951e-02   4.8350142371e-01   1.8169184030e+00   1.3669975195e+00
   7.4104885422e-02   7.2658443602e-02   5.0786591128e-01   1.9664627692e+00   1.4129612959e+00
   7.7526520153e-02   7.5551327241e-02   5.2375849005e-01   2.0959903373e+00   1.4467914671e+00
   8.1476905976e-02   7.9501713064e-02   5.1505192847e-01   2.1368247945e+00   1.4518481305e+00
   8.5477905063e-02   8.3452098887e-02   4.7230911005e-01   2.0532136142e+00   1.4241167826e+00
   8.8741837857e-02   8.7503711239e-02   4.1183338558e-01   1.8993260226e+00   1.3806292628e+00
   9.0981550477e-02   8.9979964474e-02   3.5632911529e-01   1.7505183140e+00   1.3400577876e+00
   9.2861396960e-02   9.1983136480e-02   3.0170793599e-01   1.6023595069e+00   1.2997163583e+00
   9.4541878575e-02   9.3739657440e-02   2.4715816351e-01   1.4540165639e+00   1.2588600215e+00
   9.6096131064e-02   9.5344099709e-02   1.9289438339e-01   1.3065012896e+00   1.2174583118e+00
   9.7565832357e-02   9.6848162418e-02   1.3857972933e-01   1.1589747045e+00   1.1750496052e+00
   9.8977729923e-02   9.8283502295e-02   8.3973526196e-02   1.0106835490e+00   1.1312021110e+00
   1.0035123539e-01   9.9671957551e-02   2.9817736637e-02   8.6342410110e-01   1.0862566908e+00
   1.0170158899e-01   1.0103051323e-01  -2.4563844996e-02   7.1503460759e-01   1.0393540531e+00
   1.0304161504e-01   1.0237266476e-01  -7.8123161618e-02   5.6795368127e-01   9.9105656010e-01
   1.0438312125e-01   1.0371056532e-01  -1.3152719901e-01   4.1980192754e-01   9.4034950552e-01
   1.0573772454e-01   1.0505567718e-01  -1.8398716235e-01   2.7204464459e-01   8.8744000568e-01
   1.0711777092e-01   1.0641977189e-01  -2.3525492218e-01   1.2446197314e-01   8.3192972912e-01
   1.0853732118e-01   1.0781576996e-01  -2.8492232462e-01  -2.3002479961e-02   7.7339783288e-01
   1.1001381601e-01   1.0925887241e-01  -3.3266615975e-01  -1.7120320349e-01   7.1093416820e-01
   1.1157029742e-01   1.1076875960e-01  -3.7733813506e-01  -3.1925897364e-01   6.4414355338e-01
   1.1323910999e-01   1.1237183524e-01  -4.1759602842e-01  -4.6677534004e-01   5.7219354098e-01
   1.1507083258e-01   1.1410638474e-01  -4.5168725420e-01  -6.1457478296e-01   4.9308531733e-01
   1.1715595752e-01   1.1603528043e-01  -4.7601601014e-01  -7.6286671610e-01   4.0381974441e-01
   1.1969438156e-01   1.1827663460e-01  -4.8265552399e-01  -9.1180147501e-01   2.9820445434e-01
   1.2294359536e-01   1.2111212852e-01  -4.5267690036e-01  -1.0496706163e+00   1.7115731450e-01
   1.2658882411e-01   1.2477506220e-01  -3.6958767612e-01  -1.1368171694e+00   4.2558976474e-02
   1.2978377682e-01   1.2840258601e-01  -2.5807353688e-01  -1.1578991610e+00  -5.5177847467e-02
   1.3235774354e-01   1.3116496762e-01  -1.4616587579e-01  -1.1404794789e+00  -1.2260089422e-01
   1.3465455028e-01   1.3355051945e-01  -3.4573403956e-02  -1.1029756602e+00  -1.7423921296e-01
   1.3682756115e-01   1.3575858111e-01   7.7234014269e-02  -1.0515032837e+00  -2.1614733965e-01
   1.3897182370e-01   1.3789654119e-01   1.8855038851e-01  -9.8886799448e-01  -2.5117024926e-01
   1.4117369974e-01   1.4004710620e-01   3.0022545324e-01  -9.1494742194e-01  -2.8161702084e-01
   1.4354874708e-01   1.4230029328e-01   4.1201066127e-01  -8.2798292949e-01  -3.0908931003e-01
   1.4633888714e-01   1.4479720088e-01   5.2457508240e-01  -7.2074961475e-01  -3.3591477882e-01
   1.4981236160e-01   1.4788057341e-01   6.2499150903e-01  -5.8701004710e-01  -3.6390762196e-01
   1.5385946366e-01   1.5174414979e-01   6.7351618712e-01  -4.3947189559e-01  -3.9286522403e-01
   1.5819320894e-01   1.5597477754e-01   6.3263301744e-01  -3.0028782257e-01  -4.2223803755e-01
   1.6184740152e-01   1.6041164034e-01   5.2606176818e-01  -2.0129708267e-01  -4.4569714142e-01
   1.6440447902e-01   1.6328316269e-01   4.1342255972e-01  -1.4343666495e-01  -4.6025490768e-01
   1.6650136438e-01   1.6552579535e-01   3.0159026464e-01  -1.0307488279e-01  -4.7005589136e-01
   1.6837033901e-01   1.6747693341e-01   1.9001149515e-01  -7.2403257615e-02  -4.7645858802e-01
   1.7010830122e-01   1.6926374462e-01   7.8337664706e-02  -4.8252363452e-02  -4.7988234240e-01
   1.7177006805e-01   1.7095285781e-01  -3.3112208744e-02  -2.9111921070e-02  -4.8039725102e-01
   1.7339327517e-01   1.7258727828e-01  -1.4438530545e-01  -1.4059955953e-02  -4.7792259754e-01
   1.7500830949e-01   1.7419927206e-01  -2.5597454041e-01  -2.5574078899e-03  -4.7218629167e-01
   1.7664414492e-01   1.7581734693e-01  -3.6727199597e-01   5.5453237372e-03  -4.6280880870e-01
   1.7833348868e-01   1.7747094292e-01  -4.7895945667e-01   1.0256378434e-02  -4.4908339412e-01
   1.8011963246e-01   1.7919603443e-01  -5.9040016117e-01   1.1217604858e-02  -4.3007544447e-01
   1.8207106981e-01   1.8104323049e-01  -7.0218452855e-01   7.6317744874e-03  -4.0396891659e-01
   1.8432341455e-01   1.8309890913e-01  -8.1410296605e-01  -2.3760953048e-03  -3.6738551022e-01
   1.8730324195e-01   1.8554791997e-01  -9.2809973622e-01  -2.5020646966e-02  -3.0957221139e-01
   1.9198932527e-01   1.8905856393e-01  -1.0136425956e+00  -8.0012456118e-02  -2.0540449259e-01
   1.9726099767e-01   1.9492008661e-01  -9.7473445697e-01  -1.6173390026e-01  -8.8708450234e-02
   2.0095746375e-01   1.9960190873e-01  -8.6017841389e-01  -2.2627775861e-01  -2.1424656609e-02
   2.0338988416e-01   2.0231301878e-01  -7.4779691875e-01  -2.6888859638e-01   9.7601009171e-03
   2.0540576969e-01   2.0446674954e-01  -6.3585311448e-01  -3.0266670250e-01   2.5588439240e-02
   2.0720180342e-01   2.0634478985e-01  -5.2446515098e-01  -3.3045728991e-01   3.0988809939e-02
   2.0886272091e-01   2.0805881699e-01  -4.1285110848e-01  -3.5363310784e-01   2.8170407979e-02
   2.1043552366e-01   2.0966662483e-01  -3.0156405807e-01  -3.7263237113e-01   1.8302759488e-02
   2.1195075282e-01   2.1120442249e-01  -1.8999838012e-01  -3.8781417464e-01   2.0204712140e-03
   2.1343051381e-01   2.1269708315e-01  -7.8512928946e-02  -3.9918126215e-01  -2.0239428138e-02
   2.1489263354e-01   2.1416394446e-01   3.2842952482e-02  -4.0667012637e-01  -4.8217694351e-02
   2.1635282734e-01   2.1562132261e-01   1.4417055335e-01  -4.1010227361e-01  -8.1833383615e-02
   2.1782637853e-01   2.1708433207e-01   2.5558584159e-01  -4.0914798063e-01  -1.2115763822e-01
   2.1932969182e-01   2.1856842500e-01   3.6709212900e-01  -4.0330082195e-01  -1.6636228576e-01
   2.2088202986e-01   2.2009095864e-01   4.7844816038e-01  -3.9186703806e-01  -2.1763862814e-01
   2.2250829290e-01   2.2167310109e-01   5.8995316868e-01  -3.7376824115e-01  -2.7561794967e-01
   2.2424396686e-01   2.2334348470e-01   7.0143722934e-01  -3.4742460944e-01  -3.4101640850e-01
   2.2614578731e-01   2.2514444901e-01   8.1301856093e-01  -3.1016647768e-01  -4.1524882328e-01
   2.2832036589e-01   2.2714712560e-01   9.2471652394e-01  -2.5705185937e-01  -5.0083870795e-01
   2.3104116554e-01   2.2949360617e-01   1.0376741588e+00  -1.7516226576e-01  -6.0490007190e-01
   2.3446740230e-01   2.3258872491e-01   1.1327673950e+00  -5.1488833187e-02  -7.2193709558e-01
   2.3803867974e-01   2.3634607970e-01   1.1743566376e+00   9.6126968246e-02  -8.1809097572e-01
   2.4135828121e-01   2.3973127978e-01   1.1582024125e+00   2.4394422892e-01  -8.7486249256e-01
   2.4464229029e-01   2.4298528263e-01   1.0928684855e+00   3.9171801407e-01  -8.9470763345e-01
   2.4774388155e-01   2.4629929796e-01   9.9158511580e-01   5.2475625028e-01  -8.7892648510e-01
   2.5038396827e-01   2.4918846514e-01   8.7943196198e-01   6.2724790900e-01  -8.3910709307e-01
   2.5265231116e-01   2.5157947139e-01   7.6787691337e-01   7.0344513703e-01  -7.8661103163e-01
   2.5473031395e-01   2.5372515093e-01   6.5628844213e-01   7.6135638826e-01  -7.2508474112e-01
   2.5670511721e-01   2.5573547696e-01   5.4465410359e-01   8.0405686465e-01  -6.5624678517e-01
   2.5863194685e-01   2.5767475745e-01   4.3334687129e-01   8.3278526296e-01  -5.8122176923e-01
   2.6055367048e-01   2.5958913624e-01   3.2209108751e-01   8.4798504595e-01  -5.0023508353e-01
   2.6251072899e-01   2.6151820472e-01   2.1055525531e-01   8.4910054944e-01  -4.1302369084e-01
   2.6454940182e-01   2.6350325326e-01   9.8871662204e-02   8.3457990740e-01  -3.1928544608e-01
   2.6673238471e-01   2.6559555038e-01  -1.2475104545e-02   8.0183720269e-01  -2.1861426739e-01
   2.6916222718e-01   2.6786921904e-01  -1.2406809901e-01   7.4573207852e-01  -1.0883781733e-01
   2.7205175754e-01   2.7045523533e-01  -2.3616726054e-01   6.5533738376e-01   1.3974638369e-02
   2.7542659499e-01   2.7364827974e-01  -3.3539168355e-01   5.2575938242e-01   1.4028997123e-01
   2.7889122059e-01   2.7720491024e-01  -4.0103182463e-01   3.7760325419e-01   2.4514828560e-01
   2.8234944938e-01   2.8057753094e-01  -4.3132695582e-01   2.2928866099e-01   3.1950915384e-01
   2.8629386712e-01   2.8412136782e-01  -4.3064551135e-01   7.9866864423e-02   3.6488331404e-01
   2.9276767405e-01   2.8846636642e-01  -3.8435089050e-01  -6.3913800895e-02   3.5249378156e-01
   3.0061497953e-01   2.9706898168e-01  -3.3950292468e-01  -4.1812516415e-02   2.5141622685e-01
   3.0637126398e-01   3.0416097737e-01  -3.6364197972e-01   1.0609420433e-01   1.6219286526e-01
   3.1056872481e-01   3.0858155059e-01  -4.2577766053e-01   2.5532867740e-01   1.1922908653e-01
   3.1463802338e-01   3.1255589902e-01  -5.1671292816e-01   4.0163867394e-01   1.1266457413e-01
   3.1872411652e-01   3.1672014775e-01  -6.2589531827e-01   5.2441053907e-01   1.5019124022e-01
   3.2287356189e-01   3.2072808529e-01  -7.3719524141e-01   6.0227447276e-01   2.3836859365e-01
   3.2687829824e-01   3.2501903849e-01  -8.2566115026e-01   6.2169890089e-01   3.6716531216e-01
   3.3033830393e-01   3.2873755799e-01  -8.7228115935e-01   5.9109797578e-01   5.0650835102e-01
   3.3344961879e-01   3.3193904987e-01  -8.8109393197e-01   5.2884442031e-01   6.4534169080e-01
   3.3648870306e-01   3.3496018770e-01  -8.5403180532e-01   4.4201367378e-01   7.8424063484e-01
   3.3967017916e-01   3.3801721842e-01  -7.8503948888e-01   3.3156475174e-01   9.2240625280e-01
   3.4270881407e-01   3.4132313990e-01  -6.8173651001e-01   2.1629607859e-01   1.0373960733e+00
   3.4523117408e-01   3.4409448823e-01  -5.6964335048e-01   1.1896358912e-01   1.1131864620e+00
   3.4737466320e-01   3.4636785992e-01  -4.5797076243e-01   3.8611433851e-02   1.1593303557e+00
   3.4931156545e-01   3.4838146648e-01  -3.4664993446e-01  -3.0000023402e-02   1.1842454603e+00
   3.5112509625e-01   3.5024166442e-01  -2.3495175095e-01  -8.9923381859e-02   1.1917318033e+00
   3.5286583623e-01   3.5200852807e-01  -1.2342927954e-01  -1.4244854975e-01   1.1834402985e+00
   3.5457029672e-01   3.5372314438e-01  -1.1915740697e-02  -1.8879682091e-01   1.1600675062e+00
   3.5626879955e-01   3.5541744907e-01   9.9399745244e-02  -2.2975680226e-01   1.1215689020e+00
   3.5799061964e-01   3.5712015003e-01   2.1080331102e-01  -2.6614554320e-01   1.0669774015e+00
   3.5976860714e-01   3.5886108925e-01   3.2222678990e-01  -2.9858819619e-01   9.9448217212e-01
   3.6164560677e-01   3.6067612502e-01   4.3380829780e-01  -3.2783546803e-01   9.0076075337e-01
   3.6366197227e-01   3.6261508852e-01   5.4403743572e-01  -3.5449555414e-01   7.8207007298e-01
   3.6568115675e-01   3.6470885602e-01   6.4285377907e-01  -3.7776893315e-01   6.4601056917e-01
   3.6754825006e-01   3.6665345748e-01   7.2167015071e-01  -3.9741622095e-01   5.0741674784e-01
   3.6928695524e-01   3.6844304263e-01   7.8358089255e-01  -4.1537538123e-01   3.6850078955e-01
   3.7094160435e-01   3.7013086785e-01   8.3124222220e-01  -4.3301261026e-01   2.3032457295e-01
   3.7254251576e-01   3.7175234086e-01   8.6721144320e-01  -4.5166190496e-01   9.0894074560e-02
   3.7411286219e-01   3.7333269067e-01   8.9216413908e-01  -4.7186486541e-01  -4.7435574403e-02
   3.7567245930e-01   3.7489303370e-01   9.0734568692e-01  -4.9452785632e-01  -1.8588780337e-01
   3.7723981263e-01   3.7645188489e-01   9.1327808547e-01  -5.2041946544e-01  -3.2460388204e-01
   3.7883443336e-01   3.7802774038e-01   9.1019244012e-01  -5.5035769670e-01  -4.6361387145e-01
   3.8047891362e-01   3.7964112633e-01   8.9818919910e-01  -5.8503117840e-01  -6.0197346751e-01
   3.8220252201e-01   3.8131670090e-01   8.7692761958e-01  -6.2586377199e-01  -7.4081502446e-01
   3.8404748900e-01   3.8308834311e-01   8.4580802517e-01  -6.7422253025e-01  -8.7931677038e-01
   3.8608416343e-01   3.8500663490e-01   8.0298657799e-01  -7.3310521388e-01  -1.0186841574e+00
   3.8845280006e-01   3.8716169196e-01   7.4549399882e-01  -8.0670346945e-01  -1.1577171883e+00
   3.9152402103e-01   3.8974390817e-01   6.6353085486e-01  -9.0747013998e-01  -1.2973775311e+00
   3.9540749083e-01   3.9330413390e-01   5.5881961117e-01  -1.0329261018e+00  -1.4018973416e+00
   3.9998842425e-01   3.9751084777e-01   4.4708078517e-01  -1.1586663873e+00  -1.4170413981e+00
   4.0461283637e-01   4.0246600073e-01   3.5599721909e-01  -1.2375057493e+00  -1.3223773106e+00
   4.0824270461e-01   4.0675967201e-01   3.0043895769e-01  -1.2504859344e+00  -1.1803777479e+00
   4.1098573482e-01   4.0972573721e-01   2.6571085900e-01  -1.2247959883e+00  -1.0410556742e+00
   4.1339891324e-01   4.1224573243e-01   2.3762980029e-01  -1.1753049874e+00  -9.0196893861e-01
   4.1565410983e-01   4.1455209406e-01   2.1136369269e-01  -1.1063212303e+00  -7.6345329446e-01
   4.1784309690e-01   4.1675612559e-01   1.8360991039e-01  -1.0183981555e+00  -6.2445613997e-01
   4.2003306119e-01   4.1893006820e-01   1.5182302464e-01  -9.1148035922e-01  -4.8587884394e-01
   4.2228473499e-01   4.2113605417e-01   1.1292213568e-01  -7.8338360035e-01  -3.4751339313e-01
   4.2453237295e-01   4.2343341581e-01   6.6082556130e-02  -6.3955991502e-01  -2.1724523599e-01
   4.2665741155e-01   4.2563133009e-01   1.3253968498e-02  -4.9185772813e-01  -1.0485354582e-01
   4.2866541872e-01   4.2768349302e-01  -4.5255738379e-02  -3.4398646306e-01  -1.0463131426e-02
   4.3060534923e-01   4.2964734442e-01  -1.0989596808e-01  -1.9638229256e-01   6.7745368798e-02
   4.3251356087e-01   4.3156335404e-01  -1.8141023189e-01  -4.8686803322e-02   1.3110791975e-01
   4.3442094964e-01   4.3346376770e-01  -2.6057781281e-01   9.9263240917e-02   1.8005435723e-01
   4.3635753672e-01   4.3537813158e-01  -3.4780488684e-01   2.4678723902e-01   2.1426717002e-01
   4.3835654627e-01   4.3733694186e-01  -4.4446910463e-01   3.9456355226e-01   2.3322887586e-01
   4.4043662500e-01   4.3937615068e-01  -5.5031558489e-01   5.4050555131e-01   2.3556423586e-01
   4.4253985249e-01   4.4149709932e-01  -6.6165148963e-01   6.7878583596e-01   2.2069034765e-01
   4.4462320710e-01   4.4358260566e-01  -7.7290151631e-01   8.0327949538e-01   1.9021011203e-01
   4.4672758775e-01   4.4566380855e-01  -8.8427244496e-01   9.1569012818e-01   1.4526375837e-01
   4.4891196447e-01   4.4779136694e-01  -9.9582895118e-01   1.0170437140e+00   8.5912538429e-02
   4.5126594965e-01   4.5003256200e-01  -1.1074424683e+00   1.1078216022e+00   1.0959006338e-02
   4.5397375997e-01   4.5249933730e-01  -1.2197236771e+00   1.1886307544e+00  -8.4300179497e-02
   4.5735951527e-01   4.5544818263e-01  -1.3262977049e+00   1.2552482989e+00  -2.0641258203e-01
   4.6162797951e-01   4.5927084791e-01  -1.3930993447e+00   1.2916208088e+00  -3.4590490158e-01
   4.6651114958e-01   4.6398511111e-01  -1.3599191422e+00   1.2817501655e+00  -4.5657500520e-01
   4.7039569429e-01   4.6903718805e-01  -1.2465129477e+00   1.2464996659e+00  -4.9164000827e-01
   4.7279185709e-01   4.7175420054e-01  -1.1337007576e+00   1.2153699328e+00  -4.8226398772e-01
   4.7471013751e-01   4.7382951364e-01  -1.0220150056e+00   1.1869137122e+00  -4.5712187028e-01
   4.7637515518e-01   4.7559076137e-01  -9.1042169015e-01   1.1600700878e+00  -4.2253057389e-01
   4.7787857922e-01   4.7715954898e-01  -7.9888917367e-01   1.1343461689e+00  -3.8127755634e-01
   4.7926958189e-01   4.7859760947e-01  -6.8754446549e-01   1.1094129156e+00  -3.3499733039e-01
   4.8057834895e-01   4.7994155431e-01  -5.7611023119e-01   1.0849253666e+00  -2.8456741882e-01
   4.8182509209e-01   4.8121514360e-01  -4.6438266561e-01   1.0605998346e+00  -2.3055474147e-01
   4.8302447802e-01   4.8243504059e-01  -3.5298999851e-01   1.0363574874e+00  -1.7376099056e-01
   4.8418778828e-01   4.8361391545e-01  -2.4225297710e-01   1.0120716535e+00  -1.1477301682e-01
   4.8532376560e-01   4.8476166111e-01  -1.2974227580e-01   9.8701050996e-01  -5.2543148490e-02
   4.8643981443e-01   4.8588587009e-01  -1.9529303747e-02   9.6189554818e-01   1.0423043444e-02
   4.8754242565e-01   4.8699375878e-01   9.3112780695e-02   9.3544835687e-01   7.6631732238e-02
   4.8863737676e-01   4.8809109251e-01   2.0381291384e-01   9.0848316620e-01   1.4336621806e-01
   4.8973025032e-01   4.8918366101e-01   3.1503783434e-01   8.8020029390e-01   2.1193524040e-01
   4.9082651997e-01   4.9027683962e-01   4.2717883571e-01   8.5022214950e-01   2.8249436952e-01
   4.9193180318e-01   4.9137620032e-01   5.3757367580e-01   8.1900300538e-01   3.5324487382e-01
   4.9305229898e-01   4.9248740604e-01   6.5010451506e-01   7.8510190934e-01   4.2658663727e-01
   4.9419488176e-01   4.9361719191e-01   7.6053594683e-01   7.4941078243e-01   4.9967371127e-01
   4.9536771504e-01   4.9477257160e-01   8.7250382561e-01   7.1030146822e-01   5.7482000749e-01
   4.9658103552e-01   4.9596285849e-01   9.8390614427e-01   6.6785164596e-01   6.5055588846e-01
   4.9784778996e-01   4.9719921256e-01   1.0949656755e+00   6.2125222477e-01   7.2693971030e-01
   4.9924818369e-01   4.9849636737e-01   1.2116629030e+00   5.6644496827e-01   8.0806805067e-01