# time = 0.4
# Grid points = 474
# Pressure (Pa) = 101325
#             1_pos             2_posf             3_uvel             4_vvel             5_wvel
  -4.9917840810e-01  -5.0000000000e-01   1.2619252160e+00   5.3417716879e-01   9.0105479924e-01
  -4.9750814511e-01  -4.9835681619e-01   1.3716562181e+00   4.5617197625e-01   9.8377835149e-01
  -4.9566236670e-01  -4.9665947403e-01   1.4775433120e+00   3.6452511550e-01   1.0640067220e+00
  -4.9337913820e-01  -4.9466525936e-01   1.5834652951e+00   2.4437485295e-01   1.1442446850e+00
  -4.9070684198e-01  -4.9209301703e-01   1.6705100717e+00   9.6283206282e-02   1.2092716164e+00
  -4.8796632188e-01  -4.8932066692e-01   1.7162817464e+00  -6.1114984947e-02   1.2412119775e+00
  -4.8525041762e-01  -4.8661197685e-01   1.7169950548e+00  -2.1847820692e-01   1.2368357572e+00
  -4.8247325112e-01  -4.8388885839e-01   1.6727207721e+00  -3.7591124344e-01   1.1960944423e+00
  -4.7971240761e-01  -4.8105764385e-01   1.5864457194e+00  -5.2376255437e-01   1.1220117212e+00
  -4.7731406729e-01  -4.7836717138e-01   1.4807728884e+00  -6.4072475204e-01   1.0339320970e+00
  -4.7535629892e-01  -4.7626096320e-01   1.3746402650e+00  -7.2601578898e-01   9.4730192931e-01
  -4.7363463088e-01  -4.7445163464e-01   1.2690705058e+00  -7.9138611242e-01   8.6264411918e-01
  -4.7205820286e-01  -4.7281762713e-01   1.1636340261e+00  -8.4256071269e-01   7.7951586498e-01
  -4.7057922324e-01  -4.7129877858e-01   1.0579347385e+00  -8.8246247758e-01   6.9761064751e-01
  -4.6916801250e-01  -4.6985966791e-01   9.5287921385e-01  -9.1244749177e-01   6.1766619853e-01
  -4.6780432622e-01  -4.6847635709e-01   8.4684488348e-01  -9.3395389093e-01   5.3853235972e-01
  -4.6647318109e-01  -4.6713229535e-01   7.4180448646e-01  -9.4723558494e-01   4.6178083414e-01
  -4.6516256736e-01  -4.6581406684e-01   6.3653728615e-01  -9.5297402869e-01   3.8661768295e-01
  -4.6386252316e-01  -4.6451106789e-01   5.3065104688e-01  -9.5130839524e-01   3.1293897257e-01
  -4.6256404824e-01  -4.6321397844e-01   4.2517371144e-01  -9.4232487870e-01   2.4164425716e-01
  -4.6125861670e-01  -4.6191411803e-01   3.1990585355e-01  -9.2606938513e-01   1.7278318589e-01
  -4.5993776484e-01  -4.6060311536e-01   2.1480360564e-01  -9.0245794216e-01   1.0655635445e-01
  -4.5859242112e-01  -4.5927241432e-01   1.0881111632e-01  -8.7091074664e-01   4.2633306368e-02
  -4.5721266704e-01  -4.5791242792e-01   3.9369034735e-03  -8.3170887408e-01  -1.7430762930e-02
  -4.5578682495e-01  -4.5651290616e-01  -1.0201072414e-01  -7.8353307077e-01  -7.4444055613e-02
  -4.5430067193e-01  -4.5506074373e-01  -2.0717114210e-01  -7.2652098613e-01  -1.2683372375e-01
  -4.5273610223e-01  -4.5354060013e-01  -3.1276549361e-01  -6.5917261596e-01  -1.7452411140e-01
  -4.5106864371e-01  -4.5193160433e-01  -4.1808711522e-01  -5.8069904075e-01  -2.1625227806e-01
  -4.4926329074e-01  -4.5020568309e-01  -5.2368202882e-01  -4.8898395300e-01  -2.5095365440e-01
  -4.4726609887e-01  -4.4832089838e-01  -6.2910242613e-01  -3.8188572629e-01  -2.7662729447e-01
  -4.4498442178e-01  -4.4621129935e-01  -7.3473529347e-01  -2.5498625331e-01  -2.9048445788e-01
  -4.4235257510e-01  -4.4375754422e-01  -8.3664371432e-01  -1.0722406589e-01  -2.8791901701e-01
  -4.3946564586e-01  -4.4094760599e-01  -9.2387862913e-01   4.9943099865e-02  -2.6615023329e-01
  -4.3633688466e-01  -4.3798368573e-01  -9.9039069656e-01   2.0774551283e-01  -2.2594741897e-01
  -4.3268516130e-01  -4.3469008358e-01  -1.0328181746e+00   3.6590965969e-01  -1.6751500301e-01
  -4.2755929390e-01  -4.3068023901e-01  -1.0329016716e+00   5.2678221238e-01  -8.8415947478e-02
  -4.2166997226e-01  -4.2443834879e-01  -9.6091501591e-01   6.2298166705e-01  -3.3204094073e-02
  -4.1704632770e-01  -4.1890159573e-01  -8.5344656648e-01   6.3513024009e-01  -3.3268122224e-02
  -4.1367958978e-01  -4.1519105967e-01  -7.4766323135e-01   6.1404637399e-01  -6.0827731475e-02
  -4.1084966285e-01  -4.1216811989e-01  -6.4224287747e-01   5.8150681724e-01  -9.9737008853e-02
  -4.0833775233e-01  -4.0953120581e-01  -5.3669905049e-01   5.4385410632e-01  -1.4389075178e-01
  -4.0603685963e-01  -4.0714429884e-01  -4.3141722527e-01   5.0394797728e-01  -1.8970849940e-01
  -4.0388289794e-01  -4.0492942043e-01  -3.2599205599e-01   4.6286093763e-01  -2.3523805872e-01
  -4.0183252169e-01  -4.0283637546e-01  -2.2063895001e-01   4.2116415334e-01  -2.7895240765e-01
  -3.9985311918e-01  -4.0082866791e-01  -1.1521893635e-01   3.7887827411e-01  -3.1987304455e-01
  -3.9791788163e-01  -3.9887757044e-01  -9.9611178173e-03   3.3590081608e-01  -3.5711633640e-01
  -3.9600259296e-01  -3.9695819283e-01   9.5543521491e-02   2.9165268997e-01  -3.9014397978e-01
  -3.9408304632e-01  -3.9504699309e-01   2.0102130549e-01   2.4561714396e-01  -4.1821365072e-01
  -3.9213230721e-01  -3.9311909955e-01   3.0635053381e-01   1.9696619477e-01  -4.4063826546e-01
  -3.9011678658e-01  -3.9114551487e-01   4.1179262072e-01   1.4430507341e-01  -4.5666645250e-01
  -3.8798888510e-01  -3.8908805828e-01   5.1731879242e-01   8.5687019027e-02  -4.6515108653e-01
  -3.8567048920e-01  -3.8688971191e-01   6.2287933112e-01   1.7851617985e-02  -4.6429618304e-01
  -3.8300187036e-01  -3.8445126649e-01   7.2890795866e-01  -6.6184075394e-02  -4.5056046241e-01
  -3.7960165421e-01  -3.8155247422e-01   8.3350329853e-01  -1.8316571901e-01  -4.1509479152e-01
  -3.7567331486e-01  -3.7765083420e-01   9.0551206392e-01  -3.3161798292e-01  -3.5492012261e-01
  -3.7184186692e-01  -3.7369579552e-01   9.1832993549e-01  -4.8854447051e-01  -2.8333449972e-01
  -3.6818376169e-01  -3.6998793832e-01   8.7455246028e-01  -6.4574678479e-01  -2.1074603810e-01
  -3.6476920525e-01  -3.6637958505e-01   7.8638683054e-01  -7.9342813140e-01  -1.4571902053e-01
  -3.6190222515e-01  -3.6315882545e-01   6.8028382311e-01  -9.1396356216e-01  -9.6645375037e-02
  -3.5955743529e-01  -3.6064562486e-01   5.7457033150e-01  -1.0069494515e+00  -6.2073961420e-02
  -3.5747581335e-01  -3.5846924571e-01   4.6891033480e-01  -1.0834222369e+00  -3.6200083183e-02
  -3.5554555589e-01  -3.5648238098e-01   3.6318722065e-01  -1.1476824518e+00  -1.6539897125e-02
  -3.5370428246e-01  -3.5460873079e-01   2.5796307321e-01  -1.2015070931e+00  -1.7793029009e-03
  -3.5191009141e-01  -3.5279983412e-01   1.5250138111e-01  -1.2462939954e+00   9.0907538707e-03
  -3.5013002733e-01  -3.5102034870e-01   4.6992408771e-02  -1.2822307432e+00   1.6660654947e-02
  -3.4833352158e-01  -3.4923970596e-01  -5.8672621240e-02  -1.3091095741e+00   2.1425324325e-02
  -3.4648782394e-01  -3.4742733720e-01  -1.6393362495e-01  -1.3260682536e+00   2.3808632081e-02
  -3.4455195495e-01  -3.4554831069e-01  -2.6950166975e-01  -1.3317264928e+00   2.4274878950e-02
  -3.4246600922e-01  -3.4355559922e-01  -3.7511810475e-01  -1.3232404149e+00   2.3362104549e-02
  -3.4012589732e-01  -3.4137641922e-01  -4.8081511239e-01  -1.2952678955e+00   2.1939788342e-02
  -3.3729386531e-01  -3.3887537541e-01  -5.8710715104e-01  -1.2350770414e+00   2.1910510981e-02
  -3.3373119516e-01  -3.3571235521e-01  -6.8267052510e-01  -1.1198969000e+00   2.8469940711e-02
  -3.3013995431e-01  -3.3175003512e-01  -7.3454028157e-01  -9.6432738045e-01   4.6196781865e-02
  -3.2713093899e-01  -3.2852987349e-01  -7.4175373740e-01  -8.0660435606e-01   7.2215500892e-02
  -3.2444947423e-01  -3.2573200448e-01  -7.2173880748e-01  -6.4891833066e-01   1.0459426618e-01
  -3.2194996463e-01  -3.2316694398e-01  -6.8271449653e-01  -4.9170929895e-01   1.4199180607e-01
  -3.1954784063e-01  -3.2073298528e-01  -6.2862544482e-01  -3.3399098330e-01   1.8362184785e-01
  -3.1718162262e-01  -3.1836269597e-01  -5.6219120925e-01  -1.7694818073e-01   2.2817408304e-01
  -3.1479564044e-01  -3.1600054927e-01  -4.8384447863e-01  -1.9096303370e-02   2.7496017375e-01
  -3.1232750552e-01  -3.1359073161e-01  -3.9425254989e-01   1.3817304335e-01   3.2215006082e-01
  -3.0974859368e-01  -3.1106427944e-01  -2.9390503857e-01   2.9250194133e-01   3.6698733331e-01
  -3.0714129829e-01  -3.0843290792e-01  -1.8868631007e-01   4.3331439248e-01   4.0371817870e-01
  -3.0455287342e-01  -3.0584968867e-01  -8.3460561445e-02   5.5336878457e-01   4.2759544734e-01
  -3.0192288339e-01  -3.0325605817e-01   2.2077550882e-02   6.5165952534e-01   4.3525647244e-01
  -2.9918504232e-01  -3.0058970861e-01   1.2726526647e-01   7.2436057143e-01   4.2193018190e-01
  -2.9625455536e-01  -2.9778037603e-01   2.3266656582e-01   7.6614293558e-01   3.8066833671e-01
  -2.9299442333e-01  -2.9472873469e-01   3.3812810971e-01   7.6660481183e-01   3.0032546831e-01
  -2.8955416173e-01  -2.9126011198e-01   4.3346631867e-01   7.1596480829e-01   1.7809468715e-01
  -2.8641489689e-01  -2.8784821147e-01   5.0374704661e-01   6.2755282764e-01   3.7766701064e-02
  -2.8367227528e-01  -2.8498158232e-01   5.5040359327e-01   5.2102518006e-01  -1.0255767735e-01
  -2.8109973593e-01  -2.8236296824e-01   5.8020329485e-01   4.0198125769e-01  -2.4243145054e-01
  -2.7855854486e-01  -2.7983650363e-01   5.9537133460e-01   2.7150361810e-01  -3.8238439461e-01
  -2.7591378759e-01  -2.7728058609e-01   5.9486385097e-01   1.2843331647e-01  -5.2267215143e-01
  -2.7306953365e-01  -2.7454698909e-01   5.7451817409e-01  -2.5376162481e-02  -6.5822754068e-01
  -2.6996238336e-01  -2.7159207822e-01   5.2748886147e-01  -1.8330188578e-01  -7.7730505863e-01
  -2.6657645717e-01  -2.6833268850e-01   4.4571154480e-01  -3.3163335437e-01  -8.6039679083e-01
  -2.6342123777e-01  -2.6482022584e-01   3.4143041374e-01  -4.3874551784e-01  -8.8603904177e-01
  -2.6083514468e-01  -2.6202224969e-01   2.3556282476e-01  -4.9861828235e-01  -8.6439803227e-01
  -2.5858769354e-01  -2.5964803967e-01   1.3021020832e-01  -5.2811061138e-01  -8.1361884133e-01
  -2.5655037453e-01  -2.5752734742e-01   2.4522470134e-02  -5.3641783100e-01  -7.4207288472e-01
  -2.5465278369e-01  -2.5557340165e-01  -8.0701963891e-02  -5.2851232969e-01  -6.5523802980e-01
  -2.5284972121e-01  -2.5373216573e-01  -1.8633152005e-01  -5.0751138487e-01  -5.5552640351e-01
  -2.5110888879e-01  -2.5196727669e-01  -2.9159217298e-01  -4.7565553994e-01  -4.4573455220e-01
  -2.4940443518e-01  -2.5025050088e-01  -3.9735668162e-01  -4.3409694282e-01  -3.2637624502e-01
  -2.4771352258e-01  -2.4855836948e-01  -5.0267362441e-01  -3.8415531984e-01  -1.9950735933e-01
  -2.4601470591e-01  -2.4686867567e-01  -6.0794609068e-01  -3.2628277278e-01  -6.5351333399e-02
  -2.4431234304e-01  -2.4516073614e-01  -7.1142358658e-01  -2.6185188242e-01   7.3353400856e-02
  -2.4261819605e-01  -2.4346394993e-01  -8.1104403555e-01  -1.9253190298e-01   2.1334212003e-01
  -2.4091346566e-01  -2.4177244216e-01  -9.0623090169e-01  -1.1894622918e-01   3.5343381640e-01
  -2.3916427906e-01  -2.4005448915e-01  -9.9665237235e-01  -4.1163013219e-02   4.9310695700e-01
  -2.3732807788e-01  -2.3827406896e-01  -1.0825631714e+00   4.2068109126e-02   6.3339597337e-01
  -2.3534180132e-01  -2.3638208681e-01  -1.1622618409e+00   1.3148118344e-01   7.7320983641e-01
  -2.3309001431e-01  -2.3430151584e-01  -1.2340673500e+00   2.3082385744e-01   9.1377934575e-01
  -2.3027701721e-01  -2.3187851277e-01  -1.2913822048e+00   3.4832221806e-01   1.0553592382e+00
  -2.2645548597e-01  -2.2867552165e-01  -1.3055715132e+00   4.9219182821e-01   1.1786010602e+00
  -2.2235484195e-01  -2.2423545029e-01  -1.2385216200e+00   6.2434390413e-01   1.2211901347e+00
  -2.1926377134e-01  -2.2047423360e-01  -1.1302600606e+00   7.0804312053e-01   1.1918208406e+00
  -2.1707588367e-01  -2.1805330907e-01  -1.0240465265e+00   7.5921173447e-01   1.1409248410e+00
  -2.1524632204e-01  -2.1609845826e-01  -9.1835294434e-01   7.9738397463e-01   1.0821070702e+00
  -2.1362140285e-01  -2.1439418582e-01  -8.1276995645e-01   8.2810054207e-01   1.0192884266e+00
  -2.1213035299e-01  -2.1284861988e-01  -7.0724901053e-01   8.5383947358e-01   9.5437902092e-01
  -2.1073297734e-01  -2.1141208611e-01  -6.0184396536e-01   8.7596299556e-01   8.8853034485e-01
  -2.0940352536e-01  -2.1005386857e-01  -4.9656785152e-01   8.9531091491e-01   8.2247512761e-01
  -2.0812417356e-01  -2.0875318216e-01  -3.9078759820e-01   9.1252762044e-01   7.5633312868e-01
  -2.0688161592e-01  -2.0749516496e-01  -2.8524179102e-01   9.2784760091e-01   6.9096557810e-01
  -2.0566526556e-01  -2.0626806687e-01  -1.7962484551e-01   9.4156878913e-01   6.2650702426e-01
  -2.0446637627e-01  -2.0506246426e-01  -7.4307864645e-02   9.5381225694e-01   5.6345845352e-01
  -2.0327734466e-01  -2.0387028829e-01   3.0859475118e-02   9.6470580770e-01   5.0197002683e-01
  -2.0209126970e-01  -2.0268440103e-01   1.3599675933e-01   9.7431246976e-01   4.4220457064e-01
  -2.0090147165e-01  -2.0149813836e-01   2.4225325200e-01   9.8270996650e-01   3.8379048287e-01
  -1.9970122365e-01  -2.0030480494e-01   3.4746635000e-01   9.8968077691e-01   3.2817246054e-01
  -1.9848348986e-01  -1.9909764236e-01   4.5278209183e-01   9.9523396815e-01   2.7497404031e-01
  -1.9724048137e-01  -1.9786933735e-01   5.5819600750e-01   9.9921921098e-01   2.2450714256e-01
  -1.9596323099e-01  -1.9661162539e-01   6.6353983960e-01   1.0014196865e+00   1.7719940621e-01
  -1.9464093815e-01  -1.9531483659e-01   7.6895720653e-01   1.0015427428e+00   1.3339879982e-01
  -1.9325989426e-01  -1.9396703971e-01   8.7464492869e-01   9.9916150185e-01   9.3551967205e-02
  -1.9180212350e-01  -1.9255274881e-01   9.8002619401e-01   9.9369899136e-01   5.8525829133e-02
  -1.9024256431e-01  -1.9105149818e-01   1.0855636228e+00   9.8427845304e-01   2.9016228787e-02
  -1.8854366466e-01  -1.8943363044e-01   1.1911046788e+00   9.6957463184e-01   6.3045095045e-03
  -1.8664397079e-01  -1.8765369889e-01   1.2966919556e+00   9.4736267274e-01  -7.7324011432e-03
  -1.8442730585e-01  -1.8563424269e-01   1.4024333860e+00   9.1341223186e-01  -9.8150750968e-03
  -1.8160313917e-01  -1.8322036901e-01   1.5090972583e+00   8.5703798525e-01   7.5382394358e-03
  -1.7756259117e-01  -1.7998590933e-01   1.6063482722e+00   7.5077073308e-01   6.2961943494e-02
  -1.7303185648e-01  -1.7513927301e-01   1.6459356933e+00   5.9974448429e-01   1.4964553694e-01
  -1.6908706558e-01  -1.7092443995e-01   1.6232553839e+00   4.4257504923e-01   2.3147900444e-01
  -1.6556874658e-01  -1.6724969121e-01   1.5629606730e+00   2.8527733935e-01   2.9795028583e-01
  -1.6230329771e-01  -1.6388780195e-01   1.4773424343e+00   1.2837972606e-01   3.4670639539e-01
  -1.5930533986e-01  -1.6071879347e-01   1.3760845334e+00  -2.3027021786e-02   3.7664872961e-01
  -1.5665937975e-01  -1.5789188625e-01   1.2706031037e+00  -1.6021379348e-01   3.8914535300e-01
  -1.5431114807e-01  -1.5542687324e-01   1.1651664249e+00  -2.8362036173e-01   3.8848564352e-01
  -1.5216225868e-01  -1.5319542290e-01   1.0596829696e+00  -3.9677118671e-01   3.7796985168e-01
  -1.5015713276e-01  -1.5112909446e-01   9.5441015484e-01  -5.0124965897e-01   3.5972622438e-01
  -1.4825992434e-01  -1.4918517106e-01   8.4895013167e-01  -5.9852654299e-01   3.3511427967e-01
  -1.4644521115e-01  -1.4733467761e-01   7.4365343326e-01  -6.8890689380e-01   3.0522182793e-01
  -1.4469345284e-01  -1.4555574469e-01   6.3816711903e-01  -7.7304460500e-01   2.7067564487e-01
  -1.4298867368e-01  -1.4383116098e-01   5.3280458383e-01  -8.5082352062e-01   2.3208341036e-01
  -1.4131690759e-01  -1.4214618637e-01   4.2767650462e-01  -9.2217229497e-01   1.8984728494e-01
  -1.3966534044e-01  -1.4048762881e-01   3.2181986405e-01  -9.8748222270e-01   1.4372779889e-01
  -1.3802137227e-01  -1.3884305207e-01   2.1673641529e-01  -1.0454510199e+00   9.4417328837e-02
  -1.3637181817e-01  -1.3719969246e-01   1.1126020420e-01  -1.0961853685e+00   4.1280936339e-02
  -1.3470202479e-01  -1.3554394387e-01   5.7091069910e-03  -1.1385962134e+00  -1.5846863318e-02
  -1.3299460342e-01  -1.3386010571e-01  -9.9601789029e-02  -1.1713500750e+00  -7.7292054090e-02
  -1.3122742364e-01  -1.3212910114e-01  -2.0500201015e-01  -1.1927851637e+00  -1.4405399550e-01
  -1.2936992205e-01  -1.3032574614e-01  -3.1052518702e-01  -1.2001695801e+00  -2.1747928416e-01
  -1.2737607576e-01  -1.2841409796e-01  -4.1604141402e-01  -1.1892005020e+00  -2.9962576735e-01
  -1.2516795232e-01  -1.2633805357e-01  -5.2155133887e-01  -1.1524781415e+00  -3.9427207560e-01
  -1.2259649311e-01  -1.2399785107e-01  -6.2730599104e-01  -1.0746897184e+00  -5.0951091731e-01
  -1.1978118372e-01  -1.2119513514e-01  -7.1903342308e-01  -9.4611340278e-01  -6.4052262745e-01
  -1.1722127913e-01  -1.1836723231e-01  -7.7937334757e-01  -7.8995116445e-01  -7.6369585188e-01
  -1.1509287231e-01  -1.1607532595e-01  -8.1202026211e-01  -6.3189004047e-01  -8.6874040623e-01
  -1.1322832905e-01  -1.1411041867e-01  -8.2775522668e-01  -4.7422058883e-01  -9.6210374742e-01
  -1.1153107570e-01  -1.1234623943e-01  -8.3218677101e-01  -3.1679797044e-01  -1.0477579969e+00
  -1.0994725144e-01  -1.1071591197e-01  -8.2841294147e-01  -1.5882332919e-01  -1.1282268994e+00
  -1.0844209005e-01  -1.0917859092e-01  -8.1845477148e-01  -1.5873222346e-03  -1.2041619862e+00
  -1.0699069130e-01  -1.0770558918e-01  -8.0364672755e-01   1.5594787861e-01  -1.2769446659e+00
  -1.0557379342e-01  -1.0627579343e-01  -7.8492906998e-01   3.1399789729e-01  -1.3472304367e+00
  -1.0417484262e-01  -1.0487179340e-01  -7.6333933885e-01   4.7070239964e-01  -1.4146260625e+00
  -1.0277836491e-01  -1.0347789183e-01  -7.3910540718e-01   6.2900493854e-01  -1.4806670523e+00
  -1.0136848770e-01  -1.0207883800e-01  -7.1317170186e-01   7.8624926247e-01  -1.5443973367e+00
  -9.9927160114e-02  -1.0065813741e-01  -6.8587916845e-01   9.4363094197e-01  -1.6063884982e+00
  -9.8431492431e-02  -9.9196182820e-02  -6.5768061263e-01   1.1014991288e+00  -1.6667067650e+00
  -9.6849353975e-02  -9.7666802042e-02  -6.2934741398e-01   1.2588705776e+00  -1.7247511187e+00
  -9.5128935434e-02  -9.6031905908e-02  -6.0146795928e-01   1.4168861243e+00  -1.7804069788e+00
  -9.3169554815e-02  -9.4225964960e-02  -5.7539193250e-01   1.5753832198e+00  -1.8323530594e+00
  -9.0693116826e-02  -9.2113144671e-02  -5.5414253662e-01   1.7351802719e+00  -1.8771777786e+00
  -8.6064311804e-02  -8.9273088982e-02  -5.6120626474e-01   1.8805732100e+00  -1.8817753632e+00
  -8.1038906322e-02  -8.2855534627e-02  -6.3309748518e-01   1.8227136901e+00  -1.7725424020e+00
  -7.8108252031e-02  -7.9222278017e-02  -7.0954344941e-01   1.6636762329e+00  -1.6392862323e+00
  -7.6119770026e-02  -7.6994226045e-02  -7.7368060176e-01   1.5046098836e+00  -1.5187979983e+00
  -7.4493656872e-02  -7.5245314008e-02  -8.3186972195e-01   1.3464814449e+00  -1.4030000608e+00
  -7.3066926550e-02  -7.3741999736e-02  -8.8635530065e-01   1.1881203767e+00  -1.2887657162e+00
  -7.1768786630e-02  -7.2391853364e-02  -9.3744530265e-01   1.0310237091e+00  -1.1761742555e+00
  -7.0560251636e-02  -7.1145719897e-02  -9.8600656711e-01   8.7394377440e-01  -1.0637789191e+00
  -6.9417550346e-02  -6.9974783374e-02  -1.0327530073e+00   7.1519569413e-01  -9.5002187311e-01
  -6.8324055410e-02  -6.8860317318e-02  -1.0766719809e+00   5.5875821001e-01  -8.3750420092e-01
  -6.7267461975e-02  -6.7787793503e-02  -1.1188302788e+00   4.0123503170e-01  -7.2359279235e-01
  -6.6238617133e-02  -6.6747130448e-02  -1.1591469644e+00   2.4287078938e-01  -6.0827983848e-01
  -6.5229849759e-02  -6.5730103818e-02  -1.1971263169e+00   8.5625475082e-02  -4.9283967872e-01
  -6.4234582529e-02  -6.4729595701e-02  -1.2330544742e+00  -7.1718756503e-02  -3.7624054054e-01
  -6.3247023061e-02  -6.3739569357e-02  -1.2668907906e+00  -2.2930748396e-01  -2.5821593589e-01
  -6.2261713444e-02  -6.2754476766e-02  -1.2985376835e+00  -3.8721362786e-01  -1.3853492701e-01
  -6.1273271772e-02  -6.1768950123e-02  -1.3277029372e+00  -5.4461612634e-01  -1.7636787340e-02
  -6.0276158330e-02  -6.0777593420e-02  -1.3543117051e+00  -7.0196096205e-01   1.0502385521e-01
  -5.9264388663e-02  -5.9774723239e-02  -1.3781340553e+00  -8.5919437091e-01   2.2965533183e-01
  -5.8231038661e-02  -5.8754054088e-02  -1.3990306729e+00  -1.0176396935e+00   3.5765369543e-01
  -5.7167898835e-02  -5.7708023234e-02  -1.4163098139e+00  -1.1751042453e+00   4.8765422162e-01
  -5.6065022706e-02  -5.6627774435e-02  -1.4295166490e+00  -1.3312739857e+00   6.1982986222e-01
  -5.4910797379e-02  -5.5502270977e-02  -1.4381798161e+00  -1.4901912884e+00   7.5837757480e-01
  -5.3708034454e-02  -5.4319323781e-02  -1.4409580566e+00  -1.6440541342e+00   8.9738028269e-01
  -5.2463138266e-02  -5.3096745126e-02  -1.4370374898e+00  -1.7922323952e+00   1.0370758032e+00
  -5.1166546254e-02  -5.1829531406e-02  -1.4253819645e+00  -1.9325570320e+00   1.1764981458e+00
  -4.9801008403e-02  -5.0503561102e-02  -1.4042590014e+00  -2.0651107351e+00   1.3173970086e+00
  -4.8342526768e-02  -4.9098455703e-02  -1.3720448853e+00  -2.1849290599e+00   1.4568104720e+00
  -4.6754581213e-02  -4.7586597833e-02  -1.3252287870e+00  -2.2906393043e+00   1.5968225646e+00
  -4.4974374735e-02  -4.5922564593e-02  -1.2585455454e+00  -2.3761874109e+00   1.7368689517e+00
  -4.2998052848e-02  -4.4026184878e-02  -1.1673269437e+00  -2.4295524594e+00   1.8703532009e+00
  -4.1070655474e-02  -4.1969920818e-02  -1.0622488081e+00  -2.4393540648e+00   1.9768934761e+00
  -3.9362305491e-02  -4.0171390129e-02  -9.5681335214e-01  -2.4129598382e+00   2.0505009675e+00
  -3.7805683954e-02  -3.8553220854e-02  -8.5120099102e-01  -2.3609813085e+00   2.1005097399e+00
  -3.6354604293e-02  -3.7058147054e-02  -7.4561834113e-01  -2.2896295767e+00   2.1322081535e+00
  -3.4979688191e-02  -3.5651061533e-02  -6.4035508908e-01  -2.2031181258e+00   2.1489846014e+00
  -3.3660687901e-02  -3.4308314849e-02  -5.3503459238e-01  -2.1038369822e+00   2.1531575981e+00
  -3.2382721616e-02  -3.3013060953e-02  -4.2940758262e-01  -1.9933727591e+00   2.1461637707e+00
  -3.1134000315e-02  -3.1752382279e-02  -3.2376729133e-01  -1.8733821022e+00   2.1289890735e+00
  -2.9904597774e-02  -3.0515618351e-02  -2.1823582615e-01  -1.7450962015e+00   2.1023594816e+00
  -2.8685747466e-02  -2.9293577198e-02  -1.1281884679e-01  -1.6093832069e+00   2.0667321569e+00
  -2.7469270579e-02  -2.8077917734e-02  -7.4567823265e-03  -1.4668264906e+00   2.0223002068e+00
  -2.6247064189e-02  -2.6860623423e-02   9.7925929324e-02  -1.3178129715e+00   1.9690049398e+00
  -2.5014821667e-02  -2.5633504956e-02   2.0300431661e-01  -1.1631837082e+00   1.9067925463e+00
  -2.3783464998e-02  -2.4396138378e-02   3.0604325640e-01  -1.0059291569e+00   1.8365157784e+00
  -2.2559798503e-02  -2.3170791618e-02   4.0580121155e-01  -8.4847236591e-01   1.7589835562e+00
  -2.1333573805e-02  -2.1948805389e-02   5.0251504578e-01  -6.9091943170e-01   1.6738931881e+00
  -2.0092652379e-02  -2.0718342222e-02   5.9642767711e-01  -5.3318630295e-01   1.5805616583e+00
  -1.8823713972e-02  -1.9466962537e-02   6.8756796213e-01  -3.7538198940e-01   1.4780758042e+00
  -1.7510956879e-02  -1.8180465406e-02   7.7568146101e-01  -2.1797065869e-01   1.3653713771e+00
  -1.6134263046e-02  -1.6841448352e-02   8.6089097092e-01  -6.0544259946e-02   1.2401176026e+00
  -1.4716027676e-02  -1.5427077741e-02   9.4016599803e-01   9.1468587810e-02   1.1044194087e+00
  -1.3323109993e-02  -1.4004977611e-02   1.0096697161e+00   2.3051801303e-01   9.6365687742e-01
  -1.1982185388e-02  -1.2641242376e-02   1.0668967823e+00   3.5073645622e-01   8.2446961464e-01
  -1.0682244316e-02  -1.1323128401e-02   1.1138727985e+00   4.5533423778e-01   6.8474165826e-01
  -9.4147914636e-03  -1.0041360232e-02   1.1511612563e+00   5.4482185501e-01   5.4477168440e-01
  -8.1726570787e-03  -8.7882226952e-03   1.1792879901e+00   6.1973232813e-01   4.0480384140e-01
  -6.9495966886e-03  -7.5570914623e-03   1.1987497138e+00   6.8063332806e-01   2.6496198264e-01
  -5.7399918747e-03  -6.3421019150e-03   1.2099865688e+00   7.2806440187e-01   1.2527515389e-01
  -4.5386011756e-03  -5.1378818345e-03   1.2133630494e+00   7.6248930129e-01  -1.4298164139e-02
  -3.3403364641e-03  -3.9393205168e-03   1.2091561884e+00   7.8426172862e-01  -1.5384600153e-01
  -2.1400090595e-03  -2.7413524114e-03   1.1974217848e+00   7.9357977049e-01  -2.9441337344e-01
  -9.3212634877e-04  -1.5386657077e-03   1.1784213821e+00   7.9040643138e-01  -4.3417536639e-01
   2.8931424925e-04  -3.2558698988e-04   1.1522209348e+00   7.7490840684e-01  -5.7383288487e-01
   1.5311812089e-03   9.0421548837e-04   1.1187704204e+00   7.4695571190e-01  -7.1357681156e-01
   2.8016617177e-03   2.1581469294e-03   1.0779913683e+00   7.0630247331e-01  -8.5326265405e-01
   4.1109605850e-03   3.4451765061e-03   1.0295847498e+00   6.5239534613e-01  -9.9308484514e-01
   5.4725294366e-03   4.7767446639e-03   9.7294886170e-01   5.8419353637e-01  -1.1334216047e+00
   6.9046774823e-03   6.1683142094e-03   9.0791218671e-01   5.0106481711e-01  -1.2730886603e+00
   8.4340799804e-03   7.6410407552e-03   8.3321693473e-01   4.0087325265e-01  -1.4127045390e+00
   1.0104145255e-02   9.2271192055e-03   7.4653933263e-01   2.7964417546e-01  -1.5530242647e+00
   1.1941516552e-02   1.0981171305e-02   6.4751406395e-01   1.3580334427e-01  -1.6899733979e+00
   1.3844002375e-02   1.2901861799e-02   5.4377930884e-01  -2.0087211252e-02  -1.8102293621e+00
   1.5719327137e-02   1.4786142951e-02   4.4184936939e-01  -1.7802354584e-01  -1.9061931999e+00
   1.7600566921e-02   1.6652511322e-02   3.4306826063e-01  -3.3536023655e-01  -1.9774745800e+00
   1.9538400328e-02   1.8548622520e-02   2.4656612761e-01  -4.9304976785e-01  -2.0239906900e+00
   2.1598120379e-02   2.0528178135e-02   1.5221513736e-01  -6.5101343615e-01  -2.0423371047e+00
   2.3888292623e-02   2.2668062623e-02   5.9956756067e-02  -8.0897360422e-01  -2.0247190246e+00
   2.6618799763e-02   2.5108522624e-02  -3.0201799974e-02  -9.6592153587e-01  -1.9522996975e+00
   2.9401618874e-02   2.8129076902e-02  -9.8876477570e-02  -1.0848585290e+00  -1.8262576624e+00
   3.1692531966e-02   3.0674160846e-02  -1.3679495765e-01  -1.1463160324e+00  -1.6852939363e+00
   3.3600221992e-02   3.2710903086e-02  -1.5565149958e-01  -1.1700267611e+00  -1.5450546473e+00
   3.5300111210e-02   3.4489540898e-02  -1.6321062178e-01  -1.1692877177e+00  -1.4045336330e+00
   3.6869555690e-02   3.6110681521e-02  -1.6292047543e-01  -1.1500989906e+00  -1.2649234876e+00
   3.8351830203e-02   3.7628429858e-02  -1.5676695762e-01  -1.1156304198e+00  -1.1251129884e+00
   3.9774323875e-02   3.9075230547e-02  -1.4595386540e-01  -1.0678046968e+00  -9.8542035748e-01
   4.1156420734e-02   4.0473417203e-02  -1.3118728685e-01  -1.0073532041e+00  -8.4499379724e-01
   4.2513044807e-02   4.1839424264e-02  -1.1323734388e-01  -9.3575942200e-01  -7.0556738321e-01
   4.3856500443e-02   4.3186665349e-02  -9.2380820768e-02  -8.5282684478e-01  -5.6586737386e-01
   4.5197538296e-02   4.4526335537e-02  -6.8814414050e-02  -7.5823281432e-01  -4.2543142818e-01
   4.6546249027e-02   4.5868741055e-02  -4.3127575116e-02  -6.5336284127e-01  -2.8635258614e-01
   4.7912792377e-02   4.7223756999e-02  -1.4951905620e-02  -5.3576287269e-01  -1.4581998368e-01
   4.9307828469e-02   4.8601827754e-02   1.5030581179e-02  -4.0736881383e-01  -6.7506373959e-03
   5.0743392454e-02   5.0013829184e-02   4.7358013608e-02  -2.6494892164e-01   1.3357993994e-01
   5.2207825414e-02   5.1472955725e-02   8.1068176379e-02  -1.1186738696e-01   2.7110446388e-01
   5.3650667067e-02   5.2942695103e-02   1.1469760263e-01   4.5592801212e-02   4.0060562455e-01
   5.5047776467e-02   5.4358639031e-02   1.4721539670e-01   2.0243058486e-01   5.1928074613e-01
   5.6414013560e-02   5.5736913904e-02   1.7915938930e-01   3.6093702535e-01   6.3006624007e-01
   5.7762323677e-02   5.7091113216e-02   2.0994340469e-01   5.1785290791e-01   7.3169691173e-01
   5.9104466362e-02   5.8433534137e-02   2.4003562630e-01   6.7517281154e-01   8.2637033604e-01
   6.0451808752e-02   5.9775398588e-02   2.6957820097e-01   8.3339181900e-01   9.1491260909e-01
   6.1816225066e-02   6.1128218917e-02   2.9813665674e-01   9.8987302987e-01   9.9642079199e-01
   6.3211375120e-02   6.2504231215e-02   3.2646047236e-01   1.1485082327e+00   1.0733132979e+00
   6.4653930942e-02   6.3918519026e-02   3.5391654396e-01   1.3056184231e+00   1.1440954422e+00
   6.6165814248e-02   6.5389342859e-02   3.8083762388e-01   1.4630038998e+00   1.2099251261e+00
   6.7779318088e-02   6.6942285637e-02   4.0723517346e-01   1.6209275451e+00   1.2710409176e+00
   6.9546485745e-02   6.8616350540e-02   4.3284168028e-01   1.7783743129e+00   1.3271385334e+00
   7.1567532276e-02   7.0476620951e-02   4.5763853126e-01   1.9369387877e+00   1.3786824263e+00
   7.4104885422e-02   7.2658443602e-02   4.8069973707e-01   2.0963616579e+00   1.4250390502e+00
   7.7526520153e-02   7.5551327241e-02   4.9574222312e-01   2.2344454752e+00   1.4591583498e+00
   8.1476905976e-02   7.9501713064e-02   4.8750144982e-01   2.2779773468e+00   1.4642582025e+00
   8.5477905063e-02   8.3452098887e-02   4.4704512812e-01   2.1888430235e+00   1.4362897982e+00
   8.8741837857e-02   8.7503711239e-02   3.8980448977e-01   2.0247900094e+00   1.3924305557e+00
   9.0981550477e-02   8.9979964474e-02   3.3726935892e-01   1.8661524429e+00   1.3515122879e+00
   9.2861396960e-02   9.1983136480e-02   2.8557007787e-01   1.7082066428e+00   1.3108260333e+00
   9.4541878575e-02   9.3739657440e-02   2.3393838294e-01   1.5500645436e+00   1.2696204697e+00
   9.6096131064e-02   9.5344099709e-02   1.8257738060e-01   1.3928047872e+00   1.2278648712e+00
   9.7565832357e-02   9.6848162418e-02   1.3116822462e-01   1.2355329735e+00   1.1850936677e+00
   9.8977729923e-02   9.8283502295e-02   7.9483114124e-02   1.0774460846e+00   1.1408713775e+00
   1.0035123539e-01   9.9671957551e-02   2.8224320971e-02   9.2045905611e-01   1.0955417759e+00
   1.0170158899e-01   1.0103051323e-01  -2.3248188216e-02   7.6226733518e-01   1.0482382265e+00
   1.0304161504e-01   1.0237266476e-01  -7.3942421410e-02   6.0547062328e-01   9.9952789848e-01
   1.0438312125e-01   1.0371056532e-01  -1.2448968563e-01   4.4753234935e-01   9.4838741221e-01
   1.0573772454e-01   1.0505567718e-01  -1.7414338248e-01   2.9001460568e-01   8.9502565460e-01
   1.0711777092e-01   1.0641977189e-01  -2.2266865700e-01   1.3268300999e-01   8.3904088961e-01
   1.0853732118e-01   1.0781576996e-01  -2.6967919042e-01  -2.4522555648e-02   7.8000867736e-01
   1.1001381601e-01   1.0925887241e-01  -3.1486906471e-01  -1.8251302469e-01   7.1701108985e-01
   1.1157029742e-01   1.1076875960e-01  -3.5715141644e-01  -3.4034896122e-01   6.4964956817e-01
   1.1323910999e-01   1.1237183524e-01  -3.9525582774e-01  -4.9760985740e-01   5.7708455038e-01
   1.1507083258e-01   1.1410638474e-01  -4.2752347194e-01  -6.5517252258e-01   4.9730013920e-01
   1.1715595752e-01   1.1603528043e-01  -4.5055091131e-01  -8.1326020048e-01   4.0727156390e-01
   1.1969438156e-01   1.1827663460e-01  -4.5683543120e-01  -9.7203315050e-01   3.0075353286e-01
   1.2294359536e-01   1.2111212852e-01  -4.2846075608e-01  -1.1190094885e+00   1.7262048679e-01
   1.2658882411e-01   1.2477506220e-01  -3.4981666092e-01  -1.2119126102e+00   4.2923018067e-02
   1.2978377682e-01   1.2840258601e-01  -2.4426820158e-01  -1.2343871202e+00  -5.5649130006e-02
   1.3235774354e-01   1.3116496762e-01  -1.3834721860e-01  -1.2158166520e+00  -1.2364839480e-01
   1.3465455028e-01   1.3355051945e-01  -3.2724535614e-02  -1.1758353498e+00  -1.7572801278e-01
   1.3682756115e-01   1.3575858111e-01   7.3101612877e-02  -1.1209627680e+00  -2.1799427107e-01
   1.3897182370e-01   1.3789654119e-01   1.7846299939e-01  -1.0541898841e+00  -2.5331646333e-01
   1.4117369974e-01   1.4004710620e-01   2.8416389823e-01  -9.7538624231e-01  -2.8402340616e-01
   1.4354874708e-01   1.4230029328e-01   3.8996905719e-01  -8.8267703405e-01  -3.1173044794e-01
   1.4633888714e-01   1.4479720088e-01   4.9651175361e-01  -7.6836009643e-01  -3.3878515171e-01
   1.4981236160e-01   1.4788057341e-01   5.9155633273e-01  -6.2578597397e-01  -3.6701724052e-01
   1.5385946366e-01   1.5174414979e-01   6.3748516339e-01  -4.6850178810e-01  -3.9622240918e-01
   1.5819320894e-01   1.5597477754e-01   5.9878909546e-01  -3.2012356526e-01  -4.2584644612e-01
   1.6184740152e-01   1.6041164034e-01   4.9791898179e-01  -2.1459377524e-01  -4.4950627954e-01
   1.6440447902e-01   1.6328316269e-01   3.9130551426e-01  -1.5291128039e-01  -4.6418866679e-01
   1.6650136438e-01   1.6552579535e-01   2.8545579237e-01  -1.0988333932e-01  -4.7407359752e-01
   1.6837033901e-01   1.6747693341e-01   1.7984603381e-01  -7.7185664500e-02  -4.8053118554e-01
   1.7010830122e-01   1.6926374462e-01   7.4146300741e-02  -5.1439465573e-02  -4.8398436267e-01
   1.7177006805e-01   1.7095285781e-01  -3.1341454513e-02  -3.1034697906e-02  -4.8450382513e-01
   1.7339327517e-01   1.7258727828e-01  -1.3666188778e-01  -1.4988483746e-02  -4.8200816727e-01
   1.7500830949e-01   1.7419927206e-01  -2.4228154456e-01  -2.7261542943e-03  -4.7622297383e-01
   1.7664414492e-01   1.7581734693e-01  -3.4762502776e-01   5.9117733153e-03  -4.6676547516e-01
   1.7833348868e-01   1.7747094292e-01  -4.5333764837e-01   1.0933975557e-02  -4.5292287614e-01
   1.8011963246e-01   1.7919603443e-01  -5.5881670814e-01   1.1958642192e-02  -4.3375258303e-01
   1.8207106981e-01   1.8104323049e-01  -6.6462103921e-01   8.1358804446e-03  -4.0742302897e-01
   1.8432341455e-01   1.8309890913e-01  -7.7055225769e-01  -2.5331509238e-03  -3.7052703376e-01
   1.8730324195e-01   1.8554791997e-01  -8.7845060514e-01  -2.6673625329e-02  -3.1221966271e-01
   1.9198932527e-01   1.8905856393e-01  -9.5941716445e-01  -8.5298152546e-02  -2.0716156718e-01
   1.9726099767e-01   1.9492008661e-01  -9.2259033884e-01  -1.7241796516e-01  -8.9467879615e-02
   2.0095746375e-01   1.9960190873e-01  -8.1416251619e-01  -2.4122542358e-01  -2.1608743774e-02
   2.0338988416e-01   2.0231301878e-01  -7.0779294836e-01  -2.8665100015e-01   9.8427564850e-03
   2.0540576969e-01   2.0446674954e-01  -6.0183767234e-01  -3.2266036786e-01   2.5806561188e-02
   2.0720180342e-01   2.0634478985e-01  -4.9640851252e-01  -3.5228669030e-01   3.1253253108e-02
   2.0886272091e-01   2.0805881699e-01  -3.9076537639e-01  -3.7699339810e-01   2.8410913768e-02
   2.1043552366e-01   2.0966662483e-01  -2.8543174675e-01  -3.9724765440e-01   1.8459066260e-02
   2.1195075282e-01   2.1120442249e-01  -1.7983440147e-01  -4.1343227513e-01   2.0377430869e-03
   2.1343051381e-01   2.1269708315e-01  -7.4312997100e-02  -4.2555018569e-01  -2.0412291671e-02
   2.1489263354e-01   2.1416394446e-01   3.1085763401e-02  -4.3353368387e-01  -4.8629577818e-02
   2.1635282734e-01   2.1562132261e-01   1.3645775083e-01  -4.3719248515e-01  -8.2532479597e-02
   2.1782637853e-01   2.1708433207e-01   2.4191272936e-01  -4.3617508549e-01  -1.2219274749e-01
   2.1932969182e-01   2.1856842500e-01   3.4745383360e-01  -4.2994160614e-01  -1.6778367825e-01
   2.2088202986e-01   2.2009095864e-01   4.5285271457e-01  -4.1775245956e-01  -2.1949820979e-01
   2.2250829290e-01   2.2167310109e-01   5.5839259713e-01  -3.9845802185e-01  -2.7797302306e-01
   2.2424396686e-01   2.2334348470e-01   6.6391264675e-01  -3.7037411185e-01  -3.4393039933e-01
   2.2614578731e-01   2.2514444901e-01   7.6952475707e-01  -3.3065471203e-01  -4.1879725293e-01
   2.2832036589e-01   2.2714712560e-01   8.7524725174e-01  -2.7403137920e-01  -5.0511867246e-01
   2.3104116554e-01   2.2949360617e-01   9.8216201958e-01  -1.8673225707e-01  -6.1006948609e-01
   2.3446740230e-01   2.3258872491e-01   1.0721680616e+00  -5.4889160326e-02  -7.2810692683e-01
   2.3803867974e-01   2.3634607970e-01   1.1115323901e+00   1.0247784351e-01  -8.2508279218e-01
   2.4135828121e-01   2.3973127978e-01   1.0962423389e+00   2.6005956725e-01  -8.8233971727e-01
   2.4464229029e-01   2.4298528263e-01   1.0344035442e+00   4.1759490129e-01  -9.0235467289e-01
   2.4774388155e-01   2.4629929796e-01   9.3853849320e-01   5.5942125704e-01  -8.8643883343e-01
   2.5038396827e-01   2.4918846514e-01   8.3238516459e-01   6.6868318650e-01  -8.4627926047e-01
   2.5265231116e-01   2.5157947139e-01   7.2679795018e-01   7.4991373408e-01  -7.9333463787e-01
   2.5473031395e-01   2.5372515093e-01   6.2117910498e-01   8.1165037389e-01  -7.3128258238e-01
   2.5670511721e-01   2.5573547696e-01   5.1551684915e-01   8.5717144900e-01  -6.6185635024e-01
   2.5863194685e-01   2.5767475745e-01   4.1016420278e-01   8.8779748219e-01  -5.8619016059e-01
   2.6055367048e-01   2.5958913624e-01   3.0486025459e-01   9.0400123030e-01  -5.0451133098e-01
   2.6251072899e-01   2.6151820472e-01   1.9929124149e-01   9.0519032306e-01  -4.1655457573e-01
   2.6454940182e-01   2.6350325326e-01   9.3582373888e-02   8.8971038198e-01  -3.2201516585e-01
   2.6673238471e-01   2.6559555038e-01  -1.1807684922e-02   8.5480467069e-01  -2.2048354596e-01
   2.6916222718e-01   2.6786921904e-01  -1.1743079739e-01   7.9499327188e-01  -1.0976880653e-01
   2.7205175754e-01   2.7045523533e-01  -2.2353299669e-01   6.9862721190e-01   1.4093393991e-02
   2.7542659499e-01   2.7364827974e-01  -3.1744921475e-01   5.6048949814e-01   1.4148845557e-01
   2.7889122059e-01   2.7720491024e-01  -3.7957780660e-01   4.0254645997e-01   2.4724313275e-01
   2.8234944938e-01   2.8057753094e-01  -4.0825223983e-01   2.4443452188e-01   3.2223970899e-01
   2.8629386712e-01   2.8412136782e-01  -4.0760725386e-01   8.5142271538e-02   3.6800183161e-01
   2.9276767405e-01   2.8846636642e-01  -3.6378927935e-01  -6.8136154956e-02   3.5550653771e-01
   3.0061497953e-01   2.9706898168e-01  -3.2134061324e-01  -4.4574835373e-02   2.5356499079e-01
   3.0637126398e-01   3.0416097737e-01  -3.4418837933e-01   1.1310227479e-01   1.6357880471e-01
   3.1056872481e-01   3.0858155059e-01  -4.0300004914e-01   2.7219480163e-01   1.2024759073e-01
   3.1463802338e-01   3.1255589902e-01  -4.8907060165e-01   4.2816963453e-01   1.1362675823e-01
   3.1872411652e-01   3.1672014775e-01  -5.9241208484e-01   5.5905143214e-01   1.5147399770e-01
   3.2287356189e-01   3.2072808529e-01  -6.9775777661e-01   6.4205876184e-01   2.4040492378e-01
   3.2687829824e-01   3.2501903849e-01  -7.8149095313e-01   6.6276620403e-01   3.7030250389e-01
   3.3033830393e-01   3.2873755799e-01  -8.2561682102e-01   6.3014375475e-01   5.1083664048e-01
   3.3344961879e-01   3.3193904987e-01  -8.3395799803e-01   5.6377779771e-01   6.5085678819e-01
   3.3648870306e-01   3.3496018770e-01  -8.0834344564e-01   4.7121115672e-01   7.9094316137e-01
   3.3967017916e-01   3.3801721842e-01  -7.4304180714e-01   3.5346620037e-01   9.3029000727e-01
   3.4270881407e-01   3.4132313990e-01  -6.4526501686e-01   2.3058314025e-01   1.0462629897e+00
   3.4523117408e-01   3.4409448823e-01  -5.3916832630e-01   1.2682111041e-01   1.1227014542e+00
   3.4737466320e-01   3.4636785992e-01  -4.3346973856e-01   4.1161110834e-02   1.1692399873e+00
   3.4931156545e-01   3.4838146648e-01  -3.2810411498e-01  -3.1982616955e-02   1.1943682549e+00
   3.5112509625e-01   3.5024166442e-01  -2.2238134111e-01  -9.5864321214e-02   1.2019187708e+00
   3.5286583623e-01   3.5200852807e-01  -1.1682489619e-01  -1.5185911949e-01   1.1935565613e+00
   3.5457029672e-01   3.5372314438e-01  -1.1276922356e-02  -2.0126898155e-01   1.1699841420e+00
   3.5626879955e-01   3.5541744907e-01   9.4083576862e-02  -2.4493460776e-01   1.1311566081e+00
   3.5799061964e-01   3.5712015003e-01   1.9952742572e-01  -2.8372701901e-01   1.0760986094e+00
   3.5976860714e-01   3.5886108925e-01   3.0499010162e-01  -3.1831266268e-01   1.0029838339e+00
   3.6164560677e-01   3.6067612502e-01   4.1060232736e-01  -3.4949183325e-01   9.0846142078e-01
   3.6366197227e-01   3.6261508852e-01   5.1493449917e-01  -3.7791290028e-01   7.8875629953e-01
   3.6568115675e-01   3.6470885602e-01   6.0846439375e-01  -4.0272353672e-01   6.5153386552e-01
   3.6754825006e-01   3.6665345748e-01   6.8306423136e-01  -4.2366855792e-01   5.1175542260e-01
   3.6928695524e-01   3.6844304263e-01   7.4166282130e-01  -4.4281394468e-01   3.7165206667e-01
   3.7094160435e-01   3.7013086785e-01   7.8677428521e-01  -4.6161614033e-01   2.3229475775e-01
   3.7254251576e-01   3.7175234086e-01   8.2081911834e-01  -4.8149726003e-01   9.1672431032e-02
   3.7411286219e-01   3.7333269067e-01   8.4443676599e-01  -5.0303468175e-01  -4.7839648854e-02
   3.7567245930e-01   3.7489303370e-01   8.5880598079e-01  -5.2719464115e-01  -1.8747536738e-01
   3.7723981263e-01   3.7645188489e-01   8.6442083620e-01  -5.5479649661e-01  -3.2737720072e-01
   3.7883443336e-01   3.7802774038e-01   8.6150007405e-01  -5.8671228724e-01  -4.6757546608e-01
   3.8047891362e-01   3.7964112633e-01   8.5013876991e-01  -6.2367613092e-01  -6.0711778668e-01
   3.8220252201e-01   3.8131670090e-01   8.3001440728e-01  -6.6720594524e-01  -7.4714619595e-01
   3.8404748900e-01   3.8308834311e-01   8.0055939050e-01  -7.1875908775e-01  -8.8683189717e-01
   3.8608416343e-01   3.8500663490e-01   7.6002851669e-01  -7.8153134365e-01  -1.0273906474e+00
   3.8845280006e-01   3.8716169196e-01   7.0561135070e-01  -8.5999125099e-01  -1.1676121928e+00
   3.9152402103e-01   3.8974390817e-01   6.2803268291e-01  -9.6741425942e-01  -1.3084664265e+00
   3.9540749083e-01   3.9330413390e-01   5.2892287935e-01  -1.1011575020e+00  -1.4138797517e+00
   3.9998842425e-01   3.9751084777e-01   4.2316155205e-01  -1.2352039079e+00  -1.4291533263e+00
   4.0461283637e-01   4.0246600073e-01   3.3695066952e-01  -1.3192512933e+00  -1.3336800935e+00
   4.0824270461e-01   4.0675967201e-01   2.8436471964e-01  -1.3330890262e+00  -1.1904667467e+00
   4.1098573482e-01   4.0972573721e-01   2.5149461660e-01  -1.3057021669e+00  -1.0499537743e+00
   4.1339891324e-01   4.1224573243e-01   2.2491597356e-01  -1.2529420126e+00  -9.0967815810e-01
   4.1565410983e-01   4.1455209406e-01   2.0005519641e-01  -1.1794014588e+00  -7.6997852491e-01
   4.1784309690e-01   4.1675612559e-01   1.7378633736e-01  -1.0856705047e+00  -6.2979327891e-01
   4.2003306119e-01   4.1893006820e-01   1.4370013655e-01  -9.7169008718e-01  -4.9003149726e-01
   4.2228473499e-01   4.2113605417e-01   1.0688051089e-01  -8.3513168108e-01  -3.5048339379e-01
   4.2453237295e-01   4.2343341581e-01   6.2546878276e-02  -6.8180746568e-01  -2.1910182132e-01
   4.2665741155e-01   4.2563133009e-01   1.2544604151e-02  -5.2434853607e-01  -1.0574953807e-01
   4.2866541872e-01   4.2768349302e-01  -4.2834895105e-02  -3.6670935056e-01  -1.0552417064e-02
   4.3060534923e-01   4.2964734442e-01  -1.0401697972e-01  -2.0935489566e-01   6.8324455343e-02
   4.3251356087e-01   4.3156335404e-01  -1.7170538437e-01  -5.1903083328e-02   1.3222846304e-01
   4.3442094964e-01   4.3346376770e-01  -2.4663770299e-01   1.0582010512e-01   1.8159311508e-01
   4.3635753672e-01   4.3537813158e-01  -3.2919838352e-01   2.6308910978e-01   2.1609818600e-01
   4.3835654627e-01   4.3733694186e-01  -4.2069137832e-01   4.2062710255e-01   2.3522176782e-01
   4.4043662500e-01   4.3937615068e-01  -5.2087544376e-01   5.7620961757e-01   2.3757686738e-01
   4.4253985249e-01   4.4149709932e-01  -6.2625529665e-01   7.2362431314e-01   2.2257560780e-01
   4.4462320710e-01   4.4358260566e-01  -7.3155389074e-01   8.5634168353e-01   1.9183460265e-01
   4.4672758775e-01   4.4566380855e-01  -8.3696694208e-01   9.7617786199e-01   1.4650382696e-01
   4.4891196447e-01   4.4779136694e-01  -9.4255566586e-01   1.0842266017e+00   8.6645055344e-02
   4.5126594965e-01   4.5003256200e-01  -1.0481983746e+00   1.1810010495e+00   1.1050605765e-02
   4.5397375997e-01   4.5249933730e-01  -1.1544730856e+00   1.2671482642e+00  -8.5023069809e-02
   4.5735951527e-01   4.5544818263e-01  -1.2553459658e+00   1.3381664282e+00  -2.0817949382e-01
   4.6162797951e-01   4.5927084791e-01  -1.3185741517e+00   1.3769416736e+00  -3.4886433370e-01
   4.6651114958e-01   4.6398511111e-01  -1.2871690965e+00   1.3664190820e+00  -4.6048042387e-01
   4.7039569429e-01   4.6903718805e-01  -1.1798297263e+00   1.3288400902e+00  -4.9584500624e-01
   4.7279185709e-01   4.7175420054e-01  -1.0730525266e+00   1.2956540447e+00  -4.8638867580e-01
   4.7471013751e-01   4.7382951364e-01  -9.6734148432e-01   1.2653181069e+00  -4.6103147919e-01
   4.7637515518e-01   4.7559076137e-01  -8.6171792110e-01   1.2367012835e+00  -4.2614433091e-01
   4.7787857922e-01   4.7715954898e-01  -7.5615189557e-01   1.2092781265e+00  -3.8453851625e-01
   4.7926958189e-01   4.7859760947e-01  -6.5076362476e-01   1.1826978612e+00  -3.3786252014e-01
   4.8057834895e-01   4.7994155431e-01  -5.4529061173e-01   1.1565927397e+00  -2.8700136607e-01
   4.8182509209e-01   4.8121514360e-01  -4.3953995488e-01   1.1306603357e+00  -2.3252681961e-01
   4.8302447802e-01   4.8243504059e-01  -3.3410627731e-01   1.1048166096e+00  -1.7524742678e-01
   4.8418778828e-01   4.8361391545e-01  -2.2929316834e-01   1.0789265225e+00  -1.1575505518e-01
   4.8532376560e-01   4.8476166111e-01  -1.2280126035e-01   1.0522099095e+00  -5.2993073794e-02
   4.8643981443e-01   4.8588587009e-01  -1.8484161607e-02   1.0254359217e+00   1.0511522607e-02
   4.8754242565e-01   4.8699375878e-01   8.8132105491e-02   9.9724169977e-01   7.7286337392e-02
   4.8863737676e-01   4.8809109251e-01   1.9291030817e-01   9.6849525959e-01   1.4459144171e-01
   4.8973025032e-01   4.8918366101e-01   2.9818522599e-01   9.3834409416e-01   2.1374676609e-01
   4.9082651997e-01   4.9027683962e-01   4.0432721990e-01   9.0638567036e-01   2.8490921136e-01
   4.9193180318e-01   4.9137620032e-01   5.0881646475e-01   8.7310426873e-01   3.5626466629e-01
   4.9305229898e-01   4.9248740604e-01   6.1532744373e-01   8.3696375148e-01   4.3023353542e-01
   4.9419488176e-01   4.9361719191e-01   7.1985132385e-01   7.9891495776e-01   5.0394553642e-01
   4.9536771504e-01   4.9477257160e-01   8.2582945855e-01   7.5722217926e-01   5.7973436641e-01
   4.9658103552e-01   4.9596285849e-01   9.3127228766e-01   7.1196822663e-01   6.5611782243e-01
   4.9784778996e-01   4.9719921256e-01   1.0363906662e+00   6.6229056251e-01   7.3315476020e-01
   4.9924818369e-01   4.9849636737e-01   1.1468451499e+00   6.0386287354e-01   8.1497678595e-01