# time = 2.9
# Grid points = 474
# Pressure (Pa) = 101325
#             1_pos             2_posf             3_uvel             4_vvel             5_wvel
  -4.9917840810e-01  -5.0000000000e-01   1.1997932277e+00   9.9216738160e-01   1.3174792817e+00
  -4.9750814511e-01  -4.9835681619e-01   1.3041184576e+00   8.4728603191e-01   1.4384351045e+00
  -4.9566236670e-01  -4.9665947403e-01   1.4047887449e+00   6.7706733188e-01   1.5557427214e+00
  -4.9337913820e-01  -4.9466525936e-01   1.5054915226e+00   4.5390794676e-01   1.6730646530e+00
  -4.9070684198e-01  -4.9209301703e-01   1.5882460911e+00   1.7885152323e-01   1.7681458904e+00
  -4.8796632188e-01  -4.8932066692e-01   1.6317599500e+00  -1.1349084562e-01   1.8148493323e+00
  -4.8525041762e-01  -4.8661197685e-01   1.6324344788e+00  -4.0576877562e-01   1.8084520832e+00
  -4.8247325112e-01  -4.8388885839e-01   1.5903369671e+00  -6.9817688473e-01   1.7488832079e+00
  -4.7971240761e-01  -4.8105764385e-01   1.5083073579e+00  -9.7278889341e-01   1.6405637413e+00
  -4.7731406729e-01  -4.7836717138e-01   1.4078359744e+00  -1.1900293601e+00   1.5117782703e+00
  -4.7535629892e-01  -4.7626096320e-01   1.3069281589e+00  -1.3484455388e+00   1.3851118563e+00
  -4.7363463088e-01  -4.7445163464e-01   1.2065559299e+00  -1.4698620639e+00   1.2613291774e+00
  -4.7205820286e-01  -4.7281762713e-01   1.1063107245e+00  -1.5649122284e+00   1.1397828423e+00
  -4.7057922324e-01  -4.7129877858e-01   1.0058158916e+00  -1.6390248514e+00   1.0200247007e+00
  -4.6916801250e-01  -4.6985966791e-01   9.0593332257e-01  -1.6947186417e+00   9.0313344899e-01
  -4.6780432622e-01  -4.6847635709e-01   8.0512031926e-01  -1.7346647348e+00   7.8742738857e-01
  -4.6647318109e-01  -4.6713229535e-01   7.0525246159e-01  -1.7593347069e+00   6.7520460458e-01
  -4.6516256736e-01  -4.6581406684e-01   6.0516911127e-01  -1.7699942713e+00   5.6530424163e-01
  -4.6386252316e-01  -4.6451106789e-01   5.0449734146e-01  -1.7669019271e+00   4.5757433813e-01
  -4.6256404824e-01  -4.6321397844e-01   4.0421446716e-01  -1.7502177555e+00   3.5333018952e-01
  -4.6125861670e-01  -4.6191411803e-01   3.0413087768e-01  -1.7200270243e+00   2.5264439592e-01
  -4.5993776484e-01  -4.6060311536e-01   2.0420486264e-01  -1.6761737705e+00   1.5581026480e-01
  -4.5859242112e-01  -4.5927241432e-01   1.0343257157e-01  -1.6175811160e+00   6.2344620998e-02
  -4.5721266704e-01  -4.5791242792e-01   3.7236014964e-03  -1.5447710918e+00  -2.5478587841e-02
  -4.5578682495e-01  -4.5651290616e-01  -9.7005792036e-02  -1.4552934213e+00  -1.0884107603e-01
  -4.5430067193e-01  -4.5506074373e-01  -1.9698662158e-01  -1.3494037465e+00  -1.8544308363e-01
  -4.5273610223e-01  -4.5354060013e-01  -2.9737987908e-01  -1.2243160644e+00  -2.5517398165e-01
  -4.5106864371e-01  -4.5193160433e-01  -3.9751369936e-01  -1.0785650772e+00  -3.1618714067e-01
  -4.4926329074e-01  -4.5020568309e-01  -4.9790719656e-01  -9.0822008963e-01  -3.6692597770e-01
  -4.4726609887e-01  -4.4832089838e-01  -5.9813460117e-01  -7.0930337081e-01  -4.0446477366e-01
  -4.4498442178e-01  -4.4621129935e-01  -6.9856380428e-01  -4.7360900010e-01  -4.2472591850e-01
  -4.4235257510e-01  -4.4375754422e-01  -7.9545178107e-01  -1.9916543277e-01  -4.2097449155e-01
  -4.3946564586e-01  -4.4094760599e-01  -8.7838883151e-01   9.2746530823e-02  -3.8914462012e-01
  -4.3633688466e-01  -4.3798368573e-01  -9.4162361697e-01   3.8583858681e-01  -3.3036119617e-01
  -4.3268516130e-01  -4.3469008358e-01  -9.8195989663e-01   6.7960279251e-01  -2.4492318825e-01
  -4.2755929390e-01  -4.3068023901e-01  -9.8203718983e-01   9.7839805577e-01  -1.2926754489e-01
  -4.2166997226e-01  -4.2443834879e-01  -9.1359337374e-01   1.1570745932e+00  -4.8539961266e-02
  -4.1704632770e-01  -4.1890159573e-01  -8.1141532396e-01   1.1796407549e+00  -4.8635586105e-02
  -4.1367958978e-01  -4.1519105967e-01  -7.1083961548e-01   1.1404830043e+00  -8.8934408614e-02
  -4.1084966285e-01  -4.1216811989e-01  -6.1060904114e-01   1.0800481726e+00  -1.4582839748e-01
  -4.0833775233e-01  -4.0953120581e-01  -5.1026107840e-01   1.0101164962e+00  -2.1039070368e-01
  -4.0603685963e-01  -4.0714429884e-01  -4.1016223603e-01   9.3599945327e-01  -2.7738606139e-01
  -4.0388289794e-01  -4.0492942043e-01  -3.0992714106e-01   8.5968905041e-01  -3.4396002566e-01
  -4.0183252169e-01  -4.0283637546e-01  -2.0976061644e-01   7.8224612176e-01  -4.0787981315e-01
  -3.9985311918e-01  -4.0082866791e-01  -1.0953055393e-01   7.0370901417e-01  -4.6771467830e-01
  -3.9791788163e-01  -3.9887757044e-01  -9.4547995731e-03   6.2388736673e-01  -5.2217258306e-01
  -3.9600259296e-01  -3.9695819283e-01   9.0855500857e-02   5.4170561277e-01  -5.7046643077e-01
  -3.9408304632e-01  -3.9504699309e-01   1.9114011562e-01   4.5620395287e-01  -6.1151079807e-01
  -3.9213230721e-01  -3.9311909955e-01   2.9128330069e-01   3.6584452647e-01  -6.4430103242e-01
  -3.9011678658e-01  -3.9114551487e-01   3.9153355089e-01   2.6803676236e-01  -6.6773848176e-01
  -3.8798888510e-01  -3.8908805828e-01   4.9186343707e-01   1.5916484004e-01  -6.8014581900e-01
  -3.8567048920e-01  -3.8688971191e-01   5.9222557140e-01   3.3173024282e-02  -6.7889695261e-01
  -3.8300187036e-01  -3.8445126649e-01   6.9303207826e-01  -1.2290845857e-01  -6.5881382130e-01
  -3.7960165421e-01  -3.8155247422e-01   7.9247459027e-01  -3.4018221469e-01  -6.0695717201e-01
  -3.7567331486e-01  -3.7765083420e-01   8.6093347190e-01  -6.1590866998e-01  -5.1897056228e-01
  -3.7184186692e-01  -3.7369579552e-01   8.7311498316e-01  -9.0737593443e-01  -4.1429793059e-01
  -3.6818376169e-01  -3.6998793832e-01   8.3148731809e-01  -1.1993565963e+00  -3.0815797222e-01
  -3.6476920525e-01  -3.6637958505e-01   7.4765713028e-01  -1.4736543007e+00  -2.1307354677e-01
  -3.6190222515e-01  -3.6315882545e-01   6.4677362690e-01  -1.6975328298e+00  -1.4131582847e-01
  -3.5955743529e-01  -3.6064562486e-01   5.4626144270e-01  -1.8702421749e+00  -9.0763309947e-02
  -3.5747581335e-01  -3.5846924571e-01   4.4580070692e-01  -2.0122808838e+00  -5.2928346197e-02
  -3.5554555589e-01  -3.5648238098e-01   3.4528039032e-01  -2.1316365623e+00  -2.4179058838e-02
  -3.5370428246e-01  -3.5460873079e-01   2.4523483401e-01  -2.2316097110e+00  -2.5939848118e-03
  -3.5191009141e-01  -3.5279983412e-01   1.4496372947e-01  -2.3147966161e+00   1.3302324874e-02
  -3.5013002733e-01  -3.5102034870e-01   4.4647956824e-02  -2.3815456892e+00   2.4373114817e-02
  -3.4833352158e-01  -3.4923970596e-01  -5.5815912221e-02  -2.4314710505e+00   3.1342054143e-02
  -3.4648782394e-01  -3.4742733720e-01  -1.5589535551e-01  -2.4629712254e+00   3.4828899816e-02
  -3.4455195495e-01  -3.4554831069e-01  -2.5626641175e-01  -2.4734825576e+00   3.5512542794e-02
  -3.4246600922e-01  -3.4355559922e-01  -3.5668310743e-01  -2.4577229835e+00   3.4179661936e-02
  -3.4012589732e-01  -3.4137641922e-01  -4.5717593224e-01  -2.4057703375e+00   3.2101541455e-02
  -3.3729386531e-01  -3.3887537541e-01  -5.5823375558e-01  -2.2939771141e+00   3.2059981742e-02
  -3.3373119516e-01  -3.3571235521e-01  -6.4908992032e-01  -2.0800496041e+00   4.1651570003e-02
  -3.3013995431e-01  -3.3175003512e-01  -6.9840279432e-01  -1.7911043074e+00   6.7570780057e-02
  -3.2713093899e-01  -3.2852987349e-01  -7.0525793759e-01  -1.4981584328e+00   1.0561342759e-01
  -3.2444947423e-01  -3.2573200448e-01  -6.8622529515e-01  -1.2052808189e+00   1.5295514898e-01
  -3.2194996463e-01  -3.2316694398e-01  -6.4911922945e-01  -9.1328883243e-01   2.0763490819e-01
  -3.1954784063e-01  -3.2073298528e-01  -5.9769014445e-01  -6.2035068212e-01   2.6850308988e-01
  -3.1718162262e-01  -3.1836269597e-01  -5.3452371205e-01  -3.2866698564e-01   3.3364384320e-01
  -3.1479564044e-01  -3.1600054927e-01  -4.6003126902e-01  -3.5480350920e-02   4.0205068484e-01
  -3.1232750552e-01  -3.1359073161e-01  -3.7484725388e-01   2.5662453384e-01   4.7104775968e-01
  -3.0974859368e-01  -3.1106427944e-01  -2.7943717364e-01   5.4326821557e-01   5.3660472370e-01
  -3.0714129829e-01  -3.0843290792e-01  -1.7939583067e-01   8.0480734719e-01   5.9030866176e-01
  -3.0455287342e-01  -3.0584968867e-01  -7.9348024673e-02   1.0277917004e+00   6.2521853215e-01
  -3.0192288339e-01  -3.0325605817e-01   2.0996606194e-02   1.2103535804e+00   6.3641750636e-01
  -2.9918504232e-01  -3.0058970861e-01   1.2100794350e-01   1.3453867335e+00   6.1692945549e-01
  -2.9625455536e-01  -2.9778037603e-01   2.2122222932e-01   1.4229934631e+00   5.5659482851e-01
  -2.9299442333e-01  -2.9472873469e-01   3.2149367154e-01   1.4238541188e+00   4.3911702174e-01
  -2.8955416173e-01  -2.9126011198e-01   4.1213985852e-01   1.3298011017e+00   2.6039212725e-01
  -2.8641489689e-01  -2.8784821147e-01   4.7896164686e-01   1.1655921411e+00   5.5206633717e-02
  -2.8367227528e-01  -2.8498158232e-01   5.2332184373e-01   9.6773566320e-01  -1.4997298744e-01
  -2.8109973593e-01  -2.8236296824e-01   5.5165475203e-01   7.4663180296e-01  -3.5449331938e-01
  -2.7855854486e-01  -2.7983650363e-01   5.6607604643e-01   5.0429129224e-01  -5.5912904152e-01
  -2.7591378759e-01  -2.7728058609e-01   5.6559323283e-01   2.3856155174e-01  -7.6425391894e-01
  -2.7306953365e-01  -2.7454698909e-01   5.4624850250e-01  -4.7114984128e-02  -9.6245875395e-01
  -2.6996238336e-01  -2.7159207822e-01   5.0153331360e-01  -3.4043748007e-01  -1.1365694210e+00
  -2.6657645717e-01  -2.6833268850e-01   4.2378020397e-01  -6.1594113485e-01  -1.2580617821e+00
  -2.6342123777e-01  -2.6482022584e-01   3.2463086017e-01  -8.1488725351e-01  -1.2955525271e+00
  -2.6083514468e-01  -2.6202224969e-01   2.2397324225e-01  -9.2609393950e-01  -1.2639069558e+00
  -2.5858769354e-01  -2.5964803967e-01   1.2380532567e-01  -9.8087390969e-01  -1.1896563556e+00
  -2.5655037453e-01  -2.5752734742e-01   2.3318832005e-02  -9.9630600369e-01  -1.0850411580e+00
  -2.5465278369e-01  -2.5557340165e-01  -7.6727117056e-02  -9.8162560039e-01  -9.5807096960e-01
  -2.5284972121e-01  -2.5373216573e-01  -1.7715821612e-01  -9.4262255654e-01  -8.1227271402e-01
  -2.5110888879e-01  -2.5196727669e-01  -2.7723853687e-01  -8.8345829516e-01  -6.5173544390e-01
  -2.4940443518e-01  -2.5025050088e-01  -3.7779788832e-01  -8.0627276558e-01  -4.7721035668e-01
  -2.4771352258e-01  -2.4855836948e-01  -4.7793167360e-01  -7.1351711851e-01  -2.9170352401e-01
  -2.4601470591e-01  -2.4686867567e-01  -5.7802314373e-01  -6.0603106900e-01  -9.5541641850e-02
  -2.4431234304e-01  -2.4516073614e-01  -6.7640795419e-01  -4.8636391491e-01   1.0727118520e-01
  -2.4261819605e-01  -2.4346394993e-01  -7.7112551243e-01  -3.5761596831e-01   3.1196131573e-01
  -2.4091346566e-01  -2.4177244216e-01  -8.6162765429e-01  -2.2094506666e-01   5.1680189685e-01
  -2.3916427906e-01  -2.4005448915e-01  -9.4759889240e-01  -7.6477780756e-02   7.2103034695e-01
  -2.3732807788e-01  -2.3827406896e-01  -1.0292814036e+00   7.8108233787e-02   9.2615918574e-01
  -2.3534180132e-01  -2.3638208681e-01  -1.1050574511e+00   2.4417639683e-01   1.1305930921e+00
  -2.3309001431e-01  -2.3430151584e-01  -1.1733286996e+00   4.2868740796e-01   1.3361316525e+00
  -2.3027701721e-01  -2.3187851277e-01  -1.2278222597e+00   6.4692008237e-01   1.5431471397e+00
  -2.2645548597e-01  -2.2867552165e-01  -1.2413123161e+00   9.1413429897e-01   1.7233479944e+00
  -2.2235484195e-01  -2.2423545029e-01  -1.1775610863e+00   1.1595873290e+00   1.7856184899e+00
  -2.1926377134e-01  -2.2047423360e-01  -1.0746266131e+00   1.3150481058e+00   1.7426724704e+00
  -2.1707588367e-01  -2.1805330907e-01  -9.7363964148e-01   1.4100884594e+00   1.6682508396e+00
  -2.1524632204e-01  -2.1609845826e-01  -8.7314715970e-01   1.4809901138e+00   1.5822462725e+00
  -2.1362140285e-01  -2.1439418582e-01  -7.7275991716e-01   1.5380440392e+00   1.4903917758e+00
  -2.1213035299e-01  -2.1284861988e-01  -6.7243173491e-01   1.5858527902e+00   1.3954802544e+00
  -2.1073297734e-01  -2.1141208611e-01  -5.7221381321e-01   1.6269464808e+00   1.2991953868e+00
  -2.0940352536e-01  -2.1005386857e-01  -4.7211853727e-01   1.6628849160e+00   1.2026085487e+00
  -2.0812417356e-01  -2.0875318216e-01  -3.7154398973e-01   1.6948649596e+00   1.1058948327e+00
  -2.0688161592e-01  -2.0749516496e-01  -2.7119240896e-01   1.7233221162e+00   1.0103135251e+00
  -2.0566526556e-01  -2.0626806687e-01  -1.7077325034e-01   1.7488097546e+00   9.1606135187e-01
  -2.0446637627e-01  -2.0506246426e-01  -7.0639355573e-02   1.7715527352e+00   8.2387085184e-01
  -2.0327734466e-01  -2.0387028829e-01   2.9352198166e-02   1.7917884346e+00   7.3396158385e-01
  -2.0209126970e-01  -2.0268440103e-01   1.2931510711e-01   1.8096339190e+00   6.4657162718e-01
  -2.0090147165e-01  -2.0149813836e-01   2.3034206686e-01   1.8252335730e+00   5.6115761081e-01
  -1.9970122365e-01  -2.0030480494e-01   3.3037690249e-01   1.8381833297e+00   4.7983198584e-01
  -1.9848348986e-01  -1.9909764236e-01   4.3050924134e-01   1.8485000554e+00   4.0204427392e-01
  -1.9724048137e-01  -1.9786933735e-01   5.3073482298e-01   1.8559045336e+00   3.2825056126e-01
  -1.9596323099e-01  -1.9661162539e-01   6.3089365872e-01   1.8599940492e+00   2.5907613925e-01
  -1.9464093815e-01  -1.9531483659e-01   7.3112228188e-01   1.8602250454e+00   1.9502980199e-01
  -1.9325989426e-01  -1.9396703971e-01   8.3160780329e-01   1.8558046617e+00   1.3676462523e-01
  -1.9180212350e-01  -1.9255274881e-01   9.3180177445e-01   1.8456612414e+00   8.5548221532e-02
  -1.9024256431e-01  -1.9105149818e-01   1.0321440044e+00   1.8281663427e+00   4.2398041595e-02
  -1.8854366466e-01  -1.8943363044e-01   1.1324894064e+00   1.8008584931e+00   9.1876596686e-03
  -1.8664397079e-01  -1.8765369889e-01   1.2328783822e+00   1.7596053490e+00  -1.1338491285e-02
  -1.8442730585e-01  -1.8563424269e-01   1.3334133776e+00   1.6965496678e+00  -1.4385247068e-02
  -1.8160313917e-01  -1.8322036901e-01   1.4348244369e+00   1.5918450458e+00   1.0987175766e-02
  -1.7756259117e-01  -1.7998590933e-01   1.5272839997e+00   1.3944712912e+00   9.2026136712e-02
  -1.7303185648e-01  -1.7513927301e-01   1.5649169975e+00   1.1139631792e+00   2.1877423220e-01
  -1.6908706558e-01  -1.7092443995e-01   1.5433476770e+00   8.2204389955e-01   3.3843170920e-01
  -1.6556874658e-01  -1.6724969121e-01   1.4860160559e+00   5.2988579818e-01   4.3562752217e-01
  -1.6230329771e-01  -1.6388780195e-01   1.4046079906e+00   2.3847050144e-01   5.0692095550e-01
  -1.5930533986e-01  -1.6071879347e-01   1.3083307541e+00  -4.2746474658e-02   5.5070542899e-01
  -1.5665937975e-01  -1.5789188625e-01   1.2080386397e+00  -2.9755194421e-01   5.6898101454e-01
  -1.5431114807e-01  -1.5542687324e-01   1.1077896938e+00  -5.2676267715e-01   5.6801949643e-01
  -1.5216225868e-01  -1.5319542290e-01   1.0074967372e+00  -7.3692484990e-01   5.5264648140e-01
  -1.5015713276e-01  -1.5112909446e-01   9.0740442968e-01  -9.3097938249e-01   5.2597386693e-01
  -1.4825992434e-01  -1.4918517106e-01   8.0713444304e-01  -1.1116580145e+00   4.8998953877e-01
  -1.4644521115e-01  -1.4733467761e-01   7.0702002232e-01  -1.2795273425e+00   4.4628407143e-01
  -1.4469345284e-01  -1.4555574469e-01   6.0672557278e-01  -1.4358018862e+00   3.9577393836e-01
  -1.4298867368e-01  -1.4383116098e-01   5.0654905009e-01  -1.5802659035e+00   3.3934767196e-01
  -1.4131690759e-01  -1.4214618637e-01   4.0659567538e-01  -1.7127868826e+00   2.7759330172e-01
  -1.3966534044e-01  -1.4048762881e-01   3.0594983678e-01  -1.8340916092e+00   2.1016070001e-01
  -1.3802137227e-01  -1.3884305207e-01   2.0603937165e-01  -1.9417612692e+00   1.3806220848e-01
  -1.3637181817e-01  -1.3719969246e-01   1.0575573749e-01  -2.0359940239e+00   6.0369452582e-02
  -1.3470202479e-01  -1.3554394387e-01   5.4011911174e-03  -2.1147671137e+00  -2.3159553203e-02
  -1.3299460342e-01  -1.3386010571e-01  -9.4724652912e-02  -2.1756037954e+00  -1.1300147604e-01
  -1.3122742364e-01  -1.3212910114e-01  -1.9493503641e-01  -2.2154175476e+00  -2.1061757329e-01
  -1.2936992205e-01  -1.3032574614e-01  -2.9526183931e-01  -2.2291342748e+00  -3.1797684242e-01
  -1.2737607576e-01  -1.2841409796e-01  -3.9558140290e-01  -2.2087621239e+00  -4.3808827819e-01
  -1.2516795232e-01  -1.2633805357e-01  -4.9589408256e-01  -2.1405570907e+00  -5.7647700410e-01
  -1.2259649311e-01  -1.2399785107e-01  -5.9643800452e-01  -1.9960779671e+00  -7.4497618982e-01
  -1.1978118372e-01  -1.2119513514e-01  -6.8364370627e-01  -1.7572677229e+00  -9.3653895270e-01
  -1.1722127913e-01  -1.1836723231e-01  -7.4100662755e-01  -1.4672203449e+00  -1.1166412462e+00
  -1.1509287231e-01  -1.1607532595e-01  -7.7204022669e-01  -1.1736457241e+00  -1.2702366149e+00
  -1.1322832905e-01  -1.1411041867e-01  -7.8699472214e-01  -8.8079836388e-01  -1.4067522072e+00
  -1.1153107570e-01  -1.1234623943e-01  -7.9120244332e-01  -5.8840931668e-01  -1.5319958939e+00
  -1.0994725144e-01  -1.1071591197e-01  -7.8760884427e-01  -2.9499486504e-01  -1.6496578048e+00
  -1.0844209005e-01  -1.0917859092e-01  -7.7813547897e-01  -2.9522385064e-03  -1.7606905493e+00
  -1.0699069130e-01  -1.0770558918e-01  -7.6405106254e-01   2.8964615698e-01  -1.8671139864e+00
  -1.0557379342e-01  -1.0627579343e-01  -7.4624954643e-01   5.8320079809e-01  -1.9698865601e+00
  -1.0417484262e-01  -1.0487179340e-01  -7.2571744558e-01   8.7425637656e-01  -2.0684332501e+00
  -1.0277836491e-01  -1.0347789183e-01  -7.0267131046e-01   1.1682800997e+00  -2.1649992772e+00
  -1.0136848770e-01  -1.0207883800e-01  -6.7800915830e-01   1.4603383614e+00  -2.2581866498e+00
  -9.9927160114e-02  -1.0065813741e-01  -6.5205510861e-01   1.7526517492e+00  -2.3488311321e+00
  -9.8431492431e-02  -9.9196182820e-02  -6.2523966555e-01   2.0458687507e+00  -2.4370295574e+00
  -9.6849353975e-02  -9.7666802042e-02  -5.9829627037e-01   2.3381631184e+00  -2.5219031035e+00
  -9.5128935434e-02  -9.6031905908e-02  -5.7178431871e-01   2.6316537671e+00  -2.6032842339e+00
  -9.3169554815e-02  -9.4225964960e-02  -5.4698708249e-01   2.9260387485e+00  -2.6792409622e+00
  -9.0693116826e-02  -9.2113144671e-02  -5.2677898781e-01   3.2228380383e+00  -2.7447848874e+00
  -8.6064311804e-02  -8.9273088982e-02  -5.3349139145e-01   3.4928829718e+00  -2.7515087483e+00
  -8.1038906322e-02  -8.2855534627e-02  -6.0184719429e-01   3.3854153827e+00  -2.5917883511e+00
  -7.8108252031e-02  -7.9222278017e-02  -6.7453645938e-01   3.0900250151e+00  -2.3969405261e+00
  -7.6119770026e-02  -7.6994226045e-02  -7.3552259574e-01   2.7945813433e+00  -2.2207619714e+00
  -7.4493656872e-02  -7.5245314008e-02  -7.9085339641e-01   2.5008798553e+00  -2.0514416009e+00
  -7.3066926550e-02  -7.3741999736e-02  -8.4266295256e-01   2.2067463797e+00  -1.8844075516e+00
  -7.1768786630e-02  -7.2391853364e-02  -8.9124403030e-01   1.9149614144e+00  -1.7197757710e+00
  -7.0560251636e-02  -7.1145719897e-02  -9.3742085598e-01   1.6232075783e+00  -1.5554308044e+00
  -6.9417550346e-02  -6.9974783374e-02  -9.8187227150e-01   1.3283554398e+00  -1.3890947843e+00
  -6.8324055410e-02  -6.8860317318e-02  -1.0236353345e+00   1.0377949443e+00  -1.2245710282e+00
  -6.7267461975e-02  -6.7787793503e-02  -1.0637244570e+00   7.4521795911e-01  -1.0580093946e+00
  -6.6238617133e-02  -6.6747130448e-02  -1.1020626812e+00   4.5107884852e-01  -8.8939846926e-01
  -6.5229849759e-02  -6.5730103818e-02  -1.1381786157e+00   1.5901801812e-01  -7.2060159795e-01
  -6.4234582529e-02  -6.4729595701e-02  -1.1723443637e+00  -1.3322650789e-01  -5.5011012327e-01
  -6.3247023061e-02  -6.3739569357e-02  -1.2045212899e+00  -4.2592512114e-01  -3.7753439023e-01
  -6.2261713444e-02  -6.2754476766e-02  -1.2346166226e+00  -7.1921326074e-01  -2.0253672658e-01
  -6.1273271772e-02  -6.1768950123e-02  -1.2623525026e+00  -1.0115659207e+00  -2.5759443835e-02
  -6.0276158330e-02  -6.0777593420e-02  -1.2876577907e+00  -1.3038114491e+00   1.5359489490e-01
  -5.9264388663e-02  -5.9774723239e-02  -1.3103138779e+00  -1.5958499849e+00   3.3583090335e-01
  -5.8231038661e-02  -5.8754054088e-02  -1.3301883702e+00  -1.8901394408e+00   5.2298987695e-01
  -5.7167898835e-02  -5.7708023234e-02  -1.3466234959e+00  -2.1826072158e+00   7.1307630492e-01
  -5.6065022706e-02  -5.6627774435e-02  -1.3591868133e+00  -2.4726700208e+00   9.0634306325e-01
  -5.4910797379e-02  -5.5502270977e-02  -1.3674303550e+00  -2.7678359749e+00   1.1089269037e+00
  -5.3708034454e-02  -5.4319323781e-02  -1.3700785754e+00  -3.0536139446e+00   1.3121758762e+00
  -5.2463138266e-02  -5.3096745126e-02  -1.3663576514e+00  -3.3288335507e+00   1.5164376923e+00
  -5.1166546254e-02  -5.1829531406e-02  -1.3552823688e+00  -3.5894661070e+00   1.7202998574e+00
  -4.9801008403e-02  -5.0503561102e-02  -1.3352055790e+00  -3.8356651821e+00   1.9263207204e+00
  -4.8342526768e-02  -4.9098455703e-02  -1.3045833185e+00  -4.0582100242e+00   2.1301693346e+00
  -4.6754581213e-02  -4.7586597833e-02  -1.2600776101e+00  -4.2545510030e+00   2.3348928552e+00
  -4.4974374735e-02  -4.5922564593e-02  -1.1966823406e+00  -4.4134435316e+00   2.5396659685e+00
  -4.2998052848e-02  -4.4026184878e-02  -1.1099586769e+00  -4.5125604467e+00   2.7348432809e+00
  -4.1070655474e-02  -4.1969920818e-02  -1.0100561495e+00  -4.5307644401e+00   2.8906228945e+00
  -3.9362305491e-02  -4.0171390129e-02  -9.0981229873e-01  -4.4817399172e+00   2.9982483858e+00
  -3.7805683954e-02  -3.8553220854e-02  -8.0939911830e-01  -4.3851962546e+00   3.0713679746e+00
  -3.6354604293e-02  -3.7058147054e-02  -7.0901331819e-01  -4.2526696721e+00   3.1177142763e+00
  -3.4979688191e-02  -3.5651061533e-02  -6.0893049941e-01  -4.0919861048e+00   3.1422417890e+00
  -3.3660687901e-02  -3.4308314849e-02  -5.0879267004e-01  -3.9075846744e+00   3.1483406218e+00
  -3.2382721616e-02  -3.3013060953e-02  -4.0836290292e-01  -3.7024122798e+00   3.1381113984e+00
  -3.1134000315e-02  -3.1752382279e-02  -3.0792005515e-01  -3.4795459010e+00   3.1129957858e+00
  -2.9904597774e-02  -3.0515618351e-02  -2.0758026849e-01  -3.2412722933e+00   3.0740553069e+00
  -2.8685747466e-02  -2.9293577198e-02  -1.0734895486e-01  -2.9892039161e+00   3.0219584250e+00
  -2.7469270579e-02  -2.8077917734e-02  -7.1694942484e-03  -2.7244242943e+00   2.9569875030e+00
  -2.6247064189e-02  -2.6860623423e-02   9.3029947548e-02  -2.4476520684e+00   2.8790567261e+00
  -2.5014821667e-02  -2.5633504956e-02   1.9294037848e-01  -2.1604493811e+00   2.7880874289e+00
  -2.3783464998e-02  -2.4396138378e-02   2.9091200551e-01  -1.8683705861e+00   2.6853265516e+00
  -2.2559798503e-02  -2.3170791618e-02   3.8576433681e-01  -1.5759161548e+00   2.5719569295e+00
  -2.1333573805e-02  -2.1948805389e-02   4.7772257939e-01  -1.2832831375e+00   2.4475359692e+00
  -2.0092652379e-02  -2.0718342222e-02   5.6701770953e-01  -9.9031541064e-01   2.3110649715e+00
  -1.8823713972e-02  -1.9466962537e-02   6.5367718079e-01  -6.9721543361e-01   2.1612087266e+00
  -1.7510956879e-02  -1.8180465406e-02   7.3745909193e-01  -4.0484532109e-01   1.9964111173e+00
  -1.6134263046e-02  -1.6841448352e-02   8.1848025613e-01  -1.1244715644e-01   1.8132641195e+00
  -1.4716027676e-02  -1.5427077741e-02   8.9385919502e-01   1.6989615702e-01   1.6148456305e+00
  -1.3323109993e-02  -1.4004977611e-02   9.5994767051e-01   4.2816176863e-01   1.4090224573e+00
  -1.1982185388e-02  -1.2641242376e-02   1.0143633911e+00   6.5145147700e-01   1.2055030205e+00
  -1.0682244316e-02  -1.1323128401e-02   1.0590323616e+00   8.4572801769e-01   1.0011933288e+00
  -9.4147914636e-03  -1.0041360232e-02   1.0944903382e+00   1.0119395689e+00   7.9653008623e-01
  -8.1726570787e-03  -8.7882226952e-03   1.1212372758e+00   1.1510761413e+00   5.9187026764e-01
  -6.9495966886e-03  -7.5570914623e-03   1.1397454457e+00   1.2641921047e+00   3.8739495487e-01
  -5.7399918747e-03  -6.3421019150e-03   1.1504333335e+00   1.3522895930e+00   1.8314660495e-01
  -4.5386011756e-03  -5.1378818345e-03   1.1536475012e+00   1.4162299610e+00  -2.0935501966e-02
  -3.3403364641e-03  -3.9393205168e-03   1.1496513537e+00   1.4566701626e+00  -2.2498009040e-01
  -2.1400090595e-03  -2.7413524114e-03   1.1384979708e+00   1.4739781242e+00  -4.3051516649e-01
  -9.3212634877e-04  -1.5386657077e-03   1.1204359791e+00   1.4680851199e+00  -6.3487237741e-01
   2.8931424925e-04  -3.2558698988e-04   1.0955281055e+00   1.4393007690e+00  -8.3907657646e-01
   1.5311812089e-03   9.0421548837e-04   1.0637267911e+00   1.3873836453e+00  -1.0434068668e+00
   2.8016617177e-03   2.1581469294e-03   1.0249574196e+00   1.3118770742e+00  -1.2476519703e+00
   4.1109605850e-03   3.4451765061e-03   9.7893567451e-01   1.2117532986e+00  -1.4520961723e+00
   5.4725294366e-03   4.7767446639e-03   9.2508945807e-01   1.0850791959e+00  -1.6572924784e+00
   6.9046774823e-03   6.1683142094e-03   8.6325565550e-01   9.3068048720e-01  -1.8615092564e+00
   8.4340799804e-03   7.6410407552e-03   7.9223836061e-01   7.4458998223e-01  -2.0656508622e+00
   1.0104145255e-02   9.2271192055e-03   7.0982812178e-01   5.1942531016e-01  -2.2708211976e+00
   1.1941516552e-02   1.0981171305e-02   6.1567747933e-01   2.5226251363e-01  -2.4710626653e+00
   1.3844002375e-02   1.2901861799e-02   5.1704854193e-01  -3.7281043989e-02  -2.6468954645e+00
   1.5719327137e-02   1.4786142951e-02   4.2013498222e-01  -3.3062452148e-01  -2.7872087463e+00
   1.7600566921e-02   1.6652511322e-02   3.2621470369e-01  -6.2285443060e-01  -2.8914318252e+00
   1.9538400328e-02   1.8548622520e-02   2.3446064993e-01  -9.1573988221e-01  -2.9594435897e+00
   2.1598120379e-02   2.0528178135e-02   1.4475120773e-01  -1.2091347318e+00  -2.9862661464e+00
   2.3888292623e-02   2.2668062623e-02   5.7030559021e-02  -1.5025233872e+00  -2.9605020756e+00
   2.6618799763e-02   2.5108522624e-02  -2.8694828002e-02  -1.7940324577e+00  -2.8546086138e+00
   2.9401618874e-02   2.8129076902e-02  -9.3994270460e-02  -2.0149421618e+00  -2.6703097148e+00
   3.1692531966e-02   3.0674160846e-02  -1.3005060544e-01  -2.1290921085e+00  -2.4641936984e+00
   3.3600221992e-02   3.2710903086e-02  -1.4798250698e-01  -2.1731328544e+00  -2.2591376581e+00
   3.5300111210e-02   3.4489540898e-02  -1.5517258484e-01  -2.1717616952e+00  -2.0536701297e+00
   3.6869555690e-02   3.6110681521e-02  -1.5489935407e-01  -2.1361229267e+00  -1.8495347828e+00
   3.8351830203e-02   3.7628429858e-02  -1.4905104602e-01  -2.0721040882e+00  -1.6451067397e+00
   3.9774323875e-02   3.9075230547e-02  -1.3877223347e-01  -1.9832763032e+00  -1.4408512587e+00
   4.1156420734e-02   4.0473417203e-02  -1.2473428001e-01  -1.8709980242e+00  -1.2355228362e+00
   4.2513044807e-02   4.1839424264e-02  -1.0766939136e-01  -1.7380245853e+00  -1.0316569791e+00
   4.3856500443e-02   4.3186665349e-02  -8.7840749158e-02  -1.5839910254e+00  -8.2739124162e-01
   4.5197538296e-02   4.4526335537e-02  -6.5435369059e-02  -1.4082980645e+00  -6.2204959648e-01
   4.6546249027e-02   4.5868741055e-02  -4.1013670431e-02  -1.2135190669e+00  -4.1869242629e-01
   4.7912792377e-02   4.7223756999e-02  -1.4225394823e-02  -9.9509602665e-01  -2.1320976546e-01
   4.9307828469e-02   4.8601827754e-02   1.4281038450e-02  -7.5662457491e-01  -9.8667937435e-03
   5.0743392454e-02   5.0013829184e-02   4.5017282477e-02  -4.9210226194e-01   1.9532014486e-01
   5.2207825414e-02   5.1472955725e-02   7.7068501645e-02  -2.0777753409e-01   3.9640398817e-01
   5.3650667067e-02   5.2942695103e-02   1.0904324118e-01   8.4679945176e-02   5.8575616505e-01
   5.5047776467e-02   5.4358639031e-02   1.3996129914e-01   3.7598148694e-01   7.5927872006e-01
   5.6414013560e-02   5.5736913904e-02   1.7033401848e-01   6.7038236731e-01   9.2126519072e-01
   5.7762323677e-02   5.7091113216e-02   1.9960403113e-01   9.6182909710e-01   1.0698656746e+00
   5.9104466362e-02   5.8433534137e-02   2.2821647078e-01   1.2540262878e+00   1.2082933993e+00
   6.0451808752e-02   5.9775398588e-02   2.5630647989e-01   1.5478934742e+00   1.3377562610e+00
   6.1816225066e-02   6.1128218917e-02   2.8346093263e-01   1.8385330197e+00   1.4569340322e+00
   6.3211375120e-02   6.2504231215e-02   3.1039245022e-01   2.1331733141e+00   1.5693628223e+00
   6.4653930942e-02   6.3918519026e-02   3.3649904181e-01   2.4249811749e+00   1.6728571777e+00
   6.6165814248e-02   6.5389342859e-02   3.6209709564e-01   2.7173003750e+00   1.7691101376e+00
   6.7779318088e-02   6.6942285637e-02   3.8719750982e-01   3.0106191761e+00   1.8584705289e+00
   6.9546485745e-02   6.8616350540e-02   4.1154592411e-01   3.3030522839e+00   1.9404934490e+00
   7.1567532276e-02   7.0476620951e-02   4.3512466955e-01   3.5975613890e+00   2.0158579969e+00
   7.4104885422e-02   7.2658443602e-02   4.5705335128e-01   3.8936648485e+00   2.0836378312e+00
   7.7526520153e-02   7.5551327241e-02   4.7135783726e-01   4.1501342631e+00   2.1335248177e+00
   8.1476905976e-02   7.9501713064e-02   4.6352368603e-01   4.2309878138e+00   2.1409814368e+00
   8.5477905063e-02   8.3452098887e-02   4.2505752564e-01   4.0654340114e+00   2.1000881311e+00
   8.8741837857e-02   8.7503711239e-02   3.7063190515e-01   3.7607300941e+00   2.0359605700e+00
   9.0981550477e-02   8.9979964474e-02   3.2068020348e-01   3.4660845995e+00   1.9761331141e+00
   9.2861396960e-02   9.1983136480e-02   2.7152321396e-01   3.1727239683e+00   1.9166448822e+00
   9.4541878575e-02   9.3739657440e-02   2.2243049009e-01   2.8789987482e+00   1.8563973266e+00
   9.6096131064e-02   9.5344099709e-02   1.7359516582e-01   2.5869123545e+00   1.7953455055e+00
   9.7565832357e-02   9.6848162418e-02   1.2471408071e-01   2.2948035753e+00   1.7328086854e+00
   9.8977729923e-02   9.8283502295e-02   7.5570639025e-02   2.0011809277e+00   1.6681501245e+00
   1.0035123539e-01   9.9671957551e-02   2.6832577789e-02   1.7096011207e+00   1.6018724532e+00
   1.0170158899e-01   1.0103051323e-01  -2.2108663296e-02   1.4157837976e+00   1.5327085257e+00
   1.0304161504e-01   1.0237266476e-01  -7.0309878586e-02   1.1245575178e+00   1.4614876027e+00
   1.0438312125e-01   1.0371056532e-01  -1.1837133370e-01   8.3121098827e-01   1.3867133534e+00
   1.0573772454e-01   1.0505567718e-01  -1.6558315271e-01   5.3864556756e-01   1.3086911795e+00
   1.0711777092e-01   1.0641977189e-01  -2.1172203933e-01   2.4642593498e-01   1.2268336678e+00
   1.0853732118e-01   1.0781576996e-01  -2.5642068536e-01  -4.5559557801e-02   1.1405202035e+00
   1.1001381601e-01   1.0925887241e-01  -2.9938823463e-01  -3.3900281489e-01   1.0484086120e+00
   1.1157029742e-01   1.1076875960e-01  -3.3959129892e-01  -6.3215895388e-01   9.4991609880e-01
   1.1323910999e-01   1.1237183524e-01  -3.7582197463e-01  -9.2424691379e-01   8.4381504435e-01
   1.1507083258e-01   1.1410638474e-01  -4.0650307578e-01  -1.2168951819e+00   7.2715781832e-01
   1.1715595752e-01   1.1603528043e-01  -4.2839865485e-01  -1.5105183050e+00   5.9552159582e-01
   1.1969438156e-01   1.1827663460e-01  -4.3437522283e-01  -1.8054137364e+00   4.3977448949e-01
   1.2294359536e-01   1.2111212852e-01  -4.0739811398e-01  -2.0783979038e+00   2.5242155470e-01
   1.2658882411e-01   1.2477506220e-01  -3.3262503111e-01  -2.2509484109e+00   6.2779719552e-02
   1.2978377682e-01   1.2840258601e-01  -2.3227109689e-01  -2.2926883882e+00  -8.1352394250e-02
   1.3235774354e-01   1.3116496762e-01  -1.3156267439e-01  -2.2581939178e+00  -1.8078178854e-01
   1.3465455028e-01   1.3355051945e-01  -3.1137707268e-02  -2.1839322752e+00  -2.5693396192e-01
   1.3682756115e-01   1.3575858111e-01   6.9480847322e-02  -2.0820124615e+00  -3.1873736474e-01
   1.3897182370e-01   1.3789654119e-01   1.6965765090e-01  -1.9579897425e+00  -3.7038738661e-01
   1.4117369974e-01   1.4004710620e-01   2.7015743787e-01  -1.8116217789e+00  -4.1528919844e-01
   1.4354874708e-01   1.4230029328e-01   3.7075661809e-01  -1.6394263908e+00  -4.5580474964e-01
   1.4633888714e-01   1.4479720088e-01   4.7205752852e-01  -1.4270979605e+00  -4.9536669569e-01
   1.4981236160e-01   1.4788057341e-01   5.6242707732e-01  -1.1622863631e+00  -5.3665027944e-01
   1.5385946366e-01   1.5174414979e-01   6.0609922794e-01  -8.7015401468e-01  -5.7935597356e-01
   1.5819320894e-01   1.5597477754e-01   5.6931237562e-01  -5.9456473711e-01  -6.2267255835e-01
   1.6184740152e-01   1.6041164034e-01   4.7341116130e-01  -3.9856108067e-01  -6.5726686465e-01
   1.6440447902e-01   1.6328316269e-01   3.7204809306e-01  -2.8399722870e-01  -6.7873395844e-01
   1.6650136438e-01   1.6552579535e-01   2.7141061920e-01  -2.0408137342e-01  -6.9318611807e-01
   1.6837033901e-01   1.6747693341e-01   1.7100097253e-01  -1.4335242760e-01  -7.0262677563e-01
   1.7010830122e-01   1.6926374462e-01   7.0505548209e-02  -9.5534809972e-02  -7.0767436328e-01
   1.7177006805e-01   1.7095285781e-01  -2.9788526568e-02  -5.7638103771e-02  -7.0843227344e-01
   1.7339327517e-01   1.7258727828e-01  -1.2992368753e-01  -2.7836766354e-02  -7.0478148535e-01
   1.7500830949e-01   1.7419927206e-01  -2.3034350440e-01  -5.0634503602e-03  -6.9632075142e-01
   1.7664414492e-01   1.7581734693e-01  -3.3050091166e-01   1.0978066414e-02  -6.8249040417e-01
   1.7833348868e-01   1.7747094292e-01  -4.3100946708e-01   2.0303879971e-02  -6.6224819565e-01
   1.8011963246e-01   1.7919603443e-01  -5.3129617335e-01   2.2204838936e-02  -6.3421588823e-01
   1.8207106981e-01   1.8104323049e-01  -6.3189241203e-01   1.5102369817e-02  -5.9571537804e-01
   1.8432341455e-01   1.8309890913e-01  -7.3260968891e-01  -4.7160966887e-03  -5.4176472812e-01
   1.8730324195e-01   1.8554791997e-01  -8.3519804844e-01  -4.9555941212e-02  -4.5650656257e-01
   1.9198932527e-01   1.8905856393e-01  -9.1218233545e-01  -1.5844454705e-01  -3.0289041526e-01
   1.9726099767e-01   1.9492008661e-01  -8.7717318789e-01  -3.2025663323e-01  -1.3080049534e-01
   2.0095746375e-01   1.9960190873e-01  -7.7408643282e-01  -4.4805448773e-01  -3.1579236331e-02
   2.0338988416e-01   2.0231301878e-01  -6.7295523977e-01  -5.3242378039e-01   1.4407204541e-02
   2.0540576969e-01   2.0446674954e-01  -5.7221737508e-01  -5.9930377158e-01   3.7747715761e-02
   2.0720180342e-01   2.0634478985e-01  -4.7197934047e-01  -6.5432814636e-01   4.5710230473e-02
   2.0886272091e-01   2.0805881699e-01  -3.7153756263e-01  -7.0021500942e-01   4.1552612959e-02
   2.1043552366e-01   2.0966662483e-01  -2.7138979046e-01  -7.3783206582e-01   2.6999555442e-02
   2.1195075282e-01   2.1120442249e-01  -1.7099104500e-01  -7.6789033250e-01   2.9868962628e-03
   2.1343051381e-01   2.1269708315e-01  -7.0664271236e-02  -7.9039525372e-01  -2.9840880967e-02
   2.1489263354e-01   2.1416394446e-01   2.9546122874e-02  -8.0522108642e-01  -7.1101473530e-02
   2.1635282734e-01   2.1562132261e-01   1.2973129114e-01  -8.1201440531e-01  -1.2067551864e-01
   2.1782637853e-01   2.1708433207e-01   2.2999560400e-01  -8.1012234295e-01  -1.7866793411e-01
   2.1932969182e-01   2.1856842500e-01   3.3034205850e-01  -7.9854215579e-01  -2.4533211697e-01
   2.2088202986e-01   2.2009095864e-01   4.3055356926e-01  -7.7590017625e-01  -3.2095018124e-01
   2.2250829290e-01   2.2167310109e-01   5.3089945948e-01  -7.4006114317e-01  -4.0645308748e-01
   2.2424396686e-01   2.2334348470e-01   6.3122686876e-01  -6.8789694511e-01  -5.0289695713e-01
   2.2614578731e-01   2.2514444901e-01   7.3164228182e-01  -6.1412152627e-01  -6.1236823059e-01
   2.2832036589e-01   2.2714712560e-01   8.3216330244e-01  -5.0894953869e-01  -7.3858834630e-01
   2.3104116554e-01   2.2949360617e-01   9.3381904573e-01  -3.4680178722e-01  -8.9204837299e-01
   2.3446740230e-01   2.3258872491e-01   1.0193998368e+00  -1.0192064980e-01  -1.0646435964e+00
   2.3803867974e-01   2.3634607970e-01   1.0568321589e+00   1.9036604853e-01  -1.2064423203e+00
   2.4135828121e-01   2.3973127978e-01   1.0422998724e+00   4.8305012788e-01  -1.2901637406e+00
   2.4464229029e-01   2.4298528263e-01   9.8350962013e-01   7.7564679616e-01  -1.3194297804e+00
   2.4774388155e-01   2.4629929796e-01   8.9236705965e-01   1.0390654557e+00  -1.2961576763e+00
   2.5038396827e-01   2.4918846514e-01   7.9144140063e-01   1.2420002705e+00  -1.2374362927e+00
   2.5265231116e-01   2.5157947139e-01   6.9105303312e-01   1.3928709915e+00  -1.1600205555e+00
   2.5473031395e-01   2.5372515093e-01   5.9063392464e-01   1.5075346881e+00  -1.0692878885e+00
   2.5670511721e-01   2.5573547696e-01   4.9017299194e-01   1.5920803949e+00  -9.6777266220e-01
   2.5863194685e-01   2.5767475745e-01   3.9000593256e-01   1.6489607976e+00  -8.5713333192e-01
   2.6055367048e-01   2.5958913624e-01   2.8988469624e-01   1.6790539664e+00  -7.3770227765e-01
   2.6251072899e-01   2.6151820472e-01   1.8951094647e-01   1.6812596563e+00  -6.0909159174e-01
   2.6454940182e-01   2.6350325326e-01   8.9003683270e-02   1.6525051129e+00  -4.7085569012e-01
   2.6673238471e-01   2.6559555038e-01  -1.1201085091e-02   1.5876701273e+00  -3.2239570802e-01
   2.6916222718e-01   2.6786921904e-01  -1.1162823221e-01   1.4765765640e+00  -1.6050807004e-01
   2.7205175754e-01   2.7045523533e-01  -2.1251204508e-01   1.2975882028e+00   2.0603938220e-02
   2.7542659499e-01   2.7364827974e-01  -3.0181087110e-01   1.0410156172e+00   2.0688184572e-01
   2.7889122059e-01   2.7720491024e-01  -3.6088697580e-01   7.4765850372e-01   3.6151720113e-01
   2.8234944938e-01   2.8057753094e-01  -3.8815519944e-01   4.5398862100e-01   4.7117800812e-01
   2.8629386712e-01   2.8412136782e-01  -3.8754678536e-01   1.5812733243e-01   5.3809220011e-01
   2.9276767405e-01   2.8846636642e-01  -3.4588936367e-01  -1.2656281561e-01   5.1982258588e-01
   3.0061497953e-01   2.9706898168e-01  -3.0552763378e-01  -8.2799492551e-02   3.7076443215e-01
   3.0637126398e-01   3.0416097737e-01  -3.2724484080e-01   2.1006192365e-01   2.3918698223e-01
   3.1056872481e-01   3.0858155059e-01  -3.8315644086e-01   5.0555112092e-01   1.7582824286e-01
   3.1463802338e-01   3.1255589902e-01  -4.6498585089e-01   7.9524880577e-01   1.6614729880e-01
   3.1872411652e-01   3.1672014775e-01  -5.6323752437e-01   1.0383392771e+00   2.2148735959e-01
   3.2287356189e-01   3.2072808529e-01  -6.6339701350e-01   1.1925097551e+00   3.5152162690e-01
   3.2687829824e-01   3.2501903849e-01  -7.4301037084e-01   1.2309677904e+00   5.4145688334e-01
   3.3033830393e-01   3.2873755799e-01  -7.8496780428e-01   1.1703744079e+00   7.4694457739e-01
   3.3344961879e-01   3.3193904987e-01  -7.9290302862e-01   1.0471083379e+00   9.5168044206e-01
   3.3648870306e-01   3.3496018770e-01  -7.6855479781e-01   8.7517917522e-01   1.1565128122e+00
   3.3967017916e-01   3.3801721842e-01  -7.0647386864e-01   6.5648592953e-01   1.3602634193e+00
   3.4270881407e-01   3.4132313990e-01  -6.1351615074e-01   4.2825029268e-01   1.5298366503e+00
   3.4523117408e-01   3.4409448823e-01  -5.1264679083e-01   2.3552956968e-01   1.6416028513e+00
   3.4737466320e-01   3.4636785992e-01  -4.1215484072e-01   7.6430865054e-02   1.7096497115e+00
   3.4931156545e-01   3.4838146648e-01  -3.1197868991e-01  -5.9420589250e-02   1.7463907295e+00
   3.5112509625e-01   3.5024166442e-01  -2.1146236101e-01  -1.7806908272e-01   1.7574297620e+00
   3.5286583623e-01   3.5200852807e-01  -1.1110363200e-01  -2.8206871082e-01   1.7452014045e+00
   3.5457029672e-01   3.5372314438e-01  -1.0752463026e-02  -3.7383768593e-01   1.7107328740e+00
   3.5626879955e-01   3.5541744907e-01   8.9420935650e-02  -4.5493748269e-01   1.6539585231e+00
   3.5799061964e-01   3.5712015003e-01   1.8967405634e-01  -5.2698587387e-01   1.5734522154e+00
   3.5976860714e-01   3.5886108925e-01   2.8994557739e-01  -5.9122066662e-01   1.4665435572e+00
   3.6164560677e-01   3.6067612502e-01   3.9035984116e-01  -6.4912825002e-01   1.3283329833e+00
   3.6366197227e-01   3.6261508852e-01   4.8955769157e-01  -7.0191286175e-01   1.1533006822e+00
   3.6568115675e-01   3.6470885602e-01   5.7848553683e-01  -7.4799169141e-01   9.5265502095e-01
   3.6754825006e-01   3.6665345748e-01   6.4941540422e-01  -7.8689107248e-01   7.4827229957e-01
   3.6928695524e-01   3.6844304263e-01   7.0513181847e-01  -8.2244821214e-01   5.4341475774e-01
   3.7094160435e-01   3.7013086785e-01   7.4802507204e-01  -8.5736819217e-01   3.3964830553e-01
   3.7254251576e-01   3.7175234086e-01   7.8039650931e-01  -8.9429230709e-01   1.3403237072e-01
   3.7411286219e-01   3.7333269067e-01   8.0285402919e-01  -9.3429295841e-01  -6.9959981028e-02
   3.7567245930e-01   3.7489303370e-01   8.1651835833e-01  -9.7916474580e-01  -2.7413292660e-01
   3.7723981263e-01   3.7645188489e-01   8.2185923043e-01  -1.0304294907e+00  -4.7869479253e-01
   3.7883443336e-01   3.7802774038e-01   8.1908459846e-01  -1.0897068671e+00  -6.8368990310e-01
   3.8047891362e-01   3.7964112633e-01   8.0828481878e-01  -1.1583603934e+00  -8.8772570359e-01
   3.8220252201e-01   3.8131670090e-01   7.8915324145e-01  -1.2392093634e+00  -1.0924720346e+00
   3.8404748900e-01   3.8308834311e-01   7.6115016047e-01  -1.3349606134e+00  -1.2967170190e+00
   3.8608416343e-01   3.8500663490e-01   7.2261624017e-01  -1.4515498447e+00  -1.5022382530e+00
   3.8845280006e-01   3.8716169196e-01   6.7087927007e-01  -1.5972767448e+00  -1.7072660296e+00
   3.9152402103e-01   3.8974390817e-01   5.9712036508e-01  -1.7967985881e+00  -1.9132182129e+00
   3.9540749083e-01   3.9330413390e-01   5.0288889269e-01  -2.0452069724e+00  -2.0673486670e+00
   3.9998842425e-01   3.9751084777e-01   4.0233134990e-01  -2.2941794328e+00  -2.0896782130e+00
   4.0461283637e-01   4.0246600073e-01   3.2036052335e-01  -2.4502870961e+00  -1.9500765369e+00
   4.0824270461e-01   4.0675967201e-01   2.7035988884e-01  -2.4759909442e+00  -1.7406713904e+00
   4.1098573482e-01   4.0972573721e-01   2.3910553125e-01  -2.4251260487e+00  -1.5352154483e+00
   4.1339891324e-01   4.1224573243e-01   2.1383351547e-01  -2.3271340370e+00  -1.3301069320e+00
   4.1565410983e-01   4.1455209406e-01   1.9019530403e-01  -2.1905455903e+00  -1.1258408492e+00
   4.1784309690e-01   4.1675612559e-01   1.6521880250e-01  -2.0164566115e+00  -9.2086489193e-01
   4.2003306119e-01   4.1893006820e-01   1.3661338088e-01  -1.8047574373e+00  -7.1650825567e-01
   4.2228473499e-01   4.2113605417e-01   1.0160656634e-01  -1.5511232479e+00  -5.1246416730e-01
   4.2453237295e-01   4.2343341581e-01   5.9456242164e-02  -1.2663492109e+00  -3.2036107840e-01
   4.2665741155e-01   4.2563133009e-01   1.1916842584e-02  -9.7389551250e-01  -1.5462004801e-01
   4.2866541872e-01   4.2768349302e-01  -4.0734654202e-02  -6.8110694414e-01  -1.5425090474e-02
   4.3060534923e-01   4.2964734442e-01  -9.8902719588e-02  -3.8884717258e-01   9.9906785477e-02
   4.3251356087e-01   4.3156335404e-01  -1.6325646394e-01  -9.6406554509e-02   1.9334570975e-01
   4.3442094964e-01   4.3346376770e-01  -2.3449717478e-01   1.9653810473e-01   2.6552556296e-01
   4.3635753672e-01   4.3537813158e-01  -3.1299038381e-01   4.8863918494e-01   3.1597813104e-01
   4.3835654627e-01   4.3733694186e-01  -3.9997582078e-01   7.8123984679e-01   3.4394030462e-01
   4.4043662500e-01   4.3937615068e-01  -4.9522414098e-01   1.0702085050e+00   3.4738406460e-01
   4.4253985249e-01   4.4149709932e-01  -5.9541227005e-01   1.3440067628e+00   3.2544982940e-01
   4.4462320710e-01   4.4358260566e-01  -6.9552314353e-01   1.5905071526e+00   2.8050135746e-01
   4.4672758775e-01   4.4566380855e-01  -7.9574282435e-01   1.8130828477e+00   2.1422010740e-01
   4.4891196447e-01   4.4779136694e-01  -8.9612948934e-01   2.0137653248e+00   1.2669639499e-01
   4.5126594965e-01   4.5003256200e-01  -9.9656740264e-01   2.1935076894e+00   1.6164361031e-02
   4.5397375997e-01   4.5249933730e-01  -1.0976060053e+00   2.3535117879e+00  -1.2431192505e-01
   4.5735951527e-01   4.5544818263e-01  -1.1935084724e+00   2.4854163660e+00  -3.0438807976e-01
   4.6162797951e-01   4.5927084791e-01  -1.2536198827e+00   2.5574355700e+00  -5.1009431336e-01
   4.6651114958e-01   4.6398511111e-01  -1.2237586850e+00   2.5378931515e+00  -6.7329787815e-01
   4.7039569429e-01   4.6903718805e-01  -1.1217037668e+00   2.4680983467e+00  -7.2500885753e-01
   4.7279185709e-01   4.7175420054e-01  -1.0201842304e+00   2.4064623208e+00  -7.1118350599e-01
   4.7471013751e-01   4.7382951364e-01  -9.1967864808e-01   2.3501197579e+00  -6.7410819245e-01
   4.7637515518e-01   4.7559076137e-01  -8.1925640811e-01   2.2969700920e+00  -6.2309836384e-01
   4.7787857922e-01   4.7715954898e-01  -7.1888899342e-01   2.2460374120e+00  -5.6226462825e-01
   4.7926958189e-01   4.7859760947e-01  -6.1869067464e-01   2.1966702214e+00  -4.9401736624e-01
   4.8057834895e-01   4.7994155431e-01  -5.1841186679e-01   2.1481854987e+00  -4.1965064473e-01
   4.8182509209e-01   4.8121514360e-01  -4.1786915943e-01   2.1000215424e+00  -3.4000048981e-01
   4.8302447802e-01   4.8243504059e-01  -3.1762788636e-01   2.0520222586e+00  -2.5624913225e-01
   4.8418778828e-01   4.8361391545e-01  -2.1797668129e-01   2.0039368333e+00  -1.6926198398e-01
   4.8532376560e-01   4.8476166111e-01  -1.1672941689e-01   1.9543162636e+00  -7.7494089647e-02
   4.8643981443e-01   4.8588587009e-01  -1.7549913289e-02   1.9045890806e+00   1.5359682190e-02
   4.8754242565e-01   4.8699375878e-01   8.3815463870e-02   1.8522240432e+00   1.1299508513e-01
   4.8863737676e-01   4.8809109251e-01   1.8343323992e-01   1.7988333052e+00   2.1140590604e-01
   4.8973025032e-01   4.8918366101e-01   2.8352320322e-01   1.7428334976e+00   3.1252209239e-01
   4.9082651997e-01   4.9027683962e-01   3.8443746869e-01   1.6834769828e+00   4.1657305945e-01
   4.9193180318e-01   4.9137620032e-01   4.8378031435e-01   1.6216632067e+00   5.2090628427e-01
   4.9305229898e-01   4.9248740604e-01   5.8504523763e-01   1.5545390764e+00   6.2906079189e-01
   4.9419488176e-01   4.9361719191e-01   6.8442084739e-01   1.4838705805e+00   7.3683976550e-01
   4.9536771504e-01   4.9477257160e-01   7.8517898547e-01   1.4064339510e+00   8.4765545419e-01
   4.9658103552e-01   4.9596285849e-01   8.8542807289e-01   1.3223829722e+00   9.5934064031e-01
   4.9784778996e-01   4.9719921256e-01   9.8536856235e-01   1.2301156170e+00   1.0719813868e+00
   4.9924818369e-01   4.9849636737e-01   1.0903821446e+00   1.1215964922e+00   1.1916188018e+00