# time = 1.3
# Grid points = 474
# Pressure (Pa) = 101325
#             1_pos             2_posf             3_uvel             4_vvel             5_wvel
  -4.9917840810e-01  -5.0000000000e-01   1.1269926809e+00   6.6014563274e-01   9.7941011788e-01
  -4.9750814511e-01  -4.9835681619e-01   1.2249900604e+00   5.6374603883e-01   1.0693276160e+00
  -4.9566236670e-01  -4.9665947403e-01   1.3195544940e+00   4.5048788824e-01   1.1565329851e+00
  -4.9337913820e-01  -4.9466525936e-01   1.4141499656e+00   3.0200486953e-01   1.2437488564e+00
  -4.9070684198e-01  -4.9209301703e-01   1.4918866114e+00   1.1899149598e-01   1.3144309992e+00
  -4.8796632188e-01  -4.8932066692e-01   1.5327633598e+00  -7.5523101857e-02   1.3491493459e+00
  -4.8525041762e-01  -4.8661197685e-01   1.5333997360e+00  -2.6999456841e-01   1.3443929744e+00
  -4.8247325112e-01  -4.8388885839e-01   1.4938589474e+00  -4.6455239644e-01   1.3001091528e+00
  -4.7971240761e-01  -4.8105764385e-01   1.4168084806e+00  -6.4726908533e-01   1.2195844887e+00
  -4.7731406729e-01  -4.7836717138e-01   1.3224345268e+00  -7.9181265380e-01   1.1238456531e+00
  -4.7535629892e-01  -4.7626096320e-01   1.2276500768e+00  -8.9721660268e-01   1.0296822391e+00
  -4.7363463088e-01  -4.7445163464e-01   1.1333683875e+00  -9.7800228217e-01   9.3766265058e-01
  -4.7205820286e-01  -4.7281762713e-01   1.0392057847e+00  -1.0412447090e+00   8.4730559436e-01
  -4.7057922324e-01  -4.7129877858e-01   9.4480852125e-01  -1.0905560261e+00   7.5827790373e-01
  -4.6916801250e-01  -4.6985966791e-01   8.5098622468e-01  -1.1276120984e+00   6.7138146814e-01
  -4.6780432622e-01  -4.6847635709e-01   7.5628981778e-01  -1.1541901960e+00   5.8536611406e-01
  -4.6647318109e-01  -4.6713229535e-01   6.6248109781e-01  -1.1706041001e+00   5.0194022249e-01
  -4.6516256736e-01  -4.6581406684e-01   5.6846985574e-01  -1.1776959641e+00   4.2024081473e-01
  -4.6386252316e-01  -4.6451106789e-01   4.7390579598e-01  -1.1756377813e+00   3.4015491963e-01
  -4.6256404824e-01  -4.6321397844e-01   3.7970694512e-01  -1.1645360697e+00   2.6266031807e-01
  -4.6125861670e-01  -4.6191411803e-01   2.8569520064e-01  -1.1444475614e+00   1.8781097717e-01
  -4.5993776484e-01  -4.6060311536e-01   1.9183138569e-01  -1.1152684831e+00   1.1582493675e-01
  -4.5859242112e-01  -4.5927241432e-01   9.7172550567e-02  -1.0762823099e+00   4.6343002582e-02
  -4.5721266704e-01  -4.5791242792e-01   3.5124455489e-03  -1.0278363947e+00  -1.8944387458e-02
  -4.5578682495e-01  -4.5651290616e-01  -9.1106263447e-02  -9.6830039337e-01  -8.0915720083e-02
  -4.5430067193e-01  -4.5506074373e-01  -1.8502190523e-01  -8.9784441161e-01  -1.3786137002e-01
  -4.5273610223e-01  -4.5354060013e-01  -2.7932504384e-01  -8.1461473010e-01  -1.8969910478e-01
  -4.5106864371e-01  -4.5193160433e-01  -3.7338457539e-01  -7.1763639254e-01  -2.3505615811e-01
  -4.4926329074e-01  -4.5020568309e-01  -4.6768812985e-01  -6.0429404400e-01  -2.7277538801e-01
  -4.4726609887e-01  -4.4832089838e-01  -5.6183577517e-01  -4.7194103864e-01  -3.0068184722e-01
  -4.4498442178e-01  -4.4621129935e-01  -6.5617310342e-01  -3.1511743181e-01  -3.1574429055e-01
  -4.4235257510e-01  -4.4375754422e-01  -7.4718416149e-01  -1.3251144398e-01  -3.1295603653e-01
  -4.3946564586e-01  -4.4094760599e-01  -8.2509068977e-01   6.1717344400e-02  -2.8929450752e-01
  -4.3633688466e-01  -4.3798368573e-01  -8.8449021973e-01   2.5673121359e-01  -2.4559590029e-01
  -4.3268516130e-01  -4.3469008358e-01  -9.2238047055e-01   4.5219216623e-01  -1.8208242428e-01
  -4.2755929390e-01  -4.3068023901e-01  -9.2245446199e-01   6.5100031570e-01  -9.6105135883e-02
  -4.2166997226e-01  -4.2443834879e-01  -8.5816477365e-01   7.6988497305e-01  -3.6092247192e-02
  -4.1704632770e-01  -4.1890159573e-01  -7.6218752948e-01   7.8489876222e-01  -3.6161988762e-02
  -4.1367958978e-01  -4.1519105967e-01  -6.6771532044e-01   7.5884354358e-01  -6.6118308663e-02
  -4.1084966285e-01  -4.1216811989e-01  -5.7356731388e-01   7.1863126425e-01  -1.0841126254e-01
  -4.0833775233e-01  -4.0953120581e-01  -4.7930905158e-01   6.7210009785e-01  -1.5640474087e-01
  -4.0603685963e-01  -4.0714429884e-01  -3.8528478339e-01   6.2278413185e-01  -2.0620692381e-01
  -4.0388289794e-01  -4.0492942043e-01  -2.9113250385e-01   5.7200878124e-01  -2.5569585388e-01
  -4.0183252169e-01  -4.0283637546e-01  -1.9704458706e-01   5.2047989538e-01  -3.0321171646e-01
  -3.9985311918e-01  -4.0082866791e-01  -1.0289692296e-01   4.6822299143e-01  -3.4769091708e-01
  -3.9791788163e-01  -3.9887757044e-01  -8.8941187201e-03   4.1511141530e-01  -3.8817297916e-01
  -3.9600259296e-01  -3.9695819283e-01   8.5329103652e-02   3.6042952127e-01  -4.2407278595e-01
  -3.9408304632e-01  -3.9504699309e-01   1.7952832822e-01   3.0353869783e-01  -4.5458345739e-01
  -3.9213230721e-01  -3.9311909955e-01   2.7359486324e-01   2.4341571037e-01  -4.7895815681e-01
  -3.9011678658e-01  -3.9114551487e-01   3.6776216390e-01   1.7833688461e-01  -4.9638016806e-01
  -3.8798888510e-01  -3.8908805828e-01   4.6200452336e-01   1.0589638551e-01  -5.0560260367e-01
  -3.8567048920e-01  -3.8688971191e-01   5.5627752384e-01   2.2064947326e-02  -5.0467328696e-01
  -3.8300187036e-01  -3.8445126649e-01   6.5096847650e-01  -8.1787050975e-02  -4.8974296139e-01
  -3.7960165421e-01  -3.8155247422e-01   7.4437923050e-01  -2.2635413813e-01  -4.5119290390e-01
  -3.7567331486e-01  -3.7765083420e-01   8.0868762244e-01  -4.0981321418e-01  -3.8578497210e-01
  -3.7184186692e-01  -3.7369579552e-01   8.2013416229e-01  -6.0374510925e-01  -3.0797367536e-01
  -3.6818376169e-01  -3.6998793832e-01   7.8103691187e-01  -7.9801810206e-01  -2.2907227012e-01
  -3.6476920525e-01  -3.6637958505e-01   7.0229784017e-01  -9.8052511803e-01  -1.5838985020e-01
  -3.6190222515e-01  -3.6315882545e-01   6.0753951281e-01  -1.1294848939e+00  -1.0504820203e-01
  -3.5955743529e-01  -3.6064562486e-01   5.1312918718e-01  -1.2443985549e+00  -6.7470010856e-02
  -3.5747581335e-01  -3.5846924571e-01   4.1876671768e-01  -1.3389050880e+00  -3.9345759122e-02
  -3.5554555589e-01  -3.5648238098e-01   3.2434793949e-01  -1.4183191544e+00  -1.7975590656e-02
  -3.5370428246e-01  -3.5460873079e-01   2.3037482568e-01  -1.4848367910e+00  -1.9311234209e-03
  -3.5191009141e-01  -3.5279983412e-01   1.3618961045e-01  -1.5401854649e+00   9.8844514316e-03
  -3.5013002733e-01  -3.5102034870e-01   4.1962212260e-02  -1.5845969962e+00   1.8112857085e-02
  -3.4833352158e-01  -3.4923970596e-01  -5.2404514841e-02  -1.6178146314e+00   2.3292056975e-02
  -3.4648782394e-01  -3.4742733720e-01  -1.4641037178e-01  -1.6387728089e+00   2.5882779145e-02
  -3.4455195495e-01  -3.4554831069e-01  -2.4069038855e-01  -1.6457657541e+00   2.6389698215e-02
  -3.4246600922e-01  -3.4355559922e-01  -3.3501355964e-01  -1.6352789681e+00   2.5397635319e-02
  -3.4012589732e-01  -3.4137641922e-01  -4.2940860485e-01  -1.6007105875e+00   2.3851667986e-02
  -3.3729386531e-01  -3.3887537541e-01  -5.2433492178e-01  -1.5263263832e+00   2.3819797021e-02
  -3.3373119516e-01  -3.3571235521e-01  -6.0967953168e-01  -1.3839856895e+00   3.0949447193e-02
  -3.3013995431e-01  -3.3175003512e-01  -6.5600238610e-01  -1.1917311415e+00   5.0217502817e-02
  -3.2713093899e-01  -3.2852987349e-01  -6.6244389668e-01  -9.9681510896e-01   7.8498466793e-02
  -3.2444947423e-01  -3.2573200448e-01  -6.4456847398e-01  -8.0194470860e-01   1.1369253458e-01
  -3.2194996463e-01  -3.2316694398e-01  -6.0971629100e-01  -6.0766372071e-01   1.5434180387e-01
  -3.1954784063e-01  -3.2073298528e-01  -5.6141019507e-01  -4.1275330439e-01   1.9959162719e-01
  -3.1718162262e-01  -3.1836269597e-01  -5.0207895289e-01  -2.1867765435e-01   2.4801775423e-01
  -3.1479564044e-01  -3.1600054927e-01  -4.3210898007e-01  -2.3602097822e-02   2.9887198396e-01
  -3.1232750552e-01  -3.1359073161e-01  -3.5209622511e-01   1.7075360355e-01   3.5016511494e-01
  -3.0974859368e-01  -3.1106427944e-01  -2.6247795690e-01   3.6147550968e-01   3.9890103834e-01
  -3.0714129829e-01  -3.0843290792e-01  -1.6850938175e-01   5.3549365863e-01   4.3882560939e-01
  -3.0455287342e-01  -3.0584968867e-01  -7.4534608163e-02   6.8385876654e-01   4.6477887831e-01
  -3.0192288339e-01  -3.0325605817e-01   1.9719058161e-02   8.0532811963e-01   4.7310575442e-01
  -2.9918504232e-01  -3.0058970861e-01   1.1365971368e-01   8.9517345447e-01   4.5862027166e-01
  -2.9625455536e-01  -2.9778037603e-01   2.0779102080e-01   9.4680916091e-01   4.1376996765e-01
  -2.9299442333e-01  -2.9472873469e-01   3.0197600692e-01   9.4738058271e-01   3.2644016267e-01
  -2.8955416173e-01  -2.9126011198e-01   3.8711995234e-01   8.8479971765e-01   1.9357990946e-01
  -2.8641489689e-01  -2.8784821147e-01   4.4988559665e-01   7.7553970825e-01   4.1048797906e-02
  -2.8367227528e-01  -2.8498158232e-01   4.9155304096e-01   6.4389203222e-01  -1.1147831936e-01
  -2.8109973593e-01  -2.8236296824e-01   5.1816603503e-01   4.9677651567e-01  -2.6351559468e-01
  -2.7855854486e-01  -2.7983650363e-01   5.3171183568e-01   3.3553100730e-01  -4.1563888009e-01
  -2.7591378759e-01  -2.7728058609e-01   5.3125819354e-01   1.5872326479e-01  -5.6812604454e-01
  -2.7306953365e-01  -2.7454698909e-01   5.1308754092e-01  -3.1356181508e-02  -7.1546925312e-01
  -2.6996238336e-01  -2.7159207822e-01   4.7108640921e-01  -2.2652268432e-01  -8.4490159295e-01
  -2.6657645717e-01  -2.6833268850e-01   3.9805275968e-01  -4.0983271675e-01  -9.3521871858e-01
  -2.6342123777e-01  -2.6482022584e-01   3.0492165582e-01  -5.4220364476e-01  -9.6309049253e-01
  -2.6083514468e-01  -2.6202224969e-01   2.1037386701e-01  -6.1619564972e-01  -9.3956725455e-01
  -2.5858769354e-01  -2.5964803967e-01   1.1628607687e-01  -6.5264319837e-01  -8.8437198432e-01
  -2.5655037453e-01  -2.5752734742e-01   2.1899060980e-02  -6.6290997368e-01  -8.0660407240e-01
  -2.5465278369e-01  -2.5557340165e-01  -7.2074141744e-02  -6.5314089939e-01  -7.1221774335e-01
  -2.5284972121e-01  -2.5373216573e-01  -1.6640910960e-01  -6.2718834393e-01  -6.0383487975e-01
  -2.5110888879e-01  -2.5196727669e-01  -2.6041458711e-01  -5.8782118906e-01  -4.8449521776e-01
  -2.4940443518e-01  -2.5025050088e-01  -3.5487001610e-01  -5.3646327604e-01  -3.5475720127e-01
  -2.4771352258e-01  -2.4855836948e-01  -4.4892571035e-01  -4.7474553040e-01  -2.1685548956e-01
  -2.4601470591e-01  -2.4686867567e-01  -5.4294165978e-01  -4.0322666628e-01  -7.1032950056e-02
  -2.4431234304e-01  -2.4516073614e-01  -6.3535454745e-01  -3.2360292246e-01   7.9733845984e-02
  -2.4261819605e-01  -2.4346394993e-01  -7.2432279084e-01  -2.3793716788e-01   2.3189626859e-01
  -2.4091346566e-01  -2.4177244216e-01  -8.0933150228e-01  -1.4699979636e-01   3.8417060757e-01
  -2.3916427906e-01  -2.4005448915e-01  -8.9008434839e-01  -5.0875028547e-02   5.3598997596e-01
  -2.3732807788e-01  -2.3827406896e-01  -9.6680881232e-01   5.1982347921e-02   6.8847875907e-01
  -2.3534180132e-01  -2.3638208681e-01  -1.0379853629e+00   1.6247948558e-01   8.4045104537e-01
  -2.3309001431e-01  -2.3430151584e-01  -1.1021127025e+00   2.8524777881e-01   9.9324465631e-01
  -2.3027701721e-01  -2.3187851277e-01  -1.1532987514e+00   4.3045315658e-01   1.1471364525e+00
  -2.2645548597e-01  -2.2867552165e-01  -1.1659703948e+00   6.0824868090e-01   1.2810953368e+00
  -2.2235484195e-01  -2.2423545029e-01  -1.1060894281e+00   7.7156406042e-01   1.3273876470e+00
  -2.1926377134e-01  -2.2047423360e-01  -1.0094035375e+00   8.7500112885e-01   1.2954639870e+00
  -2.1707588367e-01  -2.1805330907e-01  -9.1454679292e-01   9.3823651115e-01   1.2401416918e+00
  -2.1524632204e-01  -2.1609845826e-01  -8.2015444822e-01   9.8541082727e-01   1.1762087626e+00
  -2.1362140285e-01  -2.1439418582e-01  -7.2586089858e-01   1.0233713378e+00   1.1079270542e+00
  -2.1213035299e-01  -2.1284861988e-01  -6.3162277529e-01   1.0551804274e+00   1.0373727788e+00
  -2.1073297734e-01  -2.1141208611e-01  -5.3748817394e-01   1.0825215497e+00   9.6579756142e-01
  -2.0940352536e-01  -2.1005386857e-01  -4.4346872918e-01   1.1064325469e+00   8.9399784898e-01
  -2.0812417356e-01  -2.0875318216e-01  -3.4899905986e-01   1.1277097650e+00   8.2210381320e-01
  -2.0688161592e-01  -2.0749516496e-01  -2.5473877714e-01   1.1466429831e+00   7.5105157909e-01
  -2.0566526556e-01  -2.0626806687e-01  -1.6041497066e-01   1.1636003912e+00   6.8098739458e-01
  -2.0446637627e-01  -2.0506246426e-01  -6.6359062654e-02   1.1787316086e+00   6.1245581321e-01
  -2.0327734466e-01  -2.0387028829e-01   2.7563197139e-02   1.1921945766e+00   5.4562005379e-01
  -2.0209126970e-01  -2.0268440103e-01   1.2145860743e-01   1.2040671865e+00   4.8065710229e-01
  -2.0090147165e-01  -2.0149813836e-01   2.1635354591e-01   1.2144454954e+00   4.1716303975e-01
  -1.9970122365e-01  -2.0030480494e-01   3.1031664688e-01   1.2230606756e+00   3.5670820062e-01
  -1.9848348986e-01  -1.9909764236e-01   4.0437140714e-01   1.2299239380e+00   2.9888338213e-01
  -1.9724048137e-01  -1.9786933735e-01   4.9851383361e-01   1.2348495030e+00   2.4402763045e-01
  -1.9596323099e-01  -1.9661162539e-01   5.9259365864e-01   1.2375694212e+00   1.9260577384e-01
  -1.9464093815e-01  -1.9531483659e-01   6.8673914229e-01   1.2377220292e+00   1.4499604175e-01
  -1.9325989426e-01  -1.9396703971e-01   7.8112605717e-01   1.2347797855e+00   1.0168392019e-01
  -1.9180212350e-01  -1.9255274881e-01   8.7523926431e-01   1.2280296557e+00   6.3611721784e-02
  -1.9024256431e-01  -1.9105149818e-01   9.6949191286e-01   1.2163881307e+00   3.1535803855e-02
  -1.8854366466e-01  -1.8943363044e-01   1.0637477696e+00   1.1982174395e+00   6.8489423604e-03
  -1.8664397079e-01  -1.8765369889e-01   1.1580448617e+00   1.1707680729e+00  -8.4087067862e-03
  -1.8442730585e-01  -1.8563424269e-01   1.2524795590e+00   1.1288121100e+00  -1.0672516857e-02
  -1.8160313917e-01  -1.8322036901e-01   1.3477379441e+00   1.0591444742e+00   8.1899239931e-03
  -1.7756259117e-01  -1.7998590933e-01   1.4345896966e+00   9.2781828753e-01   6.8433596340e-02
  -1.7303185648e-01  -1.7513927301e-01   1.4699434091e+00   7.4117804991e-01   1.6265577849e-01
  -1.6908706558e-01  -1.7092443995e-01   1.4496874602e+00   5.4694574934e-01   2.5160613701e-01
  -1.6556874658e-01  -1.6724969121e-01   1.3958391168e+00   3.5255481576e-01   3.2385841382e-01
  -1.6230329771e-01  -1.6388780195e-01   1.3193750340e+00   1.5865827231e-01   3.7685498709e-01
  -1.5930533986e-01  -1.6071879347e-01   1.2289436359e+00  -2.8452602449e-02   4.0940169224e-01
  -1.5665937975e-01  -1.5789188625e-01   1.1347404002e+00  -1.9799022013e-01   4.2298552903e-01
  -1.5431114807e-01  -1.5542687324e-01   1.0405772061e+00  -3.5049805170e-01   4.2226888755e-01
  -1.5216225868e-01  -1.5319542290e-01   9.4637229328e-01  -4.9033167910e-01   4.1083902610e-01
  -1.5015713276e-01  -1.5112909446e-01   8.5235554478e-01  -6.1944788113e-01   3.9100927336e-01
  -1.4825992434e-01  -1.4918517106e-01   7.5817164424e-01  -7.3966425247e-01   3.6425737893e-01
  -1.4644521115e-01  -1.4733467761e-01   6.6413364077e-01  -8.5135778549e-01   3.3176575242e-01
  -1.4469345284e-01  -1.4555574469e-01   5.6992632900e-01  -9.5533657328e-01   2.9421567769e-01
  -1.4298867368e-01  -1.4383116098e-01   4.7582959316e-01  -1.0514570692e+00   2.5226767941e-01
  -1.4131690759e-01  -1.4214618637e-01   3.8194227567e-01  -1.1396311038e+00   2.0635889072e-01
  -1.3966534044e-01  -1.4048762881e-01   2.8740433020e-01  -1.2203422474e+00   1.5622901905e-01
  -1.3802137227e-01  -1.3884305207e-01   1.9355693685e-01  -1.2919811166e+00   1.0263064687e-01
  -1.3637181817e-01  -1.3719969246e-01   9.9358813610e-02  -1.3546795533e+00   4.4873621334e-02
  -1.3470202479e-01  -1.3554394387e-01   5.0938520380e-03  -1.4070916878e+00  -1.7221936458e-02
  -1.3299460342e-01  -1.3386010571e-01  -8.8956545771e-02  -1.4475695865e+00  -8.4010362739e-02
  -1.3122742364e-01  -1.3212910114e-01  -1.8308666258e-01  -1.4740595875e+00  -1.5657792799e-01
  -1.2936992205e-01  -1.3032574614e-01  -2.7732651968e-01  -1.4831855712e+00  -2.3638833956e-01
  -1.2737607576e-01  -1.2841409796e-01  -3.7156008096e-01  -1.4696300489e+00  -3.2567841200e-01
  -1.2516795232e-01  -1.2633805357e-01  -4.6578788861e-01  -1.4242482585e+00  -4.2855539497e-01
  -1.2259649311e-01  -1.2399785107e-01  -5.6023405492e-01  -1.3281164503e+00  -5.5381580011e-01
  -1.1978118372e-01  -1.2119513514e-01  -6.4215265119e-01  -1.1692202183e+00  -6.9622087259e-01
  -1.1722127913e-01  -1.1836723231e-01  -6.9603979897e-01  -9.7623284631e-01  -8.3010591046e-01
  -1.1509287231e-01  -1.1607532595e-01  -7.2519507724e-01  -7.8089874444e-01  -9.4428579626e-01
  -1.1322832905e-01  -1.1411041867e-01  -7.3924676307e-01  -5.8604863956e-01  -1.0457686571e+00
  -1.1153107570e-01  -1.1234623943e-01  -7.4320367826e-01  -3.9150354959e-01  -1.1388720349e+00
  -1.0994725144e-01  -1.1071591197e-01  -7.3983259835e-01  -1.9627624365e-01  -1.2263391444e+00
  -1.0844209005e-01  -1.0917859092e-01  -7.3093845875e-01  -1.9617386717e-03  -1.3088781706e+00
  -1.0699069130e-01  -1.0770558918e-01  -7.1771302953e-01   1.9272252497e-01  -1.3879906540e+00
  -1.0557379342e-01  -1.0627579343e-01  -7.0099603021e-01   3.8804301609e-01  -1.4643890963e+00
  -1.0417484262e-01  -1.0487179340e-01  -6.8171406842e-01   5.8170070478e-01  -1.5376460586e+00
  -1.0277836491e-01  -1.0347789183e-01  -6.6007063699e-01   7.7733327444e-01  -1.6094305892e+00
  -1.0136848770e-01  -1.0207883800e-01  -6.3690919076e-01   9.7165808924e-01  -1.6787034684e+00
  -9.9927160114e-02  -1.0065813741e-01  -6.1253421326e-01   1.1661526506e+00  -1.7460859880e+00
  -9.8431492431e-02  -9.9196182820e-02  -5.8735009155e-01   1.3612484433e+00  -1.8116501358e+00
  -9.6849353975e-02  -9.7666802042e-02  -5.6204572901e-01   1.5557303553e+00  -1.8747426240e+00
  -9.5128935434e-02  -9.6031905908e-02  -5.3714659344e-01   1.7510082437e+00  -1.9352389101e+00
  -9.3169554815e-02  -9.4225964960e-02  -5.1385805383e-01   1.9468812194e+00  -1.9917028042e+00
  -9.0693116826e-02  -9.2113144671e-02  -4.9488005276e-01   2.1443606602e+00  -2.0404260431e+00
  -8.6064311804e-02  -8.9273088982e-02  -5.0118785769e-01   2.3240390952e+00  -2.0454238233e+00
  -8.1038906322e-02  -8.2855534627e-02  -5.6539236813e-01   2.2525349897e+00  -1.9266914514e+00
  -7.8108252031e-02  -7.9222278017e-02  -6.3366505788e-01   2.0559938154e+00  -1.7818464776e+00
  -7.6119770026e-02  -7.6994226045e-02  -6.9094506096e-01   1.8594170181e+00  -1.6508797851e+00
  -7.4493656872e-02  -7.5245314008e-02  -7.4291302579e-01   1.6639993386e+00  -1.5250112781e+00
  -7.3066926550e-02  -7.3741999736e-02  -7.9157345588e-01   1.4682941915e+00  -1.4008423416e+00
  -7.1768786630e-02  -7.2391853364e-02  -8.3720137991e-01   1.2741516245e+00  -1.2784591652e+00
  -7.0560251636e-02  -7.1145719897e-02  -8.8057095587e-01   1.0800297469e+00  -1.1562891714e+00
  -6.9417550346e-02  -6.9974783374e-02  -9.2231976973e-01   8.8384635730e-01  -1.0326390476e+00
  -6.8324055410e-02  -6.8860317318e-02  -9.6154343752e-01   6.9051844643e-01  -9.1033608596e-01
  -6.7267461975e-02  -6.7787793503e-02  -9.9919469953e-01   4.9584882417e-01  -7.8651818393e-01
  -6.6238617133e-02  -6.6747130448e-02  -1.0352012723e+00   3.0013980790e-01  -6.6117685431e-01
  -6.5229849759e-02  -6.5730103818e-02  -1.0691204308e+00   1.0581358614e-01  -5.3569726207e-01
  -6.4234582529e-02  -6.4729595701e-02  -1.1012077239e+00  -8.8634873740e-02  -4.0895790553e-01
  -6.3247023061e-02  -6.3739569357e-02  -1.1314268528e+00  -2.8338548016e-01  -2.8066912181e-01
  -6.2261713444e-02  -6.2754476766e-02  -1.1596906697e+00  -4.7852834950e-01  -1.5057989013e-01
  -6.1273271772e-02  -6.1768950123e-02  -1.1857382007e+00  -6.7304880070e-01  -1.9167686747e-02
  -6.0276158330e-02  -6.0777593420e-02  -1.2095026047e+00  -8.6749798598e-01   1.1416028849e-01
  -5.9264388663e-02  -5.9774723239e-02  -1.2307785359e+00  -1.0618094626e+00   2.4963048342e-01
  -5.8231038661e-02  -5.8754054088e-02  -1.2494415831e+00  -1.2576186349e+00   3.8876035868e-01
  -5.7167898835e-02  -5.7708023234e-02  -1.2648739574e+00  -1.4522157489e+00   5.3006650338e-01
  -5.6065022706e-02  -5.6627774435e-02  -1.2766694618e+00  -1.6452127080e+00   6.7373690836e-01
  -5.4910797379e-02  -5.5502270977e-02  -1.2844071580e+00  -1.8416051382e+00   8.2433351973e-01
  -5.3708034454e-02  -5.4319323781e-02  -1.2868891632e+00  -2.0317511839e+00   9.7542467439e-01
  -5.2463138266e-02  -5.3096745126e-02  -1.2833886199e+00  -2.2148721221e+00   1.1272688683e+00
  -5.1166546254e-02  -5.1829531406e-02  -1.2729801588e+00  -2.3882874198e+00   1.2788160991e+00
  -4.9801008403e-02  -5.0503561102e-02  -1.2541165517e+00  -2.5520992644e+00   1.4319682217e+00
  -4.8342526768e-02  -4.9098455703e-02  -1.2253476772e+00  -2.7001725180e+00   1.5835057251e+00
  -4.6754581213e-02  -4.7586597833e-02  -1.1835381048e+00  -2.8308107689e+00   1.7356938633e+00
  -4.4974374735e-02  -4.5922564593e-02  -1.1239856336e+00  -2.9365323133e+00   1.8879192041e+00
  -4.2998052848e-02  -4.4026184878e-02  -1.0425211449e+00  -3.0024815087e+00   2.0330116353e+00
  -4.1070655474e-02  -4.1969920818e-02  -9.4867885834e-01  -3.0145943187e+00   2.1488168446e+00
  -3.9362305491e-02  -4.0171390129e-02  -8.5451726218e-01  -2.9819757694e+00   2.2288252533e+00
  -3.7805683954e-02  -3.8553220854e-02  -7.6019753765e-01  -2.9177397490e+00   2.2831826695e+00
  -3.6354604293e-02  -3.7058147054e-02  -6.6590424147e-01  -2.8295620301e+00   2.3176373590e+00
  -3.4979688191e-02  -3.5651061533e-02  -5.7189610728e-01  -2.7226496989e+00   2.3358723903e+00
  -3.3660687901e-02  -3.4308314849e-02  -4.7783677888e-01  -2.5999563852e+00   2.3404079075e+00
  -3.2382721616e-02  -3.3013060953e-02  -3.8350364996e-01  -2.4634428484e+00   2.3328054748e+00
  -3.1134000315e-02  -3.1752382279e-02  -2.8915860601e-01  -2.3151563963e+00   2.3141367922e+00
  -2.9904597774e-02  -3.0515618351e-02  -1.9491070428e-01  -2.1566185516e+00   2.2851909708e+00
  -2.8685747466e-02  -2.9293577198e-02  -1.0076500356e-01  -1.9889021863e+00   2.2464649309e+00
  -2.7469270579e-02  -2.8077917734e-02  -6.6683053932e-03  -1.8127282394e+00   2.1981685744e+00
  -2.6247064189e-02  -2.6860623423e-02   8.7446871147e-02  -1.6285748698e+00   2.1402381069e+00
  -2.5014821667e-02  -2.5633504956e-02   1.8129029918e-01  -1.4374814698e+00   2.0726150418e+00
  -2.3783464998e-02  -2.4396138378e-02   2.7331237296e-01  -1.2431436923e+00   1.9962262986e+00
  -2.2559798503e-02  -2.3170791618e-02   3.6240429761e-01  -1.0485559784e+00   1.9119511509e+00
  -2.1333573805e-02  -2.1948805389e-02   4.4877760972e-01  -8.5384944192e-01   1.8194605843e+00
  -2.0092652379e-02  -2.0718342222e-02   5.3264925412e-01  -6.5892020829e-01   1.7180121856e+00
  -1.8823713972e-02  -1.9466962537e-02   6.1404500258e-01  -4.6390299066e-01   1.6066133816e+00
  -1.7510956879e-02  -1.8180465406e-02   6.9273762114e-01  -2.6937141157e-01   1.4841073752e+00
  -1.6134263046e-02  -1.6841448352e-02   7.6883678143e-01  -7.4821189941e-02   1.3479607007e+00
  -1.4716027676e-02  -1.5427077741e-02   8.3963600489e-01   1.1303889990e-01   1.2004613534e+00
  -1.3323109993e-02  -1.4004977611e-02   9.0170868578e-01   2.8487860089e-01   1.0474573055e+00
  -1.1982185388e-02  -1.2641242376e-02   9.5281733610e-01   4.3344668073e-01   8.9616557842e-01
  -1.0682244316e-02  -1.1323128401e-02   9.9477098291e-01   5.6271050793e-01   7.4428618979e-01
  -9.4147914636e-03  -1.0041360232e-02   1.0280728673e+00   6.7330096309e-01   5.9214378745e-01
  -8.1726570787e-03  -8.7882226952e-03   1.0531925997e+00   7.6587676083e-01   4.4000374956e-01
  -6.9495966886e-03  -7.5570914623e-03   1.0705737843e+00   8.4113943778e-01   2.8800069807e-01
  -5.7399918747e-03  -6.3421019150e-03   1.0806095019e+00   8.9975577479e-01   1.3616620275e-01
  -4.5386011756e-03  -5.1378818345e-03   1.0836252744e+00   9.4229888373e-01  -1.5544867910e-02
  -3.3403364641e-03  -3.9393205168e-03   1.0798685142e+00   9.6920587575e-01  -1.6722820055e-01
  -2.1400090595e-03  -2.7413524114e-03   1.0693890560e+00   9.8072155178e-01  -3.2001968816e-01
  -9.3212634877e-04  -1.5386657077e-03   1.0524204748e+00   9.7680018858e-01  -4.7193571821e-01
   2.8931424925e-04  -3.2558698988e-04   1.0290216744e+00   9.5764779272e-01  -6.2373814816e-01
   1.5311812089e-03   9.0421548837e-04   9.9914798063e-01   9.2310372741e-01  -7.7563445998e-01
   2.8016617177e-03   2.1581469294e-03   9.6272931244e-01   8.7286413868e-01  -9.2746759507e-01
   4.1109605850e-03   3.4451765061e-03   9.1949861317e-01   8.0624519505e-01  -1.0794488928e+00
   5.4725294366e-03   4.7767446639e-03   8.6891851386e-01   7.2196066865e-01  -1.2319894607e+00
   6.9046774823e-03   6.1683142094e-03   8.1083583281e-01   6.1922924159e-01  -1.3838020371e+00
   8.4340799804e-03   7.6410407552e-03   7.4412726317e-01   4.9541129382e-01  -1.5355589306e+00
   1.0104145255e-02   9.2271192055e-03   6.6671748957e-01   3.4559487318e-01  -1.6880808112e+00
   1.1941516552e-02   1.0981171305e-02   5.7828024566e-01   1.6783450008e-01  -1.8369389108e+00
   1.3844002375e-02   1.2901861799e-02   4.8563701279e-01  -2.4817138721e-02  -1.9676521234e+00
   1.5719327137e-02   1.4786142951e-02   3.9460557201e-01  -2.1999703376e-01  -2.0719606997e+00
   1.7600566921e-02   1.6652511322e-02   3.0638623780e-01  -4.1443593323e-01  -2.1494403725e+00
   1.9538400328e-02   1.8548622520e-02   2.2020216188e-01  -6.0931093329e-01  -2.2000011247e+00
   2.1598120379e-02   2.0528178135e-02   1.3593917594e-01  -8.0452478046e-01  -2.2199424732e+00
   2.3888292623e-02   2.2668062623e-02   5.3544995972e-02  -9.9973438769e-01  -2.2007917634e+00
   2.6618799763e-02   2.5108522624e-02  -2.6973953701e-02  -1.1936931951e+00  -2.1220741530e+00
   2.9401618874e-02   2.8129076902e-02  -8.8306136414e-02  -1.3406776538e+00  -1.9850707879e+00
   3.1692531966e-02   3.0674160846e-02  -1.2217055943e-01  -1.4166281411e+00  -1.8318482877e+00
   3.3600221992e-02   3.2710903086e-02  -1.3901111553e-01  -1.4459306042e+00  -1.6794133436e+00
   3.5300111210e-02   3.4489540898e-02  -1.4576214565e-01  -1.4450176823e+00  -1.5266722513e+00
   3.6869555690e-02   3.6110681521e-02  -1.4550312506e-01  -1.4213043719e+00  -1.3749212966e+00
   3.8351830203e-02   3.7628429858e-02  -1.4000762013e-01  -1.3787080126e+00  -1.2229526115e+00
   3.9774323875e-02   3.9075230547e-02  -1.3035071743e-01  -1.3196046951e+00  -1.0711120851e+00
   4.1156420734e-02   4.0473417203e-02  -1.1716300956e-01  -1.2448982763e+00  -9.1847384256e-01
   4.2513044807e-02   4.1839424264e-02  -1.0113227574e-01  -1.1564220585e+00  -7.6692275446e-01
   4.3856500443e-02   4.3186665349e-02  -8.2505705441e-02  -1.0539332020e+00  -6.1507431157e-01
   4.5197538296e-02   4.4526335537e-02  -6.1458962310e-02  -9.3703296363e-01  -4.6242596719e-01
   4.6546249027e-02   4.5868741055e-02  -3.8518472713e-02  -8.0743357215e-01  -3.1125277317e-01
   4.7912792377e-02   4.7223756999e-02  -1.3355223248e-02  -6.6210228341e-01  -1.5849943229e-01
   4.9307828469e-02   4.8601827754e-02   1.3421693938e-02  -5.0343150895e-01  -7.3366266602e-03
   5.0743392454e-02   5.0013829184e-02   4.2292876951e-02  -3.2742742437e-01   1.4519705031e-01
   5.2207825414e-02   5.1472955725e-02   7.2398988180e-02  -1.3824753293e-01   2.9468062250e-01
   5.3650667067e-02   5.2942695103e-02   1.0243302481e-01   5.6343575118e-02   4.3544308741e-01
   5.5047776467e-02   5.4358639031e-02   1.3147430405e-01   2.5016553159e-01   5.6443805560e-01
   5.6414013560e-02   5.5736913904e-02   1.6000315394e-01   4.4604965383e-01   6.8485728985e-01
   5.7762323677e-02   5.7091113216e-02   1.8749606452e-01   6.3996816360e-01   7.9532558016e-01
   5.9104466362e-02   5.8433534137e-02   2.1437116341e-01   8.3438598320e-01   8.9823160249e-01
   6.0451808752e-02   5.9775398588e-02   2.4075539916e-01   1.0299149406e+00   9.9447329095e-01
   6.1816225066e-02   6.1128218917e-02   2.6626074655e-01   1.2232963213e+00   1.0830691922e+00
   6.3211375120e-02   6.2504231215e-02   2.9155655824e-01   1.4193396439e+00   1.1666480197e+00
   6.4653930942e-02   6.3918519026e-02   3.1607741256e-01   1.6134983493e+00   1.2435851176e+00
   6.6165814248e-02   6.5389342859e-02   3.4012048776e-01   1.8079972677e+00   1.3151390762e+00
   6.7779318088e-02   6.6942285637e-02   3.6369602049e-01   2.0031612720e+00   1.3815692092e+00
   6.9546485745e-02   6.8616350540e-02   3.8656509868e-01   2.1977359550e+00   1.4425447750e+00
   7.1567532276e-02   7.0476620951e-02   4.0871110561e-01   2.3936919232e+00   1.4985706123e+00
   7.4104885422e-02   7.2658443602e-02   4.2930706476e-01   2.5907087142e+00   1.5489580818e+00
   7.7526520153e-02   7.5551327241e-02   4.4274164584e-01   2.7613544308e+00   1.5860441024e+00
   8.1476905976e-02   7.9501713064e-02   4.3538220959e-01   2.8151516281e+00   1.5915873448e+00
   8.5477905063e-02   8.3452098887e-02   3.9925141197e-01   2.7049982044e+00   1.5611870144e+00
   8.8741837857e-02   8.7503711239e-02   3.4813069457e-01   2.5022592802e+00   1.5135141534e+00
   9.0981550477e-02   8.9979964474e-02   3.0121235890e-01   2.3062128461e+00   1.4690380026e+00
   9.2861396960e-02   9.1983136480e-02   2.5504050092e-01   2.1110213087e+00   1.4248140386e+00
   9.4541878575e-02   9.3739657440e-02   2.0892900214e-01   1.9155871839e+00   1.3800256058e+00
   9.6096131064e-02   9.5344099709e-02   1.6305925612e-01   1.7212434721e+00   1.3346393029e+00
   9.7565832357e-02   9.6848162418e-02   1.1714650664e-01   1.5268848624e+00   1.2881490754e+00
   9.8977729923e-02   9.8283502295e-02   7.0987308024e-02   1.3315189748e+00   1.2400815736e+00
   1.0035123539e-01   9.9671957551e-02   2.5208848112e-02   1.1375123134e+00   1.1908104621e+00
   1.0170158899e-01   1.0103051323e-01  -2.0760478382e-02   9.4201688204e-01   1.1393937468e+00
   1.0304161504e-01   1.0237266476e-01  -6.6034739696e-02   7.4824542742e-01   1.0864479112e+00
   1.0438312125e-01   1.0371056532e-01  -1.1117774861e-01   5.5306322280e-01   1.0308605873e+00
   1.0573772454e-01   1.0505567718e-01  -1.5552273176e-01   3.5840072420e-01   9.7285882249e-01
   1.0711777092e-01   1.0641977189e-01  -1.9885994695e-01   1.6396828100e-01   9.1200594510e-01
   1.0853732118e-01   1.0781576996e-01  -2.4084438294e-01  -3.0308398673e-02   8.4784060461e-01
   1.1001381601e-01   1.0925887241e-01  -2.8120283517e-01  -2.2555505440e-01   7.7936504970e-01
   1.1157029742e-01   1.1076875960e-01  -3.1896465054e-01  -4.2061071389e-01   7.0614605812e-01
   1.1323910999e-01   1.1237183524e-01  -3.5299525002e-01  -6.1495570098e-01   6.2727105498e-01
   1.1507083258e-01   1.1410638474e-01  -3.8181318104e-01  -8.0967357597e-01   5.4054883591e-01
   1.1715595752e-01   1.1603528043e-01  -4.0237892152e-01  -1.0050402049e+00   4.4269158531e-01
   1.1969438156e-01   1.1827663460e-01  -4.0799199058e-01  -1.2012535922e+00   3.2691089729e-01
   1.2294359536e-01   1.2111212852e-01  -3.8265178304e-01  -1.3828883813e+00   1.8763542869e-01
   1.2658882411e-01   1.2477506220e-01  -3.1241707246e-01  -1.4976985947e+00   4.6659294970e-02
   1.2978377682e-01   1.2840258601e-01  -2.1815453773e-01  -1.5254722043e+00  -6.0484994435e-02
   1.3235774354e-01   1.3116496762e-01  -1.2355917836e-01  -1.5025219835e+00  -1.3439781247e-01
   1.3465455028e-01   1.3355051945e-01  -2.9230152925e-02  -1.4531120232e+00  -1.9100662632e-01
   1.3682756115e-01   1.3575858111e-01   6.5280632298e-02  -1.3852992542e+00  -2.3694872495e-01
   1.3897182370e-01   1.3789654119e-01   1.5937639234e-01  -1.3027799598e+00  -2.7534291458e-01
   1.4117369974e-01   1.4004710620e-01   2.5377540663e-01  -1.2053929117e+00  -3.0872053297e-01
   1.4354874708e-01   1.4230029328e-01   3.4826758777e-01  -1.0908211943e+00  -3.3883740808e-01
   1.4633888714e-01   1.4479720088e-01   4.4341853446e-01  -9.4954636761e-01  -3.6824527421e-01
   1.4981236160e-01   1.4788057341e-01   5.2830094181e-01  -7.7335099335e-01  -3.9893297662e-01
   1.5385946366e-01   1.5174414979e-01   5.6931945376e-01  -5.7897692744e-01  -4.3067836767e-01
   1.5819320894e-01   1.5597477754e-01   5.3476169907e-01  -3.9560929976e-01  -4.6287894018e-01
   1.6184740152e-01   1.6041164034e-01   4.4467778087e-01  -2.6519457568e-01  -4.8859646751e-01
   1.6440447902e-01   1.6328316269e-01   3.4946442990e-01  -1.8896694564e-01  -5.0455572444e-01
   1.6650136438e-01   1.6552579535e-01   2.5493307448e-01  -1.3579286108e-01  -5.1530027695e-01
   1.6837033901e-01   1.6747693341e-01   1.6061597567e-01  -9.5385059579e-02  -5.2231940900e-01
   1.7010830122e-01   1.6926374462e-01   6.6218489675e-02  -6.3567989037e-02  -5.2607284029e-01
   1.7177006805e-01   1.7095285781e-01  -2.7989711051e-02  -3.8351934337e-02  -5.2663741954e-01
   1.7339327517e-01   1.7258727828e-01  -1.2204850338e-01  -1.8522242982e-02  -5.2392466441e-01
   1.7500830949e-01   1.7419927206e-01  -2.1637454453e-01  -3.3687344946e-03  -5.1763629681e-01
   1.7664414492e-01   1.7581734693e-01  -3.1045396261e-01   7.3056833736e-03  -5.0735626147e-01
   1.7833348868e-01   1.7747094292e-01  -4.0486306845e-01   1.3511728692e-02  -4.9230977611e-01
   1.8011963246e-01   1.7919603443e-01  -4.9906361124e-01   1.4777555421e-02  -4.7147227621e-01
   1.8207106981e-01   1.8104323049e-01  -5.9355467499e-01   1.0052848196e-02  -4.4285291427e-01
   1.8432341455e-01   1.8309890913e-01  -6.8815910130e-01  -3.1325946486e-03  -4.0274820777e-01
   1.8730324195e-01   1.8554791997e-01  -7.8452040278e-01  -3.2966282756e-02  -3.3937009886e-01
   1.9198932527e-01   1.8905856393e-01  -8.5682985300e-01  -1.0541581919e-01  -2.2517563815e-01
   1.9726099767e-01   1.9492008661e-01  -8.2394132442e-01  -2.1307975829e-01  -9.7246810089e-02
   2.0095746375e-01   1.9960190873e-01  -7.2710772121e-01  -2.9811264117e-01  -2.3486399585e-02
   2.0338988416e-01   2.0231301878e-01  -6.3211214365e-01  -3.5424980863e-01   1.0700213096e-02
   2.0540576969e-01   2.0446674954e-01  -5.3748649890e-01  -3.9875026600e-01   2.8052255518e-02
   2.0720180342e-01   2.0634478985e-01  -4.4333067366e-01  -4.3536244905e-01   3.3972573381e-02
   2.0886272091e-01   2.0805881699e-01  -3.4898372025e-01  -4.6589488695e-01   3.0883011059e-02
   2.1043552366e-01   2.0966662483e-01  -2.5491315065e-01  -4.9092491102e-01   2.0065667821e-02
   2.1195075282e-01   2.1120442249e-01  -1.6060703799e-01  -5.1092560947e-01   2.2162354662e-03
   2.1343051381e-01   2.1269708315e-01  -6.6368721032e-02  -5.2590060008e-01  -2.2186191570e-02
   2.1489263354e-01   2.1416394446e-01   2.7760091016e-02  -5.3576621644e-01  -5.2857415966e-02
   2.1635282734e-01   2.1562132261e-01   1.2186501849e-01  -5.4028730233e-01  -8.9708703312e-02
   2.1782637853e-01   2.1708433207e-01   2.1604409041e-01  -5.3902946397e-01  -1.3281804475e-01
   2.1932969182e-01   2.1856842500e-01   3.1030010873e-01  -5.3132551181e-01  -1.8237380879e-01
   2.2088202986e-01   2.2009095864e-01   4.0442914448e-01  -5.1626145454e-01  -2.3858571345e-01
   2.2250829290e-01   2.2167310109e-01   4.9868414388e-01  -4.9241656946e-01  -3.0214581048e-01
   2.2424396686e-01   2.2334348470e-01   5.9292147799e-01  -4.5770952270e-01  -3.7383919685e-01
   2.2614578731e-01   2.2514444901e-01   6.8724108995e-01  -4.0862316527e-01  -4.5521688275e-01
   2.2832036589e-01   2.2714712560e-01   7.8165936975e-01  -3.3864668101e-01  -5.4904529826e-01
   2.3104116554e-01   2.2949360617e-01   8.7714259096e-01  -2.3076061085e-01  -6.6312325085e-01
   2.3446740230e-01   2.3258872491e-01   9.5752528781e-01  -6.7826560584e-02  -7.9142597785e-01
   2.3803867974e-01   2.3634607970e-01   9.9268130773e-01   1.2665000389e-01  -8.9683557452e-01
   2.4135828121e-01   2.3973127978e-01   9.7902691453e-01   3.2139160090e-01  -9.5907211185e-01
   2.4464229029e-01   2.4298528263e-01   9.2380103689e-01   5.1607558654e-01  -9.8082797227e-01
   2.4774388155e-01   2.4629929796e-01   8.3818710793e-01   6.9134598685e-01  -9.6352832500e-01
   2.5038396827e-01   2.4918846514e-01   7.4338482438e-01   8.2637274871e-01  -9.1987654913e-01
   2.5265231116e-01   2.5157947139e-01   6.4908798688e-01   9.2675793942e-01  -8.6232782885e-01
   2.5473031395e-01   2.5372515093e-01   5.5476280635e-01   1.0030522859e+00  -7.9487961800e-01
   2.5670511721e-01   2.5573547696e-01   4.6039877867e-01   1.0593072107e+00  -7.1941590995e-01
   2.5863194685e-01   2.5767475745e-01   3.6631118371e-01   1.0971546374e+00  -6.3716956235e-01
   2.6055367048e-01   2.5958913624e-01   2.7226701088e-01   1.1171788043e+00  -5.4838766185e-01
   2.6251072899e-01   2.6151820472e-01   1.7798604392e-01   1.1186476507e+00  -4.5278185094e-01
   2.6454940182e-01   2.6350325326e-01   8.3580097496e-02   1.0995166744e+00  -3.5002089636e-01
   2.6673238471e-01   2.6559555038e-01  -1.0541220706e-02   1.0563790659e+00  -2.3965961990e-01
   2.6916222718e-01   2.6786921904e-01  -1.0487079031e-01   9.8246266563e-01  -1.1931656976e-01
   2.7205175754e-01   2.7045523533e-01  -1.9962839144e-01   8.6337151160e-01   1.5317376169e-02
   2.7542659499e-01   2.7364827974e-01  -2.8350320065e-01   6.9265845318e-01   1.5379150778e-01
   2.7889122059e-01   2.7720491024e-01  -3.3898938814e-01   4.9746990466e-01   2.6874337003e-01
   2.8234944938e-01   2.8057753094e-01  -3.6459852344e-01   3.0207284085e-01   3.5026229230e-01
   2.8629386712e-01   2.8412136782e-01  -3.6402323781e-01   1.0521732505e-01   4.0000442927e-01
   2.9276767405e-01   2.8846636642e-01  -3.2489121125e-01  -8.4205906481e-02   3.8642287223e-01
   3.0061497953e-01   2.9706898168e-01  -2.8698121190e-01  -5.5088091404e-02   2.7561611677e-01
   3.0637126398e-01   3.0416097737e-01  -3.0738515456e-01   1.3977144087e-01   1.7780410471e-01
   3.1056872481e-01   3.0858155059e-01  -3.5990755103e-01   3.3637989825e-01   1.3070433629e-01
   3.1463802338e-01   3.1255589902e-01  -4.3677418647e-01   5.2913526530e-01   1.2350741633e-01
   3.1872411652e-01   3.1672014775e-01  -5.2906519169e-01   6.9088015374e-01   1.6464571193e-01
   3.2287356189e-01   3.2072808529e-01  -6.2314637132e-01   7.9346102140e-01   2.6131019304e-01
   3.2687829824e-01   3.2501903849e-01  -6.9792630994e-01   8.1905087070e-01   4.0250403704e-01
   3.3033830393e-01   3.2873755799e-01  -7.3733426209e-01   7.7873508818e-01   5.5525951967e-01
   3.3344961879e-01   3.3193904987e-01  -7.4478400778e-01   6.9671879113e-01   7.0745636735e-01
   3.3648870306e-01   3.3496018770e-01  -7.2190891233e-01   5.8232348881e-01   8.5972523331e-01
   3.3967017916e-01   3.3801721842e-01  -6.6359044926e-01   4.3681266226e-01   1.0111902857e+00
   3.4270881407e-01   3.4132313990e-01  -5.7626928947e-01   2.8495229161e-01   1.1372488023e+00
   3.4523117408e-01   3.4409448823e-01  -4.8151771703e-01   1.5672207097e-01   1.2203347172e+00
   3.4737466320e-01   3.4636785992e-01  -3.8712156383e-01   5.0862647246e-02   1.2709204775e+00
   3.4931156545e-01   3.4838146648e-01  -2.9302269103e-01  -3.9528953196e-02   1.2982340473e+00
   3.5112509625e-01   3.5024166442e-01  -1.9860479469e-01  -1.1847437922e-01   1.3064412337e+00
   3.5286583623e-01   3.5200852807e-01  -1.0433538809e-01  -1.8767302510e-01   1.2973518619e+00
   3.5457029672e-01   3.5372314438e-01  -1.0073499021e-02  -2.4873388292e-01   1.2717295436e+00
   3.5626879955e-01   3.5541744907e-01   8.4021005748e-02  -3.0269590153e-01   1.2295254715e+00
   3.5799061964e-01   3.5712015003e-01   1.7818998970e-01  -3.5063549605e-01   1.1696794781e+00
   3.5976860714e-01   3.5886108925e-01   2.7237582899e-01  -3.9337626617e-01   1.0902064326e+00
   3.6164560677e-01   3.6067612502e-01   3.6669526965e-01  -4.3190721672e-01   9.8746407664e-01
   3.6366197227e-01   3.6261508852e-01   4.5987157305e-01  -4.6702960694e-01   8.5734905292e-01
   3.6568115675e-01   3.6470885602e-01   5.4340069028e-01  -4.9769017804e-01   7.0819336728e-01
   3.6754825006e-01   3.6665345748e-01   6.1002390055e-01  -5.2357364098e-01   5.5625940526e-01
   3.6928695524e-01   3.6844304263e-01   6.6235683330e-01  -5.4723315544e-01   4.0397228702e-01
   3.7094160435e-01   3.7013086785e-01   7.0264477564e-01  -5.7046860551e-01   2.5249610728e-01
   3.7254251576e-01   3.7175234086e-01   7.3304940365e-01  -5.9503744439e-01   9.9644915032e-02
   3.7411286219e-01   3.7333269067e-01   7.5414178323e-01  -6.2165320683e-01  -5.1999465077e-02
   3.7567245930e-01   3.7489303370e-01   7.6697462430e-01  -6.5150997127e-01  -2.0377821907e-01
   3.7723981263e-01   3.7645188489e-01   7.7198916734e-01  -6.8562030897e-01  -3.5584621158e-01
   3.7883443336e-01   3.7802774038e-01   7.6938076116e-01  -7.2506189604e-01  -5.0823639419e-01
   3.8047891362e-01   3.7964112633e-01   7.5923431087e-01  -7.7074196684e-01  -6.5991356710e-01
   3.8220252201e-01   3.8131670090e-01   7.4126178069e-01  -8.2453638163e-01  -8.1211907359e-01
   3.8404748900e-01   3.8308834311e-01   7.1495625888e-01  -8.8824616593e-01  -9.6395203817e-01
   3.8608416343e-01   3.8500663490e-01   6.7875913958e-01  -9.6582071568e-01  -1.1167339330e+00
   3.8845280006e-01   3.8716169196e-01   6.3016047797e-01  -1.0627823216e+00  -1.2691492426e+00
   3.9152402103e-01   3.8974390817e-01   5.6087677794e-01  -1.1955369885e+00  -1.4222521595e+00
   3.9540749083e-01   3.9330413390e-01   4.7236403971e-01  -1.3608187153e+00  -1.5368320421e+00
   3.9998842425e-01   3.9751084777e-01   3.7791088469e-01  -1.5264753573e+00  -1.5534333798e+00
   4.0461283637e-01   4.0246600073e-01   3.0091777486e-01  -1.6303427826e+00  -1.4496572335e+00
   4.0824270461e-01   4.0675967201e-01   2.5395442617e-01  -1.6474442132e+00  -1.2939895904e+00
   4.1098573482e-01   4.0972573721e-01   2.2459895004e-01  -1.6135996805e+00  -1.1412572833e+00
   4.1339891324e-01   4.1224573243e-01   2.0086231597e-01  -1.5483984799e+00  -9.8878304746e-01
   4.1565410983e-01   4.1455209406e-01   1.7865995061e-01  -1.4575165876e+00  -8.3693494043e-01
   4.1784309690e-01   4.1675612559e-01   1.5520014985e-01  -1.3416831475e+00  -6.8455904246e-01
   4.2003306119e-01   4.1893006820e-01   1.2833126971e-01  -1.2008251758e+00  -5.3264348402e-01
   4.2228473499e-01   4.2113605417e-01   9.5449044083e-02  -1.0320650635e+00  -3.8096023852e-01
   4.2453237295e-01   4.2343341581e-01   5.5856341826e-02  -8.4258555826e-01  -2.3815374326e-01
   4.2665741155e-01   4.2563133009e-01   1.1201168798e-02  -6.4799629579e-01  -1.1494441597e-01
   4.2866541872e-01   4.2768349302e-01  -3.8256235414e-02  -4.5318424468e-01  -1.1469065761e-02
   4.3060534923e-01   4.2964734442e-01  -9.2895753002e-02  -2.5872404771e-01   7.4266791562e-02
   4.3251356087e-01   4.3156335404e-01  -1.5334587068e-01  -6.4143521893e-02   1.4372771160e-01
   4.3442094964e-01   4.3346376770e-01  -2.2026531368e-01   1.3077238321e-01   1.9738490282e-01
   4.3635753672e-01   4.3537813158e-01  -2.9399742480e-01   3.2512701070e-01   2.3489029441e-01
   4.3835654627e-01   4.3733694186e-01  -3.7570672520e-01   5.1981406183e-01   2.5567659140e-01
   4.4043662500e-01   4.3937615068e-01  -4.6517777427e-01   7.1208451785e-01   2.5823618975e-01
   4.4253985249e-01   4.4149709932e-01  -5.5928905377e-01   8.9426110294e-01   2.4193010204e-01
   4.4462320710e-01   4.4358260566e-01  -6.5332780484e-01   1.0582745872e+00   2.0851553853e-01
   4.4672758775e-01   4.4566380855e-01  -7.4746881006e-01   1.2063693675e+00   1.5924247442e-01
   4.4891196447e-01   4.4779136694e-01  -8.4176673452e-01   1.3398971177e+00   9.4178053593e-02
   4.5126594965e-01   4.5003256200e-01  -9.3611289860e-01   1.4594919948e+00   1.2009569355e-02
   4.5397375997e-01   4.5249933730e-01  -1.0310235052e+00   1.5659536523e+00  -9.2419038677e-02
   4.5735951527e-01   4.5544818263e-01  -1.1211099101e+00   1.6537187280e+00  -2.2628554681e-01
   4.6162797951e-01   4.5927084791e-01  -1.1775769607e+00   1.7016377883e+00  -3.7920474154e-01
   4.6651114958e-01   4.6398511111e-01  -1.1495298460e+00   1.6886342517e+00  -5.0052726168e-01
   4.7039569429e-01   4.6903718805e-01  -1.0536680433e+00   1.6421941725e+00  -5.3896725333e-01
   4.7279185709e-01   4.7175420054e-01  -9.5830834011e-01   1.6011828331e+00  -5.2868860037e-01
   4.7471013751e-01   4.7382951364e-01  -8.6390080222e-01   1.5636936473e+00  -5.0112630709e-01
   4.7637515518e-01   4.7559076137e-01  -7.6957139474e-01   1.5283289399e+00  -4.6320531727e-01
   4.7787857922e-01   4.7715954898e-01  -6.7529337636e-01   1.4944393629e+00  -4.1798139153e-01
   4.7926958189e-01   4.7859760947e-01  -5.8117410902e-01   1.4615914282e+00  -3.6724637025e-01
   4.8057834895e-01   4.7994155431e-01  -4.8697916413e-01   1.4293306718e+00  -3.1196224015e-01
   4.8182509209e-01   4.8121514360e-01  -3.9253626699e-01   1.3972833535e+00  -2.5275048844e-01
   4.8302447802e-01   4.8243504059e-01  -2.9837645883e-01   1.3653456158e+00  -1.9048997355e-01
   4.8418778828e-01   4.8361391545e-01  -2.0477086697e-01   1.3333505764e+00  -1.2582403274e-01
   4.8532376560e-01   4.8476166111e-01  -1.0966599244e-01   1.3003341038e+00  -5.7604147962e-02
   4.8643981443e-01   4.8588587009e-01  -1.6503382999e-02   1.2672467163e+00   1.1422933998e-02
   4.8754242565e-01   4.8699375878e-01   7.8712541808e-02   1.2324041857e+00   8.4004622359e-02
   4.8863737676e-01   4.8809109251e-01   1.7228693750e-01   1.1968792081e+00   1.5716271901e-01
   4.8973025032e-01   4.8918366101e-01   2.6630492781e-01   1.1596182502e+00   2.3233193885e-01
   4.9082651997e-01   4.9027683962e-01   3.6109727028e-01   1.1201238575e+00   3.0968282790e-01
   4.9193180318e-01   4.9137620032e-01   4.5441358098e-01   1.0789945049e+00   3.8724351648e-01
   4.9305229898e-01   4.9248740604e-01   5.4953543275e-01   1.0343318218e+00   4.6764489399e-01
   4.9419488176e-01   4.9361719191e-01   6.4288265203e-01   9.8731085905e-01   5.4776707259e-01
   4.9536771504e-01   4.9477257160e-01   7.3752860897e-01   9.3578661370e-01   6.3014669475e-01
   4.9658103552e-01   4.9596285849e-01   8.3169648298e-01   8.7986142014e-01   7.1317266315e-01
   4.9784778996e-01   4.9719921256e-01   9.2557457932e-01   8.1846934440e-01   7.9690895384e-01
   4.9924818369e-01   4.9849636737e-01   1.0242181649e+00   7.4626388483e-01   8.8584647375e-01