# time = 0.5
# Grid points = 474
# Pressure (Pa) = 101325
#             1_pos             2_posf             3_uvel             4_vvel             5_wvel
  -4.9917840810e-01  -5.0000000000e-01   1.2409957576e+00   5.4619425790e-01   9.0567466811e-01
  -4.9750814511e-01  -4.9835681619e-01   1.3489068048e+00   4.6643424753e-01   9.8882238622e-01
  -4.9566236670e-01  -4.9665947403e-01   1.4530376935e+00   3.7272568201e-01   1.0694621320e+00
  -4.9337913820e-01  -4.9466525936e-01   1.5572028859e+00   2.4987249464e-01   1.1501115260e+00
  -4.9070684198e-01  -4.9209301703e-01   1.6428039514e+00   9.8449345329e-02   1.2154719036e+00
  -4.8796632188e-01  -4.8932066692e-01   1.6878164446e+00  -6.2489713426e-02   1.2475760692e+00
  -4.8525041762e-01  -4.8661197685e-01   1.6885178832e+00  -2.2339301882e-01   1.2431774482e+00
  -4.8247325112e-01  -4.8388885839e-01   1.6449778688e+00  -3.8436771187e-01   1.2022272789e+00
  -4.7971240761e-01  -4.8105764385e-01   1.5601336873e+00  -5.3554512883e-01   1.1277647505e+00
  -4.7731406729e-01  -4.7836717138e-01   1.4562134555e+00  -6.5513854434e-01   1.0392335455e+00
  -4.7535629892e-01  -4.7626096320e-01   1.3518410653e+00  -7.4234831677e-01   9.5215922104e-01
  -4.7363463088e-01  -4.7445163464e-01   1.2480222090e+00  -8.0918923439e-01   8.6706736191e-01
  -4.7205820286e-01  -4.7281762713e-01   1.1443344256e+00  -8.6151507843e-01   7.8351289749e-01
  -4.7057922324e-01  -4.7129877858e-01   1.0403881962e+00  -9.0231449074e-01   7.0118773763e-01
  -4.6916801250e-01  -4.6985966791e-01   9.3707505537e-01  -9.3297406280e-01   6.2083339694e-01
  -4.6780432622e-01  -4.6847635709e-01   8.3279934518e-01  -9.5496428309e-01   5.4129382022e-01
  -4.6647318109e-01  -4.6713229535e-01   7.2950108591e-01  -9.6854477339e-01   4.6414876912e-01
  -4.6516256736e-01  -4.6581406684e-01   6.2597978724e-01  -9.7441231890e-01   3.8860023418e-01
  -4.6386252316e-01  -4.6451106789e-01   5.2184971892e-01  -9.7270922363e-01   3.1454374888e-01
  -4.6256404824e-01  -4.6321397844e-01   4.1812177486e-01  -9.6352362067e-01   2.4288347964e-01
  -4.6125861670e-01  -4.6191411803e-01   3.1459983640e-01  -9.4690244889e-01   1.7366933014e-01
  -4.5993776484e-01  -4.6060311536e-01   2.1124076360e-01  -9.2275984687e-01   1.0710292448e-01
  -4.5859242112e-01  -4.5927241432e-01   1.0700621710e-01  -8.9050296826e-01   4.2852111555e-02
  -4.5721266704e-01  -4.5791242792e-01   3.8714025656e-03  -8.5041921159e-01  -1.7519939205e-02
  -4.5578682495e-01  -4.5651290616e-01  -1.0031902056e-01  -8.0115964521e-01  -7.4825574446e-02
  -4.5430067193e-01  -4.5506074373e-01  -2.0373528710e-01  -7.4286501504e-01  -1.2748388181e-01
  -4.5273610223e-01  -4.5354060013e-01  -3.0757828647e-01  -6.7400157270e-01  -1.7541881811e-01
  -4.5106864371e-01  -4.5193160433e-01  -4.1115307515e-01  -5.9376265108e-01  -2.1736096780e-01
  -4.4926329074e-01  -4.5020568309e-01  -5.1499661817e-01  -4.9998433401e-01  -2.5224030416e-01
  -4.4726609887e-01  -4.4832089838e-01  -6.1866853338e-01  -3.9047681685e-01  -2.7804562285e-01
  -4.4498442178e-01  -4.4621129935e-01  -7.2254938695e-01  -2.6072260210e-01  -2.9197388681e-01
  -4.4235257510e-01  -4.4375754422e-01  -8.2276755715e-01  -1.0963634261e-01  -2.8939535222e-01
  -4.3946564586e-01  -4.4094760599e-01  -9.0855558343e-01   5.1066471229e-02  -2.6751501843e-01
  -4.3633688466e-01  -4.3798368573e-01  -9.7396445886e-01   2.1241882376e-01  -2.2710613840e-01
  -4.3268516130e-01  -4.3469008358e-01  -1.0156881981e+00   3.7414104950e-01  -1.6837418827e-01
  -4.2755929390e-01  -4.3068023901e-01  -1.0157702517e+00   5.3863261556e-01  -8.8869631507e-02
  -4.2166997226e-01  -4.2443834879e-01  -9.4497750233e-01   6.3699620332e-01  -3.3374712876e-02
  -4.1704632770e-01  -4.1890159573e-01  -8.3929148089e-01   6.4941809975e-01  -3.3439045156e-02
  -4.1367958978e-01  -4.1519105967e-01  -7.3526263997e-01   6.2785995718e-01  -6.1139920212e-02
  -4.1084966285e-01  -4.1216811989e-01  -6.3159076564e-01   5.9458841623e-01  -1.0024865020e-01
  -4.0833775233e-01  -4.0953120581e-01  -5.2779746862e-01   5.5608869546e-01  -1.4462873272e-01
  -4.0603685963e-01  -4.0714429884e-01  -4.2426182886e-01   5.1528486340e-01  -1.9068135078e-01
  -4.0388289794e-01  -4.0492942043e-01  -3.2058522272e-01   4.7327355462e-01  -2.3644430271e-01
  -4.0183252169e-01  -4.0283637546e-01  -2.1697948434e-01   4.3063878379e-01  -2.8038273760e-01
  -3.9985311918e-01  -4.0082866791e-01  -1.1330794743e-01   3.8740166497e-01  -3.2151313707e-01
  -3.9791788163e-01  -3.9887757044e-01  -9.7959147958e-03   3.4345740853e-01  -3.5894733774e-01
  -3.9600259296e-01  -3.9695819283e-01   9.3958845689e-02   2.9821389782e-01  -3.9214427613e-01
  -3.9408304632e-01  -3.9504699309e-01   1.9768719709e-01   2.5114275580e-01  -4.2035782233e-01
  -3.9213230721e-01  -3.9311909955e-01   3.0126945747e-01   2.0139737250e-01  -4.4289736977e-01
  -3.9011678658e-01  -3.9114551487e-01   4.0496270525e-01   1.4755160168e-01  -4.5900769432e-01
  -3.8798888510e-01  -3.8908805828e-01   5.0873864367e-01   8.7614887416e-02  -4.6753578897e-01
  -3.8567048920e-01  -3.8688971191e-01   6.1254837921e-01   1.8253468504e-02  -4.6667646053e-01
  -3.8300187036e-01  -3.8445126649e-01   7.1681843935e-01  -6.7672691621e-02  -4.5287027166e-01
  -3.7960165421e-01  -3.8155247422e-01   8.1967898128e-01  -1.8728596808e-01  -4.1722271672e-01
  -3.7567331486e-01  -3.7765083420e-01   8.9049341587e-01  -3.3907784969e-01  -3.5673948263e-01
  -3.7184186692e-01  -3.7369579552e-01   9.0309867516e-01  -4.9953461021e-01  -2.8478680391e-01
  -3.6818376169e-01  -3.6998793832e-01   8.6004725677e-01  -6.6027341634e-01  -2.1182615905e-01
  -3.6476920525e-01  -3.6637958505e-01   7.7334388934e-01  -8.1127707757e-01  -1.4646573877e-01
  -3.6190222515e-01  -3.6315882545e-01   6.6900064931e-01  -9.3452414194e-01  -9.7140493597e-02
  -3.5955743529e-01  -3.6064562486e-01   5.6504046777e-01  -1.0296018997e+00  -6.2391838889e-02
  -3.5747581335e-01  -3.5846924571e-01   4.6113289569e-01  -1.1077950684e+00  -3.6385315256e-02
  -3.5554555589e-01  -3.5648238098e-01   3.5716325439e-01  -1.1735009280e+00  -1.6624343973e-02
  -3.5370428246e-01  -3.5460873079e-01   2.5368430542e-01  -1.2285364514e+00  -1.7880868039e-03
  -3.5191009141e-01  -3.5279983412e-01   1.4997175284e-01  -1.2743309196e+00   9.1376841509e-03
  -3.5013002733e-01  -3.5102034870e-01   4.6212705481e-02  -1.3110761370e+00   1.6746377605e-02
  -3.4833352158e-01  -3.4923970596e-01  -5.7699809747e-02  -1.3385596677e+00   2.1535454936e-02
  -3.4648782394e-01  -3.4742733720e-01  -1.6121499791e-01  -1.3558998800e+00   2.3930959333e-02
  -3.4455195495e-01  -3.4554831069e-01  -2.6503213244e-01  -1.3616854340e+00   2.4399571488e-02
  -3.4246600922e-01  -3.4355559922e-01  -3.6889685153e-01  -1.3530084763e+00   2.3482088946e-02
  -3.4012589732e-01  -3.4137641922e-01  -4.7284080233e-01  -1.3244067049e+00   2.2052447733e-02
  -3.3729386531e-01  -3.3887537541e-01  -5.7736990708e-01  -1.2628618070e+00   2.2022979931e-02
  -3.3373119516e-01  -3.3571235521e-01  -6.7134827388e-01  -1.1450905672e+00   2.8615989427e-02
  -3.3013995431e-01  -3.3175003512e-01  -7.2235769631e-01  -9.8602133122e-01   4.6433666985e-02
  -3.2713093899e-01  -3.2852987349e-01  -7.2945146796e-01  -8.2475013569e-01   7.2585745259e-02
  -3.2444947423e-01  -3.2573200448e-01  -7.0976845195e-01  -6.6351676638e-01   1.0513048435e-01
  -3.2194996463e-01  -3.2316694398e-01  -6.7139133614e-01  -5.0277111792e-01   1.4271973397e-01
  -3.1954784063e-01  -3.2073298528e-01  -6.1819933647e-01  -3.4150472586e-01   1.8456318902e-01
  -3.1718162262e-01  -3.1836269597e-01  -5.5286690489e-01  -1.8092904110e-01   2.2934382271e-01
  -3.1479564044e-01  -3.1600054927e-01  -4.7581955364e-01  -1.9526078027e-02   2.7636976761e-01
  -3.1232750552e-01  -3.1359073161e-01  -3.8771351290e-01   1.4128125226e-01   3.2380158206e-01
  -3.0974859368e-01  -3.1106427944e-01  -2.8903027888e-01   2.9908198782e-01   3.6886872354e-01
  -3.0714129829e-01  -3.0843290792e-01  -1.8555662512e-01   4.4306221001e-01   4.0578788086e-01
  -3.0455287342e-01  -3.0584968867e-01  -8.2076075893e-02   5.6581739730e-01   4.2978756635e-01
  -3.0192288339e-01  -3.0325605817e-01   2.1711646986e-02   6.6631933619e-01   4.3748787326e-01
  -2.9918504232e-01  -3.0058970861e-01   1.2515477326e-01   7.4065591258e-01   4.2409326908e-01
  -2.9625455536e-01  -2.9778037603e-01   2.2880792642e-01   7.8337825861e-01   3.8261989281e-01
  -2.9299442333e-01  -2.9472873469e-01   3.3252030521e-01   7.8385056905e-01   3.0186513578e-01
  -2.8955416173e-01  -2.9126011198e-01   4.2627722805e-01   7.3207140544e-01   1.7900771735e-01
  -2.8641489689e-01  -2.8784821147e-01   4.9539225011e-01   6.4167053444e-01   3.7960312609e-02
  -2.8367227528e-01  -2.8498158232e-01   5.4127490822e-01   5.3274645599e-01  -1.0308346774e-01
  -2.8109973593e-01  -2.8236296824e-01   5.7058029958e-01   4.1102452916e-01  -2.4367433400e-01
  -2.7855854486e-01  -2.7983650363e-01   5.8549670152e-01   2.7761166570e-01  -3.8434477810e-01
  -2.7591378759e-01  -2.7728058609e-01   5.8499756524e-01   1.3132284863e-01  -5.2535175257e-01
  -2.7306953365e-01  -2.7454698909e-01   5.6498926305e-01  -2.5946742968e-02  -6.6160209933e-01
  -2.6996238336e-01  -2.7159207822e-01   5.1873989289e-01  -1.8742518922e-01  -7.8129009909e-01
  -2.6657645717e-01  -2.6833268850e-01   4.3831884721e-01  -3.3909356244e-01  -8.6480782619e-01
  -2.6342123777e-01  -2.6482022584e-01   3.3576725116e-01  -4.4861536869e-01  -8.9058154569e-01
  -2.6083514468e-01  -2.6202224969e-01   2.3165553279e-01  -5.0983507715e-01  -8.6882959640e-01
  -2.5858769354e-01  -2.5964803967e-01   1.2805026044e-01  -5.3999091034e-01  -8.1779008207e-01
  -2.5655037453e-01  -2.5752734742e-01   2.4115434841e-02  -5.4848505311e-01  -7.4587733656e-01
  -2.5465278369e-01  -2.5557340165e-01  -7.9363763048e-02  -5.4040175269e-01  -6.5859731070e-01
  -2.5284972121e-01  -2.5373216573e-01  -1.8324135749e-01  -5.1892841324e-01  -5.5837449782e-01
  -2.5110888879e-01  -2.5196727669e-01  -2.8675616206e-01  -4.8635598117e-01  -4.4801978136e-01
  -2.4940443518e-01  -2.5025050088e-01  -3.9076646084e-01  -4.4386252355e-01  -3.2804956450e-01
  -2.4771352258e-01  -2.4855836948e-01  -4.9433661304e-01  -3.9279745491e-01  -2.0053026448e-01
  -2.4601470591e-01  -2.4686867567e-01  -5.9786302264e-01  -3.3362304768e-01  -6.5686465112e-02
  -2.4431234304e-01  -2.4516073614e-01  -6.9962422986e-01  -2.6774275953e-01   7.3729362594e-02
  -2.4261819605e-01  -2.4346394993e-01  -7.9759236016e-01  -1.9686339542e-01   2.1443575802e-01
  -2.4091346566e-01  -2.4177244216e-01  -8.9120044030e-01  -1.2162237373e-01   3.5524565873e-01
  -2.3916427906e-01  -2.4005448915e-01  -9.8012216109e-01  -4.2089379607e-02   4.9563485799e-01
  -2.3732807788e-01  -2.3827406896e-01  -1.0646080211e+00   4.3014079380e-02   6.3664309047e-01
  -2.3534180132e-01  -2.3638208681e-01  -1.1429847822e+00   1.3443856277e-01   7.7717373368e-01
  -2.3309001431e-01  -2.3430151584e-01  -1.2135992933e+00   2.3601602646e-01   9.1846389708e-01
  -2.3027701721e-01  -2.3187851277e-01  -1.2699634819e+00   3.5615761515e-01   1.0607696232e+00
  -2.2645548597e-01  -2.2867552165e-01  -1.2839173863e+00   5.0326372254e-01   1.1846432652e+00
  -2.2235484195e-01  -2.2423545029e-01  -1.2179795147e+00   6.3838873288e-01   1.2274506790e+00
  -2.1926377134e-01  -2.2047423360e-01  -1.1115135275e+00   7.2397090171e-01   1.1979308176e+00
  -2.1707588367e-01  -2.1805330907e-01  -1.0070616112e+00   7.7629065548e-01   1.1467738911e+00
  -2.1524632204e-01  -2.1609845826e-01  -9.0312102817e-01   8.1532166729e-01   1.0876545815e+00
  -2.1362140285e-01  -2.1439418582e-01  -7.9928920794e-01   8.4672928249e-01   1.0245138884e+00
  -2.1213035299e-01  -2.1284861988e-01  -6.9551840239e-01   8.7304728400e-01   9.5927171516e-01
  -2.1073297734e-01  -2.1141208611e-01  -5.9186157642e-01   8.9566854295e-01   8.9308545671e-01
  -2.0940352536e-01  -2.1005386857e-01  -4.8833154409e-01   9.1545175862e-01   8.2669159876e-01
  -2.0812417356e-01  -2.0875318216e-01  -3.8430573428e-01   9.3305581624e-01   7.6021051481e-01
  -2.0688161592e-01  -2.0749516496e-01  -2.8051048243e-01   9.4872047935e-01   6.9450785015e-01
  -2.0566526556e-01  -2.0626806687e-01  -1.7664527230e-01   9.6275038317e-01   6.2971884299e-01
  -2.0446637627e-01  -2.0506246426e-01  -7.3075051710e-02   9.7526932299e-01   5.6634704814e-01
  -2.0327734466e-01  -2.0387028829e-01   3.0348009733e-02   9.8640797729e-01   5.0454339641e-01
  -2.0209126970e-01  -2.0268440103e-01   1.3374151424e-01   9.9623079229e-01   4.4447154907e-01
  -2.0090147165e-01  -2.0149813836e-01   2.3823566447e-01   1.0048172402e+00   3.8575799912e-01
  -1.9970122365e-01  -2.0030480494e-01   3.4170372574e-01   1.0119449058e+00   3.2985485000e-01
  -1.9848348986e-01  -1.9909764236e-01   4.4527272870e-01   1.0176230606e+00   2.7638370854e-01
  -1.9724048137e-01  -1.9786933735e-01   5.4893827752e-01   1.0216979934e+00   2.2565809436e-01
  -1.9596323099e-01  -1.9661162539e-01   6.5253490552e-01   1.0239480076e+00   1.7810783886e-01
  -1.9464093815e-01  -1.9531483659e-01   7.5620384910e-01   1.0240738675e+00   1.3408269475e-01
  -1.9325989426e-01  -1.9396703971e-01   8.6013866429e-01   1.0216390921e+00   9.4031595900e-02
  -1.9180212350e-01  -1.9255274881e-01   9.6377210587e-01   1.0160537289e+00   5.8825907745e-02
  -1.9024256431e-01  -1.9105149818e-01   1.0675591212e+00   1.0064212958e+00   2.9165041341e-02
  -1.8854366466e-01  -1.8943363044e-01   1.1713497041e+00   9.9138672413e-01   6.3369096915e-03
  -1.8664397079e-01  -1.8765369889e-01   1.2751857416e+00   9.6867510755e-01  -7.7719361761e-03
  -1.8442730585e-01  -1.8563424269e-01   1.3791733761e+00   9.3396093453e-01  -9.8652537048e-03
  -1.8160313917e-01  -1.8322036901e-01   1.4840681526e+00   8.7631849971e-01   7.5770701911e-03
  -1.7756259117e-01  -1.7998590933e-01   1.5797061864e+00   7.6766064216e-01   6.3284978111e-02
  -1.7303185648e-01  -1.7513927301e-01   1.6186370108e+00   6.1323685678e-01   1.5041303948e-01
  -1.6908706558e-01  -1.7092443995e-01   1.5963328509e+00   4.5253167249e-01   2.3266609430e-01
  -1.6556874658e-01  -1.6724969121e-01   1.5370381439e+00   2.9169532213e-01   2.9947819227e-01
  -1.6230329771e-01  -1.6388780195e-01   1.4528399112e+00   1.3126806698e-01   3.4848428692e-01
  -1.5930533986e-01  -1.6071879347e-01   1.3532614064e+00  -2.3544798250e-02   3.7858014356e-01
  -1.5665937975e-01  -1.5789188625e-01   1.2495294216e+00  -1.6381778803e-01   3.9114084153e-01
  -1.5431114807e-01  -1.5542687324e-01   1.1458414457e+00  -2.9000056826e-01   3.9047775148e-01
  -1.5216225868e-01  -1.5319542290e-01   1.0421074690e+00  -4.0569688708e-01   3.7990804494e-01
  -1.5015713276e-01  -1.5112909446e-01   9.3858063942e-01  -5.1252575583e-01   3.6157088070e-01
  -1.4825992434e-01  -1.4918517106e-01   8.3486970654e-01  -6.1199102609e-01   3.3683274724e-01
  -1.4644521115e-01  -1.4733467761e-01   7.3131938993e-01  -7.0440461568e-01   3.0678703224e-01
  -1.4469345284e-01  -1.4555574469e-01   6.2758260274e-01  -7.9043512857e-01   2.7206372494e-01
  -1.4298867368e-01  -1.4383116098e-01   5.2396754213e-01  -8.6996379579e-01   2.3327362082e-01
  -1.4131690759e-01  -1.4214618637e-01   4.2058304957e-01  -9.4291766669e-01   1.9082094229e-01
  -1.3966534044e-01  -1.4048762881e-01   3.1648207977e-01  -1.0096968388e+00   1.4446499172e-01
  -1.3802137227e-01  -1.3884305207e-01   2.1314147889e-01  -1.0689697314e+00   9.4901695612e-02
  -1.3637181817e-01  -1.3719969246e-01   1.0941463067e-01  -1.1208454266e+00   4.1492859947e-02
  -1.3470202479e-01  -1.3554394387e-01   5.6141393798e-03  -1.1642103695e+00  -1.5927848590e-02
  -1.3299460342e-01  -1.3386010571e-01  -9.7950133362e-02  -1.1977010819e+00  -7.7688085487e-02
  -1.3122742364e-01  -1.3212910114e-01  -2.0160224829e-01  -1.2196183902e+00  -1.4479233441e-01
  -1.2936992205e-01  -1.3032574614e-01  -3.0537527795e-01  -1.2271689371e+00  -2.1859409655e-01
  -1.2737607576e-01  -1.2841409796e-01  -4.0914147076e-01  -1.2159531023e+00  -3.0116177065e-01
  -1.2516795232e-01  -1.2633805357e-01  -5.1290146287e-01  -1.1784046298e+00  -3.9629336182e-01
  -1.2259649311e-01  -1.2399785107e-01  -6.1690211859e-01  -1.0988662570e+00  -5.1212307303e-01
  -1.1978118372e-01  -1.2119513514e-01  -7.0710819601e-01  -9.6739744684e-01  -6.4380652765e-01
  -1.1722127913e-01  -1.1836723231e-01  -7.6644733856e-01  -8.0772212801e-01  -7.6761130736e-01
  -1.1509287231e-01  -1.1607532595e-01  -7.9855277193e-01  -6.4610520318e-01  -8.7319446547e-01
  -1.1322832905e-01  -1.1411041867e-01  -8.1402674767e-01  -4.8488876043e-01  -9.6703651695e-01
  -1.1153107570e-01  -1.1234623943e-01  -8.1838477554e-01  -3.2392470280e-01  -1.0531299496e+00
  -1.0994725144e-01  -1.1071591197e-01  -8.1467351933e-01  -1.6239620306e-01  -1.1340114483e+00
  -1.0844209005e-01  -1.0917859092e-01  -8.0488049284e-01  -1.6229536705e-03  -1.2103358849e+00
  -1.0699069130e-01  -1.0770558918e-01  -7.9031802971e-01   1.5945622080e-01  -1.2834917508e+00
  -1.0557379342e-01  -1.0627579343e-01  -7.7191079557e-01   3.2106179496e-01  -1.3541379055e+00
  -1.0417484262e-01  -1.0487179340e-01  -7.5067912259e-01   4.8129158373e-01  -1.4218790965e+00
  -1.0277836491e-01  -1.0347789183e-01  -7.2684710405e-01   6.4315535923e-01  -1.4882587060e+00
  -1.0136848770e-01  -1.0207883800e-01  -7.0134350334e-01   8.0393711376e-01  -1.5523157626e+00
  -9.9927160114e-02  -1.0065813741e-01  -6.7450361108e-01   9.6485931377e-01  -1.6146247796e+00
  -9.8431492431e-02  -9.9196182820e-02  -6.4677272281e-01   1.1262789655e+00  -1.6752523249e+00
  -9.6849353975e-02  -9.7666802042e-02  -6.1890942440e-01   1.2871907041e+00  -1.7335942986e+00
  -9.5128935434e-02  -9.6031905908e-02  -5.9149234357e-01   1.4487610296e+00  -1.7895355332e+00
  -9.3169554815e-02  -9.4225964960e-02  -5.6584877864e-01   1.6108237358e+00  -1.8417479691e+00
  -9.0693116826e-02  -9.2113144671e-02  -5.4495178984e-01   1.7742156399e+00  -1.8868025341e+00
  -8.6064311804e-02  -8.9273088982e-02  -5.5189832774e-01   1.9228793752e+00  -1.8914237252e+00
  -8.1038906322e-02  -8.2855534627e-02  -6.2259717433e-01   1.8637181901e+00  -1.7816307355e+00
  -7.8108252031e-02  -7.9222278017e-02  -6.9777523985e-01   1.7011029355e+00  -1.6476913493e+00
  -7.6119770026e-02  -7.6994226045e-02  -7.6084864597e-01   1.5384581447e+00  -1.5265853563e+00
  -7.4493656872e-02  -7.5245314008e-02  -8.1807267268e-01   1.3767723665e+00  -1.4101937055e+00
  -7.3066926550e-02  -7.3741999736e-02  -8.7165458388e-01   1.2148487268e+00  -1.2953736633e+00
  -7.1768786630e-02  -7.2391853364e-02  -9.2189723622e-01   1.0542179330e+00  -1.1822049272e+00
  -7.0560251636e-02  -7.1145719897e-02  -9.6965309177e-01   8.9360424934e-01  -1.0692333205e+00
  -6.9417550346e-02  -6.9974783374e-02  -1.0156242231e+00   7.3128489315e-01  -9.5489302182e-01
  -6.8324055410e-02  -6.8860317318e-02  -1.0588147828e+00   5.7132811387e-01  -8.4179845101e-01
  -6.7267461975e-02  -6.7787793503e-02  -1.1002738688e+00   4.1026121644e-01  -7.2730299749e-01
  -6.6238617133e-02  -6.6747130448e-02  -1.1399218865e+00   2.4833433432e-01  -6.1139881236e-01
  -6.5229849759e-02  -6.5730103818e-02  -1.1772713369e+00   8.7551552454e-02  -4.9536676883e-01
  -6.4234582529e-02  -6.4729595701e-02  -1.2126036121e+00  -7.3332371737e-02  -3.7816980429e-01
  -6.3247023061e-02  -6.3739569357e-02  -1.2458787407e+00  -2.3446629187e-01  -2.5954006440e-01
  -6.2261713444e-02  -6.2754476766e-02  -1.2770007585e+00  -3.9592476897e-01  -1.3924542733e-01
  -6.1273271772e-02  -6.1768950123e-02  -1.3056822961e+00  -5.5686827019e-01  -1.7727418785e-02
  -6.0276158330e-02  -6.0777593420e-02  -1.3318497484e+00  -7.1775281123e-01   1.0556212955e-01
  -5.9264388663e-02  -5.9774723239e-02  -1.3552769969e+00  -8.7852341851e-01   2.3083261704e-01
  -5.8231038661e-02  -5.8754054088e-02  -1.3758270372e+00  -1.0405332031e+00   3.5948725441e-01
  -5.7167898835e-02  -5.7708023234e-02  -1.3928195984e+00  -1.2015401529e+00   4.9015432007e-01
  -5.6065022706e-02  -5.6627774435e-02  -1.4058073946e+00  -1.3612231623e+00   6.2300765260e-01
  -5.4910797379e-02  -5.5502270977e-02  -1.4143268814e+00  -1.5237155442e+00   7.6226572825e-01
  -5.3708034454e-02  -5.4319323781e-02  -1.4170590454e+00  -1.6810397616e+00   9.0198113227e-01
  -5.2463138266e-02  -5.3096745126e-02  -1.4132035044e+00  -1.8325515108e+00   1.0423929013e+00
  -5.1166546254e-02  -5.1829531406e-02  -1.4017412922e+00  -1.9760329566e+00   1.1825300920e+00
  -4.9801008403e-02  -5.0503561102e-02  -1.3809686633e+00  -2.1115686498e+00   1.3241513736e+00
  -4.8342526768e-02  -4.9098455703e-02  -1.3492888324e+00  -2.2340824634e+00   1.4642796401e+00
  -4.6754581213e-02  -4.7586597833e-02  -1.3032491986e+00  -2.3421708140e+00   1.6050096053e+00
  -4.4974374735e-02  -4.5922564593e-02  -1.2376719255e+00  -2.4296434492e+00   1.7457740413e+00
  -4.2998052848e-02  -4.4026184878e-02  -1.1479662203e+00  -2.4842090204e+00   1.8799426943e+00
  -4.1070655474e-02  -4.1969920818e-02  -1.0446308466e+00  -2.4942311243e+00   1.9870292261e+00
  -3.9362305491e-02  -4.0171390129e-02  -9.4094407826e-01  -2.4672431175e+00   2.0610141207e+00
  -3.7805683954e-02  -3.8553220854e-02  -8.3708333864e-01  -2.4140952511e+00   2.1112793009e+00
  -3.6354604293e-02  -3.7058147054e-02  -7.3325181736e-01  -2.3411383537e+00   2.1431402412e+00
  -3.4979688191e-02  -3.5651061533e-02  -6.2973439659e-01  -2.2526806968e+00   2.1600027081e+00
  -3.3660687901e-02  -3.4308314849e-02  -5.2616068068e-01  -2.1511660740e+00   2.1641971032e+00
  -3.2382721616e-02  -3.3013060953e-02  -4.2228553551e-01  -2.0382167916e+00   2.1571674200e+00
  -3.1134000315e-02  -3.1752382279e-02  -3.1839732934e-01  -1.9155267638e+00   2.1399046679e+00
  -2.9904597774e-02  -3.0515618351e-02  -2.1461614471e-01  -1.7843548782e+00   2.1131385442e+00
  -2.8685747466e-02  -2.9293577198e-02  -1.1094754753e-01  -1.6455888147e+00   2.0773285551e+00
  -2.7469270579e-02  -2.8077917734e-02  -7.3329550023e-03  -1.4998250693e+00   2.0326687978e+00
  -2.6247064189e-02  -2.6860623423e-02   9.6301941607e-02  -1.3474592652e+00   1.9791002804e+00
  -2.5014821667e-02  -2.5633504956e-02   1.9963756038e-01  -1.1893513818e+00   1.9165689173e+00
  -2.3783464998e-02  -2.4396138378e-02   3.0096755578e-01  -1.0285591497e+00   1.8459318329e+00
  -2.2559798503e-02  -2.3170791618e-02   3.9907098194e-01  -8.6756012749e-01   1.7680020949e+00
  -2.1333573805e-02  -2.1948805389e-02   4.9418077395e-01  -7.0646279818e-01   1.6824754600e+00
  -2.0092652379e-02  -2.0718342222e-02   5.8653582073e-01  -5.4518121944e-01   1.5886654104e+00
  -1.8823713972e-02  -1.9466962537e-02   6.7616450001e-01  -3.8382685308e-01   1.4856541020e+00
  -1.7510956879e-02  -1.8180465406e-02   7.6281659163e-01  -2.2287430861e-01   1.3723718296e+00
  -1.6134263046e-02  -1.6841448352e-02   8.4661285560e-01  -6.1906354964e-02   1.2464758692e+00
  -1.4716027676e-02  -1.5427077741e-02   9.2457305992e-01   9.3526263969e-02   1.1100819408e+00
  -1.3323109993e-02  -1.4004977611e-02   9.9292401401e-01   2.3570383059e-01   9.6859771091e-01
  -1.1982185388e-02  -1.2641242376e-02   1.0492019280e+00   3.5862678513e-01   8.2869682709e-01
  -1.0682244316e-02  -1.1323128401e-02   1.0953988081e+00   4.6557766915e-01   6.8825247856e-01
  -9.4147914636e-03  -1.0041360232e-02   1.1320688003e+00   5.5707846433e-01   5.4756487275e-01
  -8.1726570787e-03  -8.7882226952e-03   1.1597290179e+00   6.3367418191e-01   4.0687940975e-01
  -6.9495966886e-03  -7.5570914623e-03   1.1788679365e+00   6.9594526338e-01   2.6632057793e-01
  -5.7399918747e-03  -6.3421019150e-03   1.1899183979e+00   7.4444339369e-01   1.2591757196e-01
  -4.5386011756e-03  -5.1378818345e-03   1.1932388508e+00   7.7964275736e-01  -1.4371340313e-02
  -3.3403364641e-03  -3.9393205168e-03   1.1891017335e+00   8.0190501376e-01  -1.5463464033e-01
  -2.1400090595e-03  -2.7413524114e-03   1.1775619194e+00   8.1143270596e-01  -2.9592270103e-01
  -9.3212634877e-04  -1.5386657077e-03   1.1588766144e+00   8.0818800586e-01  -4.3640125259e-01
   2.8931424925e-04  -3.2558698988e-04   1.1331106792e+00   7.9234135919e-01  -5.7677479303e-01
   1.5311812089e-03   9.0421548837e-04   1.1002149206e+00   7.6375985684e-01  -7.1723518368e-01
   2.8016617177e-03   2.1581469294e-03   1.0601121696e+00   7.2219209429e-01  -8.5763719127e-01
   4.1109605850e-03   3.4451765061e-03   1.0125083570e+00   6.6707227835e-01  -9.9817624540e-01
   5.4725294366e-03   4.7767446639e-03   9.5681175871e-01   5.9733620102e-01  -1.1392325050e+00
   6.9046774823e-03   6.1683142094e-03   8.9285370234e-01   5.1233741232e-01  -1.2796156258e+00
   8.4340799804e-03   7.6410407552e-03   8.1939725839e-01   4.0989192580e-01  -1.4199473058e+00
   1.0104145255e-02   9.2271192055e-03   7.3415719377e-01   2.8593565840e-01  -1.5609864395e+00
   1.1941516552e-02   1.0981171305e-02   6.3677425167e-01   1.3885895326e-01  -1.6986376979e+00
   1.3844002375e-02   1.2901861799e-02   5.3475993416e-01  -2.0538554927e-02  -1.8195102004e+00
   1.5719327137e-02   1.4786142951e-02   4.3452050391e-01  -1.8202786967e-01  -1.9159660308e+00
   1.7600566921e-02   1.6652511322e-02   3.3737768536e-01  -3.4290405565e-01  -1.9876128568e+00
   1.9538400328e-02   1.8548622520e-02   2.4247605042e-01  -5.0414102492e-01  -2.0343674414e+00
   2.1598120379e-02   2.0528178135e-02   1.4968988719e-01  -6.6565830415e-01  -2.0528079051e+00
   2.3888292623e-02   2.2668062623e-02   5.8961634705e-02  -8.2717201209e-01  -2.0350994848e+00
   2.6618799763e-02   2.5108522624e-02  -2.9701605491e-02  -9.8765072407e-01  -1.9623088533e+00
   2.9401618874e-02   2.8129076902e-02  -9.7237268120e-02  -1.1092634005e+00  -1.8356205954e+00
   3.1692531966e-02   3.0674160846e-02  -1.3452682625e-01  -1.1721035094e+00  -1.6939341490e+00
   3.3600221992e-02   3.2710903086e-02  -1.5307059139e-01  -1.1963476774e+00  -1.5529758577e+00
   3.5300111210e-02   3.4489540898e-02  -1.6050430554e-01  -1.1955920421e+00  -1.4117343994e+00
   3.6869555690e-02   3.6110681521e-02  -1.6021893191e-01  -1.1759716720e+00  -1.2714084822e+00
   3.8351830203e-02   3.7628429858e-02  -1.5416743074e-01  -1.1407277176e+00  -1.1308811861e+00
   3.9774323875e-02   3.9075230547e-02  -1.4353363390e-01  -1.0918261237e+00  -9.9047236437e-01
   4.1156420734e-02   4.0473417203e-02  -1.2901191853e-01  -1.0300147268e+00  -8.4932585242e-01
   4.2513044807e-02   4.1839424264e-02  -1.1135963437e-01  -9.5681037948e-01  -7.0918461614e-01
   4.3856500443e-02   4.3186665349e-02  -9.0848974698e-02  -8.7201215593e-01  -5.6876838369e-01
   4.5197538296e-02   4.4526335537e-02  -6.7673373528e-02  -7.7529013951e-01  -4.2761244376e-01
   4.6546249027e-02   4.5868741055e-02  -4.2412506687e-02  -6.6806100938e-01  -2.8782056712e-01
   4.7912792377e-02   4.7223756999e-02  -1.4704084649e-02  -5.4781550610e-01  -1.4656747895e-01
   4.9307828469e-02   4.8601827754e-02   1.4781189743e-02  -4.1653308507e-01  -6.7851510273e-03
   5.0743392454e-02   5.0013829184e-02   4.6572521084e-02  -2.7090930157e-01   1.3426487162e-01
   5.2207825414e-02   5.1472955725e-02   7.9723651196e-02  -1.1438402751e-01   2.7249445226e-01
   5.3650667067e-02   5.2942695103e-02   1.1279538290e-01   4.6618405216e-02   4.0265953312e-01
   5.5047776467e-02   5.4358639031e-02   1.4477391668e-01   2.0698443384e-01   5.2194307005e-01
   5.6414013560e-02   5.5736913904e-02   1.7618816427e-01   3.6905665950e-01   6.3329652899e-01
   5.7762323677e-02   5.7091113216e-02   2.0646167092e-01   5.2950254744e-01   7.3544822928e-01
   5.9104466362e-02   5.8433534137e-02   2.3605485598e-01   6.9036154683e-01   8.3060701241e-01
   6.0451808752e-02   5.9775398588e-02   2.6510750901e-01   8.5213987779e-01   9.1960320975e-01
   6.1816225066e-02   6.1128218917e-02   2.9319236319e-01   1.0121413196e+00   1.0015292536e+00
   6.3211375120e-02   6.2504231215e-02   3.2104646824e-01   1.1743452111e+00   1.0788159554e+00
   6.4653930942e-02   6.3918519026e-02   3.4804721945e-01   1.3349897844e+00   1.1499609682e+00
   6.6165814248e-02   6.5389342859e-02   3.7452185097e-01   1.4959158377e+00   1.2161281293e+00
   6.7779318088e-02   6.6942285637e-02   4.0048163418e-01   1.6573921675e+00   1.2775572298e+00
   6.9546485745e-02   6.8616350540e-02   4.2566349320e-01   1.8183808928e+00   1.3339424266e+00
   7.1567532276e-02   7.0476620951e-02   4.5004912414e-01   1.9805124701e+00   1.3857505532e+00
   7.4104885422e-02   7.2658443602e-02   4.7272789558e-01   2.1435217543e+00   1.4323448153e+00
   7.7526520153e-02   7.5551327241e-02   4.8752093450e-01   2.2847119373e+00   1.4666390154e+00
   8.1476905976e-02   7.9501713064e-02   4.7941685132e-01   2.3292231103e+00   1.4717650030e+00
   8.5477905063e-02   8.3452098887e-02   4.3963149431e-01   2.2380835944e+00   1.4436532159e+00
   8.8741837857e-02   8.7503711239e-02   3.8334017694e-01   2.0703399966e+00   1.3995691318e+00
   9.0981550477e-02   8.9979964474e-02   3.3167632534e-01   1.9081336741e+00   1.3584411005e+00
   9.2861396960e-02   9.1983136480e-02   2.8083446067e-01   1.7466346804e+00   1.3175462720e+00
   9.4541878575e-02   9.3739657440e-02   2.3005906100e-01   1.5849349718e+00   1.2761294722e+00
   9.6096131064e-02   9.5344099709e-02   1.7954986438e-01   1.4241374555e+00   1.2341598172e+00
   9.7565832357e-02   9.6848162418e-02   1.2899331252e-01   1.2633276110e+00   1.1911693503e+00
   9.8977729923e-02   9.8283502295e-02   7.8165382467e-02   1.1016843553e+00   1.1467203572e+00
   1.0035123539e-01   9.9671957551e-02   2.7756699006e-02   9.4116570316e-01   1.1011583753e+00
   1.0170158899e-01   1.0103051323e-01  -2.2862156660e-02   7.7941525790e-01   1.0536123256e+00
   1.0304161504e-01   1.0237266476e-01  -7.2715644539e-02   6.1909120466e-01   1.0046522845e+00
   1.0438312125e-01   1.0371056532e-01  -1.2242460190e-01   4.5759990911e-01   9.5324962624e-01
   1.0573772454e-01   1.0505567718e-01  -1.7125481271e-01   2.9653860490e-01   8.9961430835e-01
   1.0711777092e-01   1.0641977189e-01  -2.1897531738e-01   1.3566763716e-01   8.4334253526e-01
   1.0853732118e-01   1.0781576996e-01  -2.6520620462e-01  -2.5074464254e-02   7.8400769110e-01
   1.1001381601e-01   1.0925887241e-01  -3.0964663066e-01  -1.8661912513e-01   7.2068714199e-01
   1.1157029742e-01   1.1076875960e-01  -3.5122775827e-01  -3.4800577538e-01   6.5298028568e-01
   1.1323910999e-01   1.1237183524e-01  -3.8870024033e-01  -5.0880444685e-01   5.8004325603e-01
   1.1507083258e-01   1.1410638474e-01  -4.2043276358e-01  -6.6991167292e-01   4.9984982097e-01
   1.1715595752e-01   1.1603528043e-01  -4.4307833921e-01  -8.3155571799e-01   4.0935970276e-01
   1.1969438156e-01   1.1827663460e-01  -4.4925869137e-01  -9.9390044345e-01   3.0229559233e-01
   1.2294359536e-01   1.2111212852e-01  -4.2135469532e-01  -1.1441831639e+00   1.7350565348e-01
   1.2658882411e-01   1.2477506220e-01  -3.4401501610e-01  -1.2391762102e+00   4.3143271500e-02
   1.2978377682e-01   1.2840258601e-01  -2.4021717351e-01  -1.2621562650e+00  -5.5934220784e-02
   1.3235774354e-01   1.3116496762e-01  -1.3605296826e-01  -1.2431679895e+00  -1.2428209301e-01
   1.3465455028e-01   1.3355051945e-01  -3.2182106379e-02  -1.2022872201e+00  -1.7662870393e-01
   1.3682756115e-01   1.3575858111e-01   7.1888852452e-02  -1.1461801751e+00  -2.1911164578e-01
   1.3897182370e-01   1.3789654119e-01   1.7550276227e-01  -1.0779051174e+00  -2.5461492245e-01
   1.4117369974e-01   1.4004710620e-01   2.7945055746e-01  -9.9732865559e-01  -2.8547929015e-01
   1.4354874708e-01   1.4230029328e-01   3.8350088765e-01  -9.0253380472e-01  -3.1332837955e-01
   1.4633888714e-01   1.4479720088e-01   4.8827652816e-01  -7.8564513126e-01  -3.4052179117e-01
   1.4981236160e-01   1.4788057341e-01   5.8174476129e-01  -6.3986359437e-01  -3.6889863356e-01
   1.5385946366e-01   1.5174414979e-01   6.2691186443e-01  -4.7904108422e-01  -3.9825356040e-01
   1.5819320894e-01   1.5597477754e-01   5.8885762317e-01  -3.2732490827e-01  -4.2802952221e-01
   1.6184740152e-01   1.6041164034e-01   4.8966052244e-01  -2.1942111112e-01  -4.5181070803e-01
   1.6440447902e-01   1.6328316269e-01   3.8481531660e-01  -1.5635101290e-01  -4.6656841210e-01
   1.6650136438e-01   1.6552579535e-01   2.8072118593e-01  -1.1235512715e-01  -4.7650405882e-01
   1.6837033901e-01   1.6747693341e-01   1.7686303700e-01  -7.8921900758e-02  -4.8299478855e-01
   1.7010830122e-01   1.6926374462e-01   7.2916404920e-02  -5.2596533206e-02  -4.8646570233e-01
   1.7177006805e-01   1.7095285781e-01  -3.0821765682e-02  -3.1732759780e-02  -4.8698785912e-01
   1.7339327517e-01   1.7258727828e-01  -1.3439538973e-01  -1.5325591679e-02  -4.8447943615e-01
   1.7500830949e-01   1.7419927206e-01  -2.3826327458e-01  -2.7874323766e-03  -4.7866461147e-01
   1.7664414492e-01   1.7581734693e-01  -3.4185956631e-01   6.0447888121e-03  -4.6915865291e-01
   1.7833348868e-01   1.7747094292e-01  -4.4581887286e-01   1.1179943232e-02  -4.5524511100e-01
   1.8011963246e-01   1.7919603443e-01  -5.4954849195e-01   1.2227631271e-02  -4.3597655915e-01
   1.8207106981e-01   1.8104323049e-01  -6.5359798688e-01   8.3188401878e-03  -4.0951204007e-01
   1.8432341455e-01   1.8309890913e-01  -7.5777226374e-01  -2.5902384438e-03  -3.7242690454e-01
   1.8730324195e-01   1.8554791997e-01  -8.6388104139e-01  -2.7273822606e-02  -3.1382061527e-01
   1.9198932527e-01   1.8905856393e-01  -9.4350470796e-01  -8.7217226107e-02  -2.0822389767e-01
   1.9726099767e-01   1.9492008661e-01  -9.0728866968e-01  -1.7629692698e-01  -8.9926769833e-02
   2.0095746375e-01   1.9960190873e-01  -8.0065918936e-01  -2.4665228552e-01  -2.1719679872e-02
   2.0338988416e-01   2.0231301878e-01  -6.9605382988e-01  -2.9309974941e-01   9.8931080577e-03
   2.0540576969e-01   2.0446674954e-01  -5.9185589255e-01  -3.2991917149e-01   2.5938793339e-02
   2.0720180342e-01   2.0634478985e-01  -4.8817534652e-01  -3.6021195135e-01   3.1413443399e-02
   2.0886272091e-01   2.0805881699e-01  -3.8428437401e-01  -3.8547444169e-01   2.8556563577e-02
   2.1043552366e-01   2.0966662483e-01  -2.8069777534e-01  -4.0618431546e-01   1.8553724307e-02
   2.1195075282e-01   2.1120442249e-01  -1.7685183555e-01  -4.2273300051e-01   2.0482397467e-03
   2.1343051381e-01   2.1269708315e-01  -7.3080577665e-02  -4.3512348827e-01  -2.0516866325e-02
   2.1489263354e-01   2.1416394446e-01   3.0570070026e-02  -4.4328655352e-01  -4.8878793245e-02
   2.1635282734e-01   2.1562132261e-01   1.3419438831e-01  -4.4702763106e-01  -8.2955486730e-02
   2.1782637853e-01   2.1708433207e-01   2.3790032093e-01  -4.4598730928e-01  -1.2281906518e-01
   2.1932969182e-01   2.1856842500e-01   3.4169095059e-01  -4.3961356412e-01  -1.6864371395e-01
   2.2088202986e-01   2.2009095864e-01   4.4534171574e-01  -4.2715017012e-01  -2.2062336037e-01
   2.2250829290e-01   2.2167310109e-01   5.4913114391e-01  -4.0742164091e-01  -2.7939794983e-01
   2.2424396686e-01   2.2334348470e-01   6.5290106832e-01  -3.7870590741e-01  -3.4569346711e-01
   2.2614578731e-01   2.2514444901e-01   7.5676152713e-01  -3.3809292699e-01  -4.2094414291e-01
   2.2832036589e-01   2.2714712560e-01   8.6073054071e-01  -2.8019573558e-01  -5.0770811561e-01
   2.3104116554e-01   2.2949360617e-01   9.6587205561e-01  -1.9093265969e-01  -6.1319700131e-01
   2.3446740230e-01   2.3258872491e-01   1.0543852938e+00  -5.6123537249e-02  -7.3183962318e-01
   2.3803867974e-01   2.3634607970e-01   1.0930967542e+00   1.0478366783e-01  -8.2931270622e-01
   2.4135828121e-01   2.3973127978e-01   1.0780603217e+00   2.6591040101e-01  -8.8686322521e-01
   2.4464229029e-01   2.4298528263e-01   1.0172471948e+00   4.2698968119e-01  -9.0698084817e-01
   2.4774388155e-01   2.4629929796e-01   9.2297216330e-01   5.7200657338e-01  -8.9098346513e-01
   2.5038396827e-01   2.4918846514e-01   8.1857948989e-01   6.8372645334e-01  -8.5061804700e-01
   2.5265231116e-01   2.5157947139e-01   7.1474353776e-01   7.6678434727e-01  -7.9740202424e-01
   2.5473031395e-01   2.5372515093e-01   6.1087647704e-01   8.2990979125e-01  -7.3503187068e-01
   2.5670511721e-01   2.5573547696e-01   5.0696672360e-01   8.7645487923e-01  -6.6524972964e-01
   2.5863194685e-01   2.5767475745e-01   4.0336144253e-01   9.0776984113e-01  -5.8919563560e-01
   2.6055367048e-01   2.5958913624e-01   2.9980404999e-01   9.2433806906e-01  -5.0709807171e-01
   2.6251072899e-01   2.6151820472e-01   1.9598598674e-01   9.2555386650e-01  -4.1869039212e-01
   2.6454940182e-01   2.6350325326e-01   9.2030386191e-02   9.0972563757e-01  -3.2366630512e-01
   2.6673238471e-01   2.6559555038e-01  -1.1611696143e-02   8.7403462967e-01  -2.2161415479e-01
   2.6916222718e-01   2.6786921904e-01  -1.1548297051e-01   8.1287764717e-01  -1.1033179780e-01
   2.7205175754e-01   2.7045523533e-01  -2.1982539128e-01   7.1434365709e-01   1.4165435054e-02
   2.7542659499e-01   2.7364827974e-01  -3.1218395205e-01   5.7309830919e-01   1.4221365439e-01
   2.7889122059e-01   2.7720491024e-01  -3.7328211430e-01   4.1160210367e-01   2.4851055234e-01
   2.8234944938e-01   2.8057753094e-01  -4.0148098364e-01   2.4993321367e-01   3.2389166213e-01
   2.8629386712e-01   2.8412136782e-01  -4.0084672213e-01   8.7057472535e-02   3.6988844194e-01
   2.9276767405e-01   2.8846636642e-01  -3.5775553600e-01  -6.9669132514e-02   3.5732913105e-01
   3.0061497953e-01   2.9706898168e-01  -3.1601092716e-01  -4.5577737808e-02   2.5486493883e-01
   3.0637126398e-01   3.0416097737e-01  -3.3847973336e-01   1.1564653326e-01   1.6441735523e-01
   3.1056872481e-01   3.0858155059e-01  -3.9631594761e-01   2.7831804331e-01   1.2086393273e-01
   3.1463802338e-01   3.1255589902e-01  -4.8095893066e-01   4.3780170802e-01   1.1420909835e-01
   3.1872411652e-01   3.1672014775e-01  -5.8258639022e-01   5.7162782359e-01   1.5225032350e-01
   3.2287356189e-01   3.2072808529e-01  -6.8618481607e-01   6.5650246247e-01   2.4163714985e-01
   3.2687829824e-01   3.2501903849e-01  -7.6852918844e-01   6.7767569497e-01   3.7220068437e-01
   3.3033830393e-01   3.2873755799e-01  -8.1192317417e-01   6.4431931980e-01   5.1345533068e-01
   3.3344961879e-01   3.3193904987e-01  -8.2012598858e-01   5.7646034275e-01   6.5419336956e-01
   3.3648870306e-01   3.3496018770e-01  -7.9493625672e-01   4.8181127241e-01   7.9499798791e-01
   3.3967017916e-01   3.3801721842e-01  -7.3071767995e-01   3.6141747839e-01   9.3505930314e-01
   3.4270881407e-01   3.4132313990e-01  -6.3456257903e-01   2.3577000561e-01   1.0516269273e+00
   3.4523117408e-01   3.4409448823e-01  -5.3022557382e-01   1.2967372588e-01   1.1284573392e+00
   3.4737466320e-01   3.4636785992e-01  -4.2628007174e-01   4.2086711177e-02   1.1752345196e+00
   3.4931156545e-01   3.4838146648e-01  -3.2266201375e-01  -3.2702457582e-02   1.2004916619e+00
   3.5112509625e-01   3.5024166442e-01  -2.1869273118e-01  -9.8021237790e-02   1.2080809302e+00
   3.5286583623e-01   3.5200852807e-01  -1.1488702098e-01  -1.5527568251e-01   1.1996758870e+00
   3.5457029672e-01   3.5372314438e-01  -1.1089643580e-02  -2.0579705109e-01   1.1759826505e+00
   3.5626879955e-01   3.5541744907e-01   9.2523366158e-02  -2.5044495653e-01   1.1369560857e+00
   3.5799061964e-01   3.5712015003e-01   1.9621834025e-01  -2.9011001417e-01   1.0816158418e+00
   3.5976860714e-01   3.5886108925e-01   2.9993182562e-01  -3.2547366355e-01   1.0081262439e+00
   3.6164560677e-01   3.6067612502e-01   4.0379237593e-01  -3.5735420200e-01   9.1311925143e-01
   3.6366197227e-01   3.6261508852e-01   5.0639409716e-01  -3.8641458445e-01   7.9280043905e-01
   3.6568115675e-01   3.6470885602e-01   5.9837270011e-01  -4.1178331372e-01   6.5487449976e-01
   3.6754825006e-01   3.6665345748e-01   6.7173521314e-01  -4.3319946983e-01   5.1437944138e-01
   3.6928695524e-01   3.6844304263e-01   7.2936186946e-01  -4.5277551022e-01   3.7355779975e-01
   3.7094160435e-01   3.7013086785e-01   7.7372509237e-01  -4.7200064240e-01   2.3348602664e-01
   3.7254251576e-01   3.7175234086e-01   8.0720523087e-01  -4.9232897277e-01   9.2142747504e-02
   3.7411286219e-01   3.7333269067e-01   8.3043112510e-01  -5.1435086854e-01  -4.8084594839e-02
   3.7567245930e-01   3.7489303370e-01   8.4456197682e-01  -5.3905430147e-01  -1.8843621143e-01
   3.7723981263e-01   3.7645188489e-01   8.5008366473e-01  -5.6727706232e-01  -3.2905530860e-01
   3.7883443336e-01   3.7802774038e-01   8.4721130248e-01  -5.9991080776e-01  -4.6997235875e-01
   3.8047891362e-01   3.7964112633e-01   8.3603838881e-01  -6.3770617075e-01  -6.1023010209e-01
   3.8220252201e-01   3.8131670090e-01   8.1624775571e-01  -6.8221521619e-01  -7.5097642696e-01
   3.8404748900e-01   3.8308834311e-01   7.8728122129e-01  -7.3492808707e-01  -8.9137828723e-01
   3.8608416343e-01   3.8500663490e-01   7.4742252688e-01  -7.9911246193e-01  -1.0326576728e+00
   3.8845280006e-01   3.8716169196e-01   6.9390784936e-01  -8.7933740520e-01  -1.1735981247e+00
   3.9152402103e-01   3.8974390817e-01   6.1761581078e-01  -9.8917701658e-01  -1.3151745078e+00
   3.9540749083e-01   3.9330413390e-01   5.2014974619e-01  -1.1259289823e+00  -1.4211282775e+00
   3.9998842425e-01   3.9751084777e-01   4.1614249997e-01  -1.2629909535e+00  -1.4364801551e+00
   4.0461283637e-01   4.0246600073e-01   3.3136148201e-01  -1.3489291336e+00  -1.3405174370e+00
   4.0824270461e-01   4.0675967201e-01   2.7964773521e-01  -1.3630782091e+00  -1.1965698506e+00
   4.1098573482e-01   4.0972573721e-01   2.4732284496e-01  -1.3350752878e+00  -1.0553364878e+00
   4.1339891324e-01   4.1224573243e-01   2.2118507300e-01  -1.2811282655e+00  -9.1434170245e-01
   4.1565410983e-01   4.1455209406e-01   1.9673667993e-01  -1.2059333617e+00  -7.7392585740e-01
   4.1784309690e-01   4.1675612559e-01   1.7090356386e-01  -1.1100938496e+00  -6.3302191477e-01
   4.2003306119e-01   4.1893006820e-01   1.4131642379e-01  -9.9354933765e-01  -4.9254361314e-01
   4.2228473499e-01   4.2113605417e-01   1.0510754228e-01  -8.5391891826e-01  -3.5228009204e-01
   4.2453237295e-01   4.2343341581e-01   6.1509280296e-02  -6.9714552145e-01  -2.2022497716e-01
   4.2665741155e-01   4.2563133009e-01   1.2336391222e-02  -5.3614439206e-01  -1.0629158936e-01
   4.2866541872e-01   4.2768349302e-01  -4.2124542866e-02  -3.7495894884e-01  -1.0606446039e-02
   4.3060534923e-01   4.2964734442e-01  -1.0229182699e-01  -2.1406463929e-01   6.8674773987e-02
   4.3251356087e-01   4.3156335404e-01  -1.6885752350e-01  -5.3070780277e-02   1.3290636232e-01
   4.3442094964e-01   4.3346376770e-01  -2.4254699276e-01   1.0820056137e-01   1.8252405039e-01
   4.3635753672e-01   4.3537813158e-01  -3.2373830663e-01   2.6900750334e-01   2.1720597101e-01
   4.3835654627e-01   4.3733694186e-01  -4.1371379058e-01   4.3008948600e-01   2.3642753990e-01
   4.4043662500e-01   4.3937615068e-01  -5.1223620303e-01   5.8917200169e-01   2.3879465342e-01
   4.4253985249e-01   4.4149709932e-01  -6.1586823389e-01   7.3990295522e-01   2.2371642293e-01
   4.4462320710e-01   4.4358260566e-01  -7.1942036116e-01   8.7560595227e-01   1.9281775316e-01
   4.4672758775e-01   4.4566380855e-01  -8.2308505408e-01   9.9813798199e-01   1.4725451454e-01
   4.4891196447e-01   4.4779136694e-01  -9.2692251229e-01   1.1086174029e+00   8.7088798145e-02
   4.5126594965e-01   4.5003256200e-01  -1.0308130667e+00   1.2075689061e+00   1.1106730100e-02
   4.5397375997e-01   4.5249933730e-01  -1.1353251490e+00   1.2956541075e+00  -8.5459557913e-02
   4.5735951527e-01   4.5544818263e-01  -1.2345250036e+00   1.3682699186e+00  -2.0924744181e-01
   4.6162797951e-01   4.5927084791e-01  -1.2967045366e+00   1.4079174791e+00  -3.5065359234e-01
   4.6651114958e-01   4.6398511111e-01  -1.2658203841e+00   1.3971582015e+00  -4.6284192382e-01
   4.7039569429e-01   4.6903718805e-01  -1.1602613219e+00   1.3587338567e+00  -4.9838778365e-01
   4.7279185709e-01   4.7175420054e-01  -1.0552550940e+00   1.3248012727e+00  -4.8888293665e-01
   4.7471013751e-01   4.7382951364e-01  -9.5129733585e-01   1.2937829093e+00  -4.6339570125e-01
   4.7637515518e-01   4.7559076137e-01  -8.4742560314e-01   1.2645223317e+00  -4.2832965487e-01
   4.7787857922e-01   4.7715954898e-01  -7.4361045184e-01   1.2364822721e+00  -3.8651049605e-01
   4.7926958189e-01   4.7859760947e-01  -6.3997010561e-01   1.2093040649e+00  -3.3959516139e-01
   4.8057834895e-01   4.7994155431e-01  -5.3624642151e-01   1.1826116895e+00  -2.8847321169e-01
   4.8182509209e-01   4.8121514360e-01  -4.3224969755e-01   1.1560959163e+00  -2.3371934386e-01
   4.8302447802e-01   4.8243504059e-01  -3.2856469483e-01   1.1296708152e+00  -1.7614624940e-01
   4.8418778828e-01   4.8361391545e-01  -2.2548996767e-01   1.1031983096e+00  -1.1634883047e-01
   4.8532376560e-01   4.8476166111e-01  -1.2076428478e-01   1.0758806839e+00  -5.3265037963e-02
   4.8643981443e-01   4.8588587009e-01  -1.8177340412e-02   1.0485043921e+00   1.0565176384e-02
   4.8754242565e-01   4.8699375878e-01   8.6670639654e-02   1.0196759160e+00   7.7682376303e-02
   4.8863737676e-01   4.8809109251e-01   1.8971104073e-01   9.9028279816e-01   1.4533258420e-01
   4.8973025032e-01   4.8918366101e-01   2.9323991876e-01   9.5945335374e-01   2.1484249860e-01
   4.9082651997e-01   4.9027683962e-01   3.9762149195e-01   9.2677599414e-01   2.8636982496e-01
   4.9193180318e-01   4.9137620032e-01   5.0037772766e-01   8.9274589421e-01   3.5809115043e-01
   4.9305229898e-01   4.9248740604e-01   6.0512216576e-01   8.5579235912e-01   4.3243929013e-01
   4.9419488176e-01   4.9361719191e-01   7.0791246174e-01   8.1688761806e-01   5.0652924468e-01
   4.9536771504e-01   4.9477257160e-01   8.1213289223e-01   7.7425691605e-01   5.8270667725e-01
   4.9658103552e-01   4.9596285849e-01   9.1582689479e-01   7.2798492653e-01   6.5948178514e-01
   4.9784778996e-01   4.9719921256e-01   1.0192018271e+00   6.7718970832e-01   7.3691372609e-01
   4.9924818369e-01   4.9849636737e-01   1.1278243611e+00   6.1744762257e-01   8.1915529133e-01