# time = 3.2
# Grid points = 474
# Pressure (Pa) = 101325
#             1_pos             2_posf             3_uvel             4_vvel             5_wvel
  -4.9917840810e-01  -5.0000000000e-01   1.2572425986e+00   1.0725084542e+00   1.4094470532e+00
  -4.9750814511e-01  -4.9835681619e-01   1.3665626619e+00   9.1589574381e-01   1.5388464539e+00
  -4.9566236670e-01  -4.9665947403e-01   1.4720527223e+00   7.3189402685e-01   1.6643429964e+00
  -4.9337913820e-01  -4.9466525936e-01   1.5775767093e+00   4.9066484048e-01   1.7898548827e+00
  -4.9070684198e-01  -4.9209301703e-01   1.6642930029e+00   1.9333631099e-01   1.8915735563e+00
  -4.8796632188e-01  -4.8932066692e-01   1.7098896867e+00  -1.2267792578e-01   1.9415373538e+00
  -4.8525041762e-01  -4.8661197685e-01   1.7105958769e+00  -4.3862257243e-01   1.9346936799e+00
  -4.8247325112e-01  -4.8388885839e-01   1.6664820850e+00  -7.5470800563e-01   1.8709666473e+00
  -4.7971240761e-01  -4.8105764385e-01   1.5805242691e+00  -1.0515563911e+00   1.7550859008e+00
  -4.7731406729e-01  -4.7836717138e-01   1.4752418010e+00  -1.2863876989e+00   1.6173104612e+00
  -4.7535629892e-01  -4.7626096320e-01   1.3695021282e+00  -1.4576315215e+00   1.4818019766e+00
  -4.7363463088e-01  -4.7445163464e-01   1.2643237621e+00  -1.5888797051e+00   1.3493785161e+00
  -4.7205820286e-01  -4.7281762713e-01   1.1592785540e+00  -1.6916265567e+00   1.2193475019e+00
  -4.7057922324e-01  -4.7129877858e-01   1.0539718063e+00  -1.7717404857e+00   1.0912295026e+00
  -4.6916801250e-01  -4.6985966791e-01   9.4930667246e-01  -1.8319441476e+00   9.6617851650e-01
  -4.6780432622e-01  -4.6847635709e-01   8.4366658247e-01  -1.8751249715e+00   8.4239545332e-01
  -4.6647318109e-01  -4.6713229535e-01   7.3901691878e-01  -1.9017927155e+00   7.2233881998e-01
  -4.6516256736e-01  -4.6581406684e-01   6.3414146749e-01  -1.9133155840e+00   6.0476672717e-01
  -4.6386252316e-01  -4.6451106789e-01   5.2864944427e-01  -1.9099730084e+00   4.8951660633e-01
  -4.6256404824e-01  -4.6321397844e-01   4.2356495762e-01  -1.8919380308e+00   3.7799556964e-01
  -4.6125861670e-01  -4.6191411803e-01   3.1868931698e-01  -1.8593028238e+00   2.7028128605e-01
  -4.5993776484e-01  -4.6060311536e-01   2.1397881408e-01  -1.8118987960e+00   1.6668753870e-01
  -4.5859242112e-01  -4.5927241432e-01   1.0838153356e-01  -1.7485618726e+00   6.6697425049e-02
  -4.5721266704e-01  -4.5791242792e-01   3.8985038392e-03  -1.6698563523e+00  -2.7256370602e-02
  -4.5578682495e-01  -4.5651290616e-01  -1.0165378921e-01  -1.5731335554e+00  -1.1643805165e-01
  -4.5430067193e-01  -4.5506074373e-01  -2.0642165927e-01  -1.4586698215e+00  -1.9838731923e-01
  -4.5273610223e-01  -4.5354060013e-01  -3.1162168595e-01  -1.3234535583e+00  -2.7298581910e-01
  -4.5106864371e-01  -4.5193160433e-01  -4.1654983500e-01  -1.1659008173e+00  -3.3825801293e-01
  -4.4926329074e-01  -4.5020568309e-01  -5.2175007444e-01  -9.8176262389e-01  -3.9253865420e-01
  -4.4726609887e-01  -4.4832089838e-01  -6.2677624785e-01  -7.6673915764e-01  -4.3269778498e-01
  -4.4498442178e-01  -4.4621129935e-01  -7.3201385776e-01  -5.1196004020e-01  -4.5437314340e-01
  -4.4235257510e-01  -4.4375754422e-01  -8.3354066447e-01  -2.1529407963e-01  -4.5035966208e-01
  -4.3946564586e-01  -4.4094760599e-01  -9.2044856587e-01   1.0025476727e-01  -4.1630765534e-01
  -4.3633688466e-01  -4.3798368573e-01  -9.8671085608e-01   4.1707929178e-01  -3.5342055319e-01
  -4.3268516130e-01  -4.3469008358e-01  -1.0289782439e+00   7.3463042877e-01  -2.6201820537e-01
  -4.2755929390e-01  -4.3068023901e-01  -1.0290589520e+00   1.0576200786e+00  -1.3828888686e-01
  -4.2166997226e-01  -4.2443834879e-01  -9.5733760259e-01   1.2507647617e+00  -5.1926094621e-02
  -4.1704632770e-01  -4.1890159573e-01  -8.5026675215e-01   1.2751584114e+00  -5.2028750302e-02
  -4.1367958978e-01  -4.1519105967e-01  -7.4487497479e-01   1.2328301763e+00  -9.5141121963e-02
  -4.1084966285e-01  -4.1216811989e-01  -6.3984485049e-01   1.1675019922e+00  -1.5600714436e-01
  -4.0833775233e-01  -4.0953120581e-01  -5.3469171240e-01   1.0919079767e+00  -2.2507679926e-01
  -4.0603685963e-01  -4.0714429884e-01  -4.2979962498e-01   1.0117896924e+00  -2.9674935218e-01
  -4.0388289794e-01  -4.0492942043e-01  -3.2476476693e-01   9.2930044451e-01  -3.6797109368e-01
  -4.0183252169e-01  -4.0283637546e-01  -2.1980177414e-01   8.4558696478e-01  -4.3635337122e-01
  -3.9985311918e-01  -4.0082866791e-01  -1.1477221717e-01   7.6069070463e-01  -5.0036556028e-01
  -3.9791788163e-01  -3.9887757044e-01  -9.9043782629e-03   6.7440588775e-01  -5.5862542568e-01
  -3.9600259296e-01  -3.9695819283e-01   9.5209211839e-02   5.8556985568e-01  -6.1029092475e-01
  -3.9408304632e-01  -3.9504699309e-01   2.0029585451e-01   4.9314508962e-01  -6.5420086002e-01
  -3.9213230721e-01  -3.9311909955e-01   3.0523425653e-01   3.9546920247e-01  -6.8928044357e-01
  -3.9011678658e-01  -3.9114551487e-01   4.1028480226e-01   2.8974185574e-01  -7.1435432654e-01
  -3.8798888510e-01  -3.8908805828e-01   5.1541873532e-01   1.7205444286e-01  -7.2762808663e-01
  -3.8567048920e-01  -3.8688971191e-01   6.2058637625e-01   3.5860873831e-02  -7.2629230298e-01
  -3.8300187036e-01  -3.8445126649e-01   7.2621953719e-01  -1.3285883294e-01  -7.0480743137e-01
  -3.7960165421e-01  -3.8155247422e-01   8.3042314430e-01  -3.6772577707e-01  -6.4933091440e-01
  -3.7567331486e-01  -3.7765083420e-01   9.0215923085e-01  -6.6577862126e-01  -5.5520209149e-01
  -3.7184186692e-01  -3.7369579552e-01   9.1492303925e-01  -9.8084699689e-01  -4.4322220892e-01
  -3.6818376169e-01  -3.6998793832e-01   8.7130103731e-01  -1.2964704636e+00  -3.2967238586e-01
  -3.6476920525e-01  -3.6637958505e-01   7.8345574104e-01  -1.5929792135e+00  -2.2794974364e-01
  -3.6190222515e-01  -3.6315882545e-01   6.7774073101e-01  -1.8349862041e+00  -1.5118220185e-01
  -3.5955743529e-01  -3.6064562486e-01   5.7241500722e-01  -2.0216806578e+00  -9.7100210931e-02
  -3.5747581335e-01  -3.5846924571e-01   4.6714330733e-01  -2.1752209641e+00  -5.6623596355e-02
  -3.5554555589e-01  -3.5648238098e-01   3.6180925529e-01  -2.3042415140e+00  -2.5866935834e-02
  -3.5370428246e-01  -3.5460873079e-01   2.5697276501e-01  -2.4123100607e+00  -2.7746301732e-03
  -3.5191009141e-01  -3.5279983412e-01   1.5189998320e-01  -2.5022331228e+00   1.4231773551e-02
  -3.5013002733e-01  -3.5102034870e-01   4.6780447654e-02  -2.5743873241e+00   2.6075782059e-02
  -3.4833352158e-01  -3.4923970596e-01  -5.8494224089e-02  -2.6283555394e+00   3.3531583468e-02
  -3.4648782394e-01  -3.4742733720e-01  -1.6336600876e-01  -2.6624066164e+00   3.7262196872e-02
  -3.4455195495e-01  -3.4554831069e-01  -2.6854331336e-01  -2.6737693130e+00   3.7993906975e-02
  -3.4246600922e-01  -3.4355559922e-01  -3.7376837677e-01  -2.6567338592e+00   3.6568306358e-02
  -3.4012589732e-01  -3.4137641922e-01  -4.7907313055e-01  -2.6005746590e+00   3.4345421233e-02
  -3.3729386531e-01  -3.3887537541e-01  -5.8496980934e-01  -2.4797293921e+00   3.4301235908e-02
  -3.3373119516e-01  -3.3571235521e-01  -6.8017612960e-01  -2.2484796661e+00   4.4562590302e-02
  -3.3013995431e-01  -3.3175003512e-01  -7.3184976303e-01  -1.9361376280e+00   7.2291205256e-02
  -3.2713093899e-01  -3.2852987349e-01  -7.3903262826e-01  -1.6194709829e+00   1.1298944221e-01
  -3.2444947423e-01  -3.2573200448e-01  -7.1908811432e-01  -1.3028780726e+00   1.6363582843e-01
  -3.2194996463e-01  -3.2316694398e-01  -6.8020476609e-01  -9.8724246533e-01   2.2213245594e-01
  -3.1954784063e-01  -3.2073298528e-01  -6.2631256592e-01  -6.7058405143e-01   2.8724946704e-01
  -3.1718162262e-01  -3.1836269597e-01  -5.6012099798e-01  -3.5528164463e-01   3.5693727651e-01
  -3.1479564044e-01  -3.1600054927e-01  -4.8206108612e-01  -3.8354577957e-02   4.3011913895e-01
  -3.1232750552e-01  -3.1359073161e-01  -3.9279764550e-01   2.7740316960e-01   5.0393240314e-01
  -3.0974859368e-01  -3.1106427944e-01  -2.9281847009e-01   5.8725752726e-01   5.7406537345e-01
  -3.0714129829e-01  -3.0843290792e-01  -1.8798628293e-01   8.6997455253e-01   6.3151786458e-01
  -3.0455287342e-01  -3.0584968867e-01  -8.3147347202e-02   1.1110149006e+00   6.6886430841e-01
  -3.0192288339e-01  -3.0325605817e-01   2.2002615059e-02   1.3083596468e+00   6.8084463598e-01
  -2.9918504232e-01  -3.0058970861e-01   1.2680331986e-01   1.4543271225e+00   6.5999572556e-01
  -2.9625455536e-01  -2.9778037603e-01   2.3181669874e-01   1.5382181886e+00   5.9544879842e-01
  -2.9299442333e-01  -2.9472873469e-01   3.3688998947e-01   1.5391488269e+00   4.6976960721e-01
  -2.8955416173e-01  -2.9126011198e-01   4.3187711532e-01   1.4374803277e+00   2.7856779560e-01
  -2.8641489689e-01  -2.8784821147e-01   5.0189895251e-01   1.2599750848e+00   5.9058307602e-02
  -2.8367227528e-01  -2.8498158232e-01   5.4838355919e-01   1.0460977219e+00  -1.6044480374e-01
  -2.8109973593e-01  -2.8236296824e-01   5.7807336321e-01   8.0709052189e-01  -3.7924253446e-01
  -2.7855854486e-01  -2.7983650363e-01   5.9318535448e-01   5.4512703742e-01  -5.9816365204e-01
  -2.7591378759e-01  -2.7728058609e-01   5.9267951019e-01   2.5788038567e-01  -8.1760800931e-01
  -2.7306953365e-01  -2.7454698909e-01   5.7240848664e-01  -5.0928266646e-02  -1.0296491661e+00
  -2.6996238336e-01  -2.7159207822e-01   5.2555205355e-01  -3.6800206880e-01  -1.2159140677e+00
  -2.6657645717e-01  -2.6833268850e-01   4.4407555759e-01  -6.6581428284e-01  -1.3458873135e+00
  -2.6342123777e-01  -2.6482022584e-01   3.4017816941e-01  -8.8086993665e-01  -1.3859948176e+00
  -2.6083514468e-01  -2.6202224969e-01   2.3470025012e-01  -1.0010816449e+00  -1.3521396897e+00
  -2.5858769354e-01  -2.5964803967e-01   1.2973546567e-01  -1.0602976003e+00  -1.2727053376e+00
  -2.5655037453e-01  -2.5752734742e-01   2.4436836129e-02  -1.0769795682e+00  -1.1607866767e+00
  -2.5465278369e-01  -2.5557340165e-01  -8.0400160589e-02  -1.0611107409e+00  -1.0249524566e+00
  -2.5284972121e-01  -2.5373216573e-01  -1.8564075833e-01  -1.0189497989e+00  -8.6897580678e-01
  -2.5110888879e-01  -2.5196727669e-01  -2.9051378486e-01  -9.5499512565e-01  -6.9723123420e-01
  -2.4940443518e-01  -2.5025050088e-01  -3.9588878652e-01  -8.7155995085e-01  -5.1052237285e-01
  -2.4771352258e-01  -2.4855836948e-01  -5.0081784568e-01  -7.7129389930e-01  -3.1206514792e-01
  -2.4601470591e-01  -2.4686867567e-01  -6.0570256596e-01  -6.5510468128e-01  -1.0220906001e-01
  -2.4431234304e-01  -2.4516073614e-01  -7.0879889877e-01  -5.2574801379e-01   1.1476225822e-01
  -2.4261819605e-01  -2.4346394993e-01  -8.0805236047e-01  -3.8657524444e-01   3.3374191582e-01
  -2.4091346566e-01  -2.4177244216e-01  -9.0288853512e-01  -2.3883796244e-01   5.5288250826e-01
  -2.3916427906e-01  -2.4005448915e-01  -9.9297682610e-01  -8.2672986308e-02   7.7136821761e-01
  -2.3732807788e-01  -2.3827406896e-01  -1.0785710066e+00   8.4430074930e-02   9.9081715109e-01
  -2.3534180132e-01  -2.3638208681e-01  -1.1579758669e+00   2.6394504635e-01   1.2095226131e+00
  -2.3309001431e-01  -2.3430151584e-01  -1.2295165263e+00   4.6339626126e-01   1.4294098087e+00
  -2.3027701721e-01  -2.3187851277e-01  -1.2866196879e+00   6.9929972558e-01   1.6508769692e+00
  -2.2645548597e-01  -2.2867552165e-01  -1.3007557111e+00   9.8815103901e-01   1.8436574202e+00
  -2.2235484195e-01  -2.2423545029e-01  -1.2339514378e+00   1.2534793306e+00   1.9102746253e+00
  -2.1926377134e-01  -2.2047423360e-01  -1.1260874993e+00   1.4215285429e+00   1.8643301396e+00
  -2.1707588367e-01  -2.1805330907e-01  -1.0202643482e+00   1.5242649017e+00   1.7847127918e+00
  -2.1524632204e-01  -2.1609845826e-01  -9.1495938110e-01   1.6009079754e+00   1.6927039259e+00
  -2.1362140285e-01  -2.1439418582e-01  -8.0976470417e-01   1.6625820262e+00   1.5944367589e+00
  -2.1213035299e-01  -2.1284861988e-01  -7.0463192621e-01   1.7142622915e+00   1.4928991637e+00
  -2.1073297734e-01  -2.1141208611e-01  -5.9961469911e-01   1.7586837561e+00   1.3898923542e+00
  -2.0940352536e-01  -2.1005386857e-01  -4.9472600124e-01   1.7975325268e+00   1.2865624970e+00
  -2.0812417356e-01  -2.0875318216e-01  -3.8933509057e-01   1.8321023829e+00   1.1830969054e+00
  -2.0688161592e-01  -2.0749516496e-01  -2.8417783508e-01   1.8628640909e+00   1.0808427776e+00
  -2.0566526556e-01  -2.0626806687e-01  -1.7894977698e-01   1.8904158283e+00   9.8001057153e-01
  -2.0446637627e-01  -2.0506246426e-01  -7.4020655563e-02   1.9150006621e+00   8.8138396525e-01
  -2.0327734466e-01  -2.0387028829e-01   3.0759295576e-02   1.9368751900e+00   7.8519784420e-01
  -2.0209126970e-01  -2.0268440103e-01   1.3550921643e-01   1.9561659576e+00   6.9170690738e-01
  -2.0090147165e-01  -2.0149813836e-01   2.4137412798e-01   1.9730290439e+00   6.0032984763e-01
  -1.9970122365e-01  -2.0030480494e-01   3.4619938829e-01   1.9870276572e+00   5.1332659199e-01
  -1.9848348986e-01  -1.9909764236e-01   4.5112680292e-01   1.9981800324e+00   4.3010822994e-01
  -1.9724048137e-01  -1.9786933735e-01   5.5615190525e-01   2.0061843436e+00   3.5116268693e-01
  -1.9596323099e-01  -1.9661162539e-01   6.6110704259e-01   2.0106052658e+00   2.7715890627e-01
  -1.9464093815e-01  -1.9531483659e-01   7.6613528319e-01   2.0108552287e+00   2.0864120051e-01
  -1.9325989426e-01  -1.9396703971e-01   8.7143269359e-01   2.0060771713e+00   1.4630823599e-01
  -1.9180212350e-01  -1.9255274881e-01   9.7642455643e-01   1.9951126591e+00   9.1516118916e-02
  -1.9024256431e-01  -1.9105149818e-01   1.0815717337e+00   1.9762013906e+00   4.5353326997e-02
  -1.8854366466e-01  -1.8943363044e-01   1.1867221794e+00   1.9466825779e+00   9.8242293296e-03
  -1.8664397079e-01  -1.8765369889e-01   1.2919182115e+00   1.9020892667e+00  -1.2135151877e-02
  -1.8442730585e-01  -1.8563424269e-01   1.3972671473e+00   1.8339279844e+00  -1.5394901096e-02
  -1.8160313917e-01  -1.8322036901e-01   1.5035339076e+00   1.7207452933e+00   1.1748472914e-02
  -1.7756259117e-01  -1.7998590933e-01   1.6004201371e+00   1.5073896881e+00   9.8444511531e-02
  -1.7303185648e-01  -1.7513927301e-01   1.6398541155e+00   1.2041679090e+00   2.3404083986e-01
  -1.6908706558e-01  -1.7092443995e-01   1.6172508977e+00   8.8861083245e-01   3.6205176327e-01
  -1.6556874658e-01  -1.6724969121e-01   1.5571729925e+00   5.7279552804e-01   4.6603310883e-01
  -1.6230329771e-01  -1.6388780195e-01   1.4718658422e+00   2.5778313598e-01   5.4230392710e-01
  -1.5930533986e-01  -1.6071879347e-01   1.3709776325e+00  -4.6205161270e-02   5.8914544737e-01
  -1.5665937975e-01  -1.5789188625e-01   1.2658824395e+00  -3.2164331856e-01   6.0869731969e-01
  -1.5431114807e-01  -1.5542687324e-01   1.1608326043e+00  -5.6941423684e-01   6.0766914429e-01
  -1.5216225868e-01  -1.5319542290e-01   1.0557367425e+00  -7.9659416123e-01   5.9122340432e-01
  -1.5015713276e-01  -1.5112909446e-01   9.5085121196e-01  -1.0063621491e+00   5.6268923758e-01
  -1.4825992434e-01  -1.4918517106e-01   8.4577955565e-01  -1.2016711401e+00   5.2419330563e-01
  -1.4644521115e-01  -1.4733467761e-01   7.4087096928e-01  -1.3831336103e+00   4.7743721914e-01
  -1.4469345284e-01  -1.4555574469e-01   6.3577378248e-01  -1.5520624241e+00   4.2340143177e-01
  -1.4298867368e-01  -1.4383116098e-01   5.3080021592e-01  -1.7082243702e+00   3.6303650264e-01
  -1.4131690759e-01  -1.4214618637e-01   4.2606052751e-01  -1.8514762068e+00   2.9697151079e-01
  -1.3966534044e-01  -1.4048762881e-01   3.2059526125e-01  -1.9826035717e+00   2.2483188987e-01
  -1.3802137227e-01  -1.3884305207e-01   2.1590062791e-01  -2.0989917887e+00   1.4770064630e-01
  -1.3637181817e-01  -1.3719969246e-01   1.1081500562e-01  -2.2008550671e+00   6.4584600118e-02
  -1.3470202479e-01  -1.3554394387e-01   5.6551299736e-03  -2.2860068565e+00  -2.4775129179e-02
  -1.3299460342e-01  -1.3386010571e-01  -9.9265030357e-02  -2.3517698628e+00  -1.2088848698e-01
  -1.3122742364e-01  -1.3212910114e-01  -2.0427370476e-01  -2.3948076385e+00  -2.2531874076e-01
  -1.2936992205e-01  -1.3032574614e-01  -3.0940428167e-01  -2.4096352205e+00  -3.4017234514e-01
  -1.2737607576e-01  -1.2841409796e-01  -4.1452715289e-01  -2.3876136267e+00  -4.6866835575e-01
  -1.2516795232e-01  -1.2633805357e-01  -5.1964264128e-01  -2.3138859517e+00  -6.1671760906e-01
  -1.2259649311e-01  -1.2399785107e-01  -6.2500017174e-01  -2.1577080017e+00  -7.9697935573e-01
  -1.1978118372e-01  -1.2119513514e-01  -7.1638049712e-01  -1.8995605814e+00  -1.0019148306e+00
  -1.1722127913e-01  -1.1836723231e-01  -7.7648895689e-01  -1.5860271244e+00  -1.1945899174e+00
  -1.1509287231e-01  -1.1607532595e-01  -8.0900740789e-01  -1.2686807676e+00  -1.3589077388e+00
  -1.1322832905e-01  -1.1411041867e-01  -8.2467687361e-01  -9.5212053346e-01  -1.5049535094e+00
  -1.1153107570e-01  -1.1234623943e-01  -8.2908499951e-01  -6.3605570565e-01  -1.6389405260e+00
  -1.0994725144e-01  -1.1071591197e-01  -8.2531826563e-01  -3.1888242966e-01  -1.7648165147e+00
  -1.0844209005e-01  -1.0917859092e-01  -8.1539024092e-01  -3.1920505385e-03  -1.8836005783e+00
  -1.0699069130e-01  -1.0770558918e-01  -8.0063038120e-01   3.1309910780e-01  -1.9974535775e+00
  -1.0557379342e-01  -1.0627579343e-01  -7.8197544027e-01   6.3042394848e-01  -2.1074008620e+00
  -1.0417484262e-01  -1.0487179340e-01  -7.6045918161e-01   9.4504737283e-01  -2.2128272645e+00
  -1.0277836491e-01  -1.0347789183e-01  -7.3630850525e-01   1.2628792870e+00  -2.3161347453e+00
  -1.0136848770e-01  -1.0207883800e-01  -7.1046444537e-01   1.5785865915e+00  -2.4158277144e+00
  -9.9927160114e-02  -1.0065813741e-01  -6.8326663400e-01   1.8945696819e+00  -2.5128002800e+00
  -9.8431492431e-02  -9.9196182820e-02  -6.5516618800e-01   2.2115295553e+00  -2.6071560346e+00
  -9.6849353975e-02  -9.7666802042e-02  -6.2693167618e-01   2.5274920845e+00  -2.6979548021e+00
  -9.5128935434e-02  -9.6031905908e-02  -5.9914927638e-01   2.8447477587e+00  -2.7850173500e+00
  -9.3169554815e-02  -9.4225964960e-02  -5.7316371658e-01   3.1629701757e+00  -2.8662768167e+00
  -9.0693116826e-02  -9.2113144671e-02  -5.5198707676e-01   3.4838023795e+00  -2.9363965553e+00
  -8.6064311804e-02  -8.9273088982e-02  -5.5902026881e-01   3.7757137434e+00  -2.9435899347e+00
  -8.1038906322e-02  -8.2855534627e-02  -6.3065003662e-01   3.6595438996e+00  -2.7727192725e+00
  -7.8108252031e-02  -7.9222278017e-02  -7.0682131452e-01   3.3402345119e+00  -2.5642688393e+00
  -7.6119770026e-02  -7.6994226045e-02  -7.7072900216e-01   3.0208675405e+00  -2.3757910052e+00
  -7.4493656872e-02  -7.5245314008e-02  -8.2871052399e-01   2.7033838400e+00  -2.1946501404e+00
  -7.3066926550e-02  -7.3741999736e-02  -8.8300218142e-01   2.3854331817e+00  -2.0159552150e+00
  -7.1768786630e-02  -7.2391853364e-02  -9.3391075285e-01   2.0700212090e+00  -1.8398302711e+00
  -7.0560251636e-02  -7.1145719897e-02  -9.8229994467e-01   1.7546428917e+00  -1.6640121717e+00
  -6.9417550346e-02  -6.9974783374e-02  -1.0288811195e+00   1.4359153950e+00  -1.4860640287e+00
  -6.8324055410e-02  -6.8860317318e-02  -1.0726451955e+00   1.1218270570e+00  -1.3100546741e+00
  -6.7267461975e-02  -6.7787793503e-02  -1.1146551866e+00   8.0555895004e-01  -1.1318651835e+00
  -6.6238617133e-02  -6.6747130448e-02  -1.1548304488e+00   4.8760222992e-01  -9.5148334651e-01
  -6.5229849759e-02  -6.5730103818e-02  -1.1926770038e+00   1.7189208020e-01  -7.7090259140e-01
  -6.4234582529e-02  -6.4729595701e-02  -1.2284799947e+00  -1.4401663614e-01  -5.8850894023e-01
  -6.3247023061e-02  -6.3739569357e-02  -1.2621989381e+00  -4.6041620538e-01  -4.0388553642e-01
  -6.2261713444e-02  -6.2754476766e-02  -1.2937366212e+00  -7.7745303356e-01  -2.1667113527e-01
  -6.1273271772e-02  -6.1768950123e-02  -1.3228018741e+00  -1.0934786289e+00  -2.7552889432e-02
  -6.0276158330e-02  -6.0777593420e-02  -1.3493201557e+00  -1.4093884138e+00   1.6432230675e-01
  -5.9264388663e-02  -5.9774723239e-02  -1.3730623898e+00  -1.7250744409e+00   3.5928033111e-01
  -5.8231038661e-02  -5.8754054088e-02  -1.3938898553e+00  -2.0431936491e+00   5.5950498149e-01
  -5.7167898835e-02  -5.7708023234e-02  -1.4111132674e+00  -2.3593436628e+00   7.6286143732e-01
  -5.6065022706e-02  -5.6627774435e-02  -1.4242794766e+00  -2.6728939611e+00   9.6962022593e-01
  -5.4910797379e-02  -5.5502270977e-02  -1.4329191024e+00  -2.9919606230e+00   1.1863465044e+00
  -5.3708034454e-02  -5.4319323781e-02  -1.4356954586e+00  -3.3008791117e+00   1.4037843232e+00
  -5.2463138266e-02  -5.3096745126e-02  -1.4317976664e+00  -3.5983842771e+00   1.6223056644e+00
  -5.1166546254e-02  -5.1829531406e-02  -1.4201933211e+00  -3.8801212137e+00   1.8403994221e+00
  -4.9801008403e-02  -5.0503561102e-02  -1.3991564102e+00  -4.1462559226e+00   2.0608025368e+00
  -4.8342526768e-02  -4.9098455703e-02  -1.3670690029e+00  -4.3868210114e+00   2.2788817106e+00
  -4.6754581213e-02  -4.7586597833e-02  -1.3204332891e+00  -4.5990603914e+00   2.4978968063e+00
  -4.4974374735e-02  -4.5922564593e-02  -1.2540034116e+00  -4.7708189524e+00   2.7169648720e+00
  -4.2998052848e-02  -4.4026184878e-02  -1.1631279033e+00  -4.8779616104e+00   2.9257671484e+00
  -4.1070655474e-02  -4.1969920818e-02  -1.0584421526e+00  -4.8976395049e+00   3.0924213088e+00
  -3.9362305491e-02  -4.0171390129e-02  -9.5339842122e-01  -4.8446451371e+00   3.2075597005e+00
  -3.7805683954e-02  -3.8553220854e-02  -8.4817702882e-01  -4.7402838261e+00   3.2857833281e+00
  -3.6354604293e-02  -3.7058147054e-02  -7.4298415680e-01  -4.5970259228e+00   3.3353646229e+00
  -3.4979688191e-02  -3.5651061533e-02  -6.3810863747e-01  -4.4233310577e+00   3.3616039586e+00
  -3.3660687901e-02  -3.4308314849e-02  -5.3317535804e-01  -4.2239978042e+00   3.3681281070e+00
  -3.2382721616e-02  -3.3013060953e-02  -4.2793605989e-01  -4.0022116823e+00   3.3571843355e+00
  -3.1134000315e-02  -3.1752382279e-02  -3.2268296485e-01  -3.7612988265e+00   3.3303149560e+00
  -2.9904597774e-02  -3.0515618351e-02  -2.1753778478e-01  -3.5037311594e+00   3.2886555969e+00
  -2.8685747466e-02  -2.9293577198e-02  -1.1250619666e-01  -3.2312517071e+00   3.2329213878e+00
  -2.7469270579e-02  -2.8077917734e-02  -7.5288726277e-03  -2.9450317309e+00   3.1634144033e+00
  -2.6247064189e-02  -2.6860623423e-02   9.7469459931e-02  -2.6458480620e+00   3.0800428382e+00
  -2.5014821667e-02  -2.5633504956e-02   2.0216500976e-01  -2.3353893357e+00   2.9827225374e+00
  -2.3783464998e-02  -2.4396138378e-02   3.0482896752e-01  -2.0196596646e+00   2.8727874978e+00
  -2.2559798503e-02  -2.3170791618e-02   4.0422429993e-01  -1.7035239417e+00   2.7515031343e+00
  -2.1333573805e-02  -2.1948805389e-02   5.0058699899e-01  -1.3871951723e+00   2.6183959556e+00
  -2.0092652379e-02  -2.0718342222e-02   5.9415910487e-01  -1.0705045901e+00   2.4723975431e+00
  -1.8823713972e-02  -1.9466962537e-02   6.8496938976e-01  -7.5367104729e-01   2.3120794769e+00
  -1.7510956879e-02  -1.8180465406e-02   7.7276437236e-01  -4.3762646663e-01   2.1357770097e+00
  -1.6134263046e-02  -1.6841448352e-02   8.5766647254e-01  -1.2155155823e-01   1.9398442045e+00
  -1.4716027676e-02  -1.5427077741e-02   9.3665620058e-01   1.8365431995e-01   1.7275738400e+00
  -1.3323109993e-02  -1.4004977611e-02   1.0059105661e+00   4.6283282745e-01   1.5073819201e+00
  -1.1982185388e-02  -1.2641242376e-02   1.0629331456e+00   7.0420328819e-01   1.2896546178e+00
  -1.0682244316e-02  -1.1323128401e-02   1.1097421933e+00   9.1421126648e-01   1.0710819424e+00
  -9.4147914636e-03  -1.0041360232e-02   1.1468991208e+00   1.0938817186e+00   8.5213108179e-01
  -8.1726570787e-03  -8.7882226952e-03   1.1749278241e+00   1.2442848207e+00   6.3318392869e-01
  -6.9495966886e-03  -7.5570914623e-03   1.1943231907e+00   1.3665603194e+00   4.1443420396e-01
  -5.7399918747e-03  -6.3421019150e-03   1.2055237473e+00   1.4617914955e+00   1.9592732657e-01
  -4.5386011756e-03  -5.1378818345e-03   1.2088926530e+00   1.5309094516e+00  -2.2401663804e-02
  -3.3403364641e-03  -3.9393205168e-03   1.2047059277e+00   1.5746243379e+00  -2.4069047909e-01
  -2.1400090595e-03  -2.7413524114e-03   1.1930191990e+00   1.5933338741e+00  -4.6057379492e-01
  -9.3212634877e-04  -1.5386657077e-03   1.1740929894e+00   1.5869637683e+00  -6.7919698332e-01
   2.8931424925e-04  -3.2558698988e-04   1.1479930339e+00   1.5558487114e+00  -8.9765644230e-01
   1.5311812089e-03   9.0421548837e-04   1.1146694965e+00   1.4997277283e+00  -1.1162507587e+00
   2.8016617177e-03   2.1581469294e-03   1.0740441862e+00   1.4181071655e+00  -1.3347539048e+00
   4.1109605850e-03   3.4451765061e-03   1.0258191708e+00   1.3098760446e+00  -1.5534700101e+00
   5.4725294366e-03   4.7767446639e-03   9.6939495550e-01   1.1729447106e+00  -1.7729906821e+00
   6.9046774823e-03   6.1683142094e-03   9.0460060625e-01   1.0060437979e+00  -1.9914634034e+00
   8.4340799804e-03   7.6410407552e-03   8.3018294556e-01   8.0488487741e-01  -2.2098556560e+00
   1.0104145255e-02   9.2271192055e-03   7.4382671026e-01   5.6148779871e-01  -2.4293483929e+00
   1.1941516552e-02   1.0981171305e-02   6.4516777615e-01   2.7269183765e-01  -2.6435681180e+00
   1.3844002375e-02   1.2901861799e-02   5.4181597355e-01  -4.0297153491e-02  -2.8316751940e+00
   1.5719327137e-02   1.4786142951e-02   4.4026156097e-01  -3.5739377293e-01  -2.9817831622e+00
   1.7600566921e-02   1.6652511322e-02   3.4184364289e-01  -6.7328666828e-01  -3.0932815051e+00
   1.9538400328e-02   1.8548622520e-02   2.4569555527e-01  -9.8988820318e-01  -3.1660406525e+00
   2.1598120379e-02   2.0528178135e-02   1.5168984515e-01  -1.3070404024e+00  -3.1947352075e+00
   2.3888292623e-02   2.2668062623e-02   5.9767984556e-02  -1.6241859311e+00  -3.1671721041e+00
   2.6618799763e-02   2.5108522624e-02  -3.0063336788e-02  -1.9392997193e+00  -3.0538858379e+00
   2.9401618874e-02   2.8129076902e-02  -9.8490730274e-02  -2.1780974725e+00  -2.8567208112e+00
   3.1692531966e-02   3.0674160846e-02  -1.3627455567e-01  -2.3014907201e+00  -2.6362157870e+00
   3.3600221992e-02   3.2710903086e-02  -1.5506590561e-01  -2.3490977489e+00  -2.4168448354e+00
   3.5300111210e-02   3.4489540898e-02  -1.6260096343e-01  -2.3476156945e+00  -2.1970337318e+00
   3.6869555690e-02   3.6110681521e-02  -1.6231525367e-01  -2.3090912505e+00  -1.9786478528e+00
   3.8351830203e-02   3.7628429858e-02  -1.5618744353e-01  -2.2398886948e+00  -1.7599488794e+00
   3.9774323875e-02   3.9075230547e-02  -1.4541691964e-01  -2.1438683191e+00  -1.5414345434e+00
   4.1156420734e-02   4.0473417203e-02  -1.3070720077e-01  -2.0224985766e+00  -1.3217723904e+00
   4.2513044807e-02   4.1839424264e-02  -1.1282555168e-01  -1.8787579103e+00  -1.1036749254e+00
   4.3856500443e-02   4.3186665349e-02  -9.2047761770e-02  -1.7122518084e+00  -8.8514968576e-01
   4.5197538296e-02   4.4526335537e-02  -6.8569802775e-02  -1.5223324662e+00  -6.6547345097e-01
   4.6546249027e-02   4.5868741055e-02  -4.2978925025e-02  -1.3117816214e+00  -4.4792024356e-01
   4.7912792377e-02   4.7223756999e-02  -1.4908101608e-02  -1.0756721926e+00  -2.2809318770e-01
   4.9307828469e-02   4.8601827754e-02   1.4963205096e-02  -8.1789096023e-01  -1.0555208338e-02
   5.0743392454e-02   5.0013829184e-02   4.7171148629e-02  -5.3194943728e-01   2.0895544182e-01
   5.2207825414e-02   5.1472955725e-02   8.0757092745e-02  -2.2460202637e-01   4.2407654673e-01
   5.3650667067e-02   5.2942695103e-02   1.1426295275e-01   9.1536678478e-02   6.2664700101e-01
   5.5047776467e-02   5.4358639031e-02   1.4666158298e-01   4.0642585227e-01   8.1228278221e-01
   5.6414013560e-02   5.5736913904e-02   1.7848880700e-01   7.2466533378e-01   9.8557715275e-01
   5.7762323677e-02   5.7091113216e-02   2.0916055997e-01   1.0397114623e+00   1.1445510750e+00
   5.9104466362e-02   5.8433534137e-02   2.3914328818e-01   1.3555688233e+00   1.2926420863e+00
   6.0451808752e-02   5.9775398588e-02   2.6857860336e-01   1.6732314091e+00   1.4311424042e+00
   6.1816225066e-02   6.1128218917e-02   2.9703359070e-01   1.9874050048e+00   1.5586396413e+00
   6.3211375120e-02   6.2504231215e-02   3.2525499943e-01   2.3059033067e+00   1.6789167539e+00
   6.4653930942e-02   6.3918519026e-02   3.5261200452e-01   2.6213398266e+00   1.7896357292e+00
   6.6165814248e-02   6.5389342859e-02   3.7943614621e-01   2.9373290937e+00   1.8926077933e+00
   6.7779318088e-02   6.6942285637e-02   4.0573884440e-01   3.2543989055e+00   1.9882061244e+00
   6.9546485745e-02   6.8616350540e-02   4.3125355613e-01   3.5705113089e+00   2.0759547632e+00
   7.1567532276e-02   7.0476620951e-02   4.5596177081e-01   3.8888678121e+00   2.1565802147e+00
   7.4104885422e-02   7.2658443602e-02   4.7894093827e-01   4.2089477704e+00   2.2290914734e+00
   7.7526520153e-02   7.5551327241e-02   4.9393079943e-01   4.4861843756e+00   2.2824608444e+00
   8.1476905976e-02   7.9501713064e-02   4.8572167088e-01   4.5735848869e+00   2.2904379857e+00
   8.5477905063e-02   8.3452098887e-02   4.4541333951e-01   4.3946255756e+00   2.2466901680e+00
   8.8741837857e-02   8.7503711239e-02   3.8838110051e-01   4.0652486764e+00   2.1780862591e+00
   9.0981550477e-02   8.9979964474e-02   3.3603702015e-01   3.7467446715e+00   2.1140826222e+00
   9.2861396960e-02   9.1983136480e-02   2.8452570814e-01   3.4296295714e+00   2.0504418869e+00
   9.4541878575e-02   9.3739657440e-02   2.3308174084e-01   3.1121203609e+00   1.9859888199e+00
   9.6096131064e-02   9.5344099709e-02   1.8190750500e-01   2.7963826792e+00   1.9206753406e+00
   9.7565832357e-02   9.6848162418e-02   1.3068532201e-01   2.4806208000e+00   1.8537731954e+00
   9.8977729923e-02   9.8283502295e-02   7.9188223317e-02   2.1632224700e+00   1.7846011940e+00
   1.0035123539e-01   9.9671957551e-02   2.8115926581e-02   1.8480323982e+00   1.7136970507e+00
   1.0170158899e-01   1.0103051323e-01  -2.3169274544e-02   1.5304236323e+00   1.6397051654e+00
   1.0304161504e-01   1.0237266476e-01  -7.3679001325e-02   1.2156157178e+00   1.5635126832e+00
   1.0438312125e-01   1.0371056532e-01  -1.2404226844e-01   8.9851587232e-01   1.4835188200e+00
   1.0573772454e-01   1.0505567718e-01  -1.7351520235e-01   5.8226038838e-01   1.4000502936e+00
   1.0711777092e-01   1.0641977189e-01  -2.2186381334e-01   2.6637869678e-01   1.3124786831e+00
   1.0853732118e-01   1.0781576996e-01  -2.6870320301e-01  -4.9249890182e-02   1.2201400480e+00
   1.1001381601e-01   1.0925887241e-01  -3.1372858695e-01  -3.6645427432e-01   1.1215985173e+00
   1.1157029742e-01   1.1076875960e-01  -3.5585708776e-01  -6.8334828161e-01   1.0162306075e+00
   1.1323910999e-01   1.1237183524e-01  -3.9382295603e-01  -9.9908760254e-01   9.0272299538e-01
   1.1507083258e-01   1.1410638474e-01  -4.2597347672e-01  -1.3154325833e+00   7.7792227403e-01
   1.1715595752e-01   1.1603528043e-01  -4.4891773655e-01  -1.6328313279e+00   6.3709685349e-01
   1.1969438156e-01   1.1827663460e-01  -4.5518063266e-01  -1.9516053544e+00   4.7047733166e-01
   1.2294359536e-01   1.2111212852e-01  -4.2691172462e-01  -2.2466937963e+00   2.7004547658e-01
   1.2658882411e-01   1.2477506220e-01  -3.4855791976e-01  -2.4332160195e+00   6.7164717506e-02
   1.2978377682e-01   1.2840258601e-01  -2.4339819363e-01  -2.4783355147e+00  -8.7029476448e-02
   1.3235774354e-01   1.3116496762e-01  -1.3786698267e-01  -2.4410476285e+00  -1.9340032796e-01
   1.3465455028e-01   1.3355051945e-01  -3.2632788589e-02  -2.3607725028e+00  -2.7486901274e-01
   1.3682756115e-01   1.3575858111e-01   7.2804277079e-02  -2.2505996391e+00  -3.4098726507e-01
   1.3897182370e-01   1.3789654119e-01   1.7777845450e-01  -2.1165341306e+00  -3.9624334668e-01
   1.4117369974e-01   1.4004710620e-01   2.8309110901e-01  -1.9583140113e+00  -4.4428014389e-01
   1.4354874708e-01   1.4230029328e-01   3.8850795973e-01  -1.7721751369e+00  -4.8762449346e-01
   1.4633888714e-01   1.4479720088e-01   4.9466023008e-01  -1.5426535125e+00  -5.2994869236e-01
   1.4981236160e-01   1.4788057341e-01   5.8935781973e-01  -1.2563990070e+00  -5.7411470837e-01
   1.5385946366e-01   1.5174414979e-01   6.3512199396e-01  -9.4061160249e-01  -6.1980197019e-01
   1.5819320894e-01   1.5597477754e-01   5.9657438724e-01  -6.4270699760e-01  -6.6614248946e-01
   1.6184740152e-01   1.6041164034e-01   4.9608154532e-01  -4.3083246604e-01  -7.0315159057e-01
   1.6440447902e-01   1.6328316269e-01   3.8986508326e-01  -3.0699221210e-01  -7.2611701285e-01
   1.6650136438e-01   1.6552579535e-01   2.8440885861e-01  -2.2060552138e-01  -7.4157777590e-01
   1.6837033901e-01   1.6747693341e-01   1.7919131043e-01  -1.5495937069e-01  -7.5167717718e-01
   1.7010830122e-01   1.6926374462e-01   7.3883833299e-02  -1.0327002431e-01  -7.5707682366e-01
   1.7177006805e-01   1.7095285781e-01  -3.1212689539e-02  -6.2304920708e-02  -7.5788732817e-01
   1.7339327517e-01   1.7258727828e-01  -1.3614272211e-01  -3.0090697119e-02  -7.5398136210e-01
   1.7500830949e-01   1.7419927206e-01  -2.4137107321e-01  -5.4735807191e-03  -7.4492966613e-01
   1.7664414492e-01   1.7581734693e-01  -3.4632448254e-01   1.1866637715e-02  -7.3013350477e-01
   1.7833348868e-01   1.7747094292e-01  -4.5164589127e-01   2.1947355560e-02  -7.0847786938e-01
   1.8011963246e-01   1.7919603443e-01  -5.5673487059e-01   2.4001999596e-02  -6.7848831001e-01
   1.8207106981e-01   1.8104323049e-01  -6.6214825960e-01   1.6324171241e-02  -6.3729976345e-01
   1.8432341455e-01   1.8309890913e-01  -7.6768856320e-01  -5.0993203520e-03  -5.7958250555e-01
   1.8730324195e-01   1.8554791997e-01  -8.7518970691e-01  -5.3570276559e-02  -4.8837215471e-01
   1.9198932527e-01   1.8905856393e-01  -9.5586111266e-01  -1.7127621746e-01  -3.2403184638e-01
   1.9726099767e-01   1.9492008661e-01  -9.1917651061e-01  -3.4619078791e-01  -1.3992846921e-01
   2.0095746375e-01   1.9960190873e-01  -8.1115411453e-01  -4.8433668588e-01  -3.3780913309e-02
   2.0338988416e-01   2.0231301878e-01  -7.0518064503e-01  -5.7553744041e-01   1.5415519114e-02
   2.0540576969e-01   2.0446674954e-01  -5.9961922278e-01  -6.4783271431e-01   4.0385115989e-02
   2.0720180342e-01   2.0634478985e-01  -4.9458148640e-01  -7.0731237531e-01   4.8903183593e-02
   2.0886272091e-01   2.0805881699e-01  -3.8933018934e-01  -7.5691462239e-01   4.4455014732e-02
   2.1043552366e-01   2.0966662483e-01  -2.8438692274e-01  -7.9757742368e-01   2.8885703407e-02
   2.1195075282e-01   2.1120442249e-01  -1.7918061630e-01  -8.3006936886e-01   3.1964167875e-03
   2.1343051381e-01   2.1269708315e-01  -7.4049681273e-02  -8.5439634410e-01  -3.1923369455e-02
   2.1489263354e-01   2.1416394446e-01   3.0959346944e-02  -8.7042242484e-01  -7.6064664226e-02
   2.1635282734e-01   2.1562132261e-01   1.3594198741e-01  -8.7776556761e-01  -1.2909977261e-01
   2.1782637853e-01   2.1708433207e-01   2.4100761013e-01  -8.7572003981e-01  -1.9114093737e-01
   2.1932969182e-01   2.1856842500e-01   3.4615935876e-01  -8.6320190225e-01  -2.6245924561e-01
   2.2088202986e-01   2.2009095864e-01   4.5116975693e-01  -8.3872625722e-01  -3.4335650559e-01
   2.2250829290e-01   2.2167310109e-01   5.5632103222e-01  -7.9998494319e-01  -4.3482866969e-01
   2.2424396686e-01   2.2334348470e-01   6.6145301517e-01  -7.4359655481e-01  -5.3800558778e-01
   2.2614578731e-01   2.2514444901e-01   7.6667730841e-01  -6.6384700526e-01  -6.5511935661e-01
   2.2832036589e-01   2.2714712560e-01   8.7201239323e-01  -5.5015859205e-01  -7.9015121135e-01
   2.3104116554e-01   2.2949360617e-01   9.7853675637e-01  -3.7488087878e-01  -9.5432461320e-01
   2.3446740230e-01   2.3258872491e-01   1.0682166765e+00  -1.1017060596e-01  -1.1389690200e+00
   2.3803867974e-01   2.3634607970e-01   1.1074425637e+00   2.0578368869e-01  -1.2906669095e+00
   2.4135828121e-01   2.3973127978e-01   1.0922153467e+00   5.2216739165e-01  -1.3802329833e+00
   2.4464229029e-01   2.4298528263e-01   1.0306107084e+00   8.3845647502e-01  -1.4115420341e+00
   2.4774388155e-01   2.4629929796e-01   9.3510434431e-01   1.1232048061e+00  -1.3866451633e+00
   2.5038396827e-01   2.4918846514e-01   8.2934616696e-01   1.3425716710e+00  -1.3238242551e+00
   2.5265231116e-01   2.5157947139e-01   7.2415082887e-01   1.5056586289e+00  -1.2410039253e+00
   2.5473031395e-01   2.5372515093e-01   6.1892315138e-01   1.6296067510e+00  -1.1439369991e+00
   2.5670511721e-01   2.5573547696e-01   5.1365154281e-01   1.7209981227e+00  -1.0353347732e+00
   2.5863194685e-01   2.5767475745e-01   4.0868778649e-01   1.7824840335e+00  -9.1697148091e-01
   2.6055367048e-01   2.5958913624e-01   3.0377195749e-01   1.8150136537e+00  -7.8920270527e-01
   2.6251072899e-01   2.6151820472e-01   1.9859142983e-01   1.8173976467e+00  -6.5161345738e-01
   2.6454940182e-01   2.6350325326e-01   9.3270893329e-02   1.7863144470e+00  -5.0372704592e-01
   2.6673238471e-01   2.6559555038e-01  -1.1732779232e-02   1.7162292459e+00  -3.4490279832e-01
   2.6916222718e-01   2.6786921904e-01  -1.1696962850e-01   1.5961397472e+00  -1.7171349220e-01
   2.7205175754e-01   2.7045523533e-01  -2.2268522849e-01   1.4026577699e+00   2.2042264644e-02
   2.7542659499e-01   2.7364827974e-01  -3.1626129222e-01   1.1253093371e+00   2.2132455374e-01
   2.7889122059e-01   2.7720491024e-01  -3.7816741021e-01   8.0819789613e-01   3.8675526462e-01
   2.8234944938e-01   2.8057753094e-01  -4.0674239102e-01   4.9074845710e-01   5.0407167721e-01
   2.8629386712e-01   2.8412136782e-01  -4.0610573552e-01   1.7093025376e-01   5.7565726974e-01
   2.9276767405e-01   2.8846636642e-01  -3.6245414831e-01  -1.3681210374e-01   5.5611228708e-01
   3.0061497953e-01   2.9706898168e-01  -3.2015911642e-01  -8.9504942783e-02   3.9664832243e-01
   3.0637126398e-01   3.0416097737e-01  -3.4291513961e-01   2.2707046744e-01   2.5588544529e-01
   3.1056872481e-01   3.0858155059e-01  -4.0150316175e-01   5.4648632330e-01   1.8810369481e-01
   3.1463802338e-01   3.1255589902e-01  -4.8725024959e-01   8.5964161985e-01   1.7774704110e-01
   3.1872411652e-01   3.1672014775e-01  -5.9020629685e-01   1.1224156871e+00   2.3695054686e-01
   3.2287356189e-01   3.2072808529e-01  -6.9516196594e-01   1.2890695652e+00   3.7606266881e-01
   3.2687829824e-01   3.2501903849e-01  -7.7858812320e-01   1.3306413894e+00   5.7925742473e-01
   3.3033830393e-01   3.2873755799e-01  -8.2255549551e-01   1.2651413474e+00   7.9909025335e-01
   3.3344961879e-01   3.3193904987e-01  -8.3087165961e-01   1.1318938777e+00   1.0181186892e+00
   3.3648870306e-01   3.3496018770e-01  -8.0535860016e-01   9.4604297470e-01   1.2372502868e+00
   3.3967017916e-01   3.3801721842e-01  -7.4030613116e-01   7.0964143011e-01   1.4552245041e+00
   3.4270881407e-01   3.4132313990e-01  -6.4289825932e-01   4.6292490394e-01   1.6366353472e+00
   3.4523117408e-01   3.4409448823e-01  -5.3719962596e-01   2.5459910352e-01   1.7562036433e+00
   3.4737466320e-01   3.4636785992e-01  -4.3189625192e-01   8.2617832629e-02   1.8290005627e+00
   3.4931156545e-01   3.4838146648e-01  -3.2692364159e-01  -6.4233763330e-02   1.8683061877e+00
   3.5112509625e-01   3.5024166442e-01  -2.2159443883e-01  -1.9248940188e-01   1.8801155778e+00
   3.5286583623e-01   3.5200852807e-01  -1.1643027141e-01  -3.0490999461e-01   1.8670332891e+00
   3.5457029672e-01   3.5372314438e-01  -1.1273923823e-02  -4.0410956494e-01   1.8301582488e+00
   3.5626879955e-01   3.5541744907e-01   9.3696239945e-02  -4.9177602563e-01   1.7694202281e+00
   3.5799061964e-01   3.5712015003e-01   1.9875004324e-01  -5.6965814457e-01   1.6832935330e+00
   3.5976860714e-01   3.5886108925e-01   3.0382323421e-01  -6.3909395692e-01   1.5689213524e+00
   3.6164560677e-01   3.6067612502e-01   4.0904612238e-01  -7.0169020658e-01   1.4210620860e+00
   3.6366197227e-01   3.6261508852e-01   5.1299448492e-01  -7.5874864237e-01   1.2338105933e+00
   3.6568115675e-01   3.6470885602e-01   6.0618116885e-01  -8.0855831515e-01   1.0191577194e+00
   3.6754825006e-01   3.6665345748e-01   6.8050807868e-01  -8.5060723385e-01   8.0050695993e-01
   3.6928695524e-01   3.6844304263e-01   7.3889305522e-01  -8.8904331269e-01   5.8134828225e-01
   3.7094160435e-01   3.7013086785e-01   7.8384083766e-01  -9.2679066848e-01   3.6335690507e-01
   3.7254251576e-01   3.7175234086e-01   8.1776297308e-01  -9.6670446335e-01   1.4338697055e-01
   3.7411286219e-01   3.7333269067e-01   8.4129645531e-01  -1.0099439353e+00  -7.4846004678e-02
   3.7567245930e-01   3.7489303370e-01   8.5561567847e-01  -1.0584489953e+00  -2.9327214863e-01
   3.7723981263e-01   3.7645188489e-01   8.6121286651e-01  -1.1138646904e+00  -5.1211433169e-01
   3.7883443336e-01   3.7802774038e-01   8.5830592664e-01  -1.1779418447e+00  -7.3141997217e-01
   3.8047891362e-01   3.7964112633e-01   8.4698953414e-01  -1.2521543858e+00  -9.4969930157e-01
   3.8220252201e-01   3.8131670090e-01   8.2694235450e-01  -1.3395498948e+00  -1.1687387283e+00
   3.8404748900e-01   3.8308834311e-01   7.9759882799e-01  -1.4430543916e+00  -1.3872417716e+00
   3.8608416343e-01   3.8500663490e-01   7.5722015497e-01  -1.5690842137e+00  -1.6071101116e+00
   3.8845280006e-01   3.8716169196e-01   7.0300614271e-01  -1.7266111093e+00  -1.8264504855e+00
   3.9152402103e-01   3.8974390817e-01   6.2571556693e-01  -1.9422889536e+00  -2.0467796940e+00
   3.9540749083e-01   3.9330413390e-01   5.2697181997e-01  -2.2108119211e+00  -2.2116694366e+00
   3.9998842425e-01   3.9751084777e-01   4.2159863806e-01  -2.4799447287e+00  -2.2355573155e+00
   4.0461283637e-01   4.0246600073e-01   3.3570185507e-01  -2.6486932155e+00  -2.0862097759e+00
   4.0824270461e-01   4.0675967201e-01   2.8330620227e-01  -2.6764786212e+00  -1.8621860128e+00
   4.1098573482e-01   4.0972573721e-01   2.5055466937e-01  -2.6214952115e+00  -1.6423872517e+00
   4.1339891324e-01   4.1224573243e-01   2.2407204752e-01  -2.5155686316e+00  -1.4229602166e+00
   4.1565410983e-01   4.1455209406e-01   1.9930155391e-01  -2.3679203301e+00  -1.2044344519e+00
   4.1784309690e-01   4.1675612559e-01   1.7312876905e-01  -2.1797349565e+00  -9.8514927365e-01
   4.2003306119e-01   4.1893006820e-01   1.4315338186e-01  -1.9508939719e+00  -7.6652665987e-01
   4.2228473499e-01   4.2113605417e-01   1.0647016965e-01  -1.6767223679e+00  -5.4823841499e-01
   4.2453237295e-01   4.2343341581e-01   6.2301494437e-02  -1.3688894280e+00  -3.4272475647e-01
   4.2665741155e-01   4.2563133009e-01   1.2485796186e-02  -1.0527549760e+00  -1.6541346057e-01
   4.2866541872e-01   4.2768349302e-01  -4.2686699888e-02  -7.3625853514e-01  -1.6501384300e-02
   4.3060534923e-01   4.2964734442e-01  -1.0363984406e-01  -4.2033370845e-01   1.0688176327e-01
   4.3251356087e-01   4.3156335404e-01  -1.7107479175e-01  -1.0421339307e-01   2.0684364737e-01
   4.3442094964e-01   4.3346376770e-01  -2.4572641271e-01   2.1245177387e-01   2.8406240156e-01
   4.3635753672e-01   4.3537813158e-01  -3.2797774344e-01   5.2820505028e-01   3.3803712804e-01
   4.3835654627e-01   4.3733694186e-01  -4.1912787198e-01   8.4449835470e-01   3.6795144869e-01
   4.4043662500e-01   4.3937615068e-01  -5.1893647407e-01   1.1568655553e+00   3.7163577131e-01
   4.4253985249e-01   4.4149709932e-01  -6.2392137463e-01   1.4528339605e+00   3.4817050286e-01
   4.4462320710e-01   4.4358260566e-01  -7.2882530461e-01   1.7192941111e+00   3.0008440424e-01
   4.4672758775e-01   4.4566380855e-01  -8.3384323454e-01   1.9598923165e+00   2.2917631430e-01
   4.4891196447e-01   4.4779136694e-01  -9.3903612272e-01   2.1768245483e+00   1.3554285273e-01
   4.5126594965e-01   4.5003256200e-01  -1.0442826833e+00   2.3711210894e+00   1.7294885947e-02
   4.5397375997e-01   4.5249933730e-01  -1.1501586410e+00   2.5440811066e+00  -1.3298770817e-01
   4.5735951527e-01   4.5544818263e-01  -1.2506524522e+00   2.6866663253e+00  -3.2563461282e-01
   4.6162797951e-01   4.5927084791e-01  -1.3136414173e+00   2.7645171458e+00  -5.4570090133e-01
   4.6651114958e-01   4.6398511111e-01  -1.2823498262e+00   2.7433924719e+00  -7.2029768781e-01
   4.7039569429e-01   4.6903718805e-01  -1.1754080386e+00   2.6679464075e+00  -7.7561887910e-01
   4.7279185709e-01   4.7175420054e-01  -1.0690274709e+00   2.6013197275e+00  -7.6082869447e-01
   4.7471013751e-01   4.7382951364e-01  -9.6370947606e-01   2.5404151244e+00  -7.2116548301e-01
   4.7637515518e-01   4.7559076137e-01  -8.5847885394e-01   2.4829619499e+00  -6.6659499876e-01
   4.7787857922e-01   4.7715954898e-01  -7.5330571035e-01   2.4279052722e+00  -6.0151480815e-01
   4.7926958189e-01   4.7859760947e-01  -6.4830978108e-01   2.3745408424e+00  -5.2850355808e-01
   4.8057834895e-01   4.7994155431e-01  -5.4322952711e-01   2.3221303335e+00  -4.4894565387e-01
   4.8182509209e-01   4.8121514360e-01  -4.3787275393e-01   2.2700665623e+00  -3.6373548434e-01
   4.8302447802e-01   4.8243504059e-01  -3.3283186247e-01   2.2181807945e+00  -2.7413780901e-01
   4.8418778828e-01   4.8361391545e-01  -2.2840930519e-01   2.1662019070e+00  -1.8107845254e-01
   4.8532376560e-01   4.8476166111e-01  -1.2231428152e-01   2.1125635702e+00  -8.2904613786e-02
   4.8643981443e-01   4.8588587009e-01  -1.8386036317e-02   2.0588099819e+00   1.6430913860e-02
   4.8754242565e-01   4.8699375878e-01   8.7832730006e-02   2.0022049456e+00   1.2088186926e-01
   4.8863737676e-01   4.8809109251e-01   1.9222020722e-01   1.9444911499e+00   2.2616238050e-01
   4.8973025032e-01   4.8918366101e-01   2.9710246719e-01   1.8839570191e+00   3.3433711682e-01
   4.9082651997e-01   4.9027683962e-01   4.0284848325e-01   1.8197943775e+00   4.4565150809e-01
   4.9193180318e-01   4.9137620032e-01   5.0694782627e-01   1.7529754981e+00   5.5726786800e-01
   4.9305229898e-01   4.9248740604e-01   6.1306125992e-01   1.6804162696e+00   6.7297226849e-01
   4.9419488176e-01   4.9361719191e-01   7.1719490439e-01   1.6040256723e+00   7.8827492753e-01
   4.9536771504e-01   4.9477257160e-01   8.2277725347e-01   1.5203189044e+00   9.0682629190e-01
   4.9658103552e-01   4.9596285849e-01   9.2782615838e-01   1.4294621995e+00   1.0263078582e+00
   4.9784778996e-01   4.9719921256e-01   1.0325516665e+00   1.3297238096e+00   1.1468116975e+00
   4.9924818369e-01   4.9849636737e-01   1.1425931300e+00   1.2124176973e+00   1.2748006303e+00