# time = 3
# Grid points = 474
# Pressure (Pa) = 101325
#             1_pos             2_posf             3_uvel             4_vvel             5_wvel
  -4.9917840810e-01  -5.0000000000e-01   1.2174854136e+00   1.0182332668e+00   1.3470909961e+00
  -4.9750814511e-01  -4.9835681619e-01   1.3233488486e+00   8.6954579168e-01   1.4707654769e+00
  -4.9566236670e-01  -4.9665947403e-01   1.4255034281e+00   6.9485532631e-01   1.5907097591e+00
  -4.9337913820e-01  -4.9466525936e-01   1.5276909379e+00   4.6583337037e-01   1.7106686876e+00
  -4.9070684198e-01  -4.9209301703e-01   1.6116655492e+00   1.8355097905e-01   1.8078870432e+00
  -4.8796632188e-01  -4.8932066692e-01   1.6558208233e+00  -1.1647149691e-01   1.8556402533e+00
  -4.8525041762e-01  -4.8661197685e-01   1.6565050901e+00  -4.1642786292e-01   1.8490992657e+00
  -4.8247325112e-01  -4.8388885839e-01   1.6137866315e+00  -7.1651784971e-01   1.7881915509e+00
  -4.7971240761e-01  -4.8105764385e-01   1.5305472785e+00  -9.9834423489e-01   1.6774375095e+00
  -4.7731406729e-01  -4.7836717138e-01   1.4285942621e+00  -1.2212918793e+00   1.5457574553e+00
  -4.7535629892e-01  -4.7626096320e-01   1.3261984190e+00  -1.3838698628e+00   1.4162440780e+00
  -4.7363463088e-01  -4.7445163464e-01   1.2243460847e+00  -1.5084761743e+00   1.2896792466e+00
  -4.7205820286e-01  -4.7281762713e-01   1.1226226642e+00  -1.6060234544e+00   1.1654010207e+00
  -4.7057922324e-01  -4.7129877858e-01   1.0206459485e+00  -1.6820831433e+00   1.0429511781e+00
  -4.6916801250e-01  -4.6985966791e-01   9.1929053600e-01  -1.7392401179e+00   9.2343266093e-01
  -4.6780432622e-01  -4.6847635709e-01   8.1699097879e-01  -1.7802356885e+00   8.0512597292e-01
  -4.6647318109e-01  -4.6713229535e-01   7.1565051239e-01  -1.8055538187e+00   6.9038085168e-01
  -4.6516256736e-01  -4.6581406684e-01   6.1409138336e-01  -1.8164934742e+00   5.7801035058e-01
  -4.6386252316e-01  -4.6451106789e-01   5.1193516543e-01  -1.8133199453e+00   4.6785909281e-01
  -4.6256404824e-01  -4.6321397844e-01   4.1017358412e-01  -1.7961975183e+00   3.6127193692e-01
  -4.6125861670e-01  -4.6191411803e-01   3.0861423249e-01  -1.7652137012e+00   2.5832311507e-01
  -4.5993776484e-01  -4.6060311536e-01   2.0721478485e-01  -1.7202084338e+00   1.5931252750e-01
  -4.5859242112e-01  -4.5927241432e-01   1.0495658867e-01  -1.6600765479e+00   6.3746139517e-02
  -4.5721266704e-01  -4.5791242792e-01   3.7773982131e-03  -1.5853537879e+00  -2.6050991305e-02
  -4.5578682495e-01  -4.5651290616e-01  -9.8437256087e-02  -1.4935255071e+00  -1.1128713905e-01
  -4.5430067193e-01  -4.5506074373e-01  -1.9989230289e-01  -1.3848540628e+00  -1.8961085356e-01
  -4.5273610223e-01  -4.5354060013e-01  -3.0176585293e-01  -1.2564802617e+00  -2.6090901847e-01
  -4.5106864371e-01  -4.5193160433e-01  -4.0337613421e-01  -1.1069003108e+00  -3.2329349833e-01
  -4.4926329074e-01  -4.5020568309e-01  -5.0524991486e-01  -9.3208025239e-01  -3.7517272274e-01
  -4.4726609887e-01  -4.4832089838e-01  -6.0695514698e-01  -7.2793785668e-01  -4.1355521191e-01
  -4.4498442178e-01  -4.4621129935e-01  -7.0886514522e-01  -4.8605162622e-01  -4.3427170376e-01
  -4.4235257510e-01  -4.4375754422e-01  -8.0718169372e-01  -2.0439822029e-01  -4.3043590008e-01
  -4.3946564586e-01  -4.4094760599e-01  -8.9134160473e-01   9.5182499490e-02  -3.9789054630e-01
  -4.3633688466e-01  -4.3798368573e-01  -9.5550873758e-01   3.9597432343e-01  -3.3778582207e-01
  -4.3268516130e-01  -4.3469008358e-01  -9.9643971774e-01   6.9745596710e-01  -2.5042741929e-01
  -4.2755929390e-01  -4.3068023901e-01  -9.9651805680e-01   1.0041008635e+00  -1.3217221904e-01
  -4.2166997226e-01  -4.2443834879e-01  -9.2706488208e-01   1.1874714504e+00  -4.9630215538e-02
  -4.1704632770e-01  -4.1890159573e-01  -8.2338003437e-01   1.2106305235e+00  -4.9728106048e-02
  -4.1367958978e-01  -4.1519105967e-01  -7.2132115859e-01   1.1704441410e+00  -9.0932835386e-02
  -4.1084966285e-01  -4.1216811989e-01  -6.1961250403e-01   1.1084217096e+00  -1.4910573924e-01
  -4.0833775233e-01  -4.0953120581e-01  -5.1778472858e-01   1.0366529433e+00  -2.1511932092e-01
  -4.0603685963e-01  -4.0714429884e-01  -4.1620974762e-01   9.6058885685e-01  -2.8362064118e-01
  -4.0388289794e-01  -4.0492942043e-01  -3.1449650688e-01   8.8227378876e-01  -3.5169109601e-01
  -4.0183252169e-01  -4.0283637546e-01  -2.1285285142e-01   8.0279644173e-01  -4.1704771538e-01
  -3.9985311918e-01  -4.0082866791e-01  -1.1114472639e-01   7.2219616986e-01  -4.7822759474e-01
  -3.9791788163e-01  -3.9887757044e-01  -9.5931918876e-03   6.4027761086e-01  -5.3390965442e-01
  -3.9600259296e-01  -3.9695819283e-01   9.2196338944e-02   5.5593694198e-01  -5.8328910627e-01
  -3.9408304632e-01  -3.9504699309e-01   1.9395979493e-01   4.6818914849e-01  -6.2525612920e-01
  -3.9213230721e-01  -3.9311909955e-01   2.9557972295e-01   3.7545596841e-01  -6.5878348850e-01
  -3.9011678658e-01  -3.9114551487e-01   3.9730827920e-01   2.7507877357e-01  -6.8274783733e-01
  -3.8798888510e-01  -3.8908805828e-01   4.9911762551e-01   1.6334675187e-01  -6.9543414631e-01
  -3.8567048920e-01  -3.8688971191e-01   6.0095966787e-01   3.4045077244e-02  -6.9415729559e-01
  -3.8300187036e-01  -3.8445126649e-01   7.0325259285e-01  -1.2613675373e-01  -6.7362283375e-01
  -3.7960165421e-01  -3.8155247422e-01   8.0416132858e-01  -3.4911844797e-01  -6.2060066204e-01
  -3.7567331486e-01  -3.7765083420e-01   8.7362944719e-01  -6.3208848271e-01  -5.3063638550e-01
  -3.7184186692e-01  -3.7369579552e-01   8.8599026432e-01  -9.3121289833e-01  -4.2361096767e-01
  -3.6818376169e-01  -3.6998793832e-01   8.4374839951e-01  -1.2308642389e+00  -3.1508518267e-01
  -3.6476920525e-01  -3.6637958505e-01   7.5868169249e-01  -1.5123681018e+00  -2.1786338474e-01
  -3.6190222515e-01  -3.6315882545e-01   6.5631025394e-01  -1.7421282349e+00  -1.4449260317e-01
  -3.5955743529e-01  -3.6064562486e-01   5.5431567135e-01  -1.9193749134e+00  -9.2803664336e-02
  -3.5747581335e-01  -3.5846924571e-01   4.5237333250e-01  -2.0651452046e+00  -5.4118140767e-02
  -3.5554555589e-01  -3.5648238098e-01   3.5037056095e-01  -2.1876365574e+00  -2.4722518103e-02
  -3.5370428246e-01  -3.5460873079e-01   2.4884957299e-01  -2.2902361801e+00  -2.6521441889e-03
  -3.5191009141e-01  -3.5279983412e-01   1.4709972938e-01  -2.3756085666e+00   1.3601595145e-02
  -3.5013002733e-01  -3.5102034870e-01   4.5304576389e-02  -2.4441112818e+00   2.4921347665e-02
  -3.4833352158e-01  -3.4923970596e-01  -5.6640839979e-02  -2.4953483085e+00   3.2047048578e-02
  -3.4648782394e-01  -3.4742733720e-01  -1.5819614417e-01  -2.5276760996e+00   3.5612384353e-02
  -3.4455195495e-01  -3.4554831069e-01  -2.6004734303e-01  -2.5384636494e+00   3.6311505764e-02
  -3.4246600922e-01  -3.4355559922e-01  -3.6194483272e-01  -2.5222901293e+00   3.4948772739e-02
  -3.4012589732e-01  -3.4137641922e-01  -4.6391954663e-01  -2.4689727085e+00   3.2824042559e-02
  -3.3729386531e-01  -3.3887537541e-01  -5.6646754890e-01  -2.3542426384e+00   3.2781638773e-02
  -3.3373119516e-01  -3.3571235521e-01  -6.5866338763e-01  -2.1346951046e+00   4.2588878744e-02
  -3.3013995431e-01  -3.3175003512e-01  -7.0870327485e-01  -1.8381589631e+00   6.9090679826e-02
  -3.2713093899e-01  -3.2852987349e-01  -7.1565933354e-01  -1.5375171154e+00   1.0798837172e-01
  -3.2444947423e-01  -3.2573200448e-01  -6.9634585938e-01  -1.2369453043e+00   1.5639412600e-01
  -3.2194996463e-01  -3.2316694398e-01  -6.5869244870e-01  -9.3728237484e-01   2.1230283683e-01
  -3.1954784063e-01  -3.2073298528e-01  -6.0650480864e-01  -6.3664841548e-01   2.7453905251e-01
  -3.1718162262e-01  -3.1836269597e-01  -5.4240674057e-01  -3.3730185785e-01   3.4114386253e-01
  -3.1479564044e-01  -3.1600054927e-01  -4.6681564394e-01  -3.6412870498e-02   4.1108816061e-01
  -3.1232750552e-01  -3.1359073161e-01  -3.8037531206e-01   2.6336595601e-01   4.8163594714e-01
  -3.0974859368e-01  -3.1106427944e-01  -2.8355811542e-01   5.5754011634e-01   5.4866628866e-01
  -3.0714129829e-01  -3.0843290792e-01  -1.8204136612e-01   8.2595021020e-01   6.0357718125e-01
  -3.0455287342e-01  -3.0584968867e-01  -8.0518066363e-02   1.0547926560e+00   6.3927157575e-01
  -3.0192288339e-01  -3.0325605817e-01   2.1306431570e-02   1.2421506939e+00   6.5072212725e-01
  -2.9918504232e-01  -3.0058970861e-01   1.2279271952e-01   1.3807313824e+00   6.3079590516e-01
  -2.9625455536e-01  -2.9778037603e-01   2.2448495118e-01   1.4603770048e+00   5.6910500170e-01
  -2.9299442333e-01  -2.9472873469e-01   3.2623518805e-01   1.4612603668e+00   4.4898651529e-01
  -2.8955416173e-01  -2.9126011198e-01   4.1821822673e-01   1.3647365817e+00   2.6624430773e-01
  -2.8641489689e-01  -2.8784821147e-01   4.8602551453e-01   1.1962137727e+00   5.6446780731e-02
  -2.8367227528e-01  -2.8498158232e-01   5.3103995336e-01   9.9315947539e-01  -1.5334471099e-01
  -2.8109973593e-01  -2.8236296824e-01   5.5979073734e-01   7.6624705143e-01  -3.6246207263e-01
  -2.7855854486e-01  -2.7983650363e-01   5.7442474253e-01   5.1754005839e-01  -5.7169739890e-01
  -2.7591378759e-01  -2.7728058609e-01   5.7393483771e-01   2.4482936586e-01  -7.8143285457e-01
  -2.7306953365e-01  -2.7454698909e-01   5.5430484426e-01  -4.8352159824e-02  -9.8409270042e-01
  -2.6996238336e-01  -2.7159207822e-01   5.0893023156e-01  -3.4938053593e-01  -1.1621167802e+00
  -2.6657645717e-01  -2.6833268850e-01   4.3003045582e-01  -6.3212198606e-01  -1.2863398100e+00
  -2.6342123777e-01  -2.6482022584e-01   3.2941888814e-01  -8.3629468737e-01  -1.3246730953e+00
  -2.6083514468e-01  -2.6202224969e-01   2.2727679339e-01  -9.5042296609e-01  -1.2923160899e+00
  -2.5858769354e-01  -2.5964803967e-01   1.2563161637e-01  -1.0066421495e+00  -1.2163964257e+00
  -2.5655037453e-01  -2.5752734742e-01   2.3663160106e-02  -1.0224797540e+00  -1.1094296606e+00
  -2.5465278369e-01  -2.5557340165e-01  -7.7858257281e-02  -1.0074137792e+00  -9.7960543378e-01
  -2.5284972121e-01  -2.5373216573e-01  -1.7977050701e-01  -9.6738618712e-01  -8.3052994204e-01
  -2.5110888879e-01  -2.5196727669e-01  -2.8132680691e-01  -9.0666772440e-01  -6.6638414847e-01
  -2.4940443518e-01  -2.5025050088e-01  -3.8336920361e-01  -8.2745455944e-01  -4.8793613398e-01
  -2.4771352258e-01  -2.4855836948e-01  -4.8497975902e-01  -7.3226223595e-01  -2.9825953876e-01
  -2.4601470591e-01  -2.4686867567e-01  -5.8654737608e-01  -6.2195252934e-01  -9.7688401400e-02
  -2.4431234304e-01  -2.4516073614e-01  -6.8638316429e-01  -4.9914170817e-01   1.0968317117e-01
  -2.4261819605e-01  -2.4346394993e-01  -7.8249761606e-01  -3.6701153048e-01   3.1897423800e-01
  -2.4091346566e-01  -2.4177244216e-01  -8.7433448259e-01  -2.2675025060e-01   5.2841913103e-01
  -2.3916427906e-01  -2.4005448915e-01  -9.6157362340e-01  -7.8487764070e-02   7.3723812763e-01
  -2.3732807788e-01  -2.3827406896e-01  -1.0444607866e+00   8.0159283361e-02   9.4697774454e-01
  -2.3534180132e-01  -2.3638208681e-01  -1.1213543764e+00   2.5059013148e-01   1.1560068002e+00
  -2.3309001431e-01  -2.3430151584e-01  -1.1906324844e+00   4.3994834534e-01   1.3661653279e+00
  -2.3027701721e-01  -2.3187851277e-01  -1.2459297063e+00   6.6391413470e-01   1.5778339581e+00
  -2.2645548597e-01  -2.2867552165e-01  -1.2596186957e+00   9.3814829634e-01   1.7620851844e+00
  -2.2235484195e-01  -2.2423545029e-01  -1.1949272375e+00   1.1900496620e+00   1.8257552293e+00
  -2.1926377134e-01  -2.2047423360e-01  -1.0904746664e+00   1.3495946351e+00   1.7818437626e+00
  -2.1707588367e-01  -2.1805330907e-01  -9.8799832610e-01   1.4471318838e+00   1.7057492152e+00
  -2.1524632204e-01  -2.1609845826e-01  -8.8602377282e-01   1.5198962868e+00   1.6178113847e+00
  -2.1362140285e-01  -2.1439418582e-01  -7.8415601454e-01   1.5784491679e+00   1.5238921375e+00
  -2.1213035299e-01  -2.1284861988e-01  -6.8234819097e-01   1.6275139951e+00   1.4268471540e+00
  -2.1073297734e-01  -2.1141208611e-01  -5.8065225736e-01   1.6696873507e+00   1.3283979568e+00
  -2.0940352536e-01  -2.1005386857e-01  -4.7908078161e-01   1.7065700169e+00   1.2296400028e+00
  -2.0812417356e-01  -2.0875318216e-01  -3.7702296941e-01   1.7393903010e+00   1.1307523192e+00
  -2.0688161592e-01  -2.0749516496e-01  -2.7519141584e-01   1.7685951479e+00   1.0330224982e+00
  -2.0566526556e-01  -2.0626806687e-01  -1.7329129153e-01   1.7947524642e+00   9.3665168725e-01
  -2.0446637627e-01  -2.0506246426e-01  -7.1680642026e-02   1.8180930172e+00   8.4238889092e-01
  -2.0327734466e-01  -2.0387028829e-01   2.9785563036e-02   1.8388604196e+00   7.5045860292e-01
  -2.0209126970e-01  -2.0268440103e-01   1.3122269636e-01   1.8571748130e+00   6.6110425373e-01
  -2.0090147165e-01  -2.0149813836e-01   2.3373956782e-01   1.8731843764e+00   5.7377025764e-01
  -1.9970122365e-01  -2.0030480494e-01   3.3524967823e-01   1.8864744253e+00   4.9061655003e-01
  -1.9848348986e-01  -1.9909764236e-01   4.3685872387e-01   1.8970622703e+00   4.1108027815e-01
  -1.9724048137e-01  -1.9786933735e-01   5.3856238080e-01   1.9046613594e+00   3.3562777981e-01
  -1.9596323099e-01  -1.9661162539e-01   6.4019830002e-01   1.9088583976e+00   2.6489840141e-01
  -1.9464093815e-01  -1.9531483659e-01   7.4190502732e-01   1.9090955484e+00   1.9941237328e-01
  -1.9325989426e-01  -1.9396703971e-01   8.4387243146e-01   1.9045591219e+00   1.3983745040e-01
  -1.9180212350e-01  -1.9255274881e-01   9.4554397401e-01   1.8941493071e+00   8.7469738490e-02
  -1.9024256431e-01  -1.9105149818e-01   1.0473659474e+00   1.8761948819e+00   4.3349557485e-02
  -1.8854366466e-01  -1.8943363044e-01   1.1491911214e+00   1.8481697077e+00   9.3925949136e-03
  -1.8664397079e-01  -1.8765369889e-01   1.2510604877e+00   1.8058328797e+00  -1.1595028432e-02
  -1.8442730585e-01  -1.8563424269e-01   1.3530779914e+00   1.7411207366e+00  -1.4710365249e-02
  -1.8160313917e-01  -1.8322036901e-01   1.4559844161e+00   1.6336654883e+00   1.1232266251e-02
  -1.7756259117e-01  -1.7998590933e-01   1.5498072104e+00   1.4311065782e+00   9.4092689563e-02
  -1.7303185648e-01  -1.7513927301e-01   1.5879948214e+00   1.1432292377e+00   2.2368973534e-01
  -1.6908706558e-01  -1.7092443995e-01   1.5661070793e+00   8.4364090431e-01   3.4603685262e-01
  -1.6556874658e-01  -1.6724969121e-01   1.5079296878e+00   5.4380745280e-01   4.4541747035e-01
  -1.6230329771e-01  -1.6388780195e-01   1.4253208348e+00   2.4473630718e-01   5.1831352233e-01
  -1.5930533986e-01  -1.6071879347e-01   1.3276235783e+00  -4.3868603438e-02   5.6308230512e-01
  -1.5665937975e-01  -1.5789188625e-01   1.2258522856e+00  -3.0536814866e-01   5.8176883168e-01
  -1.5431114807e-01  -1.5542687324e-01   1.1241248379e+00  -5.4060055398e-01   5.8078585397e-01
  -1.5216225868e-01  -1.5319542290e-01   1.0223527605e+00  -7.5628397145e-01   5.6506744608e-01
  -1.5015713276e-01  -1.5112909446e-01   9.2078431528e-01  -9.5543658247e-01   5.3779545243e-01
  -1.4825992434e-01  -1.4918517106e-01   8.1903559091e-01  -1.1408618928e+00   5.0100244177e-01
  -1.4644521115e-01  -1.4733467761e-01   7.1744474448e-01  -1.3131413843e+00   4.5631473995e-01
  -1.4469345284e-01  -1.4555574469e-01   6.1567123043e-01  -1.4735214835e+00   4.0466942077e-01
  -1.4298867368e-01  -1.4383116098e-01   5.1401739749e-01  -1.6217807806e+00   3.4697498795e-01
  -1.4131690759e-01  -1.4214618637e-01   4.1259001788e-01  -1.7577832826e+00   2.8383268810e-01
  -1.3966534044e-01  -1.4048762881e-01   3.1045997739e-01  -1.8822748693e+00   2.1488452483e-01
  -1.3802137227e-01  -1.3884305207e-01   2.0907616984e-01  -1.9927731808e+00   1.4116559237e-01
  -1.3637181817e-01  -1.3719969246e-01   1.0731370636e-01  -2.0894815853e+00   6.1726650175e-02
  -1.3470202479e-01  -1.3554394387e-01   5.4793027706e-03  -2.1703241826e+00  -2.3679727126e-02
  -1.3299460342e-01  -1.3386010571e-01  -9.6123005702e-02  -2.2327591630e+00  -1.1554092162e-01
  -1.3122742364e-01  -1.3212910114e-01  -1.9781107625e-01  -2.2736189188e+00  -2.1535103584e-01
  -1.2936992205e-01  -1.3032574614e-01  -2.9961725301e-01  -2.2876960524e+00  -3.2512332567e-01
  -1.2737607576e-01  -1.2841409796e-01  -4.0141604451e-01  -2.2667887563e+00  -4.4793442120e-01
  -1.2516795232e-01  -1.2633805357e-01  -5.0320779517e-01  -2.1967919560e+00  -5.8943363766e-01
  -1.2259649311e-01  -1.2399785107e-01  -6.0523410875e-01  -2.0485172624e+00  -7.6172012600e-01
  -1.1978118372e-01  -1.2119513514e-01  -6.9372541340e-01  -1.8034332596e+00  -9.5758862780e-01
  -1.1722127913e-01  -1.1836723231e-01  -7.5193383205e-01  -1.5057660516e+00  -1.1417391035e+00
  -1.1509287231e-01  -1.1607532595e-01  -7.8342468646e-01  -1.2044789221e+00  -1.2987868831e+00
  -1.1322832905e-01  -1.1411041867e-01  -7.9859934398e-01  -9.0393815032e-01  -1.4383709986e+00
  -1.1153107570e-01  -1.1234623943e-01  -8.0286876131e-01  -6.0386772607e-01  -1.5664298596e+00
  -1.0994725144e-01  -1.1071591197e-01  -7.9922182284e-01  -3.0274495460e-01  -1.6867365366e+00
  -1.0844209005e-01  -1.0917859092e-01  -7.8960841972e-01  -3.0300443681e-03  -1.8002650486e+00
  -1.0699069130e-01  -1.0770558918e-01  -7.7531597268e-01   2.9725523798e-01  -1.9090806540e+00
  -1.0557379342e-01  -1.0627579343e-01  -7.5725161459e-01   5.9852188957e-01  -2.0141633392e+00
  -1.0417484262e-01  -1.0487179340e-01  -7.3641641135e-01   8.9722382683e-01  -2.1149251573e+00
  -1.0277836491e-01  -1.0347789183e-01  -7.1303010030e-01   1.1989718864e+00  -2.2136617961e+00
  -1.0136848770e-01  -1.0207883800e-01  -6.8800394657e-01   1.4987028505e+00  -2.3089438392e+00
  -9.9927160114e-02  -1.0065813741e-01  -6.6166684679e-01   1.7986956435e+00  -2.4016258363e+00
  -9.8431492431e-02  -9.9196182820e-02  -6.3445565302e-01   2.0996157893e+00  -2.4918067973e+00
  -9.6849353975e-02  -9.7666802042e-02  -6.0711462458e-01   2.3995890622e+00  -2.5785881450e+00
  -9.5128935434e-02  -9.6031905908e-02  -5.8021140496e-01   2.7007900428e+00  -2.6617985772e+00
  -9.3169554815e-02  -9.4225964960e-02  -5.5504819233e-01   3.0029088487e+00  -2.7394626803e+00
  -9.0693116826e-02  -9.2113144671e-02  -5.3454180521e-01   3.3075053840e+00  -2.8064799253e+00
  -8.6064311804e-02  -8.9273088982e-02  -5.4135298716e-01   3.5846446682e+00  -2.8133549625e+00
  -8.1038906322e-02  -8.2855534627e-02  -6.1071706191e-01   3.4743537162e+00  -2.6500444066e+00
  -7.8108252031e-02  -7.9222278017e-02  -6.8447868029e-01   3.1712030541e+00  -2.4508168178e+00
  -7.6119770026e-02  -7.6994226045e-02  -7.4636456786e-01   2.8679976995e+00  -2.2706781447e+00
  -7.4493656872e-02  -7.5245314008e-02  -8.0251171383e-01   2.5665803031e+00  -2.0975518149e+00
  -7.3066926550e-02  -7.3741999736e-02  -8.5508568663e-01   2.2647195734e+00  -1.9267632001e+00
  -7.1768786630e-02  -7.2391853364e-02  -9.0438356749e-01   1.9652690545e+00  -1.7584308542e+00
  -7.0560251636e-02  -7.1145719897e-02  -9.5124174135e-01   1.6658504844e+00  -1.5903917717e+00
  -6.9417550346e-02  -6.9974783374e-02  -9.9634906556e-01   1.3632522174e+00  -1.4203168839e+00
  -6.8324055410e-02  -6.8860317318e-02  -1.0387283879e+00   1.0650583415e+00  -1.2520949983e+00
  -6.7267461975e-02  -6.7787793503e-02  -1.0794090886e+00   7.6479500151e-01  -1.0817894309e+00
  -6.6238617133e-02  -6.6747130448e-02  -1.1183130745e+00   4.6292849841e-01  -9.0938851112e-01
  -6.5229849759e-02  -6.5730103818e-02  -1.1549619982e+00   1.6319487565e-01  -7.3679746867e-01
  -6.4234582529e-02  -6.4729595701e-02  -1.1896319786e+00  -1.3672726748e-01  -5.6247373506e-01
  -6.3247023061e-02  -6.3739569357e-02  -1.2222838115e+00  -4.3711542609e-01  -3.8601889694e-01
  -6.2261713444e-02  -6.2754476766e-02  -1.2528233576e+00  -7.3810859742e-01  -2.0708769223e-01
  -6.1273271772e-02  -6.1768950123e-02  -1.2809686582e+00  -1.0381417117e+00  -2.6336870363e-02
  -6.0276158330e-02  -6.0777593420e-02  -1.3066475266e+00  -1.3380648786e+00   1.5704892975e-01
  -5.9264388663e-02  -5.9774723239e-02  -1.3296381303e+00  -1.6377756137e+00   3.4338116843e-01
  -5.8231038661e-02  -5.8754054088e-02  -1.3498061272e+00  -1.9397964015e+00   5.3474702400e-01
  -5.7167898835e-02  -5.7708023234e-02  -1.3664840402e+00  -2.2399476492e+00   7.2910613072e-01
  -5.6065022706e-02  -5.6627774435e-02  -1.3792330505e+00  -2.5376307436e+00   9.2671704796e-01
  -5.4910797379e-02  -5.5502270977e-02  -1.3875985970e+00  -2.8405510505e+00   1.1338544653e+00
  -5.3708034454e-02  -5.4319323781e-02  -1.3902863040e+00  -3.1338367371e+00   1.3416719570e+00
  -5.2463138266e-02  -5.3096745126e-02  -1.3865109365e+00  -3.4162866766e+00   1.5505250493e+00
  -5.1166546254e-02  -5.1829531406e-02  -1.3752727471e+00  -3.6837663444e+00   1.7589694967e+00
  -4.9801008403e-02  -5.0503561102e-02  -1.3549003005e+00  -3.9364333424e+00   1.9696211509e+00
  -4.8342526768e-02  -4.9098455703e-02  -1.3238268532e+00  -4.1648246786e+00   2.1780517143e+00
  -4.6754581213e-02  -4.7586597833e-02  -1.2786652057e+00  -4.3663237392e+00   2.3873768295e+00
  -4.4974374735e-02  -4.5922564593e-02  -1.2143354122e+00  -4.5293905270e+00   2.5967526244e+00
  -4.2998052848e-02  -4.4026184878e-02  -1.1263331547e+00  -4.6311113161e+00   2.7963168951e+00
  -4.1070655474e-02  -4.1969920818e-02  -1.0249575868e+00  -4.6497935021e+00   2.9555978884e+00
  -3.9362305491e-02  -4.0171390129e-02  -9.2323555966e-01  -4.5994810011e+00   3.0656423778e+00
  -3.7805683954e-02  -3.8553220854e-02  -8.2134163280e-01  -4.5004009779e+00   3.1404053605e+00
  -3.6354604293e-02  -3.7058147054e-02  -7.1947543407e-01  -4.3643927222e+00   3.1877932614e+00
  -3.4979688191e-02  -3.5651061533e-02  -6.1791663985e-01  -4.1994877652e+00   3.2128719437e+00
  -3.3660687901e-02  -3.4308314849e-02  -5.1630198609e-01  -4.0102418492e+00   3.2191077169e+00
  -3.2382721616e-02  -3.3013060953e-02  -4.1439105621e-01  -3.7996792916e+00   3.2086484211e+00
  -3.1134000315e-02  -3.1752382279e-02  -3.1246682338e-01  -3.5709579080e+00   3.1829681288e+00
  -2.9904597774e-02  -3.0515618351e-02  -2.1064714489e-01  -3.3264245296e+00   3.1431522234e+00
  -2.8685747466e-02  -2.9293577198e-02  -1.0893751442e-01  -3.0677339767e+00   3.0898841938e+00
  -2.7469270579e-02  -2.8077917734e-02  -7.2804781093e-03  -2.7959982395e+00   3.0234527497e+00
  -2.6247064189e-02  -2.6860623423e-02   9.4396857129e-02  -2.5119548379e+00   2.9437701475e+00
  -2.5014821667e-02  -2.5633504956e-02   1.9578094158e-01  -2.2172069540e+00   2.8507559543e+00
  -2.3783464998e-02  -2.4396138378e-02   2.9519764787e-01  -1.9174548612e+00   2.7456851407e+00
  -2.2559798503e-02  -2.3170791618e-02   3.9144907126e-01  -1.6173172641e+00   2.6297671311e+00
  -2.1333573805e-02  -2.1948805389e-02   4.8476374016e-01  -1.3169963895e+00   2.5025493835e+00
  -2.0092652379e-02  -2.0718342222e-02   5.7537603817e-01  -1.0163320119e+00   2.3630107505e+00
  -1.8823713972e-02  -1.9466962537e-02   6.6331382502e-01  -7.1553190922e-01   2.2097860106e+00
  -1.7510956879e-02  -1.8180465406e-02   7.4833163331e-01  -4.1548084469e-01   2.0412840700e+00
  -1.6134263046e-02  -1.6841448352e-02   8.3054800311e-01  -1.1540098971e-01   1.8540203014e+00
  -1.4716027676e-02  -1.5427077741e-02   9.0703895317e-01   1.7435986162e-01   1.6511417896e+00
  -1.3323109993e-02  -1.4004977611e-02   9.7410242718e-01   4.3941045996e-01   1.4406921720e+00
  -1.1982185388e-02  -1.2641242376e-02   1.0293209843e+00   6.6856629354e-01   1.2325980915e+00
  -1.0682244316e-02  -1.1323128401e-02   1.0746490389e+00   8.6794674704e-01   1.0236960095e+00
  -9.4147914636e-03  -1.0041360232e-02   1.1106302483e+00   1.0385249085e+00   8.1443244515e-01
  -8.1726570787e-03  -8.7882226952e-03   1.1377719403e+00   1.1813167977e+00   6.0517239633e-01
  -6.9495966886e-03  -7.5570914623e-03   1.1565533512e+00   1.2974044840e+00   3.9610101437e-01
  -5.7399918747e-03  -6.3421019150e-03   1.1673991384e+00   1.3878164285e+00   1.8726170999e-01
  -4.5386011756e-03  -5.1378818345e-03   1.1706609754e+00   1.4534366152e+00  -2.1407602028e-02
  -3.3403364641e-03  -3.9393205168e-03   1.1666061520e+00   1.4949392569e+00  -2.3003853997e-01
  -2.1400090595e-03  -2.7413524114e-03   1.1552885327e+00   1.5127019462e+00  -4.4019345537e-01
  -9.3212634877e-04  -1.5386657077e-03   1.1369604075e+00   1.5066541514e+00  -6.4914401862e-01
   2.8931424925e-04  -3.2558698988e-04   1.1116854296e+00   1.4771136260e+00  -8.5793811896e-01
   1.5311812089e-03   9.0421548837e-04   1.0794153391e+00   1.4238326012e+00  -1.0668611329e+00
   2.8016617177e-03   2.1581469294e-03   1.0400744185e+00   1.3463424052e+00  -1.2756970332e+00
   4.1109605850e-03   3.4451765061e-03   9.9337415844e-01   1.2435882805e+00  -1.4847364947e+00
   5.4725294366e-03   4.7767446639e-03   9.3873402367e-01   1.1135863190e+00  -1.6945449519e+00
   6.9046774823e-03   6.1683142094e-03   8.7598849128e-01   9.5513139192e-01  -1.9033518500e+00
   8.4340799804e-03   7.6410407552e-03   8.0392401757e-01   7.6415208610e-01  -2.1120818703e+00
   1.0104145255e-02   9.2271192055e-03   7.2029856472e-01   5.3307208696e-01  -2.3218637234e+00
   1.1941516552e-02   1.0981171305e-02   6.2475954050e-01   2.5889062042e-01  -2.5266059011e+00
   1.3844002375e-02   1.2901861799e-02   5.2467613827e-01  -3.8259580353e-02  -2.7063907632e+00
   1.5719327137e-02   1.4786142951e-02   4.2633336799e-01  -3.3930953408e-01  -2.8498577306e+00
   1.7600566921e-02   1.6652511322e-02   3.3102798090e-01  -6.3921666937e-01  -2.9564232927e+00
   1.9538400328e-02   1.8548622520e-02   2.3792072286e-01  -9.3979657406e-01  -3.0259636145e+00
   2.1598120379e-02   2.0528178135e-02   1.4688818194e-01  -1.2408992653e+00  -3.0533889136e+00
   2.3888292623e-02   2.2668062623e-02   5.7873704792e-02  -1.5419956079e+00  -3.0270455884e+00
   2.6618799763e-02   2.5108522624e-02  -2.9116173819e-02  -1.8411630004e+00  -2.9187717923e+00
   2.9401618874e-02   2.8129076902e-02  -9.5378928009e-02  -2.0678763090e+00  -2.7303302615e+00
   3.1692531966e-02   3.0674160846e-02  -1.3196728267e-01  -2.1850251556e+00  -2.5195812781e+00
   3.3600221992e-02   3.2710903086e-02  -1.5016387674e-01  -2.2302229481e+00  -2.3099161290e+00
   3.5300111210e-02   3.4489540898e-02  -1.5746020839e-01  -2.2288158106e+00  -2.0998302629e+00
   3.6869555690e-02   3.6110681521e-02  -1.5718314601e-01  -2.1922408132e+00  -1.8911065366e+00
   3.8351830203e-02   3.7628429858e-02  -1.5124877214e-01  -2.1265401687e+00  -1.6820835465e+00
   3.9774323875e-02   3.9075230547e-02  -1.4081854027e-01  -2.0353788180e+00  -1.4732370066e+00
   4.1156420734e-02   4.0473417203e-02  -1.2657371670e-01  -1.9201509026e+00  -1.2632934171e+00
   4.2513044807e-02   4.1839424264e-02  -1.0925730397e-01  -1.7836841419e+00  -1.0548452744e+00
   4.3856500443e-02   4.3186665349e-02  -8.9136366527e-02  -1.6256039874e+00  -8.4598827015e-01
   4.5197538296e-02   4.4526335537e-02  -6.6400678176e-02  -1.4452954159e+00  -6.3603118173e-01
   4.6546249027e-02   4.5868741055e-02  -4.1618921124e-02  -1.2453993962e+00  -4.2810317942e-01
   4.7912792377e-02   4.7223756999e-02  -1.4435672930e-02  -1.0212381795e+00  -2.1800191842e-01
   4.9307828469e-02   4.8601827754e-02   1.4491087120e-02  -7.7650185762e-01  -1.0088446337e-02
   5.0743392454e-02   5.0013829184e-02   4.5680557332e-02  -5.0503029061e-01   1.9971043252e-01
   5.2207825414e-02   5.1472955725e-02   7.8204413265e-02  -2.1323607745e-01   4.0531398496e-01
   5.3650667067e-02   5.2942695103e-02   1.1065068063e-01   8.6904544862e-02   5.9892217479e-01
   5.5047776467e-02   5.4358639031e-02   1.4202470046e-01   3.8585886420e-01   7.7634493891e-01
   5.6414013560e-02   5.5736913904e-02   1.7284535470e-01   6.8799394665e-01   9.4197232009e-01
   5.7762323677e-02   5.7091113216e-02   2.0254705356e-01   9.8709727165e-01   1.0939128370e+00
   5.9104466362e-02   5.8433534137e-02   2.3158149415e-01   1.2869707743e+00   1.2354519405e+00
   6.0451808752e-02   5.9775398588e-02   2.6008581120e-01   1.5885581465e+00   1.3678246764e+00
   6.1816225066e-02   6.1128218917e-02   2.8764078447e-01   1.8868330856e+00   1.4896811436e+00
   6.3211375120e-02   6.2504231215e-02   3.1496954541e-01   2.1892138784e+00   1.6046369313e+00
   6.4653930942e-02   6.3918519026e-02   3.4146122319e-01   2.4886878277e+00   1.7104574647e+00
   6.6165814248e-02   6.5389342859e-02   3.6743687232e-01   2.7886865508e+00   1.8088738369e+00
   6.7779318088e-02   6.6942285637e-02   3.9290755160e-01   3.0897111363e+00   1.9002427155e+00
   6.9546485745e-02   6.8616350540e-02   4.1761514891e-01   3.3898267612e+00   1.9841091982e+00
   7.1567532276e-02   7.0476620951e-02   4.4154173621e-01   3.6920729226e+00   2.0611676478e+00
   7.4104885422e-02   7.2658443602e-02   4.6379393643e-01   3.9959553239e+00   2.1304709022e+00
   7.7526520153e-02   7.5551327241e-02   4.7830950009e-01   4.2591624516e+00   2.1814791440e+00
   8.1476905976e-02   7.9501713064e-02   4.7035987317e-01   4.3421400998e+00   2.1891033604e+00
   8.5477905063e-02   8.3452098887e-02   4.3132638933e-01   4.1722370103e+00   2.1472909616e+00
   8.8741837857e-02   8.7503711239e-02   3.7609801989e-01   3.8595281837e+00   2.0817221104e+00
   9.0981550477e-02   8.9979964474e-02   3.2540954718e-01   3.5571420272e+00   2.0205500117e+00
   9.2861396960e-02   9.1983136480e-02   2.7552750652e-01   3.2560744895e+00   1.9597247608e+00
   9.4541878575e-02   9.3739657440e-02   2.2571067977e-01   2.9546327848e+00   1.8981231186e+00
   9.6096131064e-02   9.5344099709e-02   1.7615505050e-01   2.6548729606e+00   1.8356991329e+00
   9.7565832357e-02   9.6848162418e-02   1.2655298717e-01   2.3550901629e+00   1.7717567696e+00
   9.8977729923e-02   9.8283502295e-02   7.6684699606e-02   2.0537537262e+00   1.7056449753e+00
   1.0035123539e-01   9.9671957551e-02   2.7227773771e-02   1.7545137982e+00   1.6378776768e+00
   1.0170158899e-01   1.0103051323e-01  -2.2435326617e-02   1.4529775727e+00   1.5671592477e+00
   1.0304161504e-01   1.0237266476e-01  -7.1347484157e-02   1.1541004607e+00   1.4943375865e+00
   1.0438312125e-01   1.0371056532e-01  -1.2011781820e-01   8.5304739867e-01   1.4178827304e+00
   1.0573772454e-01   1.0505567718e-01  -1.6802598273e-01   5.5279596721e-01   1.3381069445e+00
   1.0711777092e-01   1.0641977189e-01  -2.1484538828e-01   2.5289940959e-01   1.2544096120e+00
   1.0853732118e-01   1.0781576996e-01  -2.6020330950e-01  -4.6756855258e-02   1.1661561680e+00
   1.1001381601e-01   1.0925887241e-01  -3.0380460084e-01  -3.4790917899e-01   1.0719742697e+00
   1.1157029742e-01   1.1076875960e-01  -3.4460063317e-01  -6.4876683852e-01   9.7126802142e-01
   1.1323910999e-01   1.1237183524e-01  -3.8136568846e-01  -9.4852825247e-01   8.6278220885e-01
   1.1507083258e-01   1.1410638474e-01  -4.1249932054e-01  -1.2488646885e+00   7.4350294578e-01
   1.1715595752e-01   1.1603528043e-01  -4.3471785806e-01  -1.5502015805e+00   6.0890799122e-01
   1.1969438156e-01   1.1827663460e-01  -4.4078260731e-01  -1.8528441895e+00   4.4966019099e-01
   1.2294359536e-01   1.2111212852e-01  -4.1340767343e-01  -2.1329998730e+00   2.5809611228e-01
   1.2658882411e-01   1.2477506220e-01  -3.3753185958e-01  -2.3100833665e+00   6.4191614061e-02
   1.2978377682e-01   1.2840258601e-01  -2.3569791647e-01  -2.3529197943e+00  -8.3180285134e-02
   1.3235774354e-01   1.3116496762e-01  -1.3350425026e-01  -2.3175190263e+00  -1.8484468844e-01
   1.3465455028e-01   1.3355051945e-01  -3.1598215595e-02  -2.2413063666e+00  -2.6270867171e-01
   1.3682756115e-01   1.3575858111e-01   7.0504266001e-02  -2.1367089302e+00  -3.2590136990e-01
   1.3897182370e-01   1.3789654119e-01   1.7215848745e-01  -2.0094279250e+00  -3.7871247144e-01
   1.4117369974e-01   1.4004710620e-01   2.7414046432e-01  -1.8592146438e+00  -4.2462368673e-01
   1.4354874708e-01   1.4230029328e-01   3.7622331441e-01  -1.6824954263e+00  -4.6605005555e-01
   1.4633888714e-01   1.4479720088e-01   4.7901827150e-01  -1.4645888305e+00  -5.0650139310e-01
   1.4981236160e-01   1.4788057341e-01   5.7072070698e-01  -1.1928202893e+00  -5.4871306368e-01
   1.5385946366e-01   1.5174414979e-01   6.1503713711e-01  -8.9301328762e-01  -5.9237876350e-01
   1.5819320894e-01   1.5597477754e-01   5.7770805417e-01  -6.1018401930e-01  -6.3666899376e-01
   1.6184740152e-01   1.6041164034e-01   4.8039280365e-01  -4.0903121243e-01  -6.7204081366e-01
   1.6440447902e-01   1.6328316269e-01   3.7753508071e-01  -2.9145772277e-01  -6.9399033723e-01
   1.6650136438e-01   1.6552579535e-01   2.7541361892e-01  -2.0944246859e-01  -7.0876724507e-01
   1.6837033901e-01   1.6747693341e-01   1.7352332431e-01  -1.4711818421e-01  -7.1842000311e-01
   1.7010830122e-01   1.6926374462e-01   7.1545972761e-02  -9.8044422596e-02  -7.2358094492e-01
   1.7177006805e-01   1.7095285781e-01  -3.0227072059e-02  -5.9152205462e-02  -7.2435578778e-01
   1.7339327517e-01   1.7258727828e-01  -1.3183887044e-01  -2.8568031363e-02  -7.2062283597e-01
   1.7500830949e-01   1.7419927206e-01  -2.3373953292e-01  -5.1965130456e-03  -7.1197182269e-01
   1.7664414492e-01   1.7581734693e-01  -3.3537392700e-01   1.1266354054e-02  -6.9783050138e-01
   1.7833348868e-01   1.7747094292e-01  -4.3736465949e-01   2.0837088148e-02  -6.7713319662e-01
   1.8011963246e-01   1.7919603443e-01  -5.3913028532e-01   2.2787907903e-02  -6.4847069240e-01
   1.8207106981e-01   1.8104323049e-01  -6.4121002628e-01   1.5498768208e-02  -6.0910468774e-01
   1.8432341455e-01   1.8309890913e-01  -7.4341261669e-01  -4.8404339855e-03  -5.5394126532e-01
   1.8730324195e-01   1.8554791997e-01  -8.4751393474e-01  -5.0858358386e-02  -4.6676661598e-01
   1.9198932527e-01   1.8905856393e-01  -9.2563372901e-01  -1.6260766383e-01  -3.0969750660e-01
   1.9726099767e-01   1.9492008661e-01  -8.9010862317e-01  -3.2867072379e-01  -1.3373949936e-01
   2.0095746375e-01   1.9960190873e-01  -7.8550188994e-01  -4.5982589983e-01  -3.2288115850e-02
   2.0338988416e-01   2.0231301878e-01  -6.8287946615e-01  -5.4641159320e-01   1.4731875148e-02
   2.0540576969e-01   2.0446674954e-01  -5.8065613321e-01  -6.1504851950e-01   3.8596917099e-02
   2.0720180342e-01   2.0634478985e-01  -4.7893997553e-01  -6.7151836782e-01   4.6738306933e-02
   2.0886272091e-01   2.0805881699e-01  -3.7701705004e-01  -7.1861065032e-01   4.2487136258e-02
   2.1043552366e-01   2.0966662483e-01  -2.7539244830e-01  -7.5721586823e-01   2.7606864217e-02
   2.1195075282e-01   2.1120442249e-01  -1.7351315628e-01  -7.8806371740e-01   3.0543636893e-03
   2.1343051381e-01   2.1269708315e-01  -7.1706882049e-02  -8.1115978547e-01  -3.0511395186e-02
   2.1489263354e-01   2.1416394446e-01   2.9981311251e-02  -8.2637502611e-01  -7.2699516579e-02
   2.1635282734e-01   2.1562132261e-01   1.3164392176e-01  -8.3334672912e-01  -1.2338795493e-01
   2.1782637853e-01   2.1708433207e-01   2.3338685966e-01  -8.3140487547e-01  -1.8268398655e-01
   2.1932969182e-01   2.1856842500e-01   3.3521316716e-01  -8.1952037848e-01  -2.5084670430e-01
   2.2088202986e-01   2.2009095864e-01   4.3690255896e-01  -7.9628348305e-01  -3.2816456335e-01
   2.2250829290e-01   2.2167310109e-01   5.3872833247e-01  -7.5950283215e-01  -4.1558945031e-01
   2.2424396686e-01   2.2334348470e-01   6.4053537659e-01  -7.0596813560e-01  -5.1420122568e-01
   2.2614578731e-01   2.2514444901e-01   7.4243175250e-01  -6.3025446710e-01  -6.2613322824e-01
   2.2832036589e-01   2.2714712560e-01   8.4443533491e-01  -5.2231940696e-01  -7.5519054570e-01
   2.3104116554e-01   2.2949360617e-01   9.4759044531e-01  -3.5591176590e-01  -9.1210006229e-01
   2.3446740230e-01   2.3258872491e-01   1.0344336344e+00  -1.0459725724e-01  -1.0885748785e+00
   2.3803867974e-01   2.3634607970e-01   1.0724183285e+00   1.9536816319e-01  -1.2335609330e+00
   2.4135828121e-01   2.3973127978e-01   1.0576720480e+00   4.9574135503e-01  -1.3191642129e+00
   2.4464229029e-01   2.4298528263e-01   9.9801508641e-01   7.9602479659e-01  -1.3490880606e+00
   2.4774388155e-01   2.4629929796e-01   9.0552865015e-01   1.0663636598e+00  -1.3252928144e+00
   2.5038396827e-01   2.4918846514e-01   8.0311476408e-01   1.2746296925e+00  -1.2652514669e+00
   2.5265231116e-01   2.5157947139e-01   7.0124603376e-01   1.4294638519e+00  -1.1860955603e+00
   2.5473031395e-01   2.5372515093e-01   5.9934606776e-01   1.5471397890e+00  -1.0933233902e+00
   2.5670511721e-01   2.5573547696e-01   4.9740362670e-01   1.6339065041e+00  -9.8952629373e-01
   2.5863194685e-01   2.5767475745e-01   3.9575936213e-01   1.6922811181e+00  -8.7640000431e-01
   2.6055367048e-01   2.5958913624e-01   2.9416156692e-01   1.7231647688e+00  -7.5428437282e-01
   2.6251072899e-01   2.6151820472e-01   1.9230750385e-01   1.7254283063e+00  -6.2278277203e-01
   2.6454940182e-01   2.6350325326e-01   9.0317925035e-02   1.6959182519e+00  -4.8143960194e-01
   2.6673238471e-01   2.6559555038e-01  -1.1364736050e-02   1.6293798837e+00  -3.2964253652e-01
   2.6916222718e-01   2.6786921904e-01  -1.1327310415e-01   1.5153676755e+00  -1.6411599058e-01
   2.7205175754e-01   2.7045523533e-01  -2.1564494356e-01   1.3316770003e+00   2.1067048356e-02
   2.7542659499e-01   2.7364827974e-01  -3.0626101970e-01   1.0683638919e+00   2.1153210309e-01
   2.7889122059e-01   2.7720491024e-01  -3.6620868392e-01   7.6729991708e-01   3.6964334416e-01
   2.8234944938e-01   2.8057753094e-01  -3.9387935914e-01   4.6591498809e-01   4.8176910108e-01
   2.8629386712e-01   2.8412136782e-01  -3.9326226511e-01   1.6228111135e-01   5.5018738960e-01
   2.9276767405e-01   2.8846636642e-01  -3.5099072751e-01  -1.2988810148e-01   5.3150713326e-01
   3.0061497953e-01   2.9706898168e-01  -3.1003360252e-01  -8.4975013976e-02   3.7909852058e-01
   3.0637126398e-01   3.0416097737e-01  -3.3207070418e-01   2.1558017713e-01   2.4456355035e-01
   3.1056872481e-01   3.0858155059e-01  -3.8880652359e-01   5.1883214582e-01   1.7978069174e-01
   3.1463802338e-01   3.1255589902e-01  -4.7184241631e-01   8.1614042404e-01   1.6988218327e-01
   3.1872411652e-01   3.1672014775e-01  -5.7154285120e-01   1.0656170457e+00   2.2646619498e-01
   3.2287356189e-01   3.2072808529e-01  -6.7317938325e-01   1.2238376403e+00   3.5942334676e-01
   3.2687829824e-01   3.2501903849e-01  -7.5396694870e-01   1.2633059131e+00   5.5362789180e-01
   3.3033830393e-01   3.2873755799e-01  -7.9654338283e-01   1.2011206117e+00   7.6373442647e-01
   3.3344961879e-01   3.3193904987e-01  -8.0459594067e-01   1.0746161731e+00   9.7307220708e-01
   3.3648870306e-01   3.3496018770e-01  -7.7988900750e-01   8.9817023680e-01   1.1825086360e+00
   3.3967017916e-01   3.3801721842e-01  -7.1689297948e-01   6.7373170569e-01   1.3908389542e+00
   3.4270881407e-01   3.4132313990e-01  -6.2256480393e-01   4.3950012429e-01   1.5642236532e+00
   3.4523117408e-01   3.4409448823e-01  -5.2020822670e-01   2.4171648616e-01   1.6785019681e+00
   3.4737466320e-01   3.4636785992e-01  -4.1823455196e-01   7.8438158792e-02   1.7480782489e+00
   3.4931156545e-01   3.4838146648e-01  -3.1658128197e-01  -6.0982183823e-02   1.7856450167e+00
   3.5112509625e-01   3.5024166442e-01  -2.1458277650e-01  -1.8274762134e-01   1.7969320873e+00
   3.5286583623e-01   3.5200852807e-01  -1.1274415862e-01  -2.8947934872e-01   1.7844287801e+00
   3.5457029672e-01   3.5372314438e-01  -1.0913178830e-02  -3.8365910733e-01   1.7491854013e+00
   3.5626879955e-01   3.5541744907e-01   9.0737441513e-02  -4.6688939342e-01   1.6911348285e+00
   3.5799061964e-01   3.5712015003e-01   1.9246899223e-01  -5.4083047985e-01   1.6088188696e+00
   3.5976860714e-01   3.5886108925e-01   2.9421924939e-01  -6.0675269178e-01   1.4995071085e+00
   3.6164560677e-01   3.6067612502e-01   3.9611439327e-01  -6.6618146621e-01   1.3581898516e+00
   3.6366197227e-01   3.6261508852e-01   4.9677522998e-01  -7.2035267737e-01   1.1792232195e+00
   3.6568115675e-01   3.6470885602e-01   5.8701464671e-01  -7.6764194158e-01   9.7406752117e-01
   3.6754825006e-01   3.6665345748e-01   6.5899068559e-01  -8.0756315842e-01   7.6509078257e-01
   3.6928695524e-01   3.6844304263e-01   7.1552892727e-01  -8.4405434092e-01   5.5562856696e-01
   3.7094160435e-01   3.7013086785e-01   7.5905490923e-01  -8.7989163464e-01   3.4728197953e-01
   3.7254251576e-01   3.7175234086e-01   7.9190391417e-01  -9.1778572134e-01   1.3704435028e-01
   3.7411286219e-01   3.7333269067e-01   8.1469280088e-01  -9.5883717581e-01  -7.1533190909e-02
   3.7567245930e-01   3.7489303370e-01   8.2855882357e-01  -1.0048877425e+00  -2.8029537460e-01
   3.7723981263e-01   3.7645188489e-01   8.3397864205e-01  -1.0574992222e+00  -4.8945521017e-01
   3.7883443336e-01   3.7802774038e-01   8.3116327473e-01  -1.1183338393e+00  -6.9905801809e-01
   3.8047891362e-01   3.7964112633e-01   8.2020440789e-01  -1.1887909335e+00  -9.0767994280e-01
   3.8220252201e-01   3.8131670090e-01   8.0079086929e-01  -1.2717638640e+00  -1.1170283573e+00
   3.8404748900e-01   3.8308834311e-01   7.7237499076e-01  -1.3700305792e+00  -1.3258641439e+00
   3.8608416343e-01   3.8500663490e-01   7.3327296459e-01  -1.4896827181e+00  -1.5360048512e+00
   3.8845280006e-01   3.8716169196e-01   6.8077316616e-01  -1.6392380118e+00  -1.7456409896e+00
   3.9152402103e-01   3.8974390817e-01   6.0592664491e-01  -1.8440015125e+00  -1.9562222785e+00
   3.9540749083e-01   3.9330413390e-01   5.1030556205e-01  -2.0989358780e+00  -2.1138170006e+00
   3.9998842425e-01   3.9751084777e-01   4.0826497558e-01  -2.3544491677e+00  -2.1366482951e+00
   4.0461283637e-01   4.0246600073e-01   3.2508508763e-01  -2.5146580242e+00  -1.9939086484e+00
   4.0824270461e-01   4.0675967201e-01   2.7434686387e-01  -2.5410372143e+00  -1.7797966057e+00
   4.1098573482e-01   4.0972573721e-01   2.4263142224e-01  -2.4888361078e+00  -1.5697225691e+00
   4.1339891324e-01   4.1224573243e-01   2.1698657697e-01  -2.3882698033e+00  -1.3600037829e+00
   4.1565410983e-01   4.1455209406e-01   1.9299965858e-01  -2.2480930950e+00  -1.1511463746e+00
   4.1784309690e-01   4.1675612559e-01   1.6765474178e-01  -2.0694306787e+00  -9.4156314144e-01
   4.2003306119e-01   4.1893006820e-01   1.3862741905e-01  -1.8521700117e+00  -7.3261315285e-01
   4.2228473499e-01   4.2113605417e-01   1.0310433583e-01  -1.5918726587e+00  -5.2398273813e-01
   4.2453237295e-01   4.2343341581e-01   6.0332436435e-02  -1.2996173857e+00  -3.2756172079e-01
   4.2665741155e-01   4.2563133009e-01   1.2092025577e-02  -9.9948069795e-01  -1.5809530214e-01
   4.2866541872e-01   4.2768349302e-01  -4.1335839282e-02  -6.9900034170e-01  -1.5771631579e-02
   4.3060534923e-01   4.2964734442e-01  -1.0036159771e-01  -3.9906267393e-01   1.0215258883e-01
   4.3251356087e-01   4.3156335404e-01  -1.6566422882e-01  -9.8939409107e-02   1.9769177256e-01
   4.3442094964e-01   4.3346376770e-01  -2.3795536221e-01   2.0170113741e-01   2.7149404879e-01
   4.3635753672e-01   4.3537813158e-01  -3.1760592044e-01   5.0147594191e-01   3.2308067996e-01
   4.3835654627e-01   4.3733694186e-01  -4.0587391325e-01   8.0176345047e-01   3.5167140527e-01
   4.4043662500e-01   4.3937615068e-01  -5.0252661468e-01   1.0983235375e+00   3.5519262199e-01
   4.4253985249e-01   4.4149709932e-01  -6.0419195386e-01   1.3793146832e+00   3.3276542608e-01
   4.4462320710e-01   4.4358260566e-01  -7.0577889311e-01   1.6322908227e+00   2.8680670335e-01
   4.4672758775e-01   4.4566380855e-01  -8.0747623852e-01   1.8607137454e+00   2.1903570643e-01
   4.4891196447e-01   4.4779136694e-01  -9.0934302342e-01   2.0666682968e+00   1.2954478083e-01
   4.5126594965e-01   4.5003256200e-01  -1.0112618026e+00   2.2511326220e+00   1.6528375510e-02
   4.5397375997e-01   4.5249933730e-01  -1.1137901111e+00   2.4153401419e+00  -1.2710533986e-01
   4.5735951527e-01   4.5544818263e-01  -1.2111065206e+00   2.5507099497e+00  -3.1122901753e-01
   4.6162797951e-01   4.5927084791e-01  -1.2721040923e+00   2.6246211650e+00  -5.2155889405e-01
   4.6651114958e-01   4.6398511111e-01  -1.2418023781e+00   2.6045653999e+00  -6.8843084341e-01
   4.7039569429e-01   4.6903718805e-01  -1.1382424894e+00   2.5329370997e+00  -7.4130423862e-01
   4.7279185709e-01   4.7175420054e-01  -1.0352259434e+00   2.4696819054e+00  -7.2716823211e-01
   4.7471013751e-01   4.7382951364e-01  -9.3323832550e-01   2.4118592336e+00  -6.8925966996e-01
   4.7637515518e-01   4.7559076137e-01  -8.3133529189e-01   2.3573133368e+00  -6.3710338468e-01
   4.7787857922e-01   4.7715954898e-01  -7.2948790119e-01   2.3050426664e+00  -5.7490237906e-01
   4.7926958189e-01   4.7859760947e-01  -6.2781210697e-01   2.2543786110e+00  -5.0512121199e-01
   4.8057834895e-01   4.7994155431e-01  -5.2605464280e-01   2.2046202058e+00  -4.2908303750e-01
   4.8182509209e-01   4.8121514360e-01  -4.2402939306e-01   2.1551909930e+00  -3.4764267327e-01
   4.8302447802e-01   4.8243504059e-01  -3.2231002712e-01   2.1059307778e+00  -2.6200892265e-01
   4.8418778828e-01   4.8361391545e-01  -2.2118943430e-01   2.0565821571e+00  -1.7306664921e-01
   4.8532376560e-01   4.8476166111e-01  -1.1844925204e-01   2.0056580625e+00  -7.9236173509e-02
   4.8643981443e-01   4.8588587009e-01  -1.7807324355e-02   1.9546245519e+00   1.5704589455e-02
   4.8754242565e-01   4.8699375878e-01   8.5052703952e-02   1.9008838886e+00   1.1553445918e-01
   4.8863737676e-01   4.8809109251e-01   1.8613935833e-01   1.8460905770e+00   2.1615717820e-01
   4.8973025032e-01   4.8918366101e-01   2.8770515822e-01   1.7886196529e+00   3.1954607160e-01
   4.9082651997e-01   4.9027683962e-01   3.9010741027e-01   1.7277038375e+00   4.2593571101e-01
   4.9193180318e-01   4.9137620032e-01   4.9091506723e-01   1.6642662048e+00   5.3261395473e-01
   4.9305229898e-01   4.9248740604e-01   5.9367313786e-01   1.5953787102e+00   6.4319937177e-01
   4.9419488176e-01   4.9361719191e-01   6.9451403175e-01   1.5228537346e+00   7.5340081660e-01
   4.9536771504e-01   4.9477257160e-01   7.9675783326e-01   1.4433828201e+00   8.6670723303e-01
   4.9658103552e-01   4.9596285849e-01   8.9848507149e-01   1.3571237902e+00   9.8090269251e-01
   4.9784778996e-01   4.9719921256e-01   9.9989915387e-01   1.2624325309e+00   1.0960751925e+00
   4.9924818369e-01   4.9849636737e-01   1.1064611203e+00   1.1510625539e+00   1.2184016239e+00