# time = 2.8
# Grid points = 474
# Pressure (Pa) = 101325
#             1_pos             2_posf             3_uvel             4_vvel             5_wvel
  -4.9917840810e-01  -5.0000000000e-01   1.1835808141e+00   9.6679422030e-01   1.2888963090e+00
  -4.9750814511e-01  -4.9835681619e-01   1.2864965059e+00   8.2561784398e-01   1.4072279219e+00
  -4.9566236670e-01  -4.9665947403e-01   1.3858066598e+00   6.5975206718e-01   1.5219904728e+00
  -4.9337913820e-01  -4.9466525936e-01   1.4851489033e+00   4.4229944867e-01   1.6367670181e+00
  -4.9070684198e-01  -4.9209301703e-01   1.5667854902e+00   1.7427695510e-01   1.7297853816e+00
  -4.8796632188e-01  -4.8932066692e-01   1.6097115977e+00  -1.1058941359e-01   1.7754755240e+00
  -4.8525041762e-01  -4.8661197685e-01   1.6103772166e+00  -3.9539296997e-01   1.7692170186e+00
  -4.8247325112e-01  -4.8388885839e-01   1.5688487274e+00  -6.8032335515e-01   1.7109404694e+00
  -4.7971240761e-01  -4.8105764385e-01   1.4879276880e+00  -9.4791271663e-01   1.6049709974e+00
  -4.7731406729e-01  -4.7836717138e-01   1.3888140189e+00  -1.1595976795e+00   1.4789795486e+00
  -4.7535629892e-01  -4.7626096320e-01   1.2892697751e+00  -1.3139626575e+00   1.3550611913e+00
  -4.7363463088e-01  -4.7445163464e-01   1.1902538565e+00  -1.4322741676e+00   1.2339640101e+00
  -4.7205820286e-01  -4.7281762713e-01   1.0913632283e+00  -1.5248935795e+00   1.1150546573e+00
  -4.7057922324e-01  -4.7129877858e-01   9.9222633258e-01  -1.5971108818e+00   9.9789470427e-01
  -4.6916801250e-01  -4.6985966791e-01   8.9369341679e-01  -1.6513803729e+00   8.8353944430e-01
  -4.6780432622e-01  -4.6847635709e-01   7.9424262975e-01  -1.6903048793e+00   7.7034366323e-01
  -4.6647318109e-01  -4.6713229535e-01   6.9572420901e-01  -1.7143439185e+00   6.6055558814e-01
  -4.6516256736e-01  -4.6581406684e-01   5.9699319995e-01  -1.7247308351e+00   5.5303954847e-01
  -4.6386252316e-01  -4.6451106789e-01   4.9768171522e-01  -1.7217175176e+00   4.4764687917e-01
  -4.6256404824e-01  -4.6321397844e-01   3.9875386464e-01  -1.7054599540e+00   3.4566433964e-01
  -4.6125861670e-01  -4.6191411803e-01   3.0002259991e-01  -1.6760412313e+00   2.4716295463e-01
  -4.5993776484e-01  -4.6060311536e-01   2.0144677449e-01  -1.6333093748e+00   1.5242966791e-01
  -4.5859242112e-01  -4.5927241432e-01   1.0203610191e-01  -1.5762150446e+00   6.0991786544e-02
  -4.5721266704e-01  -4.5791242792e-01   3.6743771546e-03  -1.5052669230e+00  -2.4926076143e-02
  -4.5578682495e-01  -4.5651290616e-01  -9.5693989130e-02  -1.4180773923e+00  -1.0647999741e-01
  -4.5430067193e-01  -4.5506074373e-01  -1.9432391161e-01  -1.3148955582e+00  -1.8142011177e-01
  -4.5273610223e-01  -4.5354060013e-01  -2.9336069535e-01  -1.1930066628e+00  -2.4963819123e-01
  -4.5106864371e-01  -4.5193160433e-01  -3.9214155334e-01  -1.0509828801e+00  -3.0932767040e-01
  -4.4926329074e-01  -4.5020568309e-01  -4.9117858598e-01  -8.8499403326e-01  -3.5896573825e-01
  -4.4726609887e-01  -4.4832089838e-01  -5.9005177705e-01  -6.9116411304e-01  -3.9569015184e-01
  -4.4498442178e-01  -4.4621129935e-01  -6.8912404778e-01  -4.6149704644e-01  -4.1551176911e-01
  -4.4235257510e-01  -4.4375754422e-01  -7.8470294800e-01  -1.9407170818e-01  -4.1184178795e-01
  -4.3946564586e-01  -4.4094760599e-01  -8.6651942679e-01   9.0375304958e-02  -3.8070254285e-01
  -4.3633688466e-01  -4.3798368573e-01  -9.2889985418e-01   3.7597222284e-01  -3.2319451658e-01
  -4.3268516130e-01  -4.3469008358e-01  -9.6869118091e-01   6.6222408993e-01  -2.3961018783e-01
  -4.2755929390e-01  -4.3068023901e-01  -9.6876752222e-01   9.5337833253e-01  -1.2646379077e-01
  -4.2166997226e-01  -4.2443834879e-01  -9.0124864763e-01   1.1274855695e+00  -4.7487591775e-02
  -4.1704632770e-01  -4.1890159573e-01  -8.0045137212e-01   1.1494745763e+00  -4.7581028019e-02
  -4.1367958978e-01  -4.1519105967e-01  -7.0123478345e-01   1.1113181201e+00  -8.7005413809e-02
  -4.1084966285e-01  -4.1216811989e-01  -6.0235866742e-01   1.0524286952e+00  -1.4266491631e-01
  -4.0833775233e-01  -4.0953120581e-01  -5.0336675063e-01   9.8428528534e-01  -2.0582636353e-01
  -4.0603685963e-01  -4.0714429884e-01  -4.0462058737e-01   9.1206354036e-01  -2.7136807506e-01
  -4.0388289794e-01  -4.0492942043e-01  -3.0574001068e-01   8.3770452588e-01  -3.3649753609e-01
  -4.0183252169e-01  -4.0283637546e-01  -2.0692707405e-01   7.6224194804e-01  -3.9903040647e-01
  -3.9985311918e-01  -4.0082866791e-01  -1.0805145296e-01   6.8571317324e-01  -4.5756698240e-01
  -3.9791788163e-01  -3.9887757044e-01  -9.3280481168e-03   6.0793270900e-01  -5.1084325856e-01
  -3.9600259296e-01  -3.9695819283e-01   8.9626741660e-02   5.2785249382e-01  -5.5808921517e-01
  -3.9408304632e-01  -3.9504699309e-01   1.8855620307e-01   4.4453727346e-01  -5.9824297901e-01
  -3.9213230721e-01  -3.9311909955e-01   2.8734615834e-01   3.5648851507e-01  -6.3032169518e-01
  -3.9011678658e-01  -3.9114551487e-01   3.8624174740e-01   2.6118189573e-01  -6.5325054856e-01
  -3.8798888510e-01  -3.8908805828e-01   4.8521591618e-01   1.5509406205e-01  -6.6538860457e-01
  -3.8567048920e-01  -3.8688971191e-01   5.8422192442e-01   3.2324141610e-02  -6.6416674932e-01
  -3.8300187036e-01  -3.8445126649e-01   6.8366634234e-01  -1.1976596469e-01  -6.4451926832e-01
  -3.7960165421e-01  -3.8155247422e-01   7.8176527595e-01  -3.3148347752e-01  -5.9378765025e-01
  -3.7567331486e-01  -3.7765083420e-01   8.4929935003e-01  -6.0015885918e-01  -5.0771000270e-01
  -3.7184186692e-01  -3.7369579552e-01   8.6131657340e-01  -8.8417246899e-01  -4.0530842170e-01
  -3.6818376169e-01  -3.6998793832e-01   8.2025175937e-01  -1.1686863079e+00  -3.0147140748e-01
  -3.6476920525e-01  -3.6637958505e-01   7.3755469124e-01  -1.4359693640e+00  -2.0845010395e-01
  -3.6190222515e-01  -3.6315882545e-01   6.3803469165e-01  -1.6541225981e+00  -1.3824941307e-01
  -3.5955743529e-01  -3.6064562486e-01   5.3888093360e-01  -1.8224151934e+00  -8.8793837517e-02
  -3.5747581335e-01  -3.5846924571e-01   4.3977789282e-01  -1.9608214900e+00  -5.1779886990e-02
  -3.5554555589e-01  -3.5648238098e-01   3.4061605012e-01  -2.0771248272e+00  -2.3654483069e-02
  -3.5370428246e-01  -3.5460873079e-01   2.4192253041e-01  -2.1745413025e+00  -2.5378513923e-03
  -3.5191009141e-01  -3.5279983412e-01   1.4300649207e-01  -2.2556008069e+00   1.3013444000e-02
  -3.5013002733e-01  -3.5102034870e-01   4.4046372108e-02  -2.3206428422e+00   2.3843918609e-02
  -3.4833352158e-01  -3.4923970596e-01  -5.5059859597e-02  -2.3692913962e+00   3.0661540570e-02
  -3.4648782394e-01  -3.4742733720e-01  -1.5378687750e-01  -2.3999859491e+00   3.4072621270e-02
  -3.4455195495e-01  -3.4554831069e-01  -2.5280158595e-01  -2.4102284038e+00   3.4741321980e-02
  -3.4246600922e-01  -3.4355559922e-01  -3.5186133834e-01  -2.3948717741e+00   3.3437254765e-02
  -3.4012589732e-01  -3.4137641922e-01  -4.5099621817e-01  -2.3442476320e+00   3.1404123445e-02
  -3.3729386531e-01  -3.3887537541e-01  -5.5068850280e-01  -2.2353132049e+00   3.1363377416e-02
  -3.3373119516e-01  -3.3571235521e-01  -6.4031705019e-01  -2.0268563601e+00   4.0746805279e-02
  -3.3013995431e-01  -3.3175003512e-01  -6.8896372872e-01  -1.7453001733e+00   6.6103664133e-02
  -3.2713093899e-01  -3.2852987349e-01  -6.9572640842e-01  -1.4598457433e+00   1.0332097291e-01
  -3.2444947423e-01  -3.2573200448e-01  -6.7695112056e-01  -1.1744578454e+00   1.4963562770e-01
  -3.2194996463e-01  -3.2316694398e-01  -6.4034663165e-01  -8.8993293870e-01   2.0312913119e-01
  -3.1954784063e-01  -3.2073298528e-01  -5.8961266805e-01  -6.0448607350e-01   2.6267680678e-01
  -3.1718162262e-01  -3.1836269597e-01  -5.2729996129e-01  -3.2026158993e-01   3.2640436730e-01
  -3.1479564044e-01  -3.1600054927e-01  -4.5381429272e-01  -3.4572610129e-02   3.9332716652e-01
  -3.1232750552e-01  -3.1359073161e-01  -3.6978152854e-01   2.5006227547e-01   4.6082740435e-01
  -3.0974859368e-01  -3.1106427944e-01  -2.7566088640e-01   5.2937560844e-01   5.2496217904e-01
  -3.0714129829e-01  -3.0843290792e-01  -1.7697155945e-01   7.8422638028e-01   5.7750109511e-01
  -3.0455287342e-01  -3.0584968867e-01  -7.8275849031e-02   1.0015083252e+00   6.1165369843e-01
  -3.0192288339e-01  -3.0325605817e-01   2.0712679056e-02   1.1794015097e+00   6.2260983749e-01
  -2.9918504232e-01  -3.0058970861e-01   1.1937241899e-01   1.3109814061e+00   6.0354473770e-01
  -2.9625455536e-01  -2.9778037603e-01   2.1823236274e-01   1.3866034278e+00   5.4451927158e-01
  -2.9299442333e-01  -2.9472873469e-01   3.1714868483e-01   1.3874419798e+00   4.2959040800e-01
  -2.8955416173e-01  -2.9126011198e-01   4.0656982328e-01   1.2957940663e+00   2.5474326493e-01
  -2.8641489689e-01  -2.8784821147e-01   4.7248853068e-01   1.1357843082e+00   5.4009581801e-02
  -2.8367227528e-01  -2.8498158232e-01   5.1624920019e-01   9.4298751151e-01  -1.4671838667e-01
  -2.8109973593e-01  -2.8236296824e-01   5.4419917951e-01   7.2753784568e-01  -3.4680139155e-01
  -2.7855854486e-01  -2.7983650363e-01   5.5842555136e-01   4.9139462081e-01  -5.4699730193e-01
  -2.7591378759e-01  -2.7728058609e-01   5.5794923463e-01   2.3246030580e-01  -7.4767177503e-01
  -2.7306953365e-01  -2.7454698909e-01   5.3886590893e-01  -4.5910693530e-02  -9.4157636905e-01
  -2.6996238336e-01  -2.7159207822e-01   4.9475499350e-01  -3.3173210121e-01  -1.1119095784e+00
  -2.6657645717e-01  -2.6833268850e-01   4.1805265069e-01  -6.0019031239e-01  -1.2307661372e+00
  -2.6342123777e-01  -2.6482022584e-01   3.2024324110e-01  -7.9404874973e-01  -1.2674436143e+00
  -2.6083514468e-01  -2.6202224969e-01   2.2094594968e-01  -9.0241148665e-01  -1.2364847638e+00
  -2.5858769354e-01  -2.5964803967e-01   1.2213174695e-01  -9.5579049137e-01  -1.1638452456e+00
  -2.5655037453e-01  -2.5752734742e-01   2.3003276213e-02  -9.7082785086e-01  -1.0614999228e+00
  -2.5465278369e-01  -2.5557340165e-01  -7.5690600946e-02  -9.5652277118e-01  -9.3728462420e-01
  -2.5284972121e-01  -2.5373216573e-01  -1.7476442090e-01  -9.1851704608e-01  -7.9464975398e-01
  -2.5110888879e-01  -2.5196727669e-01  -2.7349220151e-01  -8.6086568049e-01  -6.3759564743e-01
  -2.4940443518e-01  -2.5025050088e-01  -3.7269253760e-01  -7.8565389871e-01  -4.6685720504e-01
  -2.4771352258e-01  -2.4855836948e-01  -4.7147305780e-01  -6.9527016977e-01  -2.8537527729e-01
  -2.4601470591e-01  -2.4686867567e-01  -5.7021183392e-01  -5.9053273462e-01  -9.3469472574e-02
  -2.4431234304e-01  -2.4516073614e-01  -6.6726701458e-01  -4.7392570028e-01   1.0494298011e-01
  -2.4261819605e-01  -2.4346394993e-01  -7.6070450410e-01  -3.4847009736e-01   3.0519201131e-01
  -2.4091346566e-01  -2.4177244216e-01  -8.4998354681e-01  -2.1529415483e-01   5.0558823487e-01
  -2.3916427906e-01  -2.4005448915e-01  -9.3479291933e-01  -7.4521207103e-02   7.0538561469e-01
  -2.3732807788e-01  -2.3827406896e-01  -1.0153715259e+00   7.6111701739e-02   9.0606385455e-01
  -2.3534180132e-01  -2.3638208681e-01  -1.0901234936e+00   2.3793312358e-01   1.1060622479e+00
  -2.3309001431e-01  -2.3430151584e-01  -1.1574720885e+00   4.1772575235e-01   1.3071413398e+00
  -2.3027701721e-01  -2.3187851277e-01  -1.2112291994e+00   6.3037767615e-01   1.5096653357e+00
  -2.2645548597e-01  -2.2867552165e-01  -1.2245369616e+00   8.9075851056e-01   1.6859565307e+00
  -2.2235484195e-01  -2.2423545029e-01  -1.1616473295e+00   1.1299345760e+00   1.7468760996e+00
  -2.1926377134e-01  -2.2047423360e-01  -1.0601039948e+00   1.2814196973e+00   1.7048619895e+00
  -2.1707588367e-01  -2.1805330907e-01  -9.6048183448e-01   1.3740295128e+00   1.6320551596e+00
  -2.1524632204e-01  -2.1609845826e-01  -8.6134747681e-01   1.4431179222e+00   1.5479166955e+00
  -2.1362140285e-01  -2.1439418582e-01  -7.6231693249e-01   1.4987127272e+00   1.4580552211e+00
  -2.1213035299e-01  -2.1284861988e-01  -6.6334464694e-01   1.5452987827e+00   1.3652030464e+00
  -2.1073297734e-01  -2.1141208611e-01  -5.6448112856e-01   1.5853415007e+00   1.2710073206e+00
  -2.0940352536e-01  -2.1005386857e-01  -4.6573859518e-01   1.6203607978e+00   1.1765161750e+00
  -2.0812417356e-01  -2.0875318216e-01  -3.6652326399e-01   1.6515229303e+00   1.0819009040e+00
  -2.0688161592e-01  -2.0749516496e-01  -2.6752788279e-01   1.6792522664e+00   9.8839347142e-01
  -2.0566526556e-01  -2.0626806687e-01  -1.6846583335e-01   1.7040880235e+00   8.9618633539e-01
  -2.0446637627e-01  -2.0506246426e-01  -6.9685188714e-02   1.7262493120e+00   8.0599614107e-01
  -2.0327734466e-01  -2.0387028829e-01   2.8955042654e-02   1.7459674382e+00   7.1803768386e-01
  -2.0209126970e-01  -2.0268440103e-01   1.2756702075e-01   1.7633564743e+00   6.3254387773e-01
  -2.0090147165e-01  -2.0149813836e-01   2.2722867463e-01   1.7785571120e+00   5.4898314201e-01
  -1.9970122365e-01  -2.0030480494e-01   3.2591161750e-01   1.7911756192e+00   4.6942209311e-01
  -1.9848348986e-01  -1.9909764236e-01   4.2469075174e-01   1.8012284300e+00   3.9332219722e-01
  -1.9724048137e-01  -1.9786933735e-01   5.2356187516e-01   1.8084434683e+00   3.2112964510e-01
  -1.9596323099e-01  -1.9661162539e-01   6.2236716198e-01   1.8124283181e+00   2.5345616135e-01
  -1.9464093815e-01  -1.9531483659e-01   7.2124130150e-01   1.8126533226e+00   1.9079950120e-01
  -1.9325989426e-01  -1.9396703971e-01   8.2036887731e-01   1.8083458971e+00   1.3379857109e-01
  -1.9180212350e-01  -1.9255274881e-01   9.1920885439e-01   1.7984617906e+00   8.3693480298e-02
  -1.9024256431e-01  -1.9105149818e-01   1.0181951008e+00   1.7814142054e+00   4.1479604752e-02
  -1.8854366466e-01  -1.8943363044e-01   1.1171844941e+00   1.7548046159e+00   8.9898684440e-03
  -1.8664397079e-01  -1.8765369889e-01   1.2162168963e+00   1.7146063551e+00  -1.1090840457e-02
  -1.8442730585e-01  -1.8563424269e-01   1.3153933794e+00   1.6531631129e+00  -1.4071396473e-02
  -1.8160313917e-01  -1.8322036901e-01   1.4154341487e+00   1.5511360161e+00   1.0750628010e-02
  -1.7756259117e-01  -1.7998590933e-01   1.5066445124e+00   1.3588096157e+00   9.0031405309e-02
  -1.7303185648e-01  -1.7513927301e-01   1.5437693057e+00   1.0854748873e+00   2.1402952328e-01
  -1.6908706558e-01  -1.7092443995e-01   1.5224917973e+00   8.0102084889e-01   3.3109079736e-01
  -1.6556874658e-01  -1.6724969121e-01   1.4659352292e+00   5.1633411789e-01   4.2617770427e-01
  -1.6230329771e-01  -1.6388780195e-01   1.3856275397e+00   2.3237120861e-01   4.9592419196e-01
  -1.5930533986e-01  -1.6071879347e-01   1.2906515729e+00  -4.1654174261e-02   5.3875854872e-01
  -1.5665937975e-01  -1.5789188625e-01   1.1917149357e+00  -2.8994346945e-01   5.5663746692e-01
  -1.5431114807e-01  -1.5542687324e-01   1.0928208444e+00  -5.1329256158e-01   5.5569666044e-01
  -1.5216225868e-01  -1.5319542290e-01   9.9388330786e-01  -7.1808022182e-01   5.4065703684e-01
  -1.5015713276e-01  -1.5112909446e-01   8.9514368511e-01  -9.0717216214e-01   5.1456297663e-01
  -1.4825992434e-01  -1.4918517106e-01   7.9622876457e-01  -1.0832302632e+00   4.7935923485e-01
  -1.4644521115e-01  -1.4733467761e-01   6.9746729017e-01  -1.2468066320e+00   4.3660187667e-01
  -1.4469345284e-01  -1.4555574469e-01   5.9852820399e-01  -1.3990847290e+00   3.8718749086e-01
  -1.4298867368e-01  -1.4383116098e-01   4.9970543616e-01  -1.5398543296e+00   3.3198533229e-01
  -1.4131690759e-01  -1.4214618637e-01   4.0110278647e-01  -1.6689863103e+00   2.7157067254e-01
  -1.3966534044e-01  -1.4048762881e-01   3.0181701609e-01  -1.7871888705e+00   2.0560097931e-01
  -1.3802137227e-01  -1.3884305207e-01   2.0325666698e-01  -1.8921050528e+00   1.3506663218e-01
  -1.3637181817e-01  -1.3719969246e-01   1.0432817582e-01  -1.9839279503e+00   5.9059397647e-02
  -1.3470202479e-01  -1.3554394387e-01   5.3297132033e-03  -2.0606865314e+00  -2.2657458897e-02
  -1.3299460342e-01  -1.3386010571e-01  -9.3443157377e-02  -2.1199673905e+00  -1.1055026192e-01
  -1.3122742364e-01  -1.3212910114e-01  -1.9229944863e-01  -2.1587629375e+00  -2.0604856467e-01
  -1.2936992205e-01  -1.3032574614e-01  -2.9127061548e-01  -2.1721288359e+00  -3.1107864371e-01
  -1.2737607576e-01  -1.2841409796e-01  -3.9023467928e-01  -2.1522776080e+00  -4.2858420813e-01
  -1.2516795232e-01  -1.2633805357e-01  -4.8919200653e-01  -2.0858167234e+00  -5.6397050407e-01
  -1.2259649311e-01  -1.2399785107e-01  -5.8837753892e-01  -1.9450322987e+00  -7.2881396008e-01
  -1.1978118372e-01  -1.2119513514e-01  -6.7440518708e-01  -1.7123290814e+00  -9.1622056701e-01
  -1.1722127913e-01  -1.1836723231e-01  -7.3099335266e-01  -1.4296990285e+00  -1.0924153131e+00
  -1.1509287231e-01  -1.1607532595e-01  -7.6160796497e-01  -1.1436319488e+00  -1.2426782079e+00
  -1.1322832905e-01  -1.1411041867e-01  -7.7636073570e-01  -8.5827354001e-01  -1.3762318774e+00
  -1.1153107570e-01  -1.1234623943e-01  -7.8051194359e-01  -5.7336172962e-01  -1.4987581886e+00
  -1.0994725144e-01  -1.1071591197e-01  -7.7696724506e-01  -2.8745074155e-01  -1.6138672120e+00
  -1.0844209005e-01  -1.0917859092e-01  -7.6762222694e-01  -2.8765001837e-03  -1.7224908915e+00
  -1.0699069130e-01  -1.0770558918e-01  -7.5372846342e-01   2.8223929505e-01  -1.8266052635e+00
  -1.0557379342e-01  -1.0627579343e-01  -7.3616782711e-01   5.6828687997e-01  -1.9271479781e+00
  -1.0417484262e-01  -1.0487179340e-01  -7.1591349879e-01   8.5189930916e-01  -2.0235564928e+00
  -1.0277836491e-01  -1.0347789183e-01  -6.9317910901e-01   1.1384039776e+00  -2.1180273143e+00
  -1.0136848770e-01  -1.0207883800e-01  -6.6885053477e-01   1.4229934466e+00  -2.2091927844e+00
  -9.9927160114e-02  -1.0065813741e-01  -6.4324751820e-01   1.7078315169e+00  -2.2978705339e+00
  -9.8431492431e-02  -9.9196182820e-02  -6.1679474651e-01   1.9935500928e+00  -2.3841552959e+00
  -9.6849353975e-02  -9.7666802042e-02  -5.9021574750e-01   2.2783696297e+00  -2.4671873163e+00
  -9.5128935434e-02  -9.6031905908e-02  -5.6406235894e-01   2.5643548563e+00  -2.5468026938e+00
  -9.3169554815e-02  -9.4225964960e-02  -5.3960050925e-01   2.8512115472e+00  -2.6211113605e+00
  -9.0693116826e-02  -9.2113144671e-02  -5.1966577744e-01   3.1404208110e+00  -2.6852331478e+00
  -8.6064311804e-02  -8.9273088982e-02  -5.2628767786e-01   3.4035599337e+00  -2.6918110834e+00
  -8.1038906322e-02  -8.2855534627e-02  -5.9371952192e-01   3.2988406744e+00  -2.5355561231e+00
  -7.8108252031e-02  -7.9222278017e-02  -6.6542609497e-01   3.0110043645e+00  -2.3449359099e+00
  -7.6119770026e-02  -7.6994226045e-02  -7.2558770663e-01   2.7231161015e+00  -2.1725799002e+00
  -7.4493656872e-02  -7.5245314008e-02  -7.8017041322e-01   2.4369254645e+00  -2.0069332709e+00
  -7.3066926550e-02  -7.3741999736e-02  -8.3127946089e-01   2.1503138840e+00  -1.8435233544e+00
  -7.1768786630e-02  -7.2391853364e-02  -8.7920366168e-01   1.8659907529e+00  -1.6824635822e+00
  -7.0560251636e-02  -7.1145719897e-02  -9.2475610000e-01   1.5816979532e+00  -1.5216843987e+00
  -6.9417550346e-02  -6.9974783374e-02  -9.6860643968e-01   1.2943860826e+00  -1.3589573590e+00
  -6.8324055410e-02  -6.8860317318e-02  -1.0098047603e+00   1.0112561033e+00  -1.1980032601e+00
  -6.7267461975e-02  -6.7787793503e-02  -1.0493517571e+00   7.2616120070e-01  -1.0350554967e+00
  -6.6238617133e-02  -6.6747130448e-02  -1.0871715126e+00   4.3954411983e-01  -8.7010290207e-01
  -6.5229849759e-02  -6.5730103818e-02  -1.1227990101e+00   1.5495217007e-01  -7.0496839303e-01
  -6.4234582529e-02  -6.4729595701e-02  -1.1565026726e+00  -1.2981877880e-01  -5.3817604521e-01
  -6.3247023061e-02  -6.3739569357e-02  -1.1882443861e+00  -4.1503220367e-01  -3.6934465769e-01
  -6.2261713444e-02  -6.2754476766e-02  -1.2179326322e+00  -7.0082008009e-01  -1.9814388441e-01
  -6.1273271772e-02  -6.1768950123e-02  -1.2452933082e+00  -9.8569640112e-01  -2.5202100495e-02
  -6.0276158330e-02  -6.0777593420e-02  -1.2702562348e+00  -1.2704683315e+00   1.5026082943e-01
  -5.9264388663e-02  -5.9774723239e-02  -1.2926057568e+00  -1.5550385642e+00   3.2854291033e-01
  -5.8231038661e-02  -5.8754054088e-02  -1.3122112656e+00  -1.8418021555e+00   5.1164114877e-01
  -5.7167898835e-02  -5.7708023234e-02  -1.3284238829e+00  -2.1267906536e+00   6.9760333063e-01
  -5.6065022706e-02  -5.6627774435e-02  -1.3408170109e+00  -2.4094356857e+00   8.8667684602e-01
  -5.4910797379e-02  -5.5502270977e-02  -1.3489487237e+00  -2.6970533664e+00   1.0848653009e+00
  -5.3708034454e-02  -5.4319323781e-02  -1.3515607323e+00  -2.9755231439e+00   1.2837044646e+00
  -5.2463138266e-02  -5.3096745126e-02  -1.3478896710e+00  -3.2437045696e+00   1.4835345058e+00
  -5.1166546254e-02  -5.1829531406e-02  -1.3369636433e+00  -3.4976719832e+00   1.6829735774e+00
  -4.9801008403e-02  -5.0503561102e-02  -1.3171577563e+00  -3.7375750267e+00   1.8845245236e+00
  -4.8342526768e-02  -4.9098455703e-02  -1.2869489217e+00  -3.9544287511e+00   2.0839503663e+00
  -4.6754581213e-02  -4.7586597833e-02  -1.2430442678e+00  -4.1457487291e+00   2.2842321530e+00
  -4.4974374735e-02  -4.5922564593e-02  -1.1805053393e+00  -4.3005779337e+00   2.4845624836e+00
  -4.2998052848e-02  -4.4026184878e-02  -1.0949533128e+00  -4.3971601753e+00   2.6755052427e+00
  -4.1070655474e-02  -4.1969920818e-02  -9.9640061286e-01  -4.4148986849e+00   2.8279051169e+00
  -3.9362305491e-02  -4.0171390129e-02  -8.9751130257e-01  -4.3671279110e+00   2.9331956485e+00
  -3.7805683954e-02  -3.8553220854e-02  -7.9845502230e-01  -4.2730532029e+00   3.0047289374e+00
  -3.6354604293e-02  -3.7058147054e-02  -6.9942580725e-01  -4.1439157652e+00   3.0500698273e+00
  -3.4979688191e-02  -3.5651061533e-02  -6.0069552311e-01  -3.9873414004e+00   3.0740653204e+00
  -3.3660687901e-02  -3.4308314849e-02  -5.0191100878e-01  -3.8076557088e+00   3.0800319725e+00
  -3.2382721616e-02  -3.3013060953e-02  -4.0283853434e-01  -3.6077302288e+00   3.0700248311e+00
  -3.1134000315e-02  -3.1752382279e-02  -3.0375318483e-01  -3.3905632526e+00   3.0454542835e+00
  -2.9904597774e-02  -3.0515618351e-02  -2.0476952977e-01  -3.1583830565e+00   3.0073588209e+00
  -2.8685747466e-02  -2.9293577198e-02  -1.0589290607e-01  -2.9127608647e+00   2.9563924033e+00
  -2.7469270579e-02  -2.8077917734e-02  -7.0674577289e-03  -2.6547524931e+00   2.8928312670e+00
  -2.6247064189e-02  -2.6860623423e-02   9.1777679159e-02  -2.3850582047e+00   2.8165914591e+00
  -2.5014821667e-02  -2.5633504956e-02   1.9033768908e-01  -2.1052001935e+00   2.7275960205e+00
  -2.3783464998e-02  -2.4396138378e-02   2.8698507845e-01  -1.8205907713e+00   2.6270648342e+00
  -2.2559798503e-02  -2.3170791618e-02   3.8055531224e-01  -1.5356153185e+00   2.5161550705e+00
  -2.1333573805e-02  -2.1948805389e-02   4.7127055388e-01  -1.2504658467e+00   2.3944337390e+00
  -2.0092652379e-02  -2.0718342222e-02   5.5935865719e-01  -9.6499022499e-01   2.2609238085e+00
  -1.8823713972e-02  -1.9466962537e-02   6.4484670347e-01  -6.7938573572e-01   2.1143190385e+00
  -1.7510956879e-02  -1.8180465406e-02   7.2749605931e-01  -3.9449244690e-01   1.9530970735e+00
  -1.6134263046e-02  -1.6841448352e-02   8.0742195515e-01  -1.0957182469e-01   1.7739238312e+00
  -1.4716027676e-02  -1.5427077741e-02   8.8178186139e-01   1.6555107866e-01   1.5798104247e+00
  -1.3323109993e-02  -1.4004977611e-02   9.4697685812e-01   4.1721202065e-01   1.3784529740e+00
  -1.1982185388e-02  -1.2641242376e-02   1.0006568647e+00   6.3479150128e-01   1.1793492582e+00
  -1.0682244316e-02  -1.1323128401e-02   1.0447218516e+00   8.2409977012e-01   9.7947241727e-01
  -9.4147914636e-03  -1.0041360232e-02   1.0797003352e+00   9.8606075739e-01   7.7924968117e-01
  -8.1726570787e-03  -8.7882226952e-03   1.1060855139e+00   1.1216391562e+00   5.7903028045e-01
  -6.9495966886e-03  -7.5570914623e-03   1.1243432765e+00   1.2318623728e+00   3.7899136882e-01
  -5.7399918747e-03  -6.3421019150e-03   1.1348864528e+00   1.3177069133e+00   1.7917448280e-01
  -4.5386011756e-03  -5.1378818345e-03   1.1380569210e+00   1.3800121050e+00  -2.0479779553e-02
  -3.3403364641e-03  -3.9393205168e-03   1.1341145260e+00   1.4194181014e+00  -2.2009734950e-01
  -2.1400090595e-03  -2.7413524114e-03   1.1231116283e+00   1.4362834197e+00  -4.2117308094e-01
  -9.3212634877e-04  -1.5386657077e-03   1.1052934975e+00   1.4305410918e+00  -6.2109651423e-01
   2.8931424925e-04  -3.2558698988e-04   1.0807220119e+00   1.4024928189e+00  -8.2087026700e-01
   1.5311812089e-03   9.0421548837e-04   1.0493502549e+00   1.3519033488e+00  -1.0207673870e+00
   2.8016617177e-03   2.1581469294e-03   1.0111046191e+00   1.2783276854e+00  -1.2205811802e+00
   4.1109605850e-03   3.4451765061e-03   9.6570463048e-01   1.1807643544e+00  -1.4205897646e+00
   5.4725294366e-03   4.7767446639e-03   9.1258592306e-01   1.0573296691e+00  -1.6213341484e+00
   6.9046774823e-03   6.1683142094e-03   8.5158758895e-01   9.0687938041e-01  -1.8211202699e+00
   8.4340799804e-03   7.6410407552e-03   7.8152988446e-01   7.2554775125e-01  -2.0208328658e+00
   1.0104145255e-02   9.2271192055e-03   7.0023321899e-01   5.0614120030e-01  -2.2215518912e+00
   1.1941516552e-02   1.0981171305e-02   6.0735483673e-01   2.4581054542e-01  -2.4174490074e+00
   1.3844002375e-02   1.2901861799e-02   5.1005871829e-01  -3.6328523309e-02  -2.5894670423e+00
   1.5719327137e-02   1.4786142951e-02   4.1445483813e-01  -3.2217033190e-01  -2.7267362010e+00
   1.7600566921e-02   1.6652511322e-02   3.2180382815e-01  -6.0692704477e-01  -2.8286981779e+00
   1.9538400328e-02   1.8548622520e-02   2.3128980956e-01  -8.9232253097e-01  -2.8952344901e+00
   2.1598120379e-02   2.0528178135e-02   1.4279281780e-01  -1.1782143823e+00  -2.9214752465e+00
   2.3888292623e-02   2.2668062623e-02   5.6257800938e-02  -1.4641001897e+00  -2.8962703092e+00
   2.6618799763e-02   2.5108522624e-02  -2.8308832002e-02  -1.7481544652e+00  -2.7926744908e+00
   2.9401618874e-02   2.8129076902e-02  -9.2725508333e-02  -1.9634148006e+00  -2.6123743092e+00
   3.1692531966e-02   3.0674160846e-02  -1.2829430072e-01  -2.0746455455e+00  -2.4107303102e+00
   3.3600221992e-02   3.2710903086e-02  -1.4598363173e-01  -2.1175599941e+00  -2.2101232573e+00
   3.5300111210e-02   3.4489540898e-02  -1.5307632854e-01  -2.1162238563e+00  -2.0091136243e+00
   3.6869555690e-02   3.6110681521e-02  -1.5280659658e-01  -2.0814964348e+00  -1.8094072551e+00
   3.8351830203e-02   3.7628429858e-02  -1.4703714506e-01  -2.0191147063e+00  -1.6094145289e+00
   3.9774323875e-02   3.9075230547e-02  -1.3689707776e-01  -1.9325584695e+00  -1.4095906114e+00
   4.1156420734e-02   4.0473417203e-02  -1.2304868363e-01  -1.8231514369e+00  -1.2087170231e+00
   4.2513044807e-02   4.1839424264e-02  -1.0621427464e-01  -1.6935784808e+00  -1.0092742608e+00
   4.3856500443e-02   4.3186665349e-02  -8.6653474242e-02  -1.5434839725e+00  -8.0944028714e-01
   4.5197538296e-02   4.4526335537e-02  -6.4550770624e-02  -1.3722839573e+00  -6.0855374237e-01
   4.6546249027e-02   4.5868741055e-02  -4.0459011481e-02  -1.1824859912e+00  -4.0960861110e-01
   4.7912792377e-02   4.7223756999e-02  -1.4032670384e-02  -9.6964862899e-01  -2.0858409759e-01
   4.9307828469e-02   4.8601827754e-02   1.4088593633e-02  -7.3727555168e-01  -9.6528443251e-03
   5.0743392454e-02   5.0013829184e-02   4.4409519485e-02  -4.7951780879e-01   1.9108237573e-01
   5.2207825414e-02   5.1472955725e-02   7.6027632108e-02  -2.0246405660e-01   3.8780352759e-01
   5.3650667067e-02   5.2942695103e-02   1.0757028008e-01   8.2514467375e-02   5.7304754834e-01
   5.5047776467e-02   5.4358639031e-02   1.3807050953e-01   3.6636661232e-01   7.4280539030e-01
   5.6414013560e-02   5.5736913904e-02   1.6803275500e-01   6.5323883527e-01   9.0127743841e-01
   5.7762323677e-02   5.7091113216e-02   1.9690718271e-01   9.3723245197e-01   1.0466539245e+00
   5.9104466362e-02   5.8433534137e-02   2.2513291190e-01   1.2219573368e+00   1.1820783624e+00
   6.0451808752e-02   5.9775398588e-02   2.5284325944e-01   1.5083095095e+00   1.3087324414e+00
   6.1816225066e-02   6.1128218917e-02   2.7963068431e-01   1.7915165801e+00   1.4253245768e+00
   6.3211375120e-02   6.2504231215e-02   3.0619817646e-01   2.0786220879e+00   1.5353141597e+00
   6.4653930942e-02   6.3918519026e-02   3.3195188250e-01   2.3629675945e+00   1.6365631508e+00
   6.6165814248e-02   6.5389342859e-02   3.5720391463e-01   2.6478113631e+00   1.7307278574e+00
   6.7779318088e-02   6.6942285637e-02   3.8196502372e-01   2.9336291691e+00   1.8181495385e+00
   6.9546485745e-02   6.8616350540e-02   4.0598428763e-01   3.2185839307e+00   1.8983929435e+00
   7.1567532276e-02   7.0476620951e-02   4.2924427477e-01   3.5055615997e+00   1.9721224380e+00
   7.4104885422e-02   7.2658443602e-02   4.5087648662e-01   3.7940928508e+00   2.0384317777e+00
   7.7526520153e-02   7.5551327241e-02   4.6498753994e-01   4.0440036143e+00   2.0872364629e+00
   8.1476905976e-02   7.9501713064e-02   4.5725920291e-01   4.1227895175e+00   2.0945313073e+00
   8.5477905063e-02   8.3452098887e-02   4.1931292167e-01   3.9614694155e+00   2.0545251639e+00
   8.8741837857e-02   8.7503711239e-02   3.6562292057e-01   3.6645576690e+00   1.9917888201e+00
   9.0981550477e-02   8.9979964474e-02   3.1634637840e-01   3.3774471202e+00   1.9332592916e+00
   9.2861396960e-02   9.1983136480e-02   2.6785380867e-01   3.0915885768e+00   1.8750616284e+00
   9.4541878575e-02   9.3739657440e-02   2.1942463560e-01   2.8053747679e+00   1.8161211159e+00
   9.6096131064e-02   9.5344099709e-02   1.7124938178e-01   2.5207578755e+00   1.7563937882e+00
   9.7565832357e-02   9.6848162418e-02   1.2302898391e-01   2.2361191699e+00   1.6952136803e+00
   9.8977729923e-02   9.8283502295e-02   7.4549773579e-02   1.9500053096e+00   1.6319578652e+00
   1.0035123539e-01   9.9671957551e-02   2.6470462466e-02   1.6658820481e+00   1.5671180691e+00
   1.0170158899e-01   1.0103051323e-01  -2.1809284352e-02   1.3795784897e+00   1.4994546373e+00
   1.0304161504e-01   1.0237266476e-01  -6.9359009621e-02   1.0957997134e+00   1.4297788406e+00
   1.0438312125e-01   1.0371056532e-01  -1.1677086560e-01   8.0995490740e-01   1.3566268113e+00
   1.0573772454e-01   1.0505567718e-01  -1.6334457089e-01   5.2487123385e-01   1.2802973265e+00
   1.0711777092e-01   1.0641977189e-01  -2.0885984696e-01   2.4012450416e-01   1.2002157178e+00
   1.0853732118e-01   1.0781576996e-01  -2.5295434974e-01  -4.4394075218e-02   1.1157748359e+00
   1.1001381601e-01   1.0925887241e-01  -2.9534115366e-01  -3.3033314205e-01   1.0256616263e+00
   1.1157029742e-01   1.1076875960e-01  -3.3500083686e-01  -6.1599243639e-01   9.2930594047e-01
   1.1323910999e-01   1.1237183524e-01  -3.7074182031e-01  -9.0061087230e-01   8.2550679520e-01
   1.1507083258e-01   1.1410638474e-01  -4.0100823294e-01  -1.1857752937e+00   7.1138051422e-01
   1.1715595752e-01   1.1603528043e-01  -4.2260785985e-01  -1.4718896494e+00   5.8260023502e-01
   1.1969438156e-01   1.1827663460e-01  -4.2850361826e-01  -1.7592437929e+00   4.3023220615e-01
   1.2294359536e-01   1.2111212852e-01  -4.0189106104e-01  -2.0252470351e+00   2.4694411821e-01
   1.2658882411e-01   1.2477506220e-01  -3.2812848421e-01  -2.1933850257e+00   6.1416860383e-02
   1.2978377682e-01   1.2840258601e-01  -2.2913078258e-01  -2.2340576927e+00  -7.9588017774e-02
   1.3235774354e-01   1.3116496762e-01  -1.2978339024e-01  -2.2004454351e+00  -1.7686004625e-01
   1.3465455028e-01   1.3355051945e-01  -3.0715626746e-02  -2.1280829601e+00  -2.5135987671e-01
   1.3682756115e-01   1.3575858111e-01   6.8543103567e-02  -2.0287696093e+00  -3.1182224673e-01
   1.3897182370e-01   1.3789654119e-01   1.6736604723e-01  -1.9079185851e+00  -3.6235152316e-01
   1.4117369974e-01   1.4004710620e-01   2.6650760076e-01  -1.7652937464e+00  -4.0627899638e-01
   1.4354874708e-01   1.4230029328e-01   3.6574719038e-01  -1.5975019630e+00  -4.4591536980e-01
   1.4633888714e-01   1.4479720088e-01   4.6567899946e-01  -1.3906034533e+00  -4.8461881967e-01
   1.4981236160e-01   1.4788057341e-01   5.5482712522e-01  -1.1325639123e+00  -5.2500655614e-01
   1.5385946366e-01   1.5174414979e-01   5.9790886518e-01  -8.4790225582e-01  -5.6678559357e-01
   1.5819320894e-01   1.5597477754e-01   5.6161887637e-01  -5.7936055863e-01  -6.0916235705e-01
   1.6184740152e-01   1.6041164034e-01   4.6701341997e-01  -3.8836920814e-01  -6.4300616144e-01
   1.6440447902e-01   1.6328316269e-01   3.6701999026e-01  -2.7673500904e-01  -6.6400758626e-01
   1.6650136438e-01   1.6552579535e-01   2.6774238248e-01  -1.9886275837e-01  -6.7814628071e-01
   1.6837033901e-01   1.6747693341e-01   1.6868954251e-01  -1.3968675274e-01  -6.8738220751e-01
   1.7010830122e-01   1.6926374462e-01   6.9552098102e-02  -9.3091895174e-02  -6.9232038027e-01
   1.7177006805e-01   1.7095285781e-01  -2.9386705838e-02  -5.6164242556e-02  -6.9306194733e-01
   1.7339327517e-01   1.7258727828e-01  -1.2816873279e-01  -2.7124936497e-02  -6.8949046995e-01
   1.7500830949e-01   1.7419927206e-01  -2.2723155877e-01  -4.9339243395e-03  -6.8121340643e-01
   1.7664414492e-01   1.7581734693e-01  -3.2603551048e-01   1.0697440585e-02  -6.6768323136e-01
   1.7833348868e-01   1.7747094292e-01  -4.2518585345e-01   1.9784843295e-02  -6.4788031038e-01
   1.8011963246e-01   1.7919603443e-01  -5.2411733140e-01   2.1637267265e-02  -6.2045630806e-01
   1.8207106981e-01   1.8104323049e-01  -6.2335414120e-01   1.4716508477e-02  -5.8279122636e-01
   1.8432341455e-01   1.8309890913e-01  -7.2271032775e-01  -4.5950606671e-03  -5.3001121847e-01
   1.8730324195e-01   1.8554791997e-01  -8.2391226077e-01  -4.8288133151e-02  -4.4660295923e-01
   1.9198932527e-01   1.8905856393e-01  -8.9985599564e-01  -1.5439206457e-01  -2.9631981869e-01
   1.9726099767e-01   1.9492008661e-01  -8.6531963325e-01  -3.1206615076e-01  -1.2796360774e-01
   2.0095746375e-01   1.9960190873e-01  -7.6362571622e-01  -4.3659590839e-01  -3.0894997024e-02
   2.0338988416e-01   2.0231301878e-01  -6.6386102388e-01  -5.1880770398e-01   1.4093800734e-02
   2.0540576969e-01   2.0446674954e-01  -5.6448438178e-01  -5.8397745300e-01   3.6928004819e-02
   2.0720180342e-01   2.0634478985e-01  -4.6560084056e-01  -6.3759476979e-01   4.4717859870e-02
   2.0886272091e-01   2.0805881699e-01  -3.6651632899e-01  -6.8230824931e-01   4.0650546782e-02
   2.1043552366e-01   2.0966662483e-01  -2.6772186729e-01  -7.1896340627e-01   2.6413337617e-02
   2.1195075282e-01   2.1120442249e-01  -1.6867983940e-01  -7.4825307512e-01   2.9217669321e-03
   2.1343051381e-01   2.1269708315e-01  -6.9708825588e-02  -7.7018256052e-01  -2.9193664929e-02
   2.1489263354e-01   2.1416394446e-01   2.9147366606e-02  -7.8462933494e-01  -6.9558949832e-02
   2.1635282734e-01   2.1562132261e-01   1.2797865908e-01  -7.9124901121e-01  -1.1805731456e-01
   2.1782637853e-01   2.1708433207e-01   2.2688801131e-01  -7.8940541764e-01  -1.7479140037e-01
   2.1932969182e-01   2.1856842500e-01   3.2587837882e-01  -7.7812145375e-01  -2.4000910631e-01
   2.2088202986e-01   2.2009095864e-01   4.2473560847e-01  -7.5605858042e-01  -3.1398642557e-01
   2.2250829290e-01   2.2167310109e-01   5.2372538149e-01  -7.2113614153e-01  -3.9763411958e-01
   2.2424396686e-01   2.2334348470e-01   6.2269689972e-01  -6.7030602040e-01  -4.9198539546e-01
   2.2614578731e-01   2.2514444901e-01   7.2175520282e-01  -5.9841734114e-01  -5.9908142446e-01
   2.2832036589e-01   2.2714712560e-01   8.2091764561e-01  -4.9593499557e-01  -7.2256290168e-01
   2.3104116554e-01   2.2949360617e-01   9.2119940667e-01  -3.3793392373e-01  -8.7269327256e-01
   2.3446740230e-01   2.3258872491e-01   1.0056233598e+00  -9.9315185034e-02  -1.0415436790e+00
   2.3803867974e-01   2.3634607970e-01   1.0425494851e+00   1.8549686059e-01  -1.1802657995e+00
   2.4135828121e-01   2.3973127978e-01   1.0282132747e+00   4.7069617343e-01  -1.2621707354e+00
   2.4464229029e-01   2.4298528263e-01   9.7021722618e-01   7.5581035268e-01  -1.2908018194e+00
   2.4774388155e-01   2.4629929796e-01   8.8030613198e-01   1.0124927207e+00  -1.2680346838e+00
   2.5038396827e-01   2.4918846514e-01   7.8074422269e-01   1.2102380010e+00  -1.2105874088e+00
   2.5265231116e-01   2.5157947139e-01   6.8171240220e-01   1.3572506170e+00  -1.1348513878e+00
   2.5473031395e-01   2.5372515093e-01   5.8265029674e-01   1.4689821273e+00  -1.0460873720e+00
   2.5670511721e-01   2.5573547696e-01   4.8354696568e-01   1.5513658523e+00  -9.4677474424e-01
   2.5863194685e-01   2.5767475745e-01   3.8473356662e-01   1.6067917548e+00  -8.3853597669e-01
   2.6055367048e-01   2.5958913624e-01   2.8596540030e-01   1.6361154506e+00  -7.2169623802e-01
   2.6251072899e-01   2.6151820472e-01   1.8694816290e-01   1.6382648311e+00  -5.9587603727e-01
   2.6454940182e-01   2.6350325326e-01   8.7799249078e-02   1.6102457213e+00  -4.6063945834e-01
   2.6673238471e-01   2.6559555038e-01  -1.1051220432e-02   1.5470688500e+00  -3.1540063009e-01
   2.6916222718e-01   2.6786921904e-01  -1.1012101564e-01   1.4388163666e+00  -1.5702548532e-01
   2.7205175754e-01   2.7045523533e-01  -2.0964123566e-01   1.2644053518e+00   2.0156918798e-02
   2.7542659499e-01   2.7364827974e-01  -2.9773295781e-01   1.0143941536e+00   2.0239313939e-01
   2.7889122059e-01   2.7720491024e-01  -3.5601037321e-01   7.2853908442e-01   3.5367336031e-01
   2.8234944938e-01   2.8057753094e-01  -3.8290978356e-01   4.4237921308e-01   4.6095484883e-01
   2.8629386712e-01   2.8412136782e-01  -3.8230930456e-01   1.5408394827e-01   5.2641719585e-01
   2.9276767405e-01   2.8846636642e-01  -3.4121462316e-01  -1.2332589917e-01   5.0854395734e-01
   3.0061497953e-01   2.9706898168e-01  -3.0139850338e-01  -8.0681785009e-02   3.6271986743e-01
   3.0637126398e-01   3.0416097737e-01  -3.2282259416e-01   2.0469032611e-01   2.3399719358e-01
   3.1056872481e-01   3.0858155059e-01  -3.7797892914e-01   4.9262305583e-01   1.7201309950e-01
   3.1463802338e-01   3.1255589902e-01  -4.5870277831e-01   7.7491240717e-01   1.6254216157e-01
   3.1872411652e-01   3.1672014775e-01  -5.5562686909e-01   1.0117864474e+00   2.1668148617e-01
   3.2287356189e-01   3.2072808529e-01  -6.5443284995e-01   1.1620144458e+00   3.4389440999e-01
   3.2687829824e-01   3.2501903849e-01  -7.3297019578e-01   1.1994890927e+00   5.2970869311e-01
   3.3033830393e-01   3.2873755799e-01  -7.7436038314e-01   1.1404453230e+00   7.3073800555e-01
   3.3344961879e-01   3.3193904987e-01  -7.8218806741e-01   1.0203315593e+00   9.3103182554e-01
   3.3648870306e-01   3.3496018770e-01  -7.5816851560e-01   8.5279913263e-01   1.1314200829e+00
   3.3967017916e-01   3.3801721842e-01  -6.9692612414e-01   6.3969848562e-01   1.3307500795e+00
   3.4270881407e-01   3.4132313990e-01  -6.0522421958e-01   4.1729944474e-01   1.4966442544e+00
   3.4523117408e-01   3.4409448823e-01  -5.0571767288e-01   2.2950708433e-01   1.6059856139e+00
   3.4737466320e-01   3.4636785992e-01  -4.0658350732e-01   7.4476924210e-02   1.6725561867e+00
   3.4931156545e-01   3.4838146648e-01  -3.0776092407e-01  -5.7900489206e-02   1.7085001427e+00
   3.5112509625e-01   3.5024166442e-01  -2.0860279975e-01  -1.7351487524e-01   1.7192997551e+00
   3.5286583623e-01   3.5200852807e-01  -1.0960018124e-01  -2.7485501307e-01   1.7073367966e+00
   3.5457029672e-01   3.5372314438e-01  -1.0605053381e-02  -3.6427727447e-01   1.6736161971e+00
   3.5626879955e-01   3.5541744907e-01   8.8214674735e-02  -4.4330320261e-01   1.6180737330e+00
   3.5799061964e-01   3.5712015003e-01   1.8711301550e-01  -5.1350919971e-01   1.5393142098e+00
   3.5976860714e-01   3.5886108925e-01   2.8602947395e-01  -5.7610141909e-01   1.4347251713e+00
   3.6164560677e-01   3.6067612502e-01   3.8508670798e-01  -6.3252823965e-01   1.2995133545e+00
   3.6366197227e-01   3.6261508852e-01   4.8294392309e-01  -6.8396310334e-01   1.1282787059e+00
   3.6568115675e-01   3.6470885602e-01   5.7066988184e-01  -7.2886366807e-01   9.3198640290e-01
   3.6754825006e-01   3.6665345748e-01   6.4064106470e-01  -7.6676837069e-01   7.3203810216e-01
   3.6928695524e-01   3.6844304263e-01   6.9560437474e-01  -8.0141629154e-01   5.3162526709e-01
   3.7094160435e-01   3.7013086785e-01   7.3791780741e-01  -8.3544333722e-01   3.3227983536e-01
   3.7254251576e-01   3.7175234086e-01   7.6985160720e-01  -8.7142325910e-01   1.3112503632e-01
   3.7411286219e-01   3.7333269067e-01   7.9200546285e-01  -9.1040103413e-01  -6.8441416643e-02
   3.7567245930e-01   3.7489303370e-01   8.0548495571e-01  -9.5412537012e-01  -2.6818455555e-01
   3.7723981263e-01   3.7645188489e-01   8.1075347272e-01  -1.0040791716e+00  -4.6830818678e-01
   3.7883443336e-01   3.7802774038e-01   8.0801615787e-01  -1.0618406930e+00  -6.6885567304e-01
   3.8047891362e-01   3.7964112633e-01   7.9736214899e-01  -1.1287385837e+00  -8.6846467305e-01
   3.8220252201e-01   3.8131670090e-01   7.7848894023e-01  -1.2075200401e+00  -1.0687687988e+00
   3.8404748900e-01   3.8308834311e-01   7.5086412204e-01  -1.3008226764e+00  -1.2685824677e+00
   3.8608416343e-01   3.8500663490e-01   7.1285078418e-01  -1.4144304002e+00  -1.4696447114e+00
   3.8845280006e-01   3.8716169196e-01   6.6181283433e-01  -1.5564306505e+00  -1.6702242235e+00
   3.9152402103e-01   3.8974390817e-01   5.8905057561e-01  -1.7508501389e+00  -1.8717081194e+00
   3.9540749083e-01   3.9330413390e-01   4.9609249159e-01  -1.9929059765e+00  -2.0224946577e+00
   3.9998842425e-01   3.9751084777e-01   3.9689396495e-01  -2.2355114364e+00  -2.0443398886e+00
   4.0461283637e-01   4.0246600073e-01   3.1603109411e-01  -2.3876268991e+00  -1.9077671710e+00
   4.0824270461e-01   4.0675967201e-01   2.6670637439e-01  -2.4126733522e+00  -1.7029054026e+00
   4.1098573482e-01   4.0972573721e-01   2.3587454860e-01  -2.3631091559e+00  -1.5019071212e+00
   4.1339891324e-01   4.1224573243e-01   2.1094418917e-01  -2.2676230217e+00  -1.3012487128e+00
   4.1565410983e-01   4.1455209406e-01   1.8762552714e-01  -2.1345274741e+00  -1.1014144512e+00
   4.1784309690e-01   4.1675612559e-01   1.6298663323e-01  -1.9648903883e+00  -9.0088571146e-01
   4.2003306119e-01   4.1893006820e-01   1.3476782978e-01  -1.7586049039e+00  -7.0096285268e-01
   4.2228473499e-01   4.2113605417e-01   1.0023410629e-01  -1.5114567969e+00  -5.0134575984e-01
   4.2453237295e-01   4.2343341581e-01   5.8653369783e-02  -1.2339651735e+00  -3.1341059274e-01
   4.2665741155e-01   4.2563133009e-01   1.1756347920e-02  -9.4899028030e-01  -1.5126552906e-01
   4.2866541872e-01   4.2768349302e-01  -4.0183718847e-02  -6.6368908191e-01  -1.5090591726e-02
   4.3060534923e-01   4.2964734442e-01  -9.7565832678e-02  -3.7890315789e-01   9.7738998892e-02
   4.3251356087e-01   4.3156335404e-01  -1.6105006049e-01  -9.3941011631e-02   1.8915062756e-01
   4.3442094964e-01   4.3346376770e-01  -2.3132821266e-01   1.9151228712e-01   2.5976442134e-01
   4.3635753672e-01   4.3537813158e-01  -3.0876088092e-01   4.7614358082e-01   3.0912232403e-01
   4.3835654627e-01   4.3733694186e-01  -3.9457104401e-01   7.6126168248e-01   3.3647778184e-01
   4.4043662500e-01   4.3937615068e-01  -4.8853245561e-01   1.0428406627e+00   3.3984677570e-01
   4.4253985249e-01   4.4149709932e-01  -5.8736693945e-01   1.3096371914e+00   3.1838837522e-01
   4.4462320710e-01   4.4358260566e-01  -6.8612521658e-01   1.5498339318e+00   2.7441505717e-01
   4.4672758775e-01   4.4566380855e-01  -7.8499083627e-01   1.7667177959e+00   2.0957179913e-01
   4.4891196447e-01   4.4779136694e-01  -8.8402119055e-01   1.9622683100e+00   1.2394695767e-01
   4.5126594965e-01   4.5003256200e-01  -9.8310211014e-01   2.1374142053e+00   1.5812986506e-02
   4.5397375997e-01   4.5249933730e-01  -1.0827756197e+00   2.2933265929e+00  -1.2161556116e-01
   4.5735951527e-01   4.5544818263e-01  -1.1773824217e+00   2.4218580335e+00  -2.9778480595e-01
   4.6162797951e-01   4.5927084791e-01  -1.2366818046e+00   2.4920355080e+00  -4.9902802395e-01
   4.6651114958e-01   4.6398511111e-01  -1.2072242899e+00   2.4729927930e+00  -6.5869064455e-01
   4.7039569429e-01   4.6903718805e-01  -1.1065484705e+00   2.4049827556e+00  -7.0927958952e-01
   4.7279185709e-01   4.7175420054e-01  -1.0064007336e+00   2.3449228665e+00  -6.9575409942e-01
   4.7471013751e-01   4.7382951364e-01  -9.0725322785e-01   2.2900210766e+00  -6.5948308591e-01
   4.7637515518e-01   4.7559076137e-01  -8.0818792560e-01   2.2382305348e+00  -6.0957988444e-01
   4.7787857922e-01   4.7715954898e-01  -7.0917669881e-01   2.1886002862e+00  -5.5006591820e-01
   4.7926958189e-01   4.7859760947e-01  -6.1033227607e-01   2.1404954945e+00  -4.8329927163e-01
   4.8057834895e-01   4.7994155431e-01  -5.1140844600e-01   2.0932506044e+00  -4.1054593502e-01
   4.8182509209e-01   4.8121514360e-01  -4.1222427713e-01   2.0463182788e+00  -3.3262379569e-01
   4.8302447802e-01   4.8243504059e-01  -3.1333746489e-01   1.9995464154e+00  -2.5068943499e-01
   4.8418778828e-01   4.8361391545e-01  -2.1503274338e-01   1.9526906144e+00  -1.6558948896e-01
   4.8532376560e-01   4.8476166111e-01  -1.1515352424e-01   1.9043389267e+00  -7.5812520005e-02
   4.8643981443e-01   4.8588587009e-01  -1.7314122484e-02   1.8558833538e+00   1.5026764679e-02
   4.8754242565e-01   4.8699375878e-01   8.2681621620e-02   1.8048573833e+00   1.1054393856e-01
   4.8863737676e-01   4.8809109251e-01   1.8095338197e-01   1.7528319436e+00   2.0681970464e-01
   4.8973025032e-01   4.8918366101e-01   2.7969095358e-01   1.6982641559e+00   3.0574213973e-01
   4.9082651997e-01   4.9027683962e-01   3.7924169395e-01   1.6404255013e+00   4.0753568187e-01
   4.9193180318e-01   4.9137620032e-01   4.7724225158e-01   1.5801924257e+00   5.0960535568e-01
   4.9305229898e-01   4.9248740604e-01   5.7713892127e-01   1.5147847961e+00   6.1541340564e-01
   4.9419488176e-01   4.9361719191e-01   6.7517181038e-01   1.4459234417e+00   7.2085406660e-01
   4.9536771504e-01   4.9477257160e-01   7.7456855353e-01   1.3704670336e+00   8.2926555737e-01
   4.9658103552e-01   4.9596285849e-01   8.7346313069e-01   1.2885654244e+00   9.3852767891e-01
   4.9784778996e-01   4.9719921256e-01   9.7205328704e-01   1.1986575553e+00   1.0487246268e+00
   4.9924818369e-01   4.9849636737e-01   1.0756480015e+00   1.0929135178e+00   1.1657664438e+00