# time = 3.5
# Grid points = 474
# Pressure (Pa) = 101325
#             1_pos             2_posf             3_uvel             4_vvel             5_wvel
  -4.9917840810e-01  -5.0000000000e-01   1.3275785334e+00   1.1595400761e+00   1.5110174937e+00
  -4.9750814511e-01  -4.9835681619e-01   1.4430139235e+00   9.9021903899e-01   1.6497420852e+00
  -4.9566236670e-01  -4.9665947403e-01   1.5544049915e+00   7.9128648222e-01   1.7842825762e+00
  -4.9337913820e-01  -4.9466525936e-01   1.6658317652e+00   5.3048267836e-01   1.9188395456e+00
  -4.9070684198e-01  -4.9209301703e-01   1.7573985819e+00   2.0902726950e-01   2.0278886791e+00
  -4.8796632188e-01  -4.8932066692e-01   1.8055454204e+00  -1.3263017543e-01   2.0814532450e+00
  -4.8525041762e-01  -4.8661197685e-01   1.8062904845e+00  -4.7421244776e-01   2.0741165242e+00
  -4.8247325112e-01  -4.8388885839e-01   1.7597082304e+00  -8.1594699518e-01   2.0057971600e+00
  -4.7971240761e-01  -4.8105764385e-01   1.6689411355e+00  -1.1368835467e+00   1.8815656305e+00
  -4.7731406729e-01  -4.7836717138e-01   1.5577684423e+00  -1.3907706145e+00   1.7338615475e+00
  -4.7535629892e-01  -4.7626096320e-01   1.4461130905e+00  -1.5759103320e+00   1.5885877621e+00
  -4.7363463088e-01  -4.7445163464e-01   1.3350505218e+00  -1.7178089264e+00   1.4466213078e+00
  -4.7205820286e-01  -4.7281762713e-01   1.2241286126e+00  -1.8288934219e+00   1.3072197018e+00
  -4.7057922324e-01  -4.7129877858e-01   1.1129305726e+00  -1.9155084261e+00   1.1698689658e+00
  -4.6916801250e-01  -4.6985966791e-01   1.0024100742e+00  -1.9805975258e+00   1.0358062621e+00
  -4.6780432622e-01  -4.6847635709e-01   8.9086010583e-01  -2.0272824557e+00   9.0310285129e-01
  -4.6647318109e-01  -4.6713229535e-01   7.8035599711e-01  -2.0561143358e+00   7.7439441232e-01
  -4.6516256736e-01  -4.6581406684e-01   6.6961349250e-01  -2.0685723968e+00   6.4834956082e-01
  -4.6386252316e-01  -4.6451106789e-01   5.5821994464e-01  -2.0649587454e+00   5.2479401373e-01
  -4.6256404824e-01  -4.6321397844e-01   4.4725675239e-01  -2.0454604641e+00   4.0523628677e-01
  -4.6125861670e-01  -4.6191411803e-01   3.3651410875e-01  -2.0101772053e+00   2.8975964694e-01
  -4.5993776484e-01  -4.6060311536e-01   2.2594585949e-01  -1.9589266972e+00   1.7870049089e-01
  -4.5859242112e-01  -4.5927241432e-01   1.1444124249e-01  -1.8904504072e+00   7.1504667074e-02
  -4.5721266704e-01  -4.5791242792e-01   4.1132275849e-03  -1.8053584216e+00  -2.9219829424e-02
  -4.5578682495e-01  -4.5651290616e-01  -1.0734384950e-01  -1.7007871348e+00  -1.2482830413e-01
  -4.5430067193e-01  -4.5506074373e-01  -2.1797260377e-01  -1.5770353078e+00  -2.1268315694e-01
  -4.5273610223e-01  -4.5354060013e-01  -3.2905767210e-01  -1.4308469723e+00  -2.9265750190e-01
  -4.5106864371e-01  -4.5193160433e-01  -4.3985563500e-01  -1.2605096481e+00  -3.6263343216e-01
  -4.4926329074e-01  -4.5020568309e-01  -5.5094088989e-01  -1.0614295758e+00  -4.2082569196e-01
  -4.4726609887e-01  -4.4832089838e-01  -6.6184232037e-01  -8.2895802236e-01  -4.6387875963e-01
  -4.4498442178e-01  -4.4621129935e-01  -7.7296699165e-01  -5.5350481718e-01  -4.8711600055e-01
  -4.4235257510e-01  -4.4375754422e-01  -8.8017324720e-01  -2.3276582619e-01  -4.8281311162e-01
  -4.3946564586e-01  -4.4094760599e-01  -9.7194277797e-01   1.0838833617e-01  -4.4630695990e-01
  -4.3633688466e-01  -4.3798368573e-01  -1.0419117388e+00   4.5092172051e-01  -3.7888771317e-01
  -4.3268516130e-01  -4.3469008358e-01  -1.0865434580e+00   7.9424071439e-01  -2.8089828205e-01
  -4.2755929390e-01  -4.3068023901e-01  -1.0866283973e+00   1.1434396056e+00  -1.4825230034e-01
  -4.2166997226e-01  -4.2443834879e-01  -1.0108943702e+00   1.3522573041e+00  -5.5665904679e-02
  -4.1704632770e-01  -4.1890159573e-01  -8.9783324738e-01   1.3786306221e+00  -5.5776305257e-02
  -4.1367958978e-01  -4.1519105967e-01  -7.8654513976e-01   1.3328678624e+00  -1.0199597287e-01
  -4.1084966285e-01  -4.1216811989e-01  -6.7563891065e-01   1.2622388090e+00  -1.6724873446e-01
  -4.0833775233e-01  -4.0953120581e-01  -5.6460278125e-01   1.1805108980e+00  -2.4129633661e-01
  -4.0603685963e-01  -4.0714429884e-01  -4.5384230861e-01   1.0938915928e+00  -3.1813441727e-01
  -4.0388289794e-01  -4.0492942043e-01  -3.4293108419e-01   1.0047089299e+00  -3.9448919704e-01
  -4.0183252169e-01  -4.0283637546e-01  -2.3209575705e-01   9.1420269223e-01  -4.6779987977e-01
  -3.9985311918e-01  -4.0082866791e-01  -1.2119015781e-01   8.2241769417e-01  -5.3642553357e-01
  -3.9791788163e-01  -3.9887757044e-01  -1.0455345040e-02   7.2913146037e-01  -5.9888430861e-01
  -3.9600259296e-01  -3.9695819283e-01   1.0053894190e-01   6.3308698776e-01  -6.5427347925e-01
  -3.9408304632e-01  -3.9504699309e-01   2.1150474210e-01   5.3316256594e-01  -7.0134816239e-01
  -3.9213230721e-01  -3.9311909955e-01   3.2231396962e-01   4.2756091101e-01  -7.3895611192e-01
  -3.9011678658e-01  -3.9114551487e-01   4.3324156688e-01   3.1325444830e-01  -7.6583727429e-01
  -3.8798888510e-01  -3.8908805828e-01   5.4425715497e-01   1.8601740263e-01  -7.8006790610e-01
  -3.8567048920e-01  -3.8688971191e-01   6.5530825265e-01   3.8772493759e-02  -7.7863611596e-01
  -3.8300187036e-01  -3.8445126649e-01   7.6685078394e-01  -1.4363792663e-01  -7.5560313442e-01
  -3.7960165421e-01  -3.8155247422e-01   8.7688353946e-01  -3.9756318538e-01  -6.9612878675e-01
  -3.7567331486e-01  -3.7765083420e-01   9.5263208368e-01  -7.1980171141e-01  -5.9521643614e-01
  -3.7184186692e-01  -3.7369579552e-01   9.6610897591e-01  -1.0604366419e+00  -4.7516635707e-01
  -3.6818376169e-01  -3.6998793832e-01   9.2004547244e-01  -1.4016718247e+00  -3.5343301988e-01
  -3.6476920525e-01  -3.6637958505e-01   8.2728462020e-01  -1.7222412944e+00  -2.4437908691e-01
  -3.6190222515e-01  -3.6315882545e-01   7.1565450044e-01  -1.9838864320e+00  -1.6207867043e-01
  -3.5955743529e-01  -3.6064562486e-01   6.0443563186e-01  -2.1857306317e+00  -1.0409871823e-01
  -3.5747581335e-01  -3.5846924571e-01   4.9327392101e-01  -2.3517303519e+00  -6.0704660747e-02
  -3.5554555589e-01  -3.5648238098e-01   3.8204645095e-01  -2.4912206319e+00  -2.7731059434e-02
  -3.5370428246e-01  -3.5460873079e-01   2.7134444687e-01  -2.6080587335e+00  -2.9741737547e-03
  -3.5191009141e-01  -3.5279983412e-01   1.6039298834e-01  -2.7052789152e+00   1.5258207614e-02
  -3.5013002733e-01  -3.5102034870e-01   4.9392213401e-02  -2.7832883624e+00   2.7956145539e-02
  -3.4833352158e-01  -3.4923970596e-01  -6.1772325538e-02  -2.8416361024e+00   3.5949621838e-02
  -3.4648782394e-01  -3.4742733720e-01  -1.7251138434e-01  -2.8784505062e+00   3.9949434923e-02
  -3.4455195495e-01  -3.4554831069e-01  -2.8357299928e-01  -2.8907354584e+00   4.0734211618e-02
  -3.4246600922e-01  -3.4355559922e-01  -3.9468497925e-01  -2.8723178640e+00   3.9206192036e-02
  -3.4012589732e-01  -3.4137641922e-01  -5.0588102420e-01  -2.8116017892e+00   3.6823410361e-02
  -3.3729386531e-01  -3.3887537541e-01  -6.1770198266e-01  -2.6809506373e+00   3.6776310452e-02
  -3.3373119516e-01  -3.3571235521e-01  -7.1823429911e-01  -2.4309361339e+00   4.7777352524e-02
  -3.3013995431e-01  -3.3175003512e-01  -7.7279832074e-01  -2.0932489235e+00   7.7504294840e-02
  -3.2713093899e-01  -3.2852987349e-01  -7.8038251040e-01  -1.7508860960e+00   1.2113540240e-01
  -3.2444947423e-01  -3.2573200448e-01  -7.5932167476e-01  -1.4086029354e+00   1.7543150984e-01
  -3.2194996463e-01  -3.2316694398e-01  -7.1826247303e-01  -1.0673547237e+00   2.3814354484e-01
  -3.1954784063e-01  -3.2073298528e-01  -6.6135474771e-01  -7.2500068086e-01   3.0795302857e-01
  -3.1718162262e-01  -3.1836269597e-01  -5.9145956721e-01  -3.8411265646e-01   3.8266267760e-01
  -3.1479564044e-01  -3.1600054927e-01  -5.0903206001e-01  -4.1468114735e-02   4.6111814834e-01
  -3.1232750552e-01  -3.1359073161e-01  -4.1477423212e-01   2.9991224530e-01   5.4025048978e-01
  -3.0974859368e-01  -3.1106427944e-01  -3.0920116413e-01   6.3491020330e-01   6.1543727835e-01
  -3.0714129829e-01  -3.0843290792e-01  -1.9850359291e-01   9.4056876061e-01   6.7702973961e-01
  -3.0455287342e-01  -3.0584968867e-01  -8.7798919292e-02   1.2011687571e+00   7.1706718798e-01
  -3.0192288339e-01  -3.0325605817e-01   2.3234170181e-02   1.4145274436e+00   7.2991047608e-01
  -2.9918504232e-01  -3.0058970861e-01   1.3389845841e-01   1.5723398178e+00   7.0755864183e-01
  -2.9625455536e-01  -2.9778037603e-01   2.4478732671e-01   1.6630385554e+00   6.3835962764e-01
  -2.9299442333e-01  -2.9472873469e-01   3.5573947747e-01   1.6640449928e+00   5.0362275969e-01
  -2.8955416173e-01  -2.9126011198e-01   4.5604117111e-01   1.5541267997e+00   2.9864132258e-01
  -2.8641489689e-01  -2.8784821147e-01   5.2998079070e-01   1.3622179803e+00   6.3312270274e-02
  -2.8367227528e-01  -2.8498158232e-01   5.7906628248e-01   1.1309855416e+00  -1.7200985393e-01
  -2.8109973593e-01  -2.8236296824e-01   6.1041730960e-01   8.7258404581e-01  -4.0657569753e-01
  -2.7855854486e-01  -2.7983650363e-01   6.2637490151e-01   5.8936342577e-01  -6.4127376301e-01
  -2.7591378759e-01  -2.7728058609e-01   6.2584084635e-01   2.7880797950e-01  -8.7653271504e-01
  -2.7306953365e-01  -2.7454698909e-01   6.0443575472e-01  -5.5059181272e-02  -1.1038548660e+00
  -2.6996238336e-01  -2.7159207822e-01   5.5495779964e-01  -3.9786224358e-01  -1.3035430518e+00
  -2.6657645717e-01  -2.6833268850e-01   4.6892278021e-01  -7.1984081806e-01  -1.4428827012e+00
  -2.6342123777e-01  -2.6482022584e-01   3.5921239288e-01  -9.5234756401e-01  -1.4858802078e+00
  -2.6083514468e-01  -2.6202224969e-01   2.4783301533e-01  -1.0823142023e+00  -1.4495848453e+00
  -2.5858769354e-01  -2.5964803967e-01   1.3699546487e-01  -1.1463355511e+00  -1.3644255235e+00
  -2.5655037453e-01  -2.5752734742e-01   2.5805378709e-02  -1.1643714684e+00  -1.2444408603e+00
  -2.5465278369e-01  -2.5557340165e-01  -8.4897255098e-02  -1.1472152360e+00  -1.0988171281e+00
  -2.5284972121e-01  -2.5373216573e-01  -1.9602607827e-01  -1.1016334013e+00  -9.3159936963e-01
  -2.5110888879e-01  -2.5196727669e-01  -3.0676676999e-01  -1.0324893694e+00  -7.4747735044e-01
  -2.4940443518e-01  -2.5025050088e-01  -4.1803752682e-01  -9.4228408058e-01  -5.4731261629e-01
  -2.4771352258e-01  -2.4855836948e-01  -5.2883739406e-01  -8.3388216242e-01  -3.3455285674e-01
  -2.4601470591e-01  -2.4686867567e-01  -6.3959044438e-01  -7.0826498286e-01  -1.0957275820e-01
  -2.4431234304e-01  -2.4516073614e-01  -7.4845504840e-01  -5.6841186845e-01   1.2303533319e-01
  -2.4261819605e-01  -2.4346394993e-01  -8.5326177265e-01  -4.1794610824e-01   3.5779648239e-01
  -2.4091346566e-01  -2.4177244216e-01  -9.5340406156e-01  -2.5822085071e-01   5.9273014642e-01
  -2.3916427906e-01  -2.4005448915e-01  -1.0485328206e+00  -8.9384015574e-02   8.2696171268e-01
  -2.3732807788e-01  -2.3827406896e-01  -1.1389160204e+00   9.1278494895e-02   1.0622259004e+00
  -2.3534180132e-01  -2.3638208681e-01  -1.2227636021e+00   2.8536010510e-01   1.2966930110e+00
  -2.3309001431e-01  -2.3430151584e-01  -1.2983069721e+00   5.0099572006e-01   1.5324269849e+00
  -2.3027701721e-01  -2.3187851277e-01  -1.3586050484e+00   7.5604156625e-01   1.7698547239e+00
  -2.2645548597e-01  -2.2867552165e-01  -1.3735319328e+00   1.0683318691e+00   1.9765282213e+00
  -2.2235484195e-01  -2.2423545029e-01  -1.3029898625e+00   1.3551905838e+00   2.0479459995e+00
  -2.1926377134e-01  -2.2047423360e-01  -1.1890908396e+00   1.5368765572e+00   1.9986900013e+00
  -2.1707588367e-01  -2.1805330907e-01  -1.0773468091e+00   1.6479498159e+00   1.9133344713e+00
  -2.1524632204e-01  -2.1609845826e-01  -9.6614996846e-01   1.7308124303e+00   1.8146944159e+00
  -2.1362140285e-01  -2.1439418582e-01  -8.5506959990e-01   1.7974913489e+00   1.7093450490e+00
  -2.1213035299e-01  -2.1284861988e-01  -7.4405460387e-01   1.8533655283e+00   1.6004895687e+00
  -2.1073297734e-01  -2.1141208611e-01  -6.3316163383e-01   1.9013918851e+00   1.4900589958e+00
  -2.0940352536e-01  -2.1005386857e-01  -5.2240439432e-01   1.9433933464e+00   1.3792820974e+00
  -2.0812417356e-01  -2.0875318216e-01  -4.1111685351e-01   1.9807686776e+00   1.2683596831e+00
  -2.0688161592e-01  -2.0749516496e-01  -3.0007605174e-01   2.0140268438e+00   1.1587360420e+00
  -2.0566526556e-01  -2.0626806687e-01  -1.8896049731e-01   2.0438145626e+00   1.0506367981e+00
  -2.0446637627e-01  -2.0506246426e-01  -7.8160617037e-02   2.0703946238e+00   9.4490210772e-01
  -2.0327734466e-01  -2.0387028829e-01   3.2481734171e-02   2.0940444473e+00   8.4178378340e-01
  -2.0209126970e-01  -2.0268440103e-01   1.4309236122e-01   2.1149008474e+00   7.4155487911e-01
  -2.0090147165e-01  -2.0149813836e-01   2.5488034696e-01   2.1331325708e+00   6.4359219085e-01
  -1.9970122365e-01  -2.0030480494e-01   3.6557049716e-01   2.1482673765e+00   5.5031851923e-01
  -1.9848348986e-01  -1.9909764236e-01   4.7636849909e-01   2.1603249817e+00   4.6110250902e-01
  -1.9724048137e-01  -1.9786933735e-01   5.8726963410e-01   2.1689790682e+00   3.7646724925e-01
  -1.9596323099e-01  -1.9661162539e-01   6.9809686695e-01   2.1737589857e+00   2.9712989287e-01
  -1.9464093815e-01  -1.9531483659e-01   8.0900126711e-01   2.1740294847e+00   2.2367397935e-01
  -1.9325989426e-01  -1.9396703971e-01   9.2018986636e-01   2.1688639573e+00   1.5684852579e-01
  -1.9180212350e-01  -1.9255274881e-01   1.0310557873e+00   2.1570099648e+00   9.8107371557e-02
  -1.9024256431e-01  -1.9105149818e-01   1.1420856686e+00   2.1365643649e+00   4.8617437350e-02
  -1.8854366466e-01  -1.8943363044e-01   1.2531189458e+00   2.1046504561e+00   1.0527543370e-02
  -1.8664397079e-01  -1.8765369889e-01   1.3642002861e+00   2.0564388075e+00  -1.3014695136e-02
  -1.8442730585e-01  -1.8563424269e-01   1.4754429771e+00   1.9827467330e+00  -1.6509660011e-02
  -1.8160313917e-01  -1.8322036901e-01   1.5876546530e+00   1.8603799309e+00   1.2589586342e-02
  -1.7756259117e-01  -1.7998590933e-01   1.6899605976e+00   1.6297115384e+00   1.0553337131e-01
  -1.7303185648e-01  -1.7513927301e-01   1.7315997089e+00   1.3018845513e+00   2.5090177808e-01
  -1.6908706558e-01  -1.7092443995e-01   1.7077308683e+00   9.6072118229e-01   3.8813832101e-01
  -1.6556874658e-01  -1.6724969121e-01   1.6442908437e+00   6.1927856564e-01   4.9961365877e-01
  -1.6230329771e-01  -1.6388780195e-01   1.5542101784e+00   2.7870397608e-01   5.8138152740e-01
  -1.5930533986e-01  -1.6071879347e-01   1.4476768656e+00  -4.9951975423e-02   6.3159925388e-01
  -1.5665937975e-01  -1.5789188625e-01   1.3367013488e+00  -3.4774105350e-01   6.5256064246e-01
  -1.5431114807e-01  -1.5542687324e-01   1.2257738492e+00  -6.1561779748e-01   6.5145882269e-01
  -1.5216225868e-01  -1.5319542290e-01   1.1147978389e+00  -8.6123266398e-01   6.3382832729e-01
  -1.5015713276e-01  -1.5112909446e-01   1.0040440010e+00  -1.0880226792e+00   6.0323821654e-01
  -1.4825992434e-01  -1.4918517106e-01   8.9309368551e-01  -1.2991804038e+00   5.6196841728e-01
  -1.4644521115e-01  -1.4733467761e-01   7.8231561771e-01  -1.4953680138e+00   5.1184316972e-01
  -1.4469345284e-01  -1.4555574469e-01   6.7133844677e-01  -1.6780049087e+00   4.5391358784e-01
  -1.4298867368e-01  -1.4383116098e-01   5.6049185846e-01  -1.8468389526e+00   3.8919873381e-01
  -1.4131690759e-01  -1.4214618637e-01   4.4989227756e-01  -2.0017152805e+00   3.1837302222e-01
  -1.3966534044e-01  -1.4048762881e-01   3.3852656956e-01  -2.1434832834e+00   2.4103489615e-01
  -1.3802137227e-01  -1.3884305207e-01   2.2797465479e-01  -2.2693161119e+00   1.5834540529e-01
  -1.3637181817e-01  -1.3719969246e-01   1.1700992554e-01  -2.3794453596e+00   6.9239797704e-02
  -1.3470202479e-01  -1.3554394387e-01   5.9668429543e-03  -2.4715070455e+00  -2.6559466003e-02
  -1.3299460342e-01  -1.3386010571e-01  -1.0482305174e-01  -2.5426066230e+00  -1.2959908389e-01
  -1.3122742364e-01  -1.3212910114e-01  -2.1570633934e-01  -2.5891369054e+00  -2.4155498441e-01
  -1.2936992205e-01  -1.3032574614e-01  -3.2671825827e-01  -2.6051678459e+00  -3.6468543115e-01
  -1.2737607576e-01  -1.2841409796e-01  -4.3772192124e-01  -2.5813594421e+00  -5.0244147286e-01
  -1.2516795232e-01  -1.2633805357e-01  -5.4871761981e-01  -2.5016492077e+00  -6.6115993095e-01
  -1.2259649311e-01  -1.2399785107e-01  -6.5996862987e-01  -2.3327981762e+00  -8.5441238770e-01
  -1.1978118372e-01  -1.2119513514e-01  -7.5646017257e-01  -2.0537032227e+00  -1.0741168345e+00
  -1.1722127913e-01  -1.1836723231e-01  -8.1993022675e-01  -1.7147278207e+00  -1.2806774469e+00
  -1.1509287231e-01  -1.1607532595e-01  -8.5426679308e-01  -1.3716300747e+00  -1.4568372533e+00
  -1.1322832905e-01  -1.1411041867e-01  -8.7081179392e-01  -1.0293822163e+00  -1.6134082454e+00
  -1.1153107570e-01  -1.1234623943e-01  -8.7546546301e-01  -6.8766994709e-01  -1.7570514776e+00
  -1.0994725144e-01  -1.1071591197e-01  -8.7148694194e-01  -3.4475927078e-01  -1.8919991690e+00
  -1.0844209005e-01  -1.0917859092e-01  -8.6100245367e-01  -3.4518132217e-03  -2.0193438587e+00
  -1.0699069130e-01  -1.0770558918e-01  -8.4541582110e-01   3.3850518189e-01  -2.1414021313e+00
  -1.0557379342e-01  -1.0627579343e-01  -8.2571620187e-01   6.8157974462e-01  -2.2592732279e+00
  -1.0417484262e-01  -1.0487179340e-01  -8.0299520443e-01   1.0217336856e+00  -2.3722976427e+00
  -1.0277836491e-01  -1.0347789183e-01  -7.7749240323e-01   1.3653564768e+00  -2.4830504410e+00
  -1.0136848770e-01  -1.0207883800e-01  -7.5020149562e-01   1.7066822566e+00  -2.5899282439e+00
  -9.9927160114e-02  -1.0065813741e-01  -7.2148110702e-01   2.0483062026e+00  -2.6938895960e+00
  -9.8431492431e-02  -9.9196182820e-02  -6.9180759085e-01   2.3909861942e+00  -2.7950455540e+00
  -9.6849353975e-02  -9.7666802042e-02  -6.6199252156e-01   2.7325879095e+00  -2.8923881828e+00
  -9.5128935434e-02  -9.6031905908e-02  -6.3265486729e-01   3.0755877005e+00  -2.9857253323e+00
  -9.3169554815e-02  -9.4225964960e-02  -6.0521459575e-01   3.4196326750e+00  -3.0728411836e+00
  -9.0693116826e-02  -9.2113144671e-02  -5.8285231503e-01   3.7664991942e+00  -3.1480144840e+00
  -8.6064311804e-02  -8.9273088982e-02  -5.9027835957e-01   4.0820979741e+00  -3.1557263957e+00
  -8.1038906322e-02  -8.2855534627e-02  -6.6591632557e-01   3.9565011822e+00  -2.9725412800e+00
  -7.8108252031e-02  -7.9222278017e-02  -7.4635042189e-01   3.6112808653e+00  -2.7490680075e+00
  -7.6119770026e-02  -7.6994226045e-02  -8.1383476274e-01   3.2659983276e+00  -2.5470067416e+00
  -7.4493656872e-02  -7.5245314008e-02  -8.7506136370e-01   2.9227518967e+00  -2.3528112194e+00
  -7.3066926550e-02  -7.3741999736e-02  -9.3239165920e-01   2.5790006251e+00  -2.1612379199e+00
  -7.1768786630e-02  -7.2391853364e-02  -9.8614958414e-01   2.2379940515e+00  -1.9724198252e+00
  -7.0560251636e-02  -7.1145719897e-02  -1.0372471784e+00   1.8970238697e+00  -1.7839306962e+00
  -6.9417550346e-02  -6.9974783374e-02  -1.0864356174e+00   1.5524327387e+00  -1.5931580214e+00
  -6.8324055410e-02  -6.8860317318e-02  -1.1326493355e+00   1.2128572224e+00  -1.4044638690e+00
  -6.7267461975e-02  -6.7787793503e-02  -1.1770108453e+00   8.7092506003e-01  -1.2134324689e+00
  -6.6238617133e-02  -6.6747130448e-02  -1.2194349903e+00   5.2716726316e-01  -1.0200507309e+00
  -6.5229849759e-02  -6.5730103818e-02  -1.2594001415e+00   1.8583834153e-01  -8.2645574775e-01
  -6.4234582529e-02  -6.4729595701e-02  -1.2972074047e+00  -1.5570525627e-01  -6.3091722445e-01
  -6.3247023061e-02  -6.3739569357e-02  -1.3328140335e+00  -4.9777953451e-01  -4.3298826273e-01
  -6.2261713444e-02  -6.2754476766e-02  -1.3661173780e+00  -8.4054277945e-01  -2.3228158424e-01
  -6.1273271772e-02  -6.1768950123e-02  -1.3968099728e+00  -1.1822127299e+00  -2.9533864514e-02
  -6.0276158330e-02  -6.0777593420e-02  -1.4248131109e+00  -1.5237574685e+00   1.7616948325e-01
  -5.9264388663e-02  -5.9774723239e-02  -1.4498849010e+00  -1.8650602881e+00   3.8517782119e-01
  -5.8231038661e-02  -5.8754054088e-02  -1.4718788734e+00  -2.2089937281e+00   5.9983232832e-01
  -5.7167898835e-02  -5.7708023234e-02  -1.4900671646e+00  -2.5507981756e+00   8.1784432910e-01
  -5.6065022706e-02  -5.6627774435e-02  -1.5039712724e+00  -2.8897919446e+00   1.0395038453e+00
  -5.4910797379e-02  -5.5502270977e-02  -1.5130955937e+00  -3.2347497035e+00   1.2718491691e+00
  -5.3708034454e-02  -5.4319323781e-02  -1.5160285981e+00  -3.5687357941e+00   1.5049572886e+00
  -5.2463138266e-02  -5.3096745126e-02  -1.5119140396e+00  -3.8903824031e+00   1.7392269902e+00
  -5.1166546254e-02  -5.1829531406e-02  -1.4996617407e+00  -4.1949812390e+00   1.9730382616e+00
  -4.9801008403e-02  -5.0503561102e-02  -1.4774491335e+00  -4.4827117712e+00   2.2093252815e+00
  -4.8342526768e-02  -4.9098455703e-02  -1.4435677348e+00  -4.7427977878e+00   2.4431208332e+00
  -4.6754581213e-02  -4.7586597833e-02  -1.3943240492e+00  -4.9722595492e+00   2.6779196962e+00
  -4.4974374735e-02  -4.5922564593e-02  -1.3241787051e+00  -5.1579555958e+00   2.9127752645e+00
  -4.2998052848e-02  -4.4026184878e-02  -1.2282199206e+00  -5.2737923641e+00   3.1366251076e+00
  -4.1070655474e-02  -4.1969920818e-02  -1.1176779479e+00  -5.2950669071e+00   3.3152892504e+00
  -3.9362305491e-02  -4.0171390129e-02  -1.0067576548e+00  -5.2377721008e+00   3.4387249893e+00
  -3.7805683954e-02  -3.8553220854e-02  -8.9564953910e-01  -5.1249421125e+00   3.5225855937e+00
  -3.6354604293e-02  -3.7058147054e-02  -7.8457136910e-01  -4.9700592163e+00   3.5757396728e+00
  -3.4979688191e-02  -3.5651061533e-02  -6.7382817032e-01  -4.7822695108e+00   3.6038695887e+00
  -3.3660687901e-02  -3.4308314849e-02  -5.6302386510e-01  -4.5667609553e+00   3.6108634858e+00
  -3.2382721616e-02  -3.3013060953e-02  -4.5189631931e-01  -4.3269775623e+00   3.5991305865e+00
  -3.1134000315e-02  -3.1752382279e-02  -3.4075411523e-01  -4.0665153704e+00   3.5703243553e+00
  -2.9904597774e-02  -3.0515618351e-02  -2.2972578275e-01  -3.7880468893e+00   3.5256622641e+00
  -2.8685747466e-02  -2.9293577198e-02  -1.1881732230e-01  -3.4934565850e+00   3.4659109805e+00
  -2.7469270579e-02  -2.8077917734e-02  -7.9660902283e-03  -3.1840107620e+00   3.3913943494e+00
  -2.6247064189e-02  -2.6860623423e-02   1.0290739598e-01  -2.8605492881e+00   3.3020139494e+00
  -2.5014821667e-02  -2.5633504956e-02   2.1346122690e-01  -2.5248978249e+00   3.1976795627e+00
  -2.3783464998e-02  -2.4396138378e-02   3.2186985599e-01  -2.1835476989e+00   3.0798213318e+00
  -2.2559798503e-02  -2.3170791618e-02   4.2682702845e-01  -1.8417585728e+00   2.9497958729e+00
  -2.1333573805e-02  -2.1948805389e-02   5.2858194022e-01  -1.4997607356e+00   2.8070955711e+00
  -2.0092652379e-02  -2.0718342222e-02   6.2739017638e-01  -1.1573717251e+00   2.6505750087e+00
  -1.8823713972e-02  -1.9466962537e-02   7.2328212285e-01  -8.1482815191e-01   2.4787028237e+00
  -1.7510956879e-02  -1.8180465406e-02   8.1599012025e-01  -4.7313756011e-01   2.2896942965e+00
  -1.6134263046e-02  -1.6841448352e-02   9.0564345050e-01  -1.3141417569e-01   2.0796407368e+00
  -1.4716027676e-02  -1.5427077741e-02   9.8905366155e-01   1.9855819665e-01   1.8520722395e+00
  -1.3323109993e-02  -1.4004977611e-02   1.0621838230e+00   5.0039116621e-01   1.6160113459e+00
  -1.1982185388e-02  -1.2641242376e-02   1.1223977885e+00   7.6134809225e-01   1.3825927453e+00
  -1.0682244316e-02  -1.1323128401e-02   1.1718267501e+00   9.8839757643e-01   1.1482678959e+00
  -9.4147914636e-03  -1.0041360232e-02   1.2110635291e+00   1.1826477470e+00   9.1353765180e-01
  -8.1726570787e-03  -8.7882226952e-03   1.2406613322e+00   1.3452556215e+00   6.7881142576e-01
  -6.9495966886e-03  -7.5570914623e-03   1.2611427362e+00   1.4774534333e+00   4.4429689739e-01
  -5.7399918747e-03  -6.3421019150e-03   1.2729708036e+00   1.5804123680e+00   2.1004275696e-01
  -4.5386011756e-03  -5.1378818345e-03   1.2765290132e+00   1.6551390841e+00  -2.4020638969e-02
  -3.3403364641e-03  -3.9393205168e-03   1.2721088291e+00   1.7024013582e+00  -2.5804092808e-01
  -2.1400090595e-03  -2.7413524114e-03   1.2597689969e+00   1.7226291844e+00  -4.9377059286e-01
  -9.3212634877e-04  -1.5386657077e-03   1.2397846054e+00   1.7157422415e+00  -7.2814928105e-01
   2.8931424925e-04  -3.2558698988e-04   1.2122250713e+00   1.6821023798e+00  -9.6235240540e-01
   1.5311812089e-03   9.0421548837e-04   1.1770377709e+00   1.6214274470e+00  -1.1967000708e+00
   2.8016617177e-03   2.1581469294e-03   1.1341401369e+00   1.5331837316e+00  -1.4309499597e+00
   4.1109605850e-03   3.4451765061e-03   1.0832175676e+00   1.4161701033e+00  -1.6654281181e+00
   5.4725294366e-03   4.7767446639e-03   1.0236370261e+00   1.2681273390e+00  -1.9007687860e+00
   6.9046774823e-03   6.1683142094e-03   9.5521800683e-01   1.0876830680e+00  -2.1349859389e+00
   8.4340799804e-03   7.6410407552e-03   8.7663721574e-01   8.7020087039e-01  -2.3691167766e+00
   1.0104145255e-02   9.2271192055e-03   7.8544984628e-01   6.0705303456e-01  -2.6044273489e+00
   1.1941516552e-02   1.0981171305e-02   6.8127137635e-01   2.9482235242e-01  -2.8340848367e+00
   1.3844002375e-02   1.2901861799e-02   5.7213735728e-01  -4.3564549291e-02  -3.0357477829e+00
   1.5719327137e-02   1.4786142951e-02   4.6490115831e-01  -3.8639241220e-01  -3.1966731353e+00
   1.7600566921e-02   1.6652511322e-02   3.6097681102e-01  -7.2791888668e-01  -3.3162063851e+00
   1.9538400328e-02   1.8548622520e-02   2.5944916033e-01  -1.0702115188e+00  -3.3942086206e+00
   2.1598120379e-02   2.0528178135e-02   1.6018360643e-01  -1.4130995172e+00  -3.4249706581e+00
   2.3888292623e-02   2.2668062623e-02   6.3118309959e-02  -1.7559803279e+00  -3.3954207115e+00
   2.6618799763e-02   2.5108522624e-02  -3.1739752974e-02  -2.0966645697e+00  -3.2739697808e+00
   2.9401618874e-02   2.8129076902e-02  -1.0399652044e-01  -2.3548400367e+00  -3.0625952873e+00
   3.1692531966e-02   3.0674160846e-02  -1.4389515782e-01  -2.4882463372e+00  -2.8261989019e+00
   3.3600221992e-02   3.2710903086e-02  -1.6373859943e-01  -2.5397166337e+00  -2.5910184163e+00
   3.5300111210e-02   3.4489540898e-02  -1.7169590007e-01  -2.5381144433e+00  -2.3553661180e+00
   3.6869555690e-02   3.6110681521e-02  -1.7139480847e-01  -2.4964640061e+00  -2.1212417994e+00
   3.8351830203e-02   3.7628429858e-02  -1.6492470967e-01  -2.4216460407e+00  -1.8867818564e+00
   3.9774323875e-02   3.9075230547e-02  -1.5355209802e-01  -2.3178340878e+00  -1.6525198851e+00
   4.1156420734e-02   4.0473417203e-02  -1.3801985881e-01  -2.1866157619e+00  -1.4170274020e+00
   4.2513044807e-02   4.1839424264e-02  -1.1913818017e-01  -2.0312111948e+00  -1.1832123907e+00
   4.3856500443e-02   4.3186665349e-02  -9.7198286300e-02  -1.8511938632e+00  -9.4893879687e-01
   4.5197538296e-02   4.4526335537e-02  -7.2407113753e-02  -1.6458633966e+00  -7.1343127914e-01
   4.6546249027e-02   4.5868741055e-02  -4.5384762907e-02  -1.4182272589e+00  -4.8019980647e-01
   4.7912792377e-02   4.7223756999e-02  -1.5743676548e-02  -1.1629585574e+00  -2.4453063610e-01
   4.9307828469e-02   4.8601827754e-02   1.5798675704e-02  -8.8425946824e-01  -1.1315526150e-02
   5.0743392454e-02   5.0013829184e-02   4.9808443371e-02  -5.7511499092e-01   2.2401439794e-01
   5.2207825414e-02   5.1472955725e-02   8.5273363882e-02  -2.4282761932e-01   4.5463841940e-01
   5.3650667067e-02   5.2942695103e-02   1.2065377736e-01   9.8964430365e-02   6.7180729573e-01
   5.5047776467e-02   5.4358639031e-02   1.5486506596e-01   4.3940556086e-01   8.7082106851e-01
   5.6414013560e-02   5.5736913904e-02   1.8847302578e-01   7.8346886803e-01   1.0566040197e+00
   5.7762323677e-02   5.7091113216e-02   2.2086090833e-01   1.1240796994e+00   1.2270344932e+00
   5.9104466362e-02   5.8433534137e-02   2.5252125341e-01   1.4655675955e+00   1.3857977566e+00
   6.0451808752e-02   5.9775398588e-02   2.8360359344e-01   1.8090072069e+00   1.5342791528e+00
   6.1816225066e-02   6.1128218917e-02   3.1365078702e-01   2.1486747142e+00   1.6709645117e+00
   6.3211375120e-02   6.2504231215e-02   3.4345136566e-01   2.4930178633e+00   1.7999094106e+00
   6.4653930942e-02   6.3918519026e-02   3.7233920399e-01   2.8340507822e+00   1.9186073481e+00
   6.6165814248e-02   6.5389342859e-02   4.0066439251e-01   3.1756813043e+00   2.0290000776e+00
   6.7779318088e-02   6.6942285637e-02   4.2843898997e-01   3.5184800556e+00   2.1314876708e+00
   6.9546485745e-02   6.8616350540e-02   4.5538153858e-01   3.8602437110e+00   2.2255598694e+00
   7.1567532276e-02   7.0476620951e-02   4.8147249650e-01   4.2044335677e+00   2.3119955338e+00
   7.4104885422e-02   7.2658443602e-02   5.0573770229e-01   4.5504867315e+00   2.3897322427e+00
   7.7526520153e-02   7.5551327241e-02   5.2156660024e-01   4.8502199704e+00   2.4469476082e+00
   8.1476905976e-02   7.9501713064e-02   5.1289835766e-01   4.9447126587e+00   2.4554996212e+00
   8.5477905063e-02   8.3452098887e-02   4.7033468801e-01   4.7512314614e+00   2.4085992370e+00
   8.8741837857e-02   8.7503711239e-02   4.1011123468e-01   4.3951268748e+00   2.3350515807e+00
   9.0981550477e-02   8.9979964474e-02   3.5483823349e-01   4.0507774814e+00   2.2664357050e+00
   9.2861396960e-02   9.1983136480e-02   3.0044459273e-01   3.7079296985e+00   2.1982088809e+00
   9.4541878575e-02   9.3739657440e-02   2.4612206609e-01   3.3646558252e+00   2.1291111827e+00
   9.6096131064e-02   9.5344099709e-02   1.9208436776e-01   3.0232972340e+00   2.0590910628e+00
   9.7565832357e-02   9.6848162418e-02   1.3799604473e-01   2.6819124825e+00   1.9873677867e+00
   9.8977729923e-02   9.8283502295e-02   8.3617429176e-02   2.3387584895e+00   1.9132110737e+00
   1.0035123539e-01   9.9671957551e-02   2.9687391686e-02   1.9979919475e+00   1.8371973857e+00
   1.0170158899e-01   1.0103051323e-01  -2.4467456785e-02   1.6546104454e+00   1.7578734327e+00
   1.0304161504e-01   1.0237266476e-01  -7.7803433272e-02   1.3142570752e+00   1.6761902882e+00
   1.0438312125e-01   1.0371056532e-01  -1.3098474909e-01   9.7142579534e-01   1.5904318084e+00
   1.0573772454e-01   1.0505567718e-01  -1.8322590821e-01   6.2950739710e-01   1.5009482529e+00
   1.0711777092e-01   1.0641977189e-01  -2.3427982906e-01   2.8799312734e-01   1.4070659119e+00
   1.0853732118e-01   1.0781576996e-01  -2.8374007777e-01  -5.3247493818e-02   1.3080729953e+00
   1.1001381601e-01   1.0925887241e-01  -3.3128481768e-01  -3.9619177482e-01   1.2024301528e+00
   1.1157029742e-01   1.1076875960e-01  -3.7577058248e-01  -7.3880048369e-01   1.0894689640e+00
   1.1323910999e-01   1.1237183524e-01  -4.1586080287e-01  -1.0801607953e+00   9.6778145363e-01
   1.1507083258e-01   1.1410638474e-01  -4.4981029428e-01  -1.4221758958e+00   8.3398695338e-01
   1.1715595752e-01   1.1603528043e-01  -4.7403842040e-01  -1.7653302416e+00   6.8301287045e-01
   1.1969438156e-01   1.1827663460e-01  -4.8065184390e-01  -2.1099714203e+00   5.0438572602e-01
   1.2294359536e-01   1.2111212852e-01  -4.5080138058e-01  -2.4290049362e+00   2.8950936816e-01
   1.2658882411e-01   1.2477506220e-01  -3.6806372099e-01  -2.6306624185e+00   7.2007409321e-02
   1.2978377682e-01   1.2840258601e-01  -2.5702030562e-01  -2.6794428822e+00  -9.3299434915e-02
   1.3235774354e-01   1.3116496762e-01  -1.4558460050e-01  -2.6391289619e+00  -2.0733648489e-01
   1.3465455028e-01   1.3355051945e-01  -3.4462517825e-02  -2.5523395748e+00  -2.9467675936e-01
   1.3682756115e-01   1.3575858111e-01   7.6873800484e-02  -2.4332263764e+00  -3.6556035437e-01
   1.3897182370e-01   1.3789654119e-01   1.8772134932e-01  -2.2882817482e+00  -4.2479898300e-01
   1.4117369974e-01   1.4004710620e-01   2.9892633941e-01  -2.1172224631e+00  -4.7629806684e-01
   1.4354874708e-01   1.4230029328e-01   4.1024139842e-01  -1.9159789310e+00  -5.2276654589e-01
   1.4633888714e-01   1.4479720088e-01   5.2233310801e-01  -1.6678323130e+00  -5.6814137909e-01
   1.4981236160e-01   1.4788057341e-01   6.2232941312e-01  -1.3583491931e+00  -6.1549075689e-01
   1.5385946366e-01   1.5174414979e-01   6.7065472379e-01  -1.0169367994e+00  -6.6447087450e-01
   1.5819320894e-01   1.5597477754e-01   6.2995128346e-01  -6.9485849697e-01  -7.1415105560e-01
   1.6184740152e-01   1.6041164034e-01   5.2383679135e-01  -4.6579139375e-01  -7.5382709234e-01
   1.6440447902e-01   1.6328316269e-01   4.1167823678e-01  -3.3190221278e-01  -7.7844729919e-01
   1.6650136438e-01   1.6552579535e-01   3.0032235088e-01  -2.3850580247e-01  -7.9502199046e-01
   1.6837033901e-01   1.6747693341e-01   1.8921843468e-01  -1.6753294536e-01  -8.0584893186e-01
   1.7010830122e-01   1.6926374462e-01   7.8019514655e-02  -1.1164943336e-01  -8.1163741294e-01
   1.7177006805e-01   1.7095285781e-01  -3.2956685577e-02  -6.7360394963e-02  -8.1250602065e-01
   1.7339327517e-01   1.7258727828e-01  -1.4375711394e-01  -3.2532337143e-02  -8.0831825102e-01
   1.7500830949e-01   1.7419927206e-01  -2.5487258252e-01  -5.9178642630e-03  -7.9861390835e-01
   1.7664414492e-01   1.7581734693e-01  -3.6569776042e-01   1.2829217473e-02  -7.8275110992e-01
   1.7833348868e-01   1.7747094292e-01  -4.7691156246e-01   2.3727715270e-02  -7.5953448951e-01
   1.8011963246e-01   1.7919603443e-01  -5.8787997424e-01   2.5948852093e-02  -7.2738333918e-01
   1.8207106981e-01   1.8104323049e-01  -6.9919100045e-01   1.7647759410e-02  -6.8322611603e-01
   1.8432341455e-01   1.8309890913e-01  -8.1063612187e-01  -5.5144101183e-03  -6.2134899616e-01
   1.8730324195e-01   1.8554791997e-01  -9.2415194609e-01  -5.7918857643e-02  -5.2356500997e-01
   1.9198932527e-01   1.8905856393e-01  -1.0093373793e+00  -1.8517641019e-01  -3.4738084347e-01
   1.9726099767e-01   1.9492008661e-01  -9.7060134704e-01  -3.7428460767e-01  -1.5000967668e-01
   2.0095746375e-01   1.9960190873e-01  -8.5653611279e-01  -5.2364031612e-01  -3.6212630731e-02
   2.0338988416e-01   2.0231301878e-01  -7.4463415953e-01  -6.2224144802e-01   1.6528966124e-02
   2.0540576969e-01   2.0446674954e-01  -6.3316719106e-01  -7.0040298460e-01   4.3297758841e-02
   2.0720180342e-01   2.0634478985e-01  -5.2225312871e-01  -7.6470896588e-01   5.2429401715e-02
   2.0886272091e-01   2.0805881699e-01  -4.1111349672e-01  -8.1833601405e-01   4.7660362043e-02
   2.1043552366e-01   2.0966662483e-01  -3.0029907502e-01  -8.6229821158e-01   3.0968706697e-02
   2.1195075282e-01   2.1120442249e-01  -1.8920684877e-01  -8.9742651539e-01   3.4277527733e-03
   2.1343051381e-01   2.1269708315e-01  -7.8194164243e-02  -9.2372729036e-01  -3.4223334414e-02
   2.1489263354e-01   2.1416394446e-01   3.2689838670e-02  -9.4105358250e-01  -8.1546088849e-02
   2.1635282734e-01   2.1562132261e-01   1.4354602336e-01  -9.4899234692e-01  -1.3840361349e-01
   2.1782637853e-01   2.1708433207e-01   2.5448988052e-01  -9.4678058340e-01  -2.0491624083e-01
   2.1932969182e-01   2.1856842500e-01   3.6552473276e-01  -9.3324639531e-01  -2.8137459500e-01
   2.2088202986e-01   2.2009095864e-01   4.7641038129e-01  -9.0678439182e-01  -3.6810223479e-01
   2.2250829290e-01   2.2167310109e-01   5.8744485117e-01  -8.6489911234e-01  -4.6616689014e-01
   2.2424396686e-01   2.2334348470e-01   6.9845902262e-01  -8.0393476391e-01  -5.7677983724e-01
   2.2614578731e-01   2.2514444901e-01   8.0957076086e-01  -7.1771358329e-01  -7.0233403705e-01
   2.2832036589e-01   2.2714712560e-01   9.2079961556e-01  -5.9479952818e-01  -8.4709764664e-01
   2.3104116554e-01   2.2949360617e-01   1.0332845034e+00  -4.0529843315e-01  -1.0231029880e+00
   2.3446740230e-01   2.3258872491e-01   1.1279828131e+00  -1.1910771258e-01  -1.2210546151e+00
   2.3803867974e-01   2.3634607970e-01   1.1694043752e+00   2.2248515363e-01  -1.3836852297e+00
   2.4135828121e-01   2.3973127978e-01   1.1533261884e+00   5.6454212848e-01  -1.4797061924e+00
   2.4464229029e-01   2.4298528263e-01   1.0882757514e+00   9.0649668006e-01  -1.5132715664e+00
   2.4774388155e-01   2.4629929796e-01   9.8742667007e-01   1.2143509760e+00  -1.4865802932e+00
   2.5038396827e-01   2.4918846514e-01   8.7575196986e-01   1.4515183238e+00  -1.4192318382e+00
   2.5265231116e-01   2.5157947139e-01   7.6467141827e-01   1.6278388688e+00  -1.3304426325e+00
   2.5473031395e-01   2.5372515093e-01   6.5355659221e-01   1.7618446123e+00  -1.2263800982e+00
   2.5670511721e-01   2.5573547696e-01   5.4239527359e-01   1.8606517509e+00  -1.1099509307e+00
   2.5863194685e-01   2.5767475745e-01   4.3155893780e-01   1.9271267171e+00  -9.8305722998e-01
   2.6055367048e-01   2.5958913624e-01   3.2077312115e-01   1.9622957022e+00  -8.4608020450e-01
   2.6251072899e-01   2.6151820472e-01   2.0970770361e-01   1.9648728587e+00  -6.9857495672e-01
   2.6454940182e-01   2.6350325326e-01   9.8494342548e-02   1.9312670898e+00  -5.4003044022e-01
   2.6673238471e-01   2.6559555038e-01  -1.2384542397e-02   1.8554944598e+00  -3.6975980958e-01
   2.6916222718e-01   2.6786921904e-01  -1.2350979820e-01   1.7256598779e+00  -1.8408884482e-01
   2.7205175754e-01   2.7045523533e-01  -2.3514080579e-01   1.5164773031e+00   2.3630775877e-02
   2.7542659499e-01   2.7364827974e-01  -3.3395330606e-01   1.2166228715e+00   2.3727521501e-01
   2.7889122059e-01   2.7720491024e-01  -3.9932402006e-01   8.7377890726e-01   4.1462840847e-01
   2.8234944938e-01   2.8057753094e-01  -4.2949869231e-01   5.3056961123e-01   5.4039973669e-01
   2.8629386712e-01   2.8412136782e-01  -4.2882730631e-01   1.8479941898e-01   6.1714446242e-01
   2.9276767405e-01   2.8846636642e-01  -3.8273415100e-01  -1.4791488605e-01   5.9619094663e-01
   3.0061497953e-01   2.9706898168e-01  -3.3807227051e-01  -9.6768771902e-02   4.2523470373e-01
   3.0637126398e-01   3.0416097737e-01  -3.6210031221e-01   2.4549547672e-01   2.7432735058e-01
   3.1056872481e-01   3.0858155059e-01  -4.2396524400e-01   5.9083055042e-01   2.0166078039e-01
   3.1463802338e-01   3.1255589902e-01  -5.1450888411e-01   9.2939696035e-01   1.9055786121e-01
   3.1872411652e-01   3.1672014775e-01  -6.2322458387e-01   1.2134938370e+00   2.5402818698e-01
   3.2287356189e-01   3.2072808529e-01  -7.3405222639e-01   1.3936707154e+00   4.0316597439e-01
   3.2687829824e-01   3.2501903849e-01  -8.2214631995e-01   1.4386156493e+00   6.2100464804e-01
   3.3033830393e-01   3.2873755799e-01  -8.6857432866e-01   1.3678003413e+00   8.5668038463e-01
   3.3344961879e-01   3.3193904987e-01  -8.7735671302e-01   1.2237402504e+00   1.0914936810e+00
   3.3648870306e-01   3.3496018770e-01  -8.5041736241e-01   1.0228082402e+00   1.3264174946e+00
   3.3967017916e-01   3.3801721842e-01  -7.8172661868e-01   7.6722369104e-01   1.5601004208e+00
   3.4270881407e-01   3.4132313990e-01  -6.7887021313e-01   5.0048722685e-01   1.7545848567e+00
   3.4523117408e-01   3.4409448823e-01  -5.6725893532e-01   2.7525678903e-01   1.8827698808e+00
   3.4737466320e-01   3.4636785992e-01  -4.5606480845e-01   8.9320115169e-02   1.9608128286e+00
   3.4931156545e-01   3.4838146648e-01  -3.4521979343e-01  -6.9447696013e-02   2.0029508465e+00
   3.5112509625e-01   3.5024166442e-01  -2.3399811138e-01  -2.0811054840e-01   2.0156110421e+00
   3.5286583623e-01   3.5200852807e-01  -1.2295058710e-01  -3.2965339280e-01   2.0015856777e+00
   3.5457029672e-01   3.5372314438e-01  -1.1911218303e-02  -4.3690237026e-01   1.9620528779e+00
   3.5626879955e-01   3.5541744907e-01   9.8931648909e-02  -5.3168236122e-01   1.8969373542e+00
   3.5799061964e-01   3.5712015003e-01   2.0986293465e-01  -6.1588403765e-01   1.8046034601e+00
   3.5976860714e-01   3.5886108925e-01   3.2081479857e-01  -6.9095400954e-01   1.6819885030e+00
   3.6164560677e-01   3.6067612502e-01   4.3192485357e-01  -7.5862939866e-01   1.5234731355e+00
   3.6366197227e-01   3.6261508852e-01   5.4168921253e-01  -8.2031758545e-01   1.3227266552e+00
   3.6568115675e-01   3.6470885602e-01   6.4008991714e-01  -8.7416880991e-01   1.0926040827e+00
   3.6754825006e-01   3.6665345748e-01   7.1857574106e-01  -9.1962956360e-01   8.5819556322e-01
   3.6928695524e-01   3.6844304263e-01   7.8022774810e-01  -9.6118434292e-01   6.2324256923e-01
   3.7094160435e-01   3.7013086785e-01   8.2769079708e-01  -1.0019945406e+00   3.8954104144e-01
   3.7254251576e-01   3.7175234086e-01   8.6351135621e-01  -1.0451469970e+00   1.5371840276e-01
   3.7411286219e-01   3.7333269067e-01   8.8836204277e-01  -1.0918950182e+00  -8.0242064699e-02
   3.7567245930e-01   3.7489303370e-01   9.0348295592e-01  -1.1443359275e+00  -3.1440959057e-01
   3.7723981263e-01   3.7645188489e-01   9.0939385502e-01  -1.2042482601e+00  -5.4902310759e-01
   3.7883443336e-01   3.7802774038e-01   9.0632483490e-01  -1.2735249116e+00  -7.8413345116e-01
   3.8047891362e-01   3.7964112633e-01   8.9437585986e-01  -1.3537594136e+00  -1.0181434889e+00
   3.8220252201e-01   3.8131670090e-01   8.7320761716e-01  -1.4482466457e+00  -1.2529683681e+00
   3.8404748900e-01   3.8308834311e-01   8.4222289593e-01  -1.5601500644e+00  -1.4872181711e+00
   3.8608416343e-01   3.8500663490e-01   7.9958560970e-01  -1.6964066696e+00  -1.7229316180e+00
   3.8845280006e-01   3.8716169196e-01   7.4233888066e-01  -1.8667162375e+00  -1.9580789907e+00
   3.9152402103e-01   3.8974390817e-01   6.6072442131e-01  -2.0998955160e+00  -2.1942863590e+00
   3.9540749083e-01   3.9330413390e-01   5.5645628148e-01  -2.3902081583e+00  -2.3710588003e+00
   3.9998842425e-01   3.9751084777e-01   4.4518737215e-01  -2.6811802116e+00  -2.3966677467e+00
   4.0461283637e-01   4.0246600073e-01   3.5448416186e-01  -2.8636222095e+00  -2.2365567938e+00
   4.0824270461e-01   4.0675967201e-01   2.9915640651e-01  -2.8936625105e+00  -1.9963880865e+00
   4.1098573482e-01   4.0972573721e-01   2.6457197266e-01  -2.8342175984e+00  -1.7607489684e+00
   4.1339891324e-01   4.1224573243e-01   2.3660727941e-01  -2.7196956707e+00  -1.5255084110e+00
   4.1565410983e-01   4.1455209406e-01   2.1045059117e-01  -2.5600664684e+00  -1.2912341025e+00
   4.1784309690e-01   4.1675612559e-01   1.8281324046e-01  -2.3566107776e+00  -1.0561456677e+00
   4.2003306119e-01   4.1893006820e-01   1.5116063227e-01  -2.1092004451e+00  -8.2176755518e-01
   4.2228473499e-01   4.2113605417e-01   1.1242501606e-01  -1.8127811105e+00  -5.8774791056e-01
   4.2453237295e-01   4.2343341581e-01   6.5785262492e-02  -1.4799689677e+00  -3.6742347466e-01
   4.2665741155e-01   4.2563133009e-01   1.3182661049e-02  -1.1381816762e+00  -1.7733385337e-01
   4.2866541872e-01   4.2768349302e-01  -4.5076341892e-02  -7.9600301857e-01  -1.7690087561e-02
   4.3060534923e-01   4.2964734442e-01  -1.0943932038e-01  -4.5444235844e-01   1.1458496937e-01
   4.3251356087e-01   4.3156335404e-01  -1.8064666192e-01  -1.1267034812e-01   2.2175087797e-01
   4.3442094964e-01   4.3346376770e-01  -2.5947435090e-01   2.2969072276e-01   3.0453464513e-01
   4.3635753672e-01   4.3537813158e-01  -3.4632685480e-01   5.7106590286e-01   3.6239927666e-01
   4.3835654627e-01   4.3733694186e-01  -4.4257593527e-01   9.1302492575e-01   3.9446956370e-01
   4.4043662500e-01   4.3937615068e-01  -5.4796782531e-01   1.2507392526e+00   3.9841955907e-01
   4.4253985249e-01   4.4149709932e-01  -6.5882555793e-01   1.5707240911e+00   3.7326339271e-01
   4.4462320710e-01   4.4358260566e-01  -7.6959777430e-01   1.8588062122e+00   3.2171205641e-01
   4.4672758775e-01   4.4566380855e-01  -8.8049035089e-01   2.1189278069e+00   2.4569402508e-01
   4.4891196447e-01   4.4779136694e-01  -9.9156765212e-01   2.3534630412e+00   1.4531288061e-01
   4.5126594965e-01   4.5003256200e-01  -1.1027015986e+00   2.5635258023e+00   1.8543343948e-02
   4.5397375997e-01   4.5249933730e-01  -1.2145000989e+00   2.7505206818e+00  -1.4256945336e-01
   4.5735951527e-01   4.5544818263e-01  -1.3206152719e+00   2.9046760032e+00  -3.4909964012e-01
   4.6162797951e-01   4.5927084791e-01  -1.3871273890e+00   2.9888440835e+00  -5.8502533353e-01
   4.6651114958e-01   4.6398511111e-01  -1.3540846463e+00   2.9660053809e+00  -7.7220490950e-01
   4.7039569429e-01   4.6903718805e-01  -1.2411598418e+00   2.8844374233e+00  -8.3151324035e-01
   4.7279185709e-01   4.7175420054e-01  -1.1288278560e+00   2.8124044709e+00  -8.1565746710e-01
   4.7471013751e-01   4.7382951364e-01  -1.0176179561e+00   2.7465579041e+00  -7.7313613706e-01
   4.7637515518e-01   4.7559076137e-01  -9.0650035652e-01   2.6844428276e+00  -7.1463321021e-01
   4.7787857922e-01   4.7715954898e-01  -7.9544347904e-01   2.6249187086e+00  -6.4486317288e-01
   4.7926958189e-01   4.7859760947e-01  -6.8457375164e-01   2.5672241521e+00  -5.6659050709e-01
   4.8057834895e-01   4.7994155431e-01  -5.7361500037e-01   2.5105609202e+00  -4.8129938885e-01
   4.8182509209e-01   4.8121514360e-01  -4.6236427660e-01   2.4542725601e+00  -3.8994866336e-01
   4.8302447802e-01   4.8243504059e-01  -3.5144712031e-01   2.3981766448e+00  -2.9389423590e-01
   4.8418778828e-01   4.8361391545e-01  -2.4118290276e-01   2.3419800505e+00  -1.9412865163e-01
   4.8532376560e-01   4.8476166111e-01  -1.2915266987e-01   2.2839893501e+00  -8.8880003017e-02
   4.8643981443e-01   4.8588587009e-01  -1.9410442645e-02   2.2258740410e+00   1.7614060982e-02
   4.8754242565e-01   4.8699375878e-01   9.2750430052e-02   2.1646759026e+00   1.2959220161e-01
   4.8863737676e-01   4.8809109251e-01   2.0297755483e-01   2.1022790291e+00   2.4245968811e-01
   4.8973025032e-01   4.8918366101e-01   3.1372712875e-01   2.0368329615e+00   3.5842997830e-01
   4.9082651997e-01   4.9027683962e-01   4.2538876538e-01   1.9674639441e+00   4.7776618873e-01
   4.9193180318e-01   4.9137620032e-01   5.3531159721e-01   1.8952231425e+00   5.9742613632e-01
   4.9305229898e-01   4.9248740604e-01   6.4736117595e-01   1.8167761877e+00   7.2146873475e-01
   4.9419488176e-01   4.9361719191e-01   7.5732019686e-01   1.7341869602e+00   8.4508064747e-01
   4.9536771504e-01   4.9477257160e-01   8.6880894673e-01   1.6436878858e+00   9.7217538981e-01
   4.9658103552e-01   4.9596285849e-01   9.7973439043e-01   1.5454586844e+00   1.1002673764e+00
   4.9784778996e-01   4.9719921256e-01   1.0903183228e+00   1.4376270839e+00   1.2294553139e+00
   4.9924818369e-01   4.9849636737e-01   1.2065155589e+00   1.3108022186e+00   1.3666677669e+00