# time = 1.6
# Grid points = 474
# Pressure (Pa) = 101325
#             1_pos             2_posf             3_uvel             4_vvel             5_wvel
  -4.9917840810e-01  -5.0000000000e-01   1.1097328024e+00   7.1127177847e-01   1.0236046248e+00
  -4.9750814511e-01  -4.9835681619e-01   1.2062290251e+00   6.0740669382e-01   1.1175796668e+00
  -4.9566236670e-01  -4.9665947403e-01   1.2993448460e+00   4.8537744535e-01   1.2087202119e+00
  -4.9337913820e-01  -4.9466525936e-01   1.3924911567e+00   3.2539535685e-01   1.2998717627e+00
  -4.9070684198e-01  -4.9209301703e-01   1.4690367872e+00   1.2820870684e-01   1.3737435389e+00
  -4.8796632188e-01  -4.8932066692e-01   1.5092870580e+00  -8.1369919787e-02   1.4100286833e+00
  -4.8525041762e-01  -4.8661197685e-01   1.5099132958e+00  -2.9090212475e-01   1.4050578350e+00
  -4.8247325112e-01  -4.8388885839e-01   1.4709777394e+00  -5.0052742914e-01   1.3587758829e+00
  -4.7971240761e-01  -4.8105764385e-01   1.3951070427e+00  -6.9739461037e-01   1.2746177320e+00
  -4.7731406729e-01  -4.7836717138e-01   1.3021782683e+00  -8.5313239629e-01   1.1745588505e+00
  -4.7535629892e-01  -4.7626096320e-01   1.2088453621e+00  -9.6669941688e-01   1.0761464519e+00
  -4.7363463088e-01  -4.7445163464e-01   1.1160075635e+00  -1.0537416195e+00   9.7997460046e-01
  -4.7205820286e-01  -4.7281762713e-01   1.0232870606e+00  -1.1218819423e+00   8.8554029070e-01
  -4.7057922324e-01  -4.7129877858e-01   9.3033551690e-01  -1.1750122693e+00   7.9249532498e-01
  -4.6916801250e-01  -4.6985966791e-01   8.3795015574e-01  -1.2149382510e+00   7.0167777897e-01
  -4.6780432622e-01  -4.6847635709e-01   7.4470409059e-01  -1.2435747989e+00   6.1178106762e-01
  -4.6647318109e-01  -4.6713229535e-01   6.5233213368e-01  -1.2612599930e+00   5.2459066189e-01
  -4.6516256736e-01  -4.6581406684e-01   5.5976077190e-01  -1.2689012083e+00   4.3920464278e-01
  -4.6386252316e-01  -4.6451106789e-01   4.6664507412e-01  -1.2666837585e+00   3.5550494201e-01
  -4.6256404824e-01  -4.6321397844e-01   3.7388900566e-01  -1.2547224097e+00   2.7451346253e-01
  -4.6125861670e-01  -4.6191411803e-01   2.8131719130e-01  -1.2330782883e+00   1.9628660720e-01
  -4.5993776484e-01  -4.6060311536e-01   1.8889105392e-01  -1.2016395844e+00   1.2105225524e-01
  -4.5859242112e-01  -4.5927241432e-01   9.5682086769e-02  -1.1596342839e+00   4.8435004547e-02
  -4.5721266704e-01  -4.5791242792e-01   3.4565656875e-03  -1.1074366378e+00  -1.9798426794e-02
  -4.5578682495e-01  -4.5651290616e-01  -8.9712862807e-02  -1.0432900444e+00  -8.4566165898e-02
  -4.5430067193e-01  -4.5506074373e-01  -1.8218997891e-01  -9.6737778095e-01  -1.4408144132e-01
  -4.5273610223e-01  -4.5354060013e-01  -2.7504864166e-01  -8.7770257017e-01  -1.9825830900e-01
  -4.5106864371e-01  -4.5193160433e-01  -3.6766741297e-01  -7.7321395060e-01  -2.4566205664e-01
  -4.4926329074e-01  -4.5020568309e-01  -4.6052645200e-01  -6.5109402446e-01  -2.8508332563e-01
  -4.4726609887e-01  -4.4832089838e-01  -5.5323195046e-01  -5.0849117877e-01  -3.1424902394e-01
  -4.4498442178e-01  -4.4621129935e-01  -6.4612420282e-01  -3.3952262950e-01  -3.2999112068e-01
  -4.4235257510e-01  -4.4375754422e-01  -7.3574110832e-01  -1.4277500395e-01  -3.2707700855e-01
  -4.3946564586e-01  -4.4094760599e-01  -8.1245419116e-01   6.6495553543e-02  -3.0234771971e-01
  -4.3633688466e-01  -4.3798368573e-01  -8.7094373909e-01   2.7661201340e-01  -2.5667718760e-01
  -4.3268516130e-01  -4.3469008358e-01  -9.0825344970e-01   4.8721020862e-01  -1.9029765507e-01
  -4.2755929390e-01  -4.3068023901e-01  -9.0832607392e-01   7.0141488177e-01  -1.0044067686e-01
  -4.2166997226e-01  -4.2443834879e-01  -8.4502082171e-01   8.2950658316e-01  -3.7719846806e-02
  -4.1704632770e-01  -4.1890159573e-01  -7.5051338077e-01   8.4568330559e-01  -3.7792945459e-02
  -4.1367958978e-01  -4.1519105967e-01  -6.5748794956e-01   8.1761047375e-01  -6.9101262387e-02
  -4.1084966285e-01  -4.1216811989e-01  -5.6478175971e-01   7.7428420456e-01  -1.1330291019e-01
  -4.0833775233e-01  -4.0953120581e-01  -4.7196700393e-01   7.2414969030e-01  -1.6346232225e-01
  -4.0603685963e-01  -4.0714429884e-01  -3.7938266081e-01   6.7101471008e-01  -2.1551205667e-01
  -4.0388289794e-01  -4.0492942043e-01  -2.8667227043e-01   6.1630732396e-01  -2.6723440123e-01
  -4.0183252169e-01  -4.0283637546e-01  -1.9402526274e-01   5.6078804365e-01  -3.1689463985e-01
  -3.9985311918e-01  -4.0082866791e-01  -1.0131943052e-01   5.0448436184e-01  -3.6338118202e-01
  -3.9791788163e-01  -3.9887757044e-01  -8.7562497446e-03   4.4725981455e-01  -4.0569020766e-01
  -3.9600259296e-01  -3.9695819283e-01   8.4023960882e-02   3.8834333350e-01  -4.4321019587e-01
  -3.9408304632e-01  -3.9504699309e-01   1.7678052552e-01   3.2704684905e-01  -4.7509785386e-01
  -3.9213230721e-01  -3.9311909955e-01   2.6940641330e-01   2.6226788188e-01  -5.0057264174e-01
  -3.9011678658e-01  -3.9114551487e-01   3.6213149895e-01   1.9214926841e-01  -5.1878098683e-01
  -3.8798888510e-01  -3.8908805828e-01   4.5493046175e-01   1.1409885384e-01  -5.2841973189e-01
  -3.8567048920e-01  -3.8688971191e-01   5.4775955178e-01   2.3775326261e-02  -5.2744860180e-01
  -3.8300187036e-01  -3.8445126649e-01   6.4100012295e-01  -8.8119254396e-02  -5.1184463001e-01
  -3.7960165421e-01  -3.8155247422e-01   7.3297996787e-01  -2.4388210567e-01  -4.7155501303e-01
  -3.7567331486e-01  -3.7765083420e-01   7.9630300014e-01  -4.4154899865e-01  -4.0319542670e-01
  -3.7184186692e-01  -3.7369579552e-01   8.0757368089e-01  -6.5049989222e-01  -3.2187263719e-01
  -3.6818376169e-01  -3.6998793832e-01   7.6907461651e-01  -8.5981840481e-01  -2.3941044218e-01
  -3.6476920525e-01  -3.6637958505e-01   6.9154086312e-01  -1.0564598053e+00  -1.6553805513e-01
  -3.6190222515e-01  -3.6315882545e-01   5.9823328471e-01  -1.2169559353e+00  -1.0978896387e-01
  -3.5955743529e-01  -3.6064562486e-01   5.0526848162e-01  -1.3407692525e+00  -7.0514708950e-02
  -3.5747581335e-01  -3.5846924571e-01   4.1235086354e-01  -1.4425950142e+00  -4.1121034144e-02
  -3.5554555589e-01  -3.5648238098e-01   3.1937784429e-01  -1.5281594752e+00  -1.8786243476e-02
  -3.5370428246e-01  -3.5460873079e-01   2.2684370203e-01  -1.5998287435e+00  -2.0174961754e-03
  -3.5191009141e-01  -3.5279983412e-01   1.3410073840e-01  -1.6594640714e+00   1.0331514581e-02
  -3.5013002733e-01  -3.5102034870e-01   4.1316267887e-02  -1.7073152324e+00   1.8931470561e-02
  -3.4833352158e-01  -3.4923970596e-01  -5.1605368334e-02  -1.7431055894e+00   2.4344611605e-02
  -3.4648782394e-01  -3.4742733720e-01  -1.4417163018e-01  -1.7656870584e+00   2.7052454892e-02
  -3.4455195495e-01  -3.4554831069e-01  -2.3700782005e-01  -1.7732217635e+00   2.7582449130e-02
  -3.4246600922e-01  -3.4355559922e-01  -3.2988646407e-01  -1.7619230273e+00   2.6545802975e-02
  -3.4012589732e-01  -3.4137641922e-01  -4.2283583050e-01  -1.7246777095e+00   2.4930236543e-02
  -3.3729386531e-01  -3.3887537541e-01  -5.1630825323e-01  -1.6445330542e+00   2.4897060079e-02
  -3.3373119516e-01  -3.3571235521e-01  -6.0034558119e-01  -1.4911690399e+00   3.2348502623e-02
  -3.3013995431e-01  -3.3175003512e-01  -6.4595867037e-01  -1.2840255480e+00   5.2485992615e-02
  -3.2713093899e-01  -3.2852987349e-01  -6.5230118789e-01  -1.0740143796e+00   8.2043028000e-02
  -3.2444947423e-01  -3.2573200448e-01  -6.3469918589e-01  -8.6405233291e-01   1.1882508162e-01
  -3.2194996463e-01  -3.2316694398e-01  -6.0038042507e-01  -6.5472531502e-01   1.6130847663e-01
  -3.1954784063e-01  -3.2073298528e-01  -5.5281379819e-01  -4.4472009906e-01   2.0860000451e-01
  -3.1718162262e-01  -3.1836269597e-01  -4.9439087690e-01  -2.3561427735e-01   2.5921114971e-01
  -3.1479564044e-01  -3.1600054927e-01  -4.2549215375e-01  -2.5431091991e-02   3.1235994674e-01
  -3.1232750552e-01  -3.1359073161e-01  -3.4670445010e-01   1.8397650973e-01   3.6596743106e-01
  -3.0974859368e-01  -3.1106427944e-01  -2.5845833817e-01   3.8946892075e-01   4.1690229321e-01
  -3.0714129829e-01  -3.0843290792e-01  -1.6592855806e-01   5.7696397698e-01   4.5862818235e-01
  -3.0455287342e-01  -3.0584968867e-01  -7.3392698699e-02   7.3681931719e-01   4.8575231452e-01
  -3.0192288339e-01  -3.0325605817e-01   1.9417763029e-02   8.6769598989e-01   4.9445465798e-01
  -2.9918504232e-01  -3.0058970861e-01   1.1191998916e-01   9.6449955683e-01   4.7931522720e-01
  -2.9625455536e-01  -2.9778037603e-01   2.0460993074e-01   1.0201343960e+00   4.3244074791e-01
  -2.9299442333e-01  -2.9472873469e-01   2.9735271126e-01   1.0207503387e+00   3.4116985802e-01
  -2.8955416173e-01  -2.9126011198e-01   3.8119287250e-01   9.5332321741e-01   2.0231396045e-01
  -2.8641489689e-01  -2.8784821147e-01   4.4299738697e-01   8.3560187952e-01   4.2899612174e-02
  -2.8367227528e-01  -2.8498158232e-01   4.8402676149e-01   6.9375903005e-01  -1.1651049941e-01
  -2.8109973593e-01  -2.8236296824e-01   5.1023220269e-01   5.3525040955e-01  -2.7540862027e-01
  -2.7855854486e-01  -2.7983650363e-01   5.2357053769e-01   3.6151748034e-01  -4.3439659383e-01
  -2.7591378759e-01  -2.7728058609e-01   5.2312379159e-01   1.7101707913e-01  -5.9376482520e-01
  -2.7306953365e-01  -2.7454698909e-01   5.0523132239e-01  -3.3782887069e-02  -7.4775692428e-01
  -2.6996238336e-01  -2.7159207822e-01   4.6387327621e-01  -2.4406393845e-01  -8.8302984605e-01
  -2.6657645717e-01  -2.6833268850e-01   3.9195790057e-01  -4.4157039792e-01  -9.7742236599e-01
  -2.6342123777e-01  -2.6482022584e-01   3.0025282772e-01  -5.8419289376e-01  -1.0065515938e+00
  -2.6083514468e-01  -2.6202224969e-01   2.0715278035e-01  -6.6391538659e-01  -9.8196657736e-01
  -2.5858769354e-01  -2.5964803967e-01   1.1450569938e-01  -7.0318583740e-01  -9.2428031228e-01
  -2.5655037453e-01  -2.5752734742e-01   2.1563982739e-02  -7.1424797774e-01  -8.4300280192e-01
  -2.5465278369e-01  -2.5557340165e-01  -7.0970250877e-02  -7.0372261541e-01  -7.4435696065e-01
  -2.5284972121e-01  -2.5373216573e-01  -1.6386070480e-01  -6.7576046291e-01  -6.3108298265e-01
  -2.5110888879e-01  -2.5196727669e-01  -2.5642670918e-01  -6.3334483270e-01  -5.0635777595e-01
  -2.4940443518e-01  -2.5025050088e-01  -3.4943577093e-01  -5.7800983582e-01  -3.7076498224e-01
  -2.4771352258e-01  -2.4855836948e-01  -4.4205121505e-01  -5.1151270037e-01  -2.2664010362e-01
  -2.4601470591e-01  -2.4686867567e-01  -5.3462751908e-01  -4.3445541037e-01  -7.4236966048e-02
  -2.4431234304e-01  -2.4516073614e-01  -6.2562530473e-01  -3.4866556323e-01   8.3333535088e-02
  -2.4261819605e-01  -2.4346394993e-01  -7.1323118914e-01  -2.5636577894e-01   2.4236263042e-01
  -2.4091346566e-01  -2.4177244216e-01  -7.9693816880e-01  -1.5838611196e-01   4.0150867997e-01
  -2.3916427906e-01  -2.4005448915e-01  -8.7645444750e-01  -5.4817304251e-02   5.6017921457e-01
  -2.3732807788e-01  -2.3827406896e-01  -9.5200402374e-01   5.6005523303e-02   7.1954935834e-01
  -2.3534180132e-01  -2.3638208681e-01  -1.0220906328e+00   1.7505978133e-01   8.7837967977e-01
  -2.3309001431e-01  -2.3430151584e-01  -1.0852359616e+00   3.0733554219e-01   1.0380683646e+00
  -2.3027701721e-01  -2.3187851277e-01  -1.1356381436e+00   4.6378604194e-01   1.1989047465e+00
  -2.2645548597e-01  -2.2867552165e-01  -1.1481156368e+00   6.5535071169e-01   1.3389086069e+00
  -2.2235484195e-01  -2.2423545029e-01  -1.0891514690e+00   8.3131405231e-01   1.3872896682e+00
  -2.1926377134e-01  -2.2047423360e-01  -9.9394598524e-01   9.4276197801e-01   1.3539251187e+00
  -2.1707588367e-01  -2.1805330907e-01  -9.0054167023e-01   1.0108948343e+00   1.2961060725e+00
  -2.1524632204e-01  -2.1609845826e-01  -8.0759465852e-01   1.0617227896e+00   1.2292878386e+00
  -2.1362140285e-01  -2.1439418582e-01  -7.1474493899e-01   1.1026233842e+00   1.1579245881e+00
  -2.1213035299e-01  -2.1284861988e-01  -6.2194980503e-01   1.1368961661e+00   1.0841862229e+00
  -2.1073297734e-01  -2.1141208611e-01  -5.2925661478e-01   1.1663549619e+00   1.0093808481e+00
  -2.0940352536e-01  -2.1005386857e-01  -4.3667682420e-01   1.1921179881e+00   9.3434085064e-01
  -2.0812417356e-01  -2.0875318216e-01  -3.4365370924e-01   1.2150432646e+00   8.5920227465e-01
  -2.0688161592e-01  -2.0749516496e-01  -2.5083678085e-01   1.2354430101e+00   7.8494349031e-01
  -2.0566526556e-01  -2.0626806687e-01  -1.5795730764e-01   1.2537139293e+00   7.1171734435e-01
  -2.0446637627e-01  -2.0506246426e-01  -6.5341637154e-02   1.2700172276e+00   6.4009296467e-01
  -2.0327734466e-01  -2.0387028829e-01   2.7142424909e-02   1.2845230781e+00   5.7024093517e-01
  -2.0209126970e-01  -2.0268440103e-01   1.1960004149e-01   1.2973154043e+00   5.0234622829e-01
  -2.0090147165e-01  -2.0149813836e-01   2.1304187296e-01   1.3084977050e+00   4.3598669544e-01
  -1.9970122365e-01  -2.0030480494e-01   3.0556612753e-01   1.3177803279e+00   3.7280353898e-01
  -1.9848348986e-01  -1.9909764236e-01   3.9818062863e-01   1.3251753546e+00   3.1236908814e-01
  -1.9724048137e-01  -1.9786933735e-01   4.9088144324e-01   1.3304826176e+00   2.5503768924e-01
  -1.9596323099e-01  -1.9661162539e-01   5.8352060346e-01   1.3334134156e+00   2.0129514714e-01
  -1.9464093815e-01  -1.9531483659e-01   6.7622440358e-01   1.3335780764e+00   1.5153675952e-01
  -1.9325989426e-01  -1.9396703971e-01   7.6916592229e-01   1.3304082031e+00   1.0626992078e-01
  -1.9180212350e-01  -1.9255274881e-01   8.6183790622e-01   1.3231355389e+00   6.6479468473e-02
  -1.9024256431e-01  -1.9105149818e-01   9.5464717359e-01   1.3105926632e+00   3.2955891779e-02
  -1.8854366466e-01  -1.8943363044e-01   1.0474595712e+00   1.2910149671e+00   7.1548194471e-03
  -1.8664397079e-01  -1.8765369889e-01   1.1403125341e+00   1.2614400056e+00  -8.7915252296e-03
  -1.8442730585e-01  -1.8563424269e-01   1.2333009379e+00   1.2162349812e+00  -1.1157652110e-02
  -1.8160313917e-01  -1.8322036901e-01   1.3271003143e+00   1.1411721514e+00   8.5558478246e-03
  -1.7756259117e-01  -1.7998590933e-01   1.4126215876e+00   9.9967560374e-01   7.1518039536e-02
  -1.7303185648e-01  -1.7513927301e-01   1.4474332980e+00   7.9858110188e-01   1.6999222547e-01
  -1.6908706558e-01  -1.7092443995e-01   1.4274869712e+00   5.8930646335e-01   2.6295680935e-01
  -1.6556874658e-01  -1.6724969121e-01   1.3744627315e+00   3.7986085127e-01   3.3846985428e-01
  -1.6230329771e-01  -1.6388780195e-01   1.2991691399e+00   1.7094788661e-01   3.9385829870e-01
  -1.5930533986e-01  -1.6071879347e-01   1.2101221903e+00  -3.0653908360e-02   4.2787406650e-01
  -1.5665937975e-01  -1.5789188625e-01   1.1173612422e+00  -2.1332148619e-01   4.4207123055e-01
  -1.5431114807e-01  -1.5542687324e-01   1.0246397871e+00  -3.7764040273e-01   4.4132257104e-01
  -1.5216225868e-01  -1.5319542290e-01   9.3187730068e-01  -5.2830355891e-01   4.2937723059e-01
  -1.5015713276e-01  -1.5112909446e-01   8.3930013643e-01  -6.6741927675e-01   4.0865293156e-01
  -1.4825992434e-01  -1.4918517106e-01   7.4655841270e-01  -7.9694591558e-01   3.8069411150e-01
  -1.4644521115e-01  -1.4733467761e-01   6.5396038121e-01  -9.1728966410e-01   3.4673653773e-01
  -1.4469345284e-01  -1.4555574469e-01   5.6119566068e-01  -1.0293211990e+00   3.0749223942e-01
  -1.4298867368e-01  -1.4383116098e-01   4.6853984804e-01  -1.1328858566e+00   2.6365154772e-01
  -1.4131690759e-01  -1.4214618637e-01   3.7609027125e-01  -1.2278886397e+00   2.1567132179e-01
  -1.3966534044e-01  -1.4048762881e-01   2.8300005463e-01  -1.3148505696e+00   1.6327952515e-01
  -1.3802137227e-01  -1.3884305207e-01   1.9058984068e-01  -1.3920376232e+00   1.0726269758e-01
  -1.3637181817e-01  -1.3719969246e-01   9.7834295152e-02  -1.4595918543e+00   4.6899544292e-02
  -1.3470202479e-01  -1.3554394387e-01   5.0129651373e-03  -1.5160631622e+00  -1.7997932637e-02
  -1.3299460342e-01  -1.3386010571e-01  -8.7597052636e-02  -1.5596759891e+00  -8.7800061367e-02
  -1.3122742364e-01  -1.3212910114e-01  -1.8028552766e-01  -1.5882176281e+00  -1.6364213311e-01
  -1.2936992205e-01  -1.3032574614e-01  -2.7308201148e-01  -1.5980504964e+00  -2.4705391001e-01
  -1.2737607576e-01  -1.2841409796e-01  -3.6587222936e-01  -1.5834452931e+00  -3.4037315101e-01
  -1.2516795232e-01  -1.2633805357e-01  -4.5865668778e-01  -1.5345490411e+00  -4.4789245933e-01
  -1.2259649311e-01  -1.2399785107e-01  -5.5165600955e-01  -1.4309724437e+00  -5.7880531806e-01
  -1.1978118372e-01  -1.2119513514e-01  -6.3231944823e-01  -1.2597706236e+00  -7.2763660184e-01
  -1.1722127913e-01  -1.1836723231e-01  -6.8538067040e-01  -1.0518374417e+00  -8.6756345766e-01
  -1.1509287231e-01  -1.1607532595e-01  -7.1408881277e-01  -8.4137575418e-01  -9.8689598913e-01
  -1.1322832905e-01  -1.1411041867e-01  -7.2792469245e-01  -6.3143552605e-01  -1.0929585536e+00
  -1.1153107570e-01  -1.1234623943e-01  -7.3182041485e-01  -4.2182392076e-01  -1.1902635186e+00
  -1.0994725144e-01  -1.1071591197e-01  -7.2850037626e-01  -2.1147725524e-01  -1.2816778858e+00
  -1.0844209005e-01  -1.0917859092e-01  -7.1974187241e-01  -2.1140748307e-03  -1.3679417929e+00
  -1.0699069130e-01  -1.0770558918e-01  -7.0671841639e-01   2.0764750607e-01  -1.4506245384e+00
  -1.0557379342e-01  -1.0627579343e-01  -6.9025686587e-01   4.1809459170e-01  -1.5304707754e+00
  -1.0417484262e-01  -1.0487179340e-01  -6.7126964369e-01   6.2675010267e-01  -1.6070337720e+00
  -1.0277836491e-01  -1.0347789183e-01  -6.4995711532e-01   8.3753344189e-01  -1.6820578978e+00
  -1.0136848770e-01  -1.0207883800e-01  -6.2714982754e-01   1.0469077489e+00  -1.7544570322e+00
  -9.9927160114e-02  -1.0065813741e-01  -6.0314759655e-01   1.2564649493e+00  -1.8248805041e+00
  -9.8431492431e-02  -9.9196182820e-02  -5.7834861542e-01   1.4666699431e+00  -1.8934035497e+00
  -9.6849353975e-02  -9.7666802042e-02  -5.5343124126e-01   1.6762135129e+00  -1.9593433979e+00
  -9.5128935434e-02  -9.6031905908e-02  -5.2891289196e-01   1.8866147000e+00  -2.0225698864e+00
  -9.3169554815e-02  -9.4225964960e-02  -5.0598048040e-01   2.0976570539e+00  -2.0815820121e+00
  -9.0693116826e-02  -9.2113144671e-02  -4.8729260670e-01   2.3104302695e+00  -2.1325041662e+00
  -8.6064311804e-02  -8.9273088982e-02  -4.9350342903e-01   2.5040238005e+00  -2.1377276168e+00
  -8.1038906322e-02  -8.2855534627e-02  -5.5672507872e-01   2.4269818641e+00  -2.0136370732e+00
  -7.8108252031e-02  -7.9222278017e-02  -6.2395291875e-01   2.2152193964e+00  -1.8622554435e+00
  -7.6119770026e-02  -7.6994226045e-02  -6.8035638999e-01   2.0034185811e+00  -1.7253783964e+00
  -7.4493656872e-02  -7.5245314008e-02  -7.3152916077e-01   1.7928666664e+00  -1.5938296100e+00
  -7.3066926550e-02  -7.3741999736e-02  -7.7944504683e-01   1.5820050293e+00  -1.4640570964e+00
  -7.1768786630e-02  -7.2391853364e-02  -8.2437486092e-01   1.3728269934e+00  -1.3361509356e+00
  -7.0560251636e-02  -7.1145719897e-02  -8.6708091173e-01   1.1636712539e+00  -1.2084675822e+00
  -6.9417550346e-02  -6.9974783374e-02  -9.0819102877e-01   9.5229435185e-01  -1.0792373073e+00
  -6.8324055410e-02  -6.8860317318e-02  -9.4681466215e-01   7.4399407594e-01  -9.5141499490e-01
  -6.7267461975e-02  -6.7787793503e-02  -9.8388997612e-01   5.3424818245e-01  -8.2200938023e-01
  -6.6238617133e-02  -6.6747130448e-02  -1.0193457935e+00   3.2338240174e-01  -6.9101159347e-01
  -6.5229849759e-02  -6.5730103818e-02  -1.0527461617e+00   1.1400650954e-01  -5.5986931024e-01
  -6.4234582529e-02  -6.4729595701e-02  -1.0843427212e+00  -9.5501084734e-02  -4.2741041758e-01
  -6.3247023061e-02  -6.3739569357e-02  -1.1140997301e+00  -3.0533422257e-01  -2.9333218107e-01
  -6.2261713444e-02  -6.2754476766e-02  -1.1419313762e+00  -5.1558999941e-01  -1.5737225231e-01
  -6.1273271772e-02  -6.1768950123e-02  -1.1675806787e+00  -7.2517515179e-01  -2.0029655812e-02
  -6.0276158330e-02  -6.0777593420e-02  -1.1909818228e+00  -9.3468351599e-01   1.1931515991e-01
  -5.9264388663e-02  -5.9774723239e-02  -1.2119326077e+00  -1.1440435034e+00   2.6089886104e-01
  -5.8231038661e-02  -5.8754054088e-02  -1.2303105341e+00  -1.3550171725e+00   4.0630738705e-01
  -5.7167898835e-02  -5.7708023234e-02  -1.2455072654e+00  -1.5646849112e+00   5.5399038232e-01
  -5.6065022706e-02  -5.6627774435e-02  -1.2571228248e+00  -1.7726285663e+00   7.0414431990e-01
  -5.4910797379e-02  -5.5502270977e-02  -1.2647427404e+00  -1.9842306504e+00   8.6153701403e-01
  -5.3708034454e-02  -5.4319323781e-02  -1.2671874407e+00  -2.1891025916e+00   1.0194465524e+00
  -5.2463138266e-02  -5.3096745126e-02  -1.2637411987e+00  -2.3864053577e+00   1.1781430939e+00
  -5.1166546254e-02  -5.1829531406e-02  -1.2534928090e+00  -2.5732508204e+00   1.3365292490e+00
  -4.9801008403e-02  -5.0503561102e-02  -1.2349187421e+00  -2.7497490794e+00   1.4965926937e+00
  -4.8342526768e-02  -4.9098455703e-02  -1.2065910653e+00  -2.9092898584e+00   1.6549686235e+00
  -4.6754581213e-02  -4.7586597833e-02  -1.1654223663e+00  -3.0500453635e+00   1.8140245076e+00
  -4.4974374735e-02  -4.5922564593e-02  -1.1067824390e+00  -3.1639544639e+00   1.9731192156e+00
  -4.2998052848e-02  -4.4026184878e-02  -1.0265659666e+00  -3.2350110147e+00   2.1247590522e+00
  -4.1070655474e-02  -4.1969920818e-02  -9.3416108303e-01  -3.2480617986e+00   2.2457899657e+00
  -3.9362305491e-02  -4.0171390129e-02  -8.4144161342e-01  -3.2129169953e+00   2.3294086552e+00
  -3.7805683954e-02  -3.8553220854e-02  -7.4856631865e-01  -3.1437061000e+00   2.3862187849e+00
  -3.6354604293e-02  -3.7058147054e-02  -6.5571695684e-01  -3.0486993370e+00   2.4222280272e+00
  -3.4979688191e-02  -3.5651061533e-02  -5.6314831766e-01  -2.9335070562e+00   2.4412856592e+00
  -3.3660687901e-02  -3.4308314849e-02  -4.7052920733e-01  -2.8013116310e+00   2.4460255522e+00
  -3.2382721616e-02  -3.3013060953e-02  -3.7764043588e-01  -2.6542256719e+00   2.4380797397e+00
  -3.1134000315e-02  -3.1752382279e-02  -2.8473988467e-01  -2.4944550408e+00   2.4185682859e+00
  -2.9904597774e-02  -3.0515618351e-02  -1.9193494556e-01  -2.3236390949e+00   2.3883159134e+00
  -2.8685747466e-02  -2.9293577198e-02  -9.9230603118e-02  -2.1429337944e+00   2.3478419676e+00
  -2.7469270579e-02  -2.8077917734e-02  -6.5744755084e-03  -1.9531159113e+00   2.2973658230e+00
  -2.6247064189e-02  -2.6860623423e-02   8.6099883896e-02  -1.7547006352e+00   2.2368208067e+00
  -2.5014821667e-02  -2.5633504956e-02   1.7850669084e-01  -1.5488078539e+00   2.1661457943e+00
  -2.3783464998e-02  -2.4396138378e-02   2.6912006130e-01  -1.3394194322e+00   2.0863095402e+00
  -2.2559798503e-02  -2.3170791618e-02   3.5684817292e-01  -1.1297617176e+00   1.9982310013e+00
  -2.1333573805e-02  -2.1948805389e-02   4.4189932315e-01  -9.1997597684e-01   1.9015663158e+00
  -2.0092652379e-02  -2.0718342222e-02   5.2448713618e-01  -7.0995028994e-01   1.7955395672e+00
  -1.8823713972e-02  -1.9466962537e-02   6.0463699087e-01  -4.9982980193e-01   1.6791133911e+00
  -1.7510956879e-02  -1.8180465406e-02   6.8212513441e-01  -2.9023255875e-01   1.5510787891e+00
  -1.6134263046e-02  -1.6841448352e-02   7.5705956516e-01  -8.0615223193e-02   1.4087879683e+00
  -1.4716027676e-02  -1.5427077741e-02   8.2677523404e-01   1.2179386532e-01   1.2546321846e+00
  -1.3323109993e-02  -1.4004977611e-02   8.8789798036e-01   3.0694186073e-01   1.0947233236e+00
  -1.1982185388e-02  -1.2641242376e-02   9.3822455202e-01   4.6701595210e-01   9.3660409655e-01
  -1.0682244316e-02  -1.1323128401e-02   9.7953628485e-01   6.0629076443e-01   7.7787072387e-01
  -9.4147914636e-03  -1.0041360232e-02   1.0123287137e+00   7.2544603729e-01   6.1886250203e-01
  -8.1726570787e-03  -8.7882226952e-03   1.0370642582e+00   8.2519149989e-01   4.5985678326e-01
  -6.9495966886e-03  -7.5570914623e-03   1.0541797299e+00   9.0628301981e-01   3.0099426306e-01
  -5.7399918747e-03  -6.3421019150e-03   1.0640621912e+00   9.6943901717e-01   1.4230793445e-01
  -4.5386011756e-03  -5.1378818345e-03   1.0670321803e+00   1.0152769889e+00  -1.6249371871e-02
  -3.3403364641e-03  -3.9393205168e-03   1.0633333215e+00   1.0442678986e+00  -1.7477766141e-01
  -2.1400090595e-03  -2.7413524114e-03   1.0530146893e+00   1.0566755068e+00  -3.3446408636e-01
  -9.3212634877e-04  -1.5386657077e-03   1.0363062773e+00   1.0524505480e+00  -4.9323552111e-01
   2.8931424925e-04  -3.2558698988e-04   1.0132660894e+00   1.0318149836e+00  -6.5188820340e-01
   1.5311812089e-03   9.0421548837e-04   9.8385013559e-01   9.9459573642e-01  -8.1063897787e-01
   2.8016617177e-03   2.1581469294e-03   9.4798940712e-01   9.4046542047e-01  -9.6932369806e-01
   4.1109605850e-03   3.4451765061e-03   9.0542093617e-01   8.6868724492e-01  -1.1281632392e+00
   5.4725294366e-03   4.7767446639e-03   8.5561558146e-01   7.7787536984e-01  -1.2875872586e+00
   6.9046774823e-03   6.1683142094e-03   7.9842250290e-01   6.6718796719e-01  -1.4462504037e+00
   8.4340799804e-03   7.6410407552e-03   7.3273559232e-01   5.3378099113e-01  -1.6048553178e+00
   1.0104145255e-02   9.2271192055e-03   6.5651130813e-01   3.7236208228e-01  -1.7642596964e+00
   1.1941516552e-02   1.0981171305e-02   5.6942836736e-01   1.8083508998e-01  -1.9198349142e+00
   1.3844002375e-02   1.2901861799e-02   4.7820378156e-01  -2.6736438394e-02  -2.0564464080e+00
   1.5719327137e-02   1.4786142951e-02   3.8856624446e-01  -2.3703204133e-01  -2.1654617172e+00
   1.7600566921e-02   1.6652511322e-02   3.0169769434e-01  -4.4652927937e-01  -2.2464374342e+00
   1.9538400328e-02   1.8548622520e-02   2.1683317726e-01  -6.5649640995e-01  -2.2992794768e+00
   2.1598120379e-02   2.0528178135e-02   1.3386026588e-01  -8.6682865118e-01  -2.3201203722e+00
   2.3888292623e-02   2.2668062623e-02   5.2727460128e-02  -1.0771563530e+00  -2.3001051242e+00
   2.6618799763e-02   2.5108522624e-02  -2.6558953761e-02  -1.2861364336e+00  -2.2178349332e+00
   2.9401618874e-02   2.8129076902e-02  -8.6952457706e-02  -1.4445042702e+00  -2.0746488326e+00
   3.1692531966e-02   3.0674160846e-02  -1.2029874080e-01  -1.5263369026e+00  -1.9145117998e+00
   3.3600221992e-02   3.2710903086e-02  -1.3688176917e-01  -1.5579088426e+00  -1.7551979368e+00
   3.5300111210e-02   3.4489540898e-02  -1.4352972473e-01  -1.5569253618e+00  -1.5955641563e+00
   3.6869555690e-02   3.6110681521e-02  -1.4327493510e-01  -1.5313757128e+00  -1.4369652285e+00
   3.8351830203e-02   3.7628429858e-02  -1.3786381612e-01  -1.4854806163e+00  -1.2781387714e+00
   3.9774323875e-02   3.9075230547e-02  -1.2835499427e-01  -1.4218001798e+00  -1.1194462787e+00
   4.1156420734e-02   4.0473417203e-02  -1.1536940877e-01  -1.3413082612e+00  -9.5992009220e-01
   4.2513044807e-02   4.1839424264e-02  -9.9584305834e-02  -1.2459801417e+00  -8.0153013697e-01
   4.3856500443e-02   4.3186665349e-02  -8.1243091708e-02  -1.1355541767e+00  -6.4282942546e-01
   4.5197538296e-02   4.4526335537e-02  -6.0518740073e-02  -1.0096007435e+00  -4.8329273274e-01
   4.6546249027e-02   4.5868741055e-02  -3.7929614239e-02  -8.6996467256e-01  -3.2529777334e-01
   4.7912792377e-02   4.7223756999e-02  -1.3151739474e-02  -7.1337835231e-01  -1.6565137832e-01
   4.9307828469e-02   4.8601827754e-02   1.3215121551e-02  -5.4241947200e-01  -7.6673083800e-03
   5.0743392454e-02   5.0013829184e-02   4.1644209022e-02  -3.5278490902e-01   1.5174947672e-01
   5.2207825414e-02   5.1472955725e-02   7.1289346091e-02  -1.4895414043e-01   3.0797850280e-01
   5.3650667067e-02   5.2942695103e-02   1.0086354155e-01   6.0706920846e-02   4.5509286393e-01
   5.5047776467e-02   5.4358639031e-02   1.2946020581e-01   2.6953927181e-01   5.8990870476e-01
   5.6414013560e-02   5.5736913904e-02   1.5755231025e-01   4.8059349806e-01   7.1576181789e-01
   5.7762323677e-02   5.7091113216e-02   1.8462435664e-01   6.8952989218e-01   8.3121493931e-01
   5.9104466362e-02   5.8433534137e-02   2.1108806942e-01   8.9900426999e-01   9.3876453471e-01
   6.0451808752e-02   5.9775398588e-02   2.3706845239e-01   1.1096758417e+00   1.0393490581e+00
   6.1816225066e-02   6.1128218917e-02   2.6218341798e-01   1.3180335233e+00   1.1319427700e+00
   6.3211375120e-02   6.2504231215e-02   2.8709207268e-01   1.5292593033e+00   1.2192930033e+00
   6.4653930942e-02   6.3918519026e-02   3.1123764781e-01   1.7384545168e+00   1.2997017919e+00
   6.6165814248e-02   6.5389342859e-02   3.3491277255e-01   1.9480162945e+00   1.3744845196e+00
   6.7779318088e-02   6.6942285637e-02   3.5812752691e-01   2.1582946687e+00   1.4439122016e+00
   6.9546485745e-02   6.8616350540e-02   3.8064665570e-01   2.3679380850e+00   1.5076391727e+00
   7.1567532276e-02   7.0476620951e-02   4.0245379972e-01   2.5790697621e+00   1.5661930516e+00
   7.4104885422e-02   7.2658443602e-02   4.2273464786e-01   2.7913444184e+00   1.6188541249e+00
   7.7526520153e-02   7.5551327241e-02   4.3596376303e-01   2.9752057023e+00   1.6576135380e+00
   8.1476905976e-02   7.9501713064e-02   4.2871713211e-01   3.0331691763e+00   1.6634068978e+00
   8.5477905063e-02   8.3452098887e-02   3.9313949090e-01   2.9144849278e+00   1.6316348727e+00
   8.8741837857e-02   8.7503711239e-02   3.4280133559e-01   2.6960449253e+00   1.5818109762e+00
   9.0981550477e-02   8.9979964474e-02   2.9660121229e-01   2.4848157156e+00   1.5353280320e+00
   9.2861396960e-02   9.1983136480e-02   2.5113613607e-01   2.2745076107e+00   1.4891086529e+00
   9.4541878575e-02   9.3739657440e-02   2.0573049535e-01   2.0639381321e+00   1.4422993324e+00
   9.6096131064e-02   9.5344099709e-02   1.6056290857e-01   1.8545435140e+00   1.3948651606e+00
   9.7565832357e-02   9.6848162418e-02   1.1535297916e-01   1.6451328449e+00   1.3462772480e+00
   9.8977729923e-02   9.8283502295e-02   6.9900376014e-02   1.4346368907e+00   1.2960408855e+00
   1.0035123539e-01   9.9671957551e-02   2.4822686076e-02   1.2256054291e+00   1.2445465968e+00
   1.0170158899e-01   1.0103051323e-01  -2.0442946087e-02   1.0149699019e+00   1.1908098822e+00
   1.0304161504e-01   1.0237266476e-01  -6.5024150855e-02   8.0619186664e-01   1.1354750404e+00
   1.0438312125e-01   1.0371056532e-01  -1.0947611074e-01   5.9589382906e-01   1.0773795102e+00
   1.0573772454e-01   1.0505567718e-01  -1.5314226010e-01   3.8615574954e-01   1.0167605817e+00
   1.0711777092e-01   1.0641977189e-01  -1.9581606849e-01   1.7666554640e-01   9.5316187746e-01
   1.0853732118e-01   1.0781576996e-01  -2.3715780753e-01  -3.2656824613e-02   8.8610122728e-01
   1.1001381601e-01   1.0925887241e-01  -2.7689845690e-01  -2.4302428401e-01   8.1453585513e-01
   1.1157029742e-01   1.1076875960e-01  -3.1408222518e-01  -4.5318594625e-01   7.3801298600e-01
   1.1323910999e-01   1.1237183524e-01  -3.4759190577e-01  -6.6258188597e-01   6.5557886087e-01
   1.1507083258e-01   1.1410638474e-01  -3.7596873138e-01  -8.7237957438e-01   5.6494339183e-01
   1.1715595752e-01   1.1603528043e-01  -3.9621972221e-01  -1.0828762328e+00   4.6267038951e-01
   1.1969438156e-01   1.1827663460e-01  -4.0174699764e-01  -1.2942851805e+00   3.4166509727e-01
   1.2294359536e-01   1.2111212852e-01  -3.7679494881e-01  -1.4899864143e+00   1.9610471073e-01
   1.2658882411e-01   1.2477506220e-01  -3.0763578772e-01  -1.6136877832e+00   4.8766765616e-02
   1.2978377682e-01   1.2840258601e-01  -2.1481666398e-01  -1.6436120216e+00  -6.3212743952e-02
   1.3235774354e-01   1.3116496762e-01  -1.2166977621e-01  -1.6188841756e+00  -1.4046120449e-01
   1.3465455028e-01   1.3355051945e-01  -2.8785124572e-02  -1.5656474442e+00  -1.9962481288e-01
   1.3682756115e-01   1.3575858111e-01   6.4278519389e-02  -1.4925827164e+00  -2.4764037004e-01
   1.3897182370e-01   1.3789654119e-01   1.5693350889e-01  -1.4036725310e+00  -2.8776741877e-01
   1.4117369974e-01   1.4004710620e-01   2.4988712892e-01  -1.2987431699e+00  -3.2265152892e-01
   1.4354874708e-01   1.4230029328e-01   3.4293251784e-01  -1.1752982840e+00  -3.5412776437e-01
   1.4633888714e-01   1.4479720088e-01   4.3662663753e-01  -1.0230822794e+00  -3.8486301949e-01
   1.4981236160e-01   1.4788057341e-01   5.2020954939e-01  -8.3324134329e-01  -4.1693587364e-01
   1.5385946366e-01   1.5174414979e-01   5.6060035517e-01  -6.2381396560e-01  -4.5011407134e-01
   1.5819320894e-01   1.5597477754e-01   5.2657227807e-01  -4.2624556963e-01  -4.8376782666e-01
   1.6184740152e-01   1.6041164034e-01   4.3786826464e-01  -2.8573110788e-01  -5.1064582092e-01
   1.6440447902e-01   1.6328316269e-01   3.4411324032e-01  -2.0360025084e-01  -5.2732513192e-01
   1.6650136438e-01   1.6552579535e-01   2.5102970870e-01  -1.4630831233e-01  -5.3855439906e-01
   1.6837033901e-01   1.6747693341e-01   1.5815711835e-01  -1.0277133785e-01  -5.4589012019e-01
   1.7010830122e-01   1.6926374462e-01   6.5205347375e-02  -6.8490402023e-02  -5.4981276345e-01
   1.7177006805e-01   1.7095285781e-01  -2.7560057373e-02  -4.1321696628e-02  -5.5040264770e-01
   1.7339327517e-01   1.7258727828e-01  -1.2017835974e-01  -1.9956501185e-02  -5.4756729864e-01
   1.7500830949e-01   1.7419927206e-01  -2.1305983524e-01  -3.6296367583e-03  -5.4099497765e-01
   1.7664414492e-01   1.7581734693e-01  -3.0569848207e-01   7.8712533190e-03  -5.3025085559e-01
   1.7833348868e-01   1.7747094292e-01  -3.9866178677e-01   1.4557715334e-02  -5.1452518573e-01
   1.8011963246e-01   1.7919603443e-01  -4.9141974464e-01   1.5921361622e-02  -4.9274716925e-01
   1.8207106981e-01   1.8104323049e-01  -5.8446380277e-01   1.0830532981e-02  -4.6283611669e-01
   1.8432341455e-01   1.8309890913e-01  -6.7761952861e-01  -3.3762785024e-03  -4.2092141852e-01
   1.8730324195e-01   1.8554791997e-01  -7.7250530665e-01  -3.5520673259e-02  -3.5468305255e-01
   1.9198932527e-01   1.8905856393e-01  -8.4370776636e-01  -1.1358127201e-01  -2.3533518297e-01
   1.9726099767e-01   1.9492008661e-01  -8.1132339308e-01  -2.2958322947e-01  -1.0163334845e-01
   2.0095746375e-01   1.9960190873e-01  -7.1597306728e-01  -3.2120130278e-01  -2.4544514482e-02
   2.0338988416e-01   2.0231301878e-01  -6.2243247733e-01  -3.8168581734e-01   1.1184673130e-02
   2.0540576969e-01   2.0446674954e-01  -5.2925609606e-01  -4.2963240936e-01   2.9319595787e-02
   2.0720180342e-01   2.0634478985e-01  -4.3654229934e-01  -4.6907981506e-01   3.5506914203e-02
   2.0886272091e-01   2.0805881699e-01  -3.4364027029e-01  -5.0197662489e-01   3.2277762337e-02
   2.1043552366e-01   2.0966662483e-01  -2.5101036504e-01  -5.2894488335e-01   2.0972097590e-02
   2.1195075282e-01   2.1120442249e-01  -1.5814849901e-01  -5.5049431625e-01   2.3170052625e-03
   2.1343051381e-01   2.1269708315e-01  -6.5353366493e-02  -5.6662882256e-01  -2.3186799717e-02
   2.1489263354e-01   2.1416394446e-01   2.7333961637e-02  -5.7725825672e-01  -5.5242295172e-02
   2.1635282734e-01   2.1562132261e-01   1.1999779479e-01  -5.8212925083e-01  -9.3756742792e-02
   2.1782637853e-01   2.1708433207e-01   2.1273466181e-01  -5.8077376945e-01  -1.3881165375e-01
   2.1932969182e-01   2.1856842500e-01   3.0554732349e-01  -5.7247295270e-01  -1.9060389755e-01
   2.2088202986e-01   2.2009095864e-01   3.9823497623e-01  -5.5624202593e-01  -2.4935265639e-01
   2.2250829290e-01   2.2167310109e-01   4.9104669693e-01  -5.3055023820e-01  -3.1578121362e-01
   2.2424396686e-01   2.2334348470e-01   5.8384106214e-01  -4.9315506742e-01  -3.9071009638e-01
   2.2614578731e-01   2.2514444901e-01   6.7671649493e-01  -4.4026697928e-01  -4.7576030971e-01
   2.2832036589e-01   2.2714712560e-01   7.6968915348e-01  -3.6487092844e-01  -5.7382312856e-01
   2.3104116554e-01   2.2949360617e-01   8.6371056479e-01  -2.4862938396e-01  -6.9304930978e-01
   2.3446740230e-01   2.3258872491e-01   9.4286285063e-01  -7.3076715798e-02  -8.2714219521e-01
   2.3803867974e-01   2.3634607970e-01   9.7748109725e-01   1.3646114806e-01  -9.3730879634e-01
   2.4135828121e-01   2.3973127978e-01   9.6403634464e-01   3.4628443291e-01  -1.0023539878e+00
   2.4464229029e-01   2.4298528263e-01   9.0965666647e-01   5.5604552502e-01  -1.0250916644e+00
   2.4774388155e-01   2.4629929796e-01   8.2535419111e-01   7.4488946118e-01  -1.0070113152e+00
   2.5038396827e-01   2.4918846514e-01   7.3200393761e-01   8.9037306974e-01  -9.6138960469e-01
   2.5265231116e-01   2.5157947139e-01   6.3915128915e-01   9.9853229772e-01  -9.0124380090e-01
   2.5473031395e-01   2.5372515093e-01   5.4627066141e-01   1.0807349699e+00  -8.3075175664e-01
   2.5670511721e-01   2.5573547696e-01   4.5335172340e-01   1.1413462709e+00  -7.5188248673e-01
   2.5863194685e-01   2.5767475745e-01   3.6070493259e-01   1.1821245093e+00  -6.6592448543e-01
   2.6055367048e-01   2.5958913624e-01   2.6810084854e-01   1.2036991692e+00  -5.7313598955e-01
   2.6251072899e-01   2.6151820472e-01   1.7526354421e-01   1.2052814951e+00  -4.7321562784e-01
   2.6454940182e-01   2.6350325326e-01   8.2303116982e-02   1.1846686492e+00  -3.6581721813e-01
   2.6673238471e-01   2.6559555038e-01  -1.0377106327e-02   1.1381899840e+00  -2.5047549085e-01
   2.6916222718e-01   2.6786921904e-01  -1.0326247612e-01   1.0585488703e+00  -1.2470152086e-01
   2.7205175754e-01   2.7045523533e-01  -1.9656944542e-01   9.3023445416e-01   1.6008282197e-02
   2.7542659499e-01   2.7364827974e-01  -2.7916040110e-01   7.4630032079e-01   1.6073158612e-01
   2.7889122059e-01   2.7720491024e-01  -3.3379749204e-01   5.3599528372e-01   2.8087110452e-01
   2.8234944938e-01   2.8057753094e-01  -3.5901501149e-01   3.2546567264e-01   3.6606890923e-01
   2.8629386712e-01   2.8412136782e-01  -3.5844904627e-01   1.1336474114e-01   4.1805590007e-01
   2.9276767405e-01   2.8846636642e-01  -3.1991666757e-01  -9.0728184018e-02   4.0386153301e-01
   3.0061497953e-01   2.9706898168e-01  -2.8258694827e-01  -5.9355183507e-02   2.8805435111e-01
   3.0637126398e-01   3.0416097737e-01  -3.0267781131e-01   1.5059518594e-01   1.8582830109e-01
   3.1056872481e-01   3.0858155059e-01  -3.5439535422e-01   3.6242981635e-01   1.3660302671e-01
   3.1463802338e-01   3.1255589902e-01  -4.3008440889e-01   5.7011287216e-01   1.2908133104e-01
   3.1872411652e-01   3.1672014775e-01  -5.2096178228e-01   7.4438378631e-01   1.7207610908e-01
   3.2287356189e-01   3.2072808529e-01  -6.1360215176e-01   8.5490870197e-01   2.7310282986e-01
   3.2687829824e-01   3.2501903849e-01  -6.8723711858e-01   8.8248007153e-01   4.2066839396e-01
   3.3033830393e-01   3.2873755799e-01  -7.2604196020e-01   8.3904184444e-01   5.8031731587e-01
   3.3344961879e-01   3.3193904987e-01  -7.3337810149e-01   7.5067369408e-01   7.3938236287e-01
   3.3648870306e-01   3.3496018770e-01  -7.1085387574e-01   6.2741902535e-01   8.9852264291e-01
   3.3967017916e-01   3.3801721842e-01  -6.5342913925e-01   4.7063918024e-01   1.0568227893e+00
   3.4270881407e-01   3.4132313990e-01  -5.6744582578e-01   3.0701813493e-01   1.1885698368e+00
   3.4523117408e-01   3.4409448823e-01  -4.7414575438e-01   1.6885731590e-01   1.2754050434e+00
   3.4737466320e-01   3.4636785992e-01  -3.8119554577e-01   5.4799815291e-02   1.3282734582e+00
   3.4931156545e-01   3.4838146648e-01  -2.8853798481e-01  -4.2591945449e-02   1.3568194770e+00
   3.5112509625e-01   3.5024166442e-01  -1.9556622283e-01  -1.2765107195e-01   1.3653968973e+00
   3.5286583623e-01   3.5200852807e-01  -1.0274062067e-01  -2.0220856968e-01   1.3558972180e+00
   3.5457029672e-01   3.5372314438e-01  -9.9223699260e-03  -2.6799803866e-01   1.3291185109e+00
   3.5626879955e-01   3.5541744907e-01   8.2731108838e-02  -3.2613888888e-01   1.2850097674e+00
   3.5799061964e-01   3.5712015003e-01   1.7545797507e-01  -3.7779089651e-01   1.2224629788e+00
   3.5976860714e-01   3.5886108925e-01   2.6820148980e-01  -4.2384144294e-01   1.1394034330e+00
   3.6164560677e-01   3.6067612502e-01   3.6107661663e-01  -4.6535612269e-01   1.0320245098e+00
   3.6366197227e-01   3.6261508852e-01   4.5282617623e-01  -5.0319824729e-01   8.9603768481e-01
   3.6568115675e-01   3.6470885602e-01   5.3507633914e-01  -5.3623301341e-01   7.4015097508e-01
   3.6754825006e-01   3.6665345748e-01   6.0067951463e-01  -5.6412074320e-01   5.8136064575e-01
   3.6928695524e-01   3.6844304263e-01   6.5221126505e-01  -5.8961232112e-01   4.2220125100e-01
   3.7094160435e-01   3.7013086785e-01   6.9188248613e-01  -6.1464701872e-01   2.6388941398e-01
   3.7254251576e-01   3.7175234086e-01   7.2182175004e-01  -6.4111838798e-01   1.0414053634e-01
   3.7411286219e-01   3.7333269067e-01   7.4259137034e-01  -6.6979522397e-01  -5.4347049045e-02
   3.7567245930e-01   3.7489303370e-01   7.5522793562e-01  -7.0196407664e-01  -2.1297505245e-01
   3.7723981263e-01   3.7645188489e-01   7.6016592725e-01  -7.3871593425e-01  -3.7190532705e-01
   3.7883443336e-01   3.7802774038e-01   7.5759770023e-01  -7.8121193258e-01  -5.3117231094e-01
   3.8047891362e-01   3.7964112633e-01   7.4760685537e-01  -8.3042956699e-01  -6.8969408875e-01
   3.8220252201e-01   3.8131670090e-01   7.2990976668e-01  -8.8838997232e-01  -8.4876801911e-01
   3.8404748900e-01   3.8308834311e-01   7.0400727987e-01  -9.5703365541e-01  -1.0074525706e+00
   3.8608416343e-01   3.8500663490e-01   6.6836465278e-01  -1.0406158732e+00  -1.1671288423e+00
   3.8845280006e-01   3.8716169196e-01   6.2051036472e-01  -1.1450865939e+00  -1.3264219442e+00
   3.9152402103e-01   3.8974390817e-01   5.5228774462e-01  -1.2881223929e+00  -1.4864336103e+00
   3.9540749083e-01   3.9330413390e-01   4.6513042075e-01  -1.4662043653e+00  -1.6061837645e+00
   3.9998842425e-01   3.9751084777e-01   3.7212345097e-01  -1.6446903825e+00  -1.6235339298e+00
   4.0461283637e-01   4.0246600073e-01   2.9630901557e-01  -1.7566020135e+00  -1.5150744810e+00
   4.0824270461e-01   4.0675967201e-01   2.5006452586e-01  -1.7750280830e+00  -1.3523819868e+00
   4.1098573482e-01   4.0972573721e-01   2.2115836615e-01  -1.7385626663e+00  -1.1927573692e+00
   4.1339891324e-01   4.1224573243e-01   1.9778506471e-01  -1.6683121686e+00  -1.0334025065e+00
   4.1565410983e-01   4.1455209406e-01   1.7592259003e-01  -1.5703921476e+00  -8.7470205231e-01
   4.1784309690e-01   4.1675612559e-01   1.5282198740e-01  -1.4455882218e+00  -7.1545000817e-01
   4.2003306119e-01   4.1893006820e-01   1.2636456617e-01  -1.2938217590e+00  -5.5667909109e-01
   4.2228473499e-01   4.2113605417e-01   9.3985948511e-02  -1.1119923006e+00  -3.9815098147e-01
   4.2453237295e-01   4.2343341581e-01   5.4999682408e-02  -9.0783885297e-01  -2.4890020258e-01
   4.2665741155e-01   4.2563133009e-01   1.1028525303e-02  -6.9817991952e-01  -1.2013093768e-01
   4.2866541872e-01   4.2768349302e-01  -3.7671278465e-02  -4.8828093706e-01  -1.1986166031e-02
   4.3060534923e-01   4.2964734442e-01  -9.1473798726e-02  -2.7876105370e-01   7.7618601969e-02
   4.3251356087e-01   4.3156335404e-01  -1.5099789934e-01  -6.9111521031e-02   1.5021401313e-01
   4.3442094964e-01   4.3346376770e-01  -2.1689221808e-01   1.4089936410e-01   2.0629254108e-01
   4.3635753672e-01   4.3537813158e-01  -2.8949484079e-01   3.5030550326e-01   2.4549040926e-01
   4.3835654627e-01   4.3733694186e-01  -3.6995245166e-01   5.6006980799e-01   2.6721472428e-01
   4.4043662500e-01   4.3937615068e-01  -4.5805291201e-01   7.6723036492e-01   2.6988985103e-01
   4.4253985249e-01   4.4149709932e-01  -5.5072252237e-01   9.6351534245e-01   2.5284796683e-01
   4.4462320710e-01   4.4358260566e-01  -6.4332071731e-01   1.1402306016e+00   2.1792557581e-01
   4.4672758775e-01   4.4566380855e-01  -7.3601960064e-01   1.2997943539e+00   1.6642905870e-01
   4.4891196447e-01   4.4779136694e-01  -8.2887299765e-01   1.4436629527e+00   9.8428588339e-02
   4.5126594965e-01   4.5003256200e-01  -9.2177388905e-01   1.5725196685e+00   1.2552219363e-02
   4.5397375997e-01   4.5249933730e-01  -1.0152305601e+00   1.6872260867e+00  -9.6588783312e-02
   4.5735951527e-01   4.5544818263e-01  -1.1039368872e+00   1.7817880104e+00  -2.3649611052e-01
   4.6162797951e-01   4.5927084791e-01  -1.1595387635e+00   1.8334181496e+00  -3.9631594158e-01
   4.6651114958e-01   4.6398511111e-01  -1.1319209501e+00   1.8194077203e+00  -5.2311337248e-01
   4.7039569429e-01   4.6903718805e-01  -1.0375272308e+00   1.7693713428e+00  -5.6328818556e-01
   4.7279185709e-01   4.7175420054e-01  -9.4362801090e-01   1.7251840891e+00  -5.5254585430e-01
   4.7471013751e-01   4.7382951364e-01  -8.5066640287e-01   1.6847917441e+00  -5.2373993306e-01
   4.7637515518e-01   4.7559076137e-01  -7.5778174571e-01   1.6466883976e+00  -4.8410786490e-01
   4.7787857922e-01   4.7715954898e-01  -6.6494770269e-01   1.6101744161e+00  -4.3684330580e-01
   4.7926958189e-01   4.7859760947e-01  -5.7226998874e-01   1.5747827414e+00  -3.8381895511e-01
   4.8057834895e-01   4.7994155431e-01  -4.7951776439e-01   1.5400237151e+00  -3.2604021078e-01
   4.8182509209e-01   4.8121514360e-01  -3.8652139268e-01   1.5054946536e+00  -2.6415660559e-01
   4.8302447802e-01   4.8243504059e-01  -2.9380378069e-01   1.4710836561e+00  -1.9908665664e-01
   4.8418778828e-01   4.8361391545e-01  -2.0163190259e-01   1.4366109161e+00  -1.3150273206e-01
   4.8532376560e-01   4.8476166111e-01  -1.0798371189e-01   1.4010376385e+00  -6.0204488597e-02
   4.8643981443e-01   4.8588587009e-01  -1.6248043465e-02   1.3653879494e+00   1.1937382111e-02
   4.8754242565e-01   4.8699375878e-01   7.7509484054e-02   1.3278471923e+00   8.7794263514e-02
   4.8863737676e-01   4.8809109251e-01   1.6965061889e-01   1.2895711325e+00   1.6425356845e-01
   4.8973025032e-01   4.8918366101e-01   2.6222854723e-01   1.2494246496e+00   2.4281475214e-01
   4.9082651997e-01   4.9027683962e-01   3.5556895984e-01   1.2068717645e+00   3.2365605647e-01
   4.9193180318e-01   4.9137620032e-01   4.4745594142e-01   1.1625572975e+00   4.0471663226e-01
   4.9305229898e-01   4.9248740604e-01   5.4112080010e-01   1.1144358645e+00   4.8874608666e-01
   4.9419488176e-01   4.9361719191e-01   6.3303819942e-01   1.0637735125e+00   5.7248374850e-01
   4.9536771504e-01   4.9477257160e-01   7.2623443303e-01   1.0082591244e+00   6.5858072560e-01
   4.9658103552e-01   4.9596285849e-01   8.1895989481e-01   9.4800295731e-01   7.4535322097e-01
   4.9784778996e-01   4.9719921256e-01   9.1140000391e-01   8.8185652694e-01   8.3286809819e-01
   4.9924818369e-01   4.9849636737e-01   1.0085325885e+00   8.0405928121e-01   9.2581891732e-01