# time = 1.1
# Grid points = 474
# Pressure (Pa) = 101325
#             1_pos             2_posf             3_uvel             4_vvel             5_wvel
  -4.9917840810e-01  -5.0000000000e-01   1.1463627618e+00   6.2865262130e-01   9.5491298155e-01
  -4.9750814511e-01  -4.9835681619e-01   1.2460446440e+00   5.3685169841e-01   1.0425813657e+00
  -4.9566236670e-01  -4.9665947403e-01   1.3422345943e+00   4.2899645802e-01   1.1276054490e+00
  -4.9337913820e-01  -4.9466525936e-01   1.4384561567e+00   2.8759675008e-01   1.2126397537e+00
  -4.9070684198e-01  -4.9209301703e-01   1.5175291606e+00   1.1331396712e-01   1.2815538638e+00
  -4.8796632188e-01  -4.8932066692e-01   1.5591087257e+00  -7.1921350747e-02   1.3154037198e+00
  -4.8525041762e-01  -4.8661197685e-01   1.5597562596e+00  -2.5711556877e-01   1.3107662230e+00
  -4.8247325112e-01  -4.8388885839e-01   1.5195360560e+00  -4.4239200236e-01   1.2675899605e+00
  -4.7971240761e-01  -4.8105764385e-01   1.4411614377e+00  -6.1639215311e-01   1.1890793387e+00
  -4.7731406729e-01  -4.7836717138e-01   1.3451655307e+00  -7.5404021810e-01   1.0957351092e+00
  -4.7535629892e-01  -4.7626096320e-01   1.2487520285e+00  -8.5441581586e-01   1.0039269142e+00
  -4.7363463088e-01  -4.7445163464e-01   1.1528499016e+00  -9.3134755701e-01   9.1420893301e-01
  -4.7205820286e-01  -4.7281762713e-01   1.0570688893e+00  -9.9157294481e-01   8.2611190744e-01
  -4.7057922324e-01  -4.7129877858e-01   9.6104916835e-01  -1.0385318048e+00   7.3931100222e-01
  -4.6916801250e-01  -4.6985966791e-01   8.6561428422e-01  -1.0738200554e+00   6.5458804861e-01
  -4.6780432622e-01  -4.6847635709e-01   7.6929025489e-01  -1.0991301811e+00   5.7072414208e-01
  -4.6647318109e-01  -4.6713229535e-01   6.7386916010e-01  -1.1147609954e+00   4.8938493246e-01
  -4.6516256736e-01  -4.6581406684e-01   5.7824205326e-01  -1.1215144760e+00   4.0972902575e-01
  -4.6386252316e-01  -4.6451106789e-01   4.8205261823e-01  -1.1195544108e+00   3.3164627620e-01
  -4.6256404824e-01  -4.6321397844e-01   3.8623466102e-01  -1.1089822369e+00   2.5609000772e-01
  -4.6125861670e-01  -4.6191411803e-01   2.9060701813e-01  -1.0898519800e+00   1.8311283732e-01
  -4.5993776484e-01  -4.6060311536e-01   1.9512983945e-01  -1.0620648169e+00   1.1292735091e-01
  -4.5859242112e-01  -4.5927241432e-01   9.8843967380e-02  -1.0249384037e+00   4.5183338445e-02
  -4.5721266704e-01  -4.5791242792e-01   3.5739838479e-03  -9.7880352401e-01  -1.8471044543e-02
  -4.5578682495e-01  -4.5651290616e-01  -9.2671089163e-02  -9.2210760744e-01  -7.8892311684e-02
  -4.5430067193e-01  -4.5506074373e-01  -1.8820101908e-01  -8.5501264579e-01  -1.3441360004e-01
  -4.5273610223e-01  -4.5354060013e-01  -2.8412511582e-01  -7.7575335004e-01  -1.8495473412e-01
  -4.5106864371e-01  -4.5193160433e-01  -3.7980142840e-01  -6.8340127415e-01  -2.2917728432e-01
  -4.4926329074e-01  -4.5020568309e-01  -4.7572596974e-01  -5.7546582742e-01  -2.6595305199e-01
  -4.4726609887e-01  -4.4832089838e-01  -5.7149193510e-01  -4.4942662148e-01  -2.9316149130e-01
  -4.4498442178e-01  -4.4621129935e-01  -6.6745085981e-01  -3.0008417611e-01  -3.0784717676e-01
  -4.4235257510e-01  -4.4375754422e-01  -7.6002635795e-01  -1.2618929163e-01  -3.0512865784e-01
  -4.3946564586e-01  -4.4094760599e-01  -8.3927208915e-01   5.8773923867e-02  -2.8205896045e-01
  -4.3633688466e-01  -4.3798368573e-01  -8.9969271944e-01   2.4448475687e-01  -2.3945336566e-01
  -4.3268516130e-01  -4.3469008358e-01  -9.3823436681e-01   4.3062133061e-01  -1.7752852204e-01
  -4.2755929390e-01  -4.3068023901e-01  -9.3830977937e-01   6.1994539125e-01  -9.3701728824e-02
  -4.2166997226e-01  -4.2443834879e-01  -8.7291520795e-01   7.3315861857e-01  -3.5189854735e-02
  -4.1704632770e-01  -4.1890159573e-01  -7.7528839413e-01   7.4745606507e-01  -3.5257754971e-02
  -4.1367958978e-01  -4.1519105967e-01  -6.7919246331e-01   7.2264368517e-01  -6.4464686633e-02
  -4.1084966285e-01  -4.1216811989e-01  -5.8342630228e-01   6.8434960052e-01  -1.0569967684e-01
  -4.0833775233e-01  -4.0953120581e-01  -4.8754798854e-01   6.4003806795e-01  -1.5249260431e-01
  -4.0603685963e-01  -4.0714429884e-01  -3.9190768909e-01   5.9307458385e-01  -2.0104899591e-01
  -4.0388289794e-01  -4.0492942043e-01  -2.9613717615e-01   5.4472133501e-01  -2.4929997083e-01
  -4.0183252169e-01  -4.0283637546e-01  -2.0043212947e-01   4.9565049938e-01  -2.9562723212e-01
  -3.9985311918e-01  -4.0082866791e-01  -1.0466630492e-01   4.4588637722e-01  -3.3899378946e-01
  -3.9791788163e-01  -3.9887757044e-01  -9.0478252654e-03   3.9530835718e-01  -3.7846319146e-01
  -3.9600259296e-01  -3.9695819283e-01   8.6794866991e-02   3.4323493327e-01  -4.1346495722e-01
  -3.9408304632e-01  -3.9504699309e-01   1.8261315656e-01   2.8905795960e-01  -4.4321239017e-01
  -3.9213230721e-01  -3.9311909955e-01   2.7829648545e-01   2.3180301544e-01  -4.6697733531e-01
  -3.9011678658e-01  -3.9114551487e-01   3.7408232407e-01   1.6982865444e-01  -4.8396350613e-01
  -3.8798888510e-01  -3.8908805828e-01   4.6994452769e-01   1.0084381248e-01  -4.9295520549e-01
  -3.8567048920e-01  -3.8688971191e-01   5.6583792157e-01   2.1011440788e-02  -4.9204908966e-01
  -3.8300187036e-01  -3.8445126649e-01   6.6215648726e-01  -7.7886404503e-02  -4.7749218976e-01
  -3.7960165421e-01  -3.8155247422e-01   7.5717292016e-01  -2.1555701377e-01  -4.3990639326e-01
  -3.7567331486e-01  -3.7765083420e-01   8.2258687070e-01  -3.9026422425e-01  -3.7613458015e-01
  -3.7184186692e-01  -3.7369579552e-01   8.3423044173e-01  -5.7494458118e-01  -3.0026970872e-01
  -3.6818376169e-01  -3.6998793832e-01   7.9446151401e-01  -7.5994970502e-01  -2.2334204339e-01
  -3.6476920525e-01  -3.6637958505e-01   7.1436940897e-01  -9.3375010590e-01  -1.5442780820e-01
  -3.6190222515e-01  -3.6315882545e-01   6.1798266608e-01  -1.0756036265e+00  -1.0242058824e-01
  -3.5955743529e-01  -3.6064562486e-01   5.2194985213e-01  -1.1850352090e+00  -6.5782507520e-02
  -3.5747581335e-01  -3.5846924571e-01   4.2596568445e-01  -1.2750331895e+00  -3.8361879177e-02
  -3.5554555589e-01  -3.5648238098e-01   3.2992421658e-01  -1.3506586921e+00  -1.7526382838e-02
  -3.5370428246e-01  -3.5460873079e-01   2.3433605298e-01  -1.4140029916e+00  -1.8833660276e-03
  -3.5191009141e-01  -3.5279983412e-01   1.3853212569e-01  -1.4667111452e+00   9.6365435276e-03
  -3.5013002733e-01  -3.5102034870e-01   4.2685274463e-02  -1.5090039139e+00   1.7659017276e-02
  -3.4833352158e-01  -3.4923970596e-01  -5.3303316126e-02  -1.5406367921e+00   2.2708562320e-02
  -3.4648782394e-01  -3.4742733720e-01  -1.4892485074e-01  -1.5605950511e+00   2.5234383273e-02
  -3.4455195495e-01  -3.4554831069e-01  -2.4482527531e-01  -1.5672542893e+00   2.5728531335e-02
  -3.4246600922e-01  -3.4355559922e-01  -3.4076961749e-01  -1.5572676667e+00   2.4761201204e-02
  -3.4012589732e-01  -3.4137641922e-01  -4.3678709741e-01  -1.5243482611e+00   2.3253834024e-02
  -3.3729386531e-01  -3.3887537541e-01  -5.3334502473e-01  -1.4535124423e+00   2.3222710199e-02
  -3.3373119516e-01  -3.3571235521e-01  -6.2015663339e-01  -1.3179620023e+00   3.0174016186e-02
  -3.3013995431e-01  -3.3175003512e-01  -6.6727585534e-01  -1.1348788849e+00   4.8960164869e-02
  -3.2713093899e-01  -3.2852987349e-01  -6.7382827658e-01  -9.4926129010e-01   7.6533815504e-02
  -3.2444947423e-01  -3.2573200448e-01  -6.5564581630e-01  -7.6368717513e-01   1.1084767127e-01
  -3.2194996463e-01  -3.2316694398e-01  -6.2019480576e-01  -5.7867437149e-01   1.5048029006e-01
  -3.1954784063e-01  -3.2073298528e-01  -5.7105864265e-01  -3.9306217943e-01   1.9459839952e-01
  -3.1718162262e-01  -3.1836269597e-01  -5.1070783717e-01  -2.0824494223e-01   2.4181337189e-01
  -3.1479564044e-01  -3.1600054927e-01  -4.3953544917e-01  -2.2475510045e-02   2.9139572189e-01
  -3.1232750552e-01  -3.1359073161e-01  -3.5814766977e-01   1.6260839629e-01   3.4140600362e-01
  -3.0974859368e-01  -3.1106427944e-01  -2.6698928272e-01   3.4423184503e-01   3.8892304967e-01
  -3.0714129829e-01  -3.0843290792e-01  -1.7140580776e-01   5.0994837899e-01   4.2784914202e-01
  -3.0455287342e-01  -3.0584968867e-01  -7.5816011223e-02   6.5123564179e-01   4.5315339094e-01
  -3.0192288339e-01  -3.0325605817e-01   2.0057486084e-02   7.6691020107e-01   4.6127213214e-01
  -2.9918504232e-01  -3.0058970861e-01   1.1561260804e-01   8.5246935302e-01   4.4714911599e-01
  -2.9625455536e-01  -2.9778037603e-01   2.1136167419e-01   9.0164164922e-01   4.0342079110e-01
  -2.9299442333e-01  -2.9472873469e-01   3.0716536131e-01   9.0218565815e-01   3.1827550213e-01
  -2.8955416173e-01  -2.9126011198e-01   3.9377264739e-01   8.4259004403e-01   1.8873860220e-01
  -2.8641489689e-01  -2.8784821147e-01   4.5761704595e-01   7.3854212755e-01   4.0022837169e-02
  -2.8367227528e-01  -2.8498158232e-01   5.0000064985e-01   6.1317457128e-01  -1.0868906455e-01
  -2.8109973593e-01  -2.8236296824e-01   5.2707107689e-01   4.7307708464e-01  -2.5692339893e-01
  -2.7855854486e-01  -2.7983650363e-01   5.4084973731e-01   3.1952369176e-01  -4.0524161136e-01
  -2.7591378759e-01  -2.7728058609e-01   5.4038836034e-01   1.5115047630e-01  -5.5391462190e-01
  -2.7306953365e-01  -2.7454698909e-01   5.2190548591e-01  -2.9861293946e-02  -6.9757236841e-01
  -2.6996238336e-01  -2.7159207822e-01   4.7918257401e-01  -2.1571740630e-01  -8.2376728529e-01
  -2.6657645717e-01  -2.6833268850e-01   4.0489380271e-01  -3.9028260481e-01  -9.1182542097e-01
  -2.6342123777e-01  -2.6482022584e-01   3.1016215604e-01  -5.1633869122e-01  -9.3900017732e-01
  -2.6083514468e-01  -2.6202224969e-01   2.1398945595e-01  -5.8680079028e-01  -9.1606546472e-01
  -2.5858769354e-01  -2.5964803967e-01   1.1828464681e-01  -6.2150947376e-01  -8.6225093008e-01
  -2.5655037453e-01  -2.5752734742e-01   2.2275459867e-02  -6.3128632450e-01  -7.8642836246e-01
  -2.5465278369e-01  -2.5557340165e-01  -7.3312809242e-02  -6.2198312682e-01  -6.9440305263e-01
  -2.5284972121e-01  -2.5373216573e-01  -1.6926906688e-01  -5.9726847255e-01  -5.8873130327e-01
  -2.5110888879e-01  -2.5196727669e-01  -2.6489017641e-01  -5.5977915644e-01  -4.7237681674e-01
  -2.4940443518e-01  -2.5025050088e-01  -3.6096897501e-01  -5.1087109486e-01  -3.4588406971e-01
  -2.4771352258e-01  -2.4855836948e-01  -4.5664117288e-01  -4.5209741224e-01  -2.1143182477e-01
  -2.4601470591e-01  -2.4686867567e-01  -5.5227294675e-01  -3.8399016901e-01  -6.9256874969e-02
  -2.4431234304e-01  -2.4516073614e-01  -6.4627411137e-01  -3.0816468827e-01   7.7738663611e-02
  -2.4261819605e-01  -2.4346394993e-01  -7.3677143333e-01  -2.2658543385e-01   2.2609492548e-01
  -2.4091346566e-01  -2.4177244216e-01  -8.2324117577e-01  -1.3998604923e-01   3.7456031068e-01
  -2.3916427906e-01  -2.4005448915e-01  -9.0538191257e-01  -4.8446737923e-02   5.2258211232e-01
  -2.3732807788e-01  -2.3827406896e-01  -9.8342503744e-01   4.9503998971e-02   6.7125659145e-01
  -2.3534180132e-01  -2.3638208681e-01  -1.0558249048e+00   1.5473003597e-01   8.1942750225e-01
  -2.3309001431e-01  -2.3430151584e-01  -1.1210544178e+00   2.7164182598e-01   9.6839920629e-01
  -2.3027701721e-01  -2.3187851277e-01  -1.1731202395e+00   4.0992032616e-01   1.1184416496e+00
  -2.2645548597e-01  -2.2867552165e-01  -1.1860097544e+00   5.7923420699e-01   1.2490498263e+00
  -2.2235484195e-01  -2.2423545029e-01  -1.1250997426e+00   7.3475858912e-01   1.2941843409e+00
  -2.1926377134e-01  -2.2047423360e-01  -1.0267522343e+00   8.3326106958e-01   1.2630593477e+00
  -2.1707588367e-01  -2.1805330907e-01  -9.3026528561e-01   8.9347967348e-01   1.2091209799e+00
  -2.1524632204e-01  -2.1609845826e-01  -8.3425070797e-01   9.3840339970e-01   1.1467873519e+00
  -2.1362140285e-01  -2.1439418582e-01  -7.3833661684e-01   9.7455286234e-01   1.0802137183e+00
  -2.1213035299e-01  -2.1284861988e-01  -6.4247889970e-01   1.0048443562e+00   1.0114243595e+00
  -2.1073297734e-01  -2.1141208611e-01  -5.4672647955e-01   1.0308810265e+00   9.4163959364e-01
  -2.0940352536e-01  -2.1005386857e-01  -4.5109119146e-01   1.0536512057e+00   8.7163594631e-01
  -2.0812417356e-01  -2.0875318216e-01  -3.5499793774e-01   1.0739132495e+00   8.0154033408e-01
  -2.0688161592e-01  -2.0749516496e-01  -2.5911766591e-01   1.0919431144e+00   7.3226546566e-01
  -2.0566526556e-01  -2.0626806687e-01  -1.6317277531e-01   1.1080914256e+00   6.6395393127e-01
  -2.0446637627e-01  -2.0506246426e-01  -6.7500384097e-02   1.1225006656e+00   5.9713666299e-01
  -2.0327734466e-01  -2.0387028829e-01   2.8036065360e-02   1.1353212410e+00   5.3197279716e-01
  -2.0209126970e-01  -2.0268440103e-01   1.2354520743e-01   1.1466273272e+00   4.6863489284e-01
  -2.0090147165e-01  -2.0149813836e-01   2.2007105994e-01   1.1565103975e+00   4.0672913552e-01
  -1.9970122365e-01  -2.0030480494e-01   3.1564906406e-01   1.1647144517e+00   3.4778657809e-01
  -1.9848348986e-01  -1.9909764236e-01   4.1132030732e-01   1.1712501646e+00   2.9140825433e-01
  -1.9724048137e-01  -1.9786933735e-01   5.0708072854e-01   1.1759406192e+00   2.3792472958e-01
  -1.9596323099e-01  -1.9661162539e-01   6.0277747812e-01   1.1785306491e+00   1.8778920481e-01
  -1.9464093815e-01  -1.9531483659e-01   6.9854102132e-01   1.1786758441e+00   1.4137044854e-01
  -1.9325989426e-01  -1.9396703971e-01   7.9455015288e-01   1.1758738291e+00   9.9141802974e-02
  -1.9180212350e-01  -1.9255274881e-01   8.9028088168e-01   1.1694455860e+00   6.2022009274e-02
  -1.9024256431e-01  -1.9105149818e-01   9.8615345974e-01   1.1583592943e+00   3.0748505432e-02
  -1.8854366466e-01  -1.8943363044e-01   1.0820293155e+00   1.1410553138e+00   6.6792281674e-03
  -1.8664397079e-01  -1.8765369889e-01   1.1779471350e+00   1.1149153015e+00  -8.1966995164e-03
  -1.8442730585e-01  -1.8563424269e-01   1.2740049535e+00   1.0749607357e+00  -1.0403817441e-02
  -1.8160313917e-01  -1.8322036901e-01   1.3709006684e+00   1.0086164910e+00   7.9868596396e-03
  -1.7756259117e-01  -1.7998590933e-01   1.4592453734e+00   8.8355514437e-01   6.6723637413e-02
  -1.7303185648e-01  -1.7513927301e-01   1.4952070230e+00   7.0581857759e-01   1.5858892574e-01
  -1.6908706558e-01  -1.7092443995e-01   1.4746032367e+00   5.2085218822e-01   2.4531420190e-01
  -1.6556874658e-01  -1.6724969121e-01   1.4198296789e+00   3.3573476356e-01   3.1575904332e-01
  -1.6230329771e-01  -1.6388780195e-01   1.3420516603e+00   1.5108816037e-01   3.6742981389e-01
  -1.5930533986e-01  -1.6071879347e-01   1.2500662394e+00  -2.7096478508e-02   3.9916223060e-01
  -1.5665937975e-01  -1.5789188625e-01   1.1542441155e+00  -1.8854619703e-01   4.1240611306e-01
  -1.5431114807e-01  -1.5542687324e-01   1.0584626882e+00  -3.3377854193e-01   4.1170723171e-01
  -1.5216225868e-01  -1.5319542290e-01   9.6263880071e-01  -4.6694131037e-01   4.0056311247e-01
  -1.5015713276e-01  -1.5112909446e-01   8.6700629130e-01  -5.8989793222e-01   3.8122921870e-01
  -1.4825992434e-01  -1.4918517106e-01   7.7120374025e-01  -7.0437929270e-01   3.5514633496e-01
  -1.4644521115e-01  -1.4733467761e-01   6.7554957866e-01  -8.1074439956e-01   3.2346729470e-01
  -1.4469345284e-01  -1.4555574469e-01   5.7972318519e-01  -9.0976279512e-01   2.8685633976e-01
  -1.4298867368e-01  -1.4383116098e-01   4.8400925499e-01  -1.0012977806e+00   2.4595747306e-01
  -1.4131690759e-01  -1.4214618637e-01   3.8850832960e-01  -1.0852653926e+00   2.0119689364e-01
  -1.3966534044e-01  -1.4048762881e-01   2.9234558116e-01  -1.1621261319e+00   1.5232081871e-01
  -1.3802137227e-01  -1.3884305207e-01   1.9688523984e-01  -1.2303473917e+00   1.0006300807e-01
  -1.3637181817e-01  -1.3719969246e-01   1.0106812635e-01  -1.2900547237e+00   4.3750571009e-02
  -1.3470202479e-01  -1.3554394387e-01   5.1830098394e-03  -1.3399664631e+00  -1.6791871021e-02
  -1.3299460342e-01  -1.3386010571e-01  -9.0483873293e-02  -1.3785132914e+00  -8.1909789938e-02
  -1.3122742364e-01  -1.3212910114e-01  -1.8623186710e-01  -1.4037395170e+00  -1.5266228397e-01
  -1.2936992205e-01  -1.3032574614e-01  -2.8209151415e-01  -1.4124300784e+00  -2.3047644623e-01
  -1.2737607576e-01  -1.2841409796e-01  -3.7794479217e-01  -1.3995211588e+00  -3.1753313780e-01
  -1.2516795232e-01  -1.2633805357e-01  -4.7379226708e-01  -1.3563042486e+00  -4.1783686675e-01
  -1.2259649311e-01  -1.2399785107e-01  -5.6986193309e-01  -1.2647583589e+00  -5.3996410326e-01
  -1.1978118372e-01  -1.2119513514e-01  -6.5318880273e-01  -1.1134422424e+00  -6.7880711437e-01
  -1.1722127913e-01  -1.1836723231e-01  -7.0800247115e-01  -9.2966132994e-01  -8.0934316366e-01
  -1.1509287231e-01  -1.1607532595e-01  -7.3765918102e-01  -7.4364565664e-01  -9.2066693246e-01
  -1.1322832905e-01  -1.1411041867e-01  -7.5195269650e-01  -5.5809090218e-01  -1.0196112601e+00
  -1.1153107570e-01  -1.1234623943e-01  -7.5597793161e-01  -3.7282661924e-01  -1.1103856961e+00
  -1.0994725144e-01  -1.1071591197e-01  -7.5254921891e-01  -1.8691267096e-01  -1.1956648398e+00
  -1.0844209005e-01  -1.0917859092e-01  -7.4350251454e-01  -1.8679823692e-03  -1.2761391643e+00
  -1.0699069130e-01  -1.0770558918e-01  -7.3005007473e-01   1.8352882234e-01  -1.3532726518e+00
  -1.0557379342e-01  -1.0627579343e-01  -7.1304605246e-01   3.6953150069e-01  -1.4277599824e+00
  -1.0417484262e-01  -1.0487179340e-01  -6.9343297817e-01   5.5395069919e-01  -1.4991844110e+00
  -1.0277836491e-01  -1.0347789183e-01  -6.7141784791e-01   7.4025056507e-01  -1.5691732355e+00
  -1.0136848770e-01  -1.0207883800e-01  -6.4785860848e-01   9.2530506202e-01  -1.6367132333e+00
  -9.9927160114e-02  -1.0065813741e-01  -6.2306497891e-01   1.1105212074e+00  -1.7024101546e+00
  -9.8431492431e-02  -9.9196182820e-02  -5.9744829715e-01   1.2963099023e+00  -1.7663341872e+00
  -9.6849353975e-02  -9.7666802042e-02  -5.7170930495e-01   1.4815140028e+00  -1.8278483852e+00
  -9.5128935434e-02  -9.6031905908e-02  -5.4638250295e-01   1.6674761095e+00  -1.8868313214e+00
  -9.3169554815e-02  -9.4225964960e-02  -5.2269397560e-01   1.8540049188e+00  -1.9418827312e+00
  -9.0693116826e-02  -9.2113144671e-02  -5.0339006783e-01   2.0420635659e+00  -1.9893871102e+00
  -8.6064311804e-02  -8.9273088982e-02  -5.0980649881e-01   2.2131704547e+00  -1.9942597921e+00
  -8.1038906322e-02  -8.2855534627e-02  -5.7511431650e-01   2.1450775838e+00  -1.8784974343e+00
  -7.8108252031e-02  -7.9222278017e-02  -6.4456006572e-01   1.9579125494e+00  -1.7372757112e+00
  -7.6119770026e-02  -7.6994226045e-02  -7.0282420686e-01   1.7707135715e+00  -1.6095851142e+00
  -7.4493656872e-02  -7.5245314008e-02  -7.5568501639e-01   1.5846184072e+00  -1.4868651735e+00
  -7.3066926550e-02  -7.3741999736e-02  -8.0518144493e-01   1.3982494841e+00  -1.3658022881e+00
  -7.1768786630e-02  -7.2391853364e-02  -8.5159325036e-01   1.2133685939e+00  -1.2464804910e+00
  -7.0560251636e-02  -7.1145719897e-02  -8.9570789312e-01   1.0285074034e+00  -1.1273665418e+00
  -6.9417550346e-02  -6.9974783374e-02  -9.3817391353e-01   8.4168304412e-01  -1.0068094857e+00
  -6.8324055410e-02  -6.8860317318e-02  -9.7807139205e-01   6.5757793951e-01  -8.8756589041e-01
  -6.7267461975e-02  -6.7787793503e-02  -1.0163694364e+00   4.7219512874e-01  -7.6684524809e-01
  -6.6238617133e-02  -6.6747130448e-02  -1.0529945212e+00   2.8582250710e-01  -6.4463928350e-01
  -6.5229849759e-02  -6.5730103818e-02  -1.0874963164e+00   1.0076671150e-01  -5.2229851209e-01
  -6.4234582529e-02  -6.4729595701e-02  -1.1201347599e+00  -8.4405492339e-02  -3.9872948591e-01
  -6.3247023061e-02  -6.3739569357e-02  -1.1508729288e+00  -2.6986543018e-01  -2.7364978765e-01
  -6.2261713444e-02  -6.2754476766e-02  -1.1796221772e+00  -4.5569891940e-01  -1.4681467539e-01
  -6.1273271772e-02  -6.1768950123e-02  -1.2061170472e+00  -6.4093968477e-01  -1.8689681272e-02
  -6.0276158330e-02  -6.0777593420e-02  -1.2302895478e+00  -8.2611258560e-01   1.1130316661e-01
  -5.9264388663e-02  -5.9774723239e-02  -1.2519308037e+00  -1.0111543489e+00   2.4338465205e-01
  -5.8231038661e-02  -5.8754054088e-02  -1.2709142621e+00  -1.1976223616e+00   3.7903427789e-01
  -5.7167898835e-02  -5.7708023234e-02  -1.2866115205e+00  -1.3829361398e+00   5.1680574057e-01
  -5.6065022706e-02  -5.6627774435e-02  -1.2986094008e+00  -1.5667261012e+00   6.5688232920e-01
  -5.4910797379e-02  -5.5502270977e-02  -1.3064797198e+00  -1.7537495542e+00   8.0371187726e-01
  -5.3708034454e-02  -5.4319323781e-02  -1.3090040237e+00  -1.9348246119e+00   9.5102360640e-01
  -5.2463138266e-02  -5.3096745126e-02  -1.3054429626e+00  -2.1092097012e+00   1.0990695478e+00
  -5.1166546254e-02  -5.1829531406e-02  -1.2948552671e+00  -2.2743521650e+00   1.2468259655e+00
  -4.9801008403e-02  -5.0503561102e-02  -1.2756671142e+00  -2.4303493170e+00   1.3961471438e+00
  -4.8342526768e-02  -4.9098455703e-02  -1.2464034691e+00  -2.5713586988e+00   1.5438941075e+00
  -4.6754581213e-02  -4.7586597833e-02  -1.2038750115e+00  -2.6957648287e+00   1.6922754524e+00
  -4.4974374735e-02  -4.5922564593e-02  -1.1432987319e+00  -2.7964429226e+00   1.8406930986e+00
  -4.2998052848e-02  -4.4026184878e-02  -1.0604338795e+00  -2.8592460344e+00   1.9821562952e+00
  -4.1070655474e-02  -4.1969920818e-02  -9.6497857812e-01  -2.8707810522e+00   2.0950648863e+00
  -3.9362305491e-02  -4.0171390129e-02  -8.6919856405e-01  -2.8397186367e+00   2.1730721052e+00
  -3.7805683954e-02  -3.8553220854e-02  -7.7325776422e-01  -2.7785470733e+00   2.2260699700e+00
  -3.6354604293e-02  -3.7058147054e-02  -6.7734389315e-01  -2.6945759591e+00   2.2596629583e+00
  -3.4979688191e-02  -3.5651061533e-02  -5.8172012196e-01  -2.5927639744e+00   2.2774420089e+00
  -3.3660687901e-02  -3.4308314849e-02  -4.8604430767e-01  -2.4759238451e+00   2.2818642270e+00
  -3.2382721616e-02  -3.3013060953e-02  -3.9009001423e-01  -2.3459227924e+00   2.2744521157e+00
  -3.1134000315e-02  -3.1752382279e-02  -2.9412362488e-01  -2.2047104564e+00   2.2562505667e+00
  -2.9904597774e-02  -3.0515618351e-02  -1.9825606877e-01  -2.0537357752e+00   2.2280289517e+00
  -2.8685747466e-02  -2.9293577198e-02  -1.0249248993e-01  -1.8940204391e+00   2.1902717609e+00
  -2.7469270579e-02  -2.8077917734e-02  -6.7787745478e-03  -1.7262509947e+00   2.1431836453e+00
  -2.6247064189e-02  -2.6860623423e-02   8.8953718613e-02  -1.5508827907e+00   2.0867024060e+00
  -2.5014821667e-02  -2.5633504956e-02   1.8440977561e-01  -1.3689056346e+00   2.0207710189e+00
  -2.3783464998e-02  -2.4396138378e-02   2.7801316232e-01  -1.1838388763e+00   1.9462932141e+00
  -2.2559798503e-02  -2.3170791618e-02   3.6863603100e-01  -9.9853410553e-01   1.8641262693e+00
  -2.1333573805e-02  -2.1948805389e-02   4.5649355381e-01  -8.1311618158e-01   1.7739493999e+00
  -2.0092652379e-02  -2.0718342222e-02   5.4180640347e-01  -6.2748618599e-01   1.6750387633e+00
  -1.8823713972e-02  -1.9466962537e-02   6.2460079391e-01  -4.4177240591e-01   1.5664266142e+00
  -1.7510956879e-02  -1.8180465406e-02   7.0464558524e-01  -2.5652109959e-01   1.4469850903e+00
  -1.6134263046e-02  -1.6841448352e-02   7.8205233109e-01  -7.1252044069e-02   1.3142440975e+00
  -1.4716027676e-02  -1.5427077741e-02   8.5406804579e-01   1.0764603236e-01   1.1704343942e+00
  -1.3323109993e-02  -1.4004977611e-02   9.1720724582e-01   2.7128797904e-01   1.0212576661e+00
  -1.1982185388e-02  -1.2641242376e-02   9.6919400197e-01   4.1276848960e-01   8.7375040537e-01
  -1.0682244316e-02  -1.1323128401e-02   1.0118684268e+00   5.3586566619e-01   7.2567016426e-01
  -9.4147914636e-03  -1.0041360232e-02   1.0457424103e+00   6.4118029286e-01   5.7733347073e-01
  -8.1726570787e-03  -8.7882226952e-03   1.0712936338e+00   7.2933965988e-01   4.2899906567e-01
  -6.9495966886e-03  -7.5570914623e-03   1.0889733251e+00   8.0101183668e-01   2.8079820444e-01
  -5.7399918747e-03  -6.3421019150e-03   1.0991813201e+00   8.5683179490e-01   1.3276166785e-01
  -4.5386011756e-03  -5.1378818345e-03   1.1022487351e+00   8.9734530575e-01  -1.5154546139e-02
  -3.3403364641e-03  -3.9393205168e-03   1.0984272340e+00   9.2296862768e-01  -1.6304373024e-01
  -2.1400090595e-03  -2.7413524114e-03   1.0877675068e+00   9.3393488277e-01  -3.1201336454e-01
  -9.3212634877e-04  -1.5386657077e-03   1.0705071450e+00   9.3020052975e-01  -4.6012945353e-01
   2.8931424925e-04  -3.2558698988e-04   1.0467060637e+00   9.1196174719e-01  -6.0813479775e-01
   1.5311812089e-03   9.0421548837e-04   1.0163188210e+00   8.7906556143e-01  -7.5623168940e-01
   2.8016617177e-03   2.1581469294e-03   9.7927413171e-01   8.3122261398e-01  -9.0426699873e-01
   4.1109605850e-03   3.4451765061e-03   9.3530034993e-01   7.6778169573e-01  -1.0524467794e+00
   5.4725294366e-03   4.7767446639e-03   8.8385087185e-01   6.8751793863e-01  -1.2011718567e+00
   6.9046774823e-03   6.1683142094e-03   8.2476988508e-01   5.8968729838e-01  -1.3491871686e+00
   8.4340799804e-03   7.6410407552e-03   7.5691477861e-01   4.7177607881e-01  -1.4971482093e+00
   1.0104145255e-02   9.2271192055e-03   6.7817457297e-01   3.2910665417e-01  -1.6458551252e+00
   1.1941516552e-02   1.0981171305e-02   5.8821740057e-01   1.5982635652e-01  -1.7909899289e+00
   1.3844002375e-02   1.2901861799e-02   4.9398198382e-01  -2.3634805595e-02  -1.9184337251e+00
   1.5719327137e-02   1.4786142951e-02   4.0138608899e-01  -2.0950360194e-01  -2.0201333584e+00
   1.7600566921e-02   1.6652511322e-02   3.1165065732e-01  -3.9466674138e-01  -2.0956751714e+00
   1.9538400328e-02   1.8548622520e-02   2.2398549006e-01  -5.8024516580e-01  -2.1449713997e+00
   2.1598120379e-02   2.0528178135e-02   1.3827445999e-01  -7.6614625918e-01  -2.1644141227e+00
   2.3888292623e-02   2.2668062623e-02   5.4464392003e-02  -9.5204329701e-01  -2.1457426166e+00
   2.6618799763e-02   2.5108522624e-02  -2.7438161545e-02  -1.1367491761e+00  -2.0689941871e+00
   2.9401618874e-02   2.8129076902e-02  -8.9824179862e-02  -1.2767216076e+00  -1.9354178945e+00
   3.1692531966e-02   3.0674160846e-02  -1.2427040951e-01  -1.3490487631e+00  -1.7860281029e+00
   3.3600221992e-02   3.2710903086e-02  -1.4140023298e-01  -1.3769532562e+00  -1.6374061282e+00
   3.5300111210e-02   3.4489540898e-02  -1.4826715363e-01  -1.3760837992e+00  -1.4884856383e+00
   3.6869555690e-02   3.6110681521e-02  -1.4800356717e-01  -1.3535016536e+00  -1.3405305009e+00
   3.8351830203e-02   3.7628429858e-02  -1.4241351707e-01  -1.3129372801e+00  -1.1923630648e+00
   3.9774323875e-02   3.9075230547e-02  -1.3259056531e-01  -1.2566534167e+00  -1.0443205693e+00
   4.1156420734e-02   4.0473417203e-02  -1.1917614073e-01  -1.1855108010e+00  -8.9550030022e-01
   4.2513044807e-02   4.1839424264e-02  -1.0286984326e-01  -1.1012552776e+00  -7.4773998223e-01
   4.3856500443e-02   4.3186665349e-02  -8.3923109859e-02  -1.0036555906e+00  -5.9968973776e-01
   4.5197538296e-02   4.4526335537e-02  -6.2514623344e-02  -8.9233201845e-01  -4.5085959054e-01
   4.6546249027e-02   4.5868741055e-02  -3.9179858063e-02  -7.6891510854e-01  -3.0346768666e-01
   4.7912792377e-02   4.7223756999e-02  -1.3584146423e-02  -6.3051679249e-01  -1.5453515090e-01
   4.9307828469e-02   4.8601827754e-02   1.3652950604e-02  -4.7941535291e-01  -7.1533571008e-03
   5.0743392454e-02   5.0013829184e-02   4.3020289441e-02  -3.1180748962e-01   1.4156502851e-01
   5.2207825414e-02   5.1472955725e-02   7.3643763489e-02  -1.3165237368e-01   2.8730961116e-01
   5.3650667067e-02   5.2942695103e-02   1.0419390980e-01   5.3655812674e-02   4.2455123508e-01
   5.5047776467e-02   5.4358639031e-02   1.3373422585e-01   2.3823153490e-01   5.5031970781e-01
   5.6414013560e-02   5.5736913904e-02   1.6275329492e-01   4.2477104358e-01   6.6772695670e-01
   5.7762323677e-02   5.7091113216e-02   1.9071861271e-01   6.0943870534e-01   7.7543216808e-01
   5.9104466362e-02   5.8433534137e-02   2.1805549268e-01   7.9458185420e-01   8.7576427033e-01
   6.0451808752e-02   5.9775398588e-02   2.4489306543e-01   9.8078313129e-01   9.6959873744e-01
   6.1816225066e-02   6.1128218917e-02   2.7083663947e-01   1.1649392788e+00   1.0559786637e+00
   6.3211375120e-02   6.2504231215e-02   2.9656706873e-01   1.3516303780e+00   1.1374670122e+00
   6.4653930942e-02   6.3918519026e-02   3.2150921718e-01   1.5365267631e+00   1.2124797626e+00
   6.6165814248e-02   6.5389342859e-02   3.4596536940e-01   1.7217471291e+00   1.2822440248e+00
   6.7779318088e-02   6.6942285637e-02   3.6994593783e-01   1.9076008511e+00   1.3470126265e+00
   6.9546485745e-02   6.8616350540e-02   3.9320790529e-01   2.0928933633e+00   1.4064630980e+00
   7.1567532276e-02   7.0476620951e-02   4.1573436765e-01   2.2795012650e+00   1.4610876514e+00
   7.4104885422e-02   7.2658443602e-02   4.3668413467e-01   2.4671193818e+00   1.5102148716e+00
   7.7526520153e-02   7.5551327241e-02   4.5034945710e-01   2.6296244564e+00   1.5463733391e+00
   8.1476905976e-02   7.9501713064e-02   4.4286347528e-01   2.6808552724e+00   1.5517779462e+00
   8.5477905063e-02   8.3452098887e-02   4.0611178663e-01   2.5759567384e+00   1.5221379458e+00
   8.8741837857e-02   8.7503711239e-02   3.5411263316e-01   2.3828894990e+00   1.4756574008e+00
   9.0981550477e-02   8.9979964474e-02   3.0638808415e-01   2.1961954817e+00   1.4322936123e+00
   9.2861396960e-02   9.1983136480e-02   2.5942284200e-01   2.0103155774e+00   1.3891757037e+00
   9.4541878575e-02   9.3739657440e-02   2.1251899621e-01   1.8242046581e+00   1.3455074454e+00
   9.6096131064e-02   9.5344099709e-02   1.6586105643e-01   1.6391321331e+00   1.3012562728e+00
   9.7565832357e-02   9.6848162418e-02   1.1915937307e-01   1.4540454203e+00   1.2559287886e+00
   9.8977729923e-02   9.8283502295e-02   7.2207004487e-02   1.2679994812e+00   1.2090634825e+00
   1.0035123539e-01   9.9671957551e-02   2.5641915770e-02   1.0832479256e+00   1.1610246744e+00
   1.0170158899e-01   1.0103051323e-01  -2.1117320284e-02   8.9707862072e-01   1.1108939307e+00
   1.0304161504e-01   1.0237266476e-01  -6.7169548299e-02   7.1255104881e-01   1.0592723168e+00
   1.0438312125e-01   1.0371056532e-01  -1.1308826888e-01   5.2668002515e-01   1.0050752871e+00
   1.0573772454e-01   1.0505567718e-01  -1.5819525066e-01   3.4130391281e-01   9.4852421130e-01
   1.0711777092e-01   1.0641977189e-01  -2.0227714661e-01   1.5614687846e-01   8.8919334036e-01
   1.0853732118e-01   1.0781576996e-01  -2.4498301604e-01  -2.8861826310e-02   8.2663286411e-01
   1.1001381601e-01   1.0925887241e-01  -2.8603495839e-01  -2.1479423855e-01   7.5986998821e-01
   1.1157029742e-01   1.1076875960e-01  -3.2444563942e-01  -4.0054477145e-01   6.8848232832e-01
   1.1323910999e-01   1.1237183524e-01  -3.5906098121e-01  -5.8561854173e-01   6.1158013762e-01
   1.1507083258e-01   1.1410638474e-01  -3.8837406987e-01  -7.7104742133e-01   5.2702702235e-01
   1.1715595752e-01   1.1603528043e-01  -4.0929314498e-01  -9.5709412129e-01   4.3161740952e-01
   1.1969438156e-01   1.1827663460e-01  -4.1500256874e-01  -1.1439472115e+00   3.1873270148e-01
   1.2294359536e-01   1.2111212852e-01  -3.8922675222e-01  -1.3169172225e+00   1.8294093690e-01
   1.2658882411e-01   1.2477506220e-01  -3.1778489734e-01  -1.4262505735e+00   4.5491122810e-02
   1.2978377682e-01   1.2840258601e-01  -2.2190231450e-01  -1.4526994078e+00  -5.8973034489e-02
   1.3235774354e-01   1.3116496762e-01  -1.2568121427e-01  -1.4308441730e+00  -1.3103693111e-01
   1.3465455028e-01   1.3355051945e-01  -2.9731039946e-02  -1.3837914501e+00  -1.8622964476e-01
   1.3682756115e-01   1.3575858111e-01   6.6404006811e-02  -1.3192138183e+00  -2.3102244597e-01
   1.3897182370e-01   1.3789654119e-01   1.6211688529e-01  -1.2406312308e+00  -2.6845613103e-01
   1.4117369974e-01   1.4004710620e-01   2.5813821764e-01  -1.1478901529e+00  -3.0099871918e-01
   1.4354874708e-01   1.4230029328e-01   3.5425430133e-01  -1.0387841979e+00  -3.3036211792e-01
   1.4633888714e-01   1.4479720088e-01   4.5104044278e-01  -9.0424900449e-01  -3.5903422821e-01
   1.4981236160e-01   1.4788057341e-01   5.3738151520e-01  -7.3645913536e-01  -3.8895415318e-01
   1.5385946366e-01   1.5174414979e-01   5.7910476952e-01  -5.5135773817e-01  -4.1990534168e-01
   1.5819320894e-01   1.5597477754e-01   5.4395281959e-01  -3.7673763078e-01  -4.5130040177e-01
   1.6184740152e-01   1.6041164034e-01   4.5232043002e-01  -2.5254424407e-01  -4.7637465937e-01
   1.6440447902e-01   1.6328316269e-01   3.5547051836e-01  -1.7995294784e-01  -4.9193476806e-01
   1.6650136438e-01   1.6552579535e-01   2.5931435536e-01  -1.2931542697e-01  -5.0241062175e-01
   1.6837033901e-01   1.6747693341e-01   1.6337614968e-01  -9.0835172577e-02  -5.0925424733e-01
   1.7010830122e-01   1.6926374462e-01   6.7356188132e-02  -6.0535826990e-02  -5.1291386337e-01
   1.7177006805e-01   1.7095285781e-01  -2.8471224256e-02  -3.6522594695e-02  -5.1346439509e-01
   1.7339327517e-01   1.7258727828e-01  -1.2414665105e-01  -1.7638768041e-02  -5.1081957280e-01
   1.7500830949e-01   1.7419927206e-01  -2.2009391122e-01  -3.2080450429e-03  -5.0468857943e-01
   1.7664414492e-01   1.7581734693e-01  -3.1579030064e-01   6.9572638930e-03  -4.9466576618e-01
   1.7833348868e-01   1.7747094292e-01  -4.1182203466e-01   1.2867366592e-02  -4.7999573131e-01
   1.8011963246e-01   1.7919603443e-01  -5.0764160991e-01   1.4072926311e-02  -4.5967953806e-01
   1.8207106981e-01   1.8104323049e-01  -6.0375668521e-01   9.5737345226e-03  -4.3177613809e-01
   1.8432341455e-01   1.8309890913e-01  -6.9998705099e-01  -2.9825678975e-03  -3.9267468721e-01
   1.8730324195e-01   1.8554791997e-01  -7.9800444694e-01  -3.1392897918e-02  -3.3088199444e-01
   1.9198932527e-01   1.8905856393e-01  -8.7155650934e-01  -1.0038609101e-01  -2.1954404660e-01
   1.9726099767e-01   1.9492008661e-01  -8.3810247317e-01  -2.0291389958e-01  -9.4815196967e-02
   2.0095746375e-01   1.9960190873e-01  -7.3960439753e-01  -2.8389036675e-01  -2.2899749614e-02
   2.0338988416e-01   2.0231301878e-01  -6.4297600842e-01  -3.3734960534e-01   1.0431794086e-02
   2.0540576969e-01   2.0446674954e-01  -5.4672393939e-01  -3.7972727072e-01   2.7349865470e-02
   2.0720180342e-01   2.0634478985e-01  -4.5094978453e-01  -4.1459297682e-01   3.3122163885e-02
   2.0886272091e-01   2.0805881699e-01  -3.5498123194e-01  -4.4366897655e-01   3.0109954475e-02
   2.1043552366e-01   2.0966662483e-01  -2.5929382701e-01  -4.6750505846e-01   1.9563265926e-02
   2.1195075282e-01   2.1120442249e-01  -1.6336684303e-01  -4.8655174236e-01   2.1603885519e-03
   2.1343051381e-01   2.1269708315e-01  -6.7508831874e-02  -5.0081247285e-01  -2.1631567348e-02
   2.1489263354e-01   2.1416394446e-01   2.8237780536e-02  -5.1020757461e-01  -5.1535513230e-02
   2.1635282734e-01   2.1562132261e-01   1.2396008593e-01  -5.1451310960e-01  -8.7464934048e-02
   2.1782637853e-01   2.1708433207e-01   2.1975779762e-01  -5.1331540694e-01  -1.2949586980e-01
   2.1932969182e-01   2.1856842500e-01   3.1563376475e-01  -5.0597910540e-01  -1.7781197687e-01
   2.2088202986e-01   2.2009095864e-01   4.1138055213e-01  -4.9163381546e-01  -2.3261772723e-01
   2.2250829290e-01   2.2167310109e-01   5.0725545114e-01  -4.6892659059e-01  -2.9458786097e-01
   2.2424396686e-01   2.2334348470e-01   6.0311236114e-01  -4.3587538706e-01  -3.6448783609e-01
   2.2614578731e-01   2.2514444901e-01   6.9905293749e-01  -3.8913084222e-01  -4.4382986461e-01
   2.2832036589e-01   2.2714712560e-01   7.9509384179e-01  -3.2249273950e-01  -5.3531117502e-01
   2.3104116554e-01   2.2949360617e-01   8.9221792831e-01  -2.1975353742e-01  -6.4653548935e-01
   2.3446740230e-01   2.3258872491e-01   9.7398187684e-01  -6.4592406286e-02  -7.7162875183e-01
   2.3803867974e-01   2.3634607970e-01   1.0097418101e+00   1.2060656881e-01  -8.7440154823e-01
   2.4135828121e-01   2.3973127978e-01   9.9585245234e-01   3.0605801140e-01  -9.3508124187e-01
   2.4464229029e-01   2.4298528263e-01   9.3967714746e-01   4.9145465960e-01  -9.5629286259e-01
   2.4774388155e-01   2.4629929796e-01   8.5259156235e-01   6.5836390162e-01  -9.3942593059e-01
   2.5038396827e-01   2.4918846514e-01   7.5615977089e-01   7.8694935004e-01  -8.9686605936e-01
   2.5265231116e-01   2.5157947139e-01   6.6024216567e-01   8.8254580830e-01  -8.4075687289e-01
   2.5473031395e-01   2.5372515093e-01   5.6429576732e-01   9.5520067991e-01  -7.7499582959e-01
   2.5670511721e-01   2.5573547696e-01   4.6830988475e-01   1.0087721138e+00  -7.0141979542e-01
   2.5863194685e-01   2.5767475745e-01   3.7260521358e-01   1.0448141813e+00  -6.2123078875e-01
   2.6055367048e-01   2.5958913624e-01   2.7694473753e-01   1.0638832501e+00  -5.3466971564e-01
   2.6251072899e-01   2.6151820472e-01   1.8104342527e-01   1.0652821829e+00  -4.4145543205e-01
   2.6454940182e-01   2.6350325326e-01   8.5015015944e-02   1.0470640102e+00  -3.4126499099e-01
   2.6673238471e-01   2.6559555038e-01  -1.0723838382e-02   1.0059844442e+00  -2.3366435110e-01
   2.6916222718e-01   2.6786921904e-01  -1.0667447855e-01   9.3559439241e-01  -1.1633163306e-01
   2.7205175754e-01   2.7045523533e-01  -2.0306044147e-01   8.2218465411e-01   1.4934491217e-02
   2.7542659499e-01   2.7364827974e-01  -2.8837650378e-01   6.5961562126e-01   1.4994472817e-01
   2.7889122059e-01   2.7720491024e-01  -3.4481601507e-01   4.7373865560e-01   2.6202108499e-01
   2.8234944938e-01   2.8057753094e-01  -3.7086500002e-01   2.8766307032e-01   3.4150080591e-01
   2.8629386712e-01   2.8412136782e-01  -3.7027955319e-01   1.0019856199e-01   3.8999861524e-01
   2.9276767405e-01   2.8846636642e-01  -3.3047474780e-01  -8.0188295680e-02   3.7675672041e-01
   3.0061497953e-01   2.9706898168e-01  -2.9191331581e-01  -5.2459644958e-02   2.6872168512e-01
   3.0637126398e-01   3.0416097737e-01  -3.1266826269e-01   1.3310409637e-01   1.7335637937e-01
   3.1056872481e-01   3.0858155059e-01  -3.6609364677e-01   3.2033339338e-01   1.2743479520e-01
   3.1463802338e-01   3.1255589902e-01  -4.4428163925e-01   5.0389346004e-01   1.2041792310e-01
   3.1872411652e-01   3.1672014775e-01  -5.3815902354e-01   6.5792244396e-01   1.6052720115e-01
   3.2287356189e-01   3.2072808529e-01  -6.3385723041e-01   7.5560985429e-01   2.5477372583e-01
   3.2687829824e-01   3.2501903849e-01  -7.0992233020e-01   7.7997909955e-01   3.9243575455e-01
   3.3033830393e-01   3.2873755799e-01  -7.5000740869e-01   7.4158670308e-01   5.4137022339e-01
   3.3344961879e-01   3.3193904987e-01  -7.5758495870e-01   6.6348307596e-01   6.8976003905e-01
   3.3648870306e-01   3.3496018770e-01  -7.3431642881e-01   5.5454504753e-01   8.3822008313e-01
   3.3967017916e-01   3.3801721842e-01  -6.7499532131e-01   4.1597581816e-01   9.8589643686e-01
   3.4270881407e-01   3.4132313990e-01  -5.8617305617e-01   2.7135990296e-01   1.1088017860e+00
   3.4523117408e-01   3.4409448823e-01  -4.8979273718e-01   1.4924683206e-01   1.1898094498e+00
   3.4737466320e-01   3.4636785992e-01  -3.9377400223e-01   4.8437344079e-02   1.2391299142e+00
   3.4931156545e-01   3.4838146648e-01  -2.9805769665e-01  -3.7642223943e-02   1.2657603159e+00
   3.5112509625e-01   3.5024166442e-01  -2.0201691540e-01  -1.1282166689e-01   1.2737622586e+00
   3.5286583623e-01   3.5200852807e-01  -1.0612720339e-01  -1.7871930803e-01   1.2649002964e+00
   3.5457029672e-01   3.5372314438e-01  -1.0245162925e-02  -2.3686738236e-01   1.2399189395e+00
   3.5626879955e-01   3.5541744907e-01   8.5466592719e-02  -2.8825527555e-01   1.1987706007e+00
   3.5799061964e-01   3.5712015003e-01   1.8125408425e-01  -3.3390805322e-01   1.1404216307e+00
   3.5976860714e-01   3.5886108925e-01   2.7705869653e-01  -3.7461002622e-01   1.0629365537e+00
   3.6164560677e-01   3.6067612502e-01   3.7299917988e-01  -4.1130302096e-01   9.6276421637e-01
   3.6366197227e-01   3.6261508852e-01   4.6777684912e-01  -4.4475007327e-01   8.3590389953e-01
   3.6568115675e-01   3.6470885602e-01   5.5274150047e-01  -4.7394815596e-01   6.9047918861e-01
   3.6754825006e-01   3.6665345748e-01   6.2050967033e-01  -4.9859700415e-01   5.4234568259e-01
   3.6928695524e-01   3.6844304263e-01   6.7374194889e-01  -5.2112798093e-01   3.9386784191e-01
   3.7094160435e-01   3.7013086785e-01   7.1472221677e-01  -5.4325510900e-01   2.4618064431e-01
   3.7254251576e-01   3.7175234086e-01   7.4564930335e-01  -5.6665200594e-01   9.7152818269e-02
   3.7411286219e-01   3.7333269067e-01   7.6710409284e-01  -5.9199816672e-01  -5.0698391979e-02
   3.7567245930e-01   3.7489303370e-01   7.8015738850e-01  -6.2043070821e-01  -1.9868062428e-01
   3.7723981263e-01   3.7645188489e-01   7.8525801554e-01  -6.5291389760e-01  -3.4694486965e-01
   3.7883443336e-01   3.7802774038e-01   7.8260468153e-01  -6.9047400075e-01  -4.9552325582e-01
   3.8047891362e-01   3.7964112633e-01   7.7228375285e-01  -7.3397497203e-01  -6.4340647740e-01
   3.8220252201e-01   3.8131670090e-01   7.5400224418e-01  -7.8520318417e-01  -7.9180482848e-01
   3.8404748900e-01   3.8308834311e-01   7.2724453427e-01  -8.4587374383e-01  -9.3983996907e-01
   3.8608416343e-01   3.8500663490e-01   6.9042523243e-01  -9.1974764007e-01  -1.0888003201e+00
   3.8845280006e-01   3.8716169196e-01   6.4099126230e-01  -1.0120837195e+00  -1.2374032769e+00
   3.9152402103e-01   3.8974390817e-01   5.7051677504e-01  -1.1385053301e+00  -1.3866766791e+00
   3.9540749083e-01   3.9330413390e-01   4.8048282830e-01  -1.2959022570e+00  -1.4983906794e+00
   3.9998842425e-01   3.9751084777e-01   3.8440645693e-01  -1.4536561568e+00  -1.5145769313e+00
   4.0461283637e-01   4.0246600073e-01   3.0609026214e-01  -1.5525684499e+00  -1.4133967194e+00
   4.0824270461e-01   4.0675967201e-01   2.5831990636e-01  -1.5688539237e+00  -1.2616229286e+00
   4.1098573482e-01   4.0972573721e-01   2.2845999290e-01  -1.5366238307e+00  -1.1127110083e+00
   4.1339891324e-01   4.1224573243e-01   2.0431545762e-01  -1.4745329447e+00  -9.6405068258e-01
   4.1565410983e-01   4.1455209406e-01   1.8173153071e-01  -1.3879864653e+00  -8.1600080944e-01
   4.1784309690e-01   4.1675612559e-01   1.5786852821e-01  -1.2776787486e+00  -6.6743633566e-01
   4.2003306119e-01   4.1893006820e-01   1.3053782424e-01  -1.1435402908e+00  -5.1932067705e-01
   4.2228473499e-01   4.2113605417e-01   9.7090389339e-02  -9.8283075570e-01  -3.7143151168e-01
   4.2453237295e-01   4.2343341581e-01   5.6817110829e-02  -8.0239024216e-01  -2.3219705316e-01
   4.2665741155e-01   4.2563133009e-01   1.1394327324e-02  -6.1708373629e-01  -1.1206957000e-01
   4.2866541872e-01   4.2768349302e-01  -3.8913243265e-02  -4.3156507449e-01  -1.1182451498e-02
   4.3060534923e-01   4.2964734442e-01  -9.4492009748e-02  -2.4638148475e-01   7.2408896773e-02
   4.3251356087e-01   4.3156335404e-01  -1.5598126000e-01  -6.1083308082e-02   1.4013239634e-01
   4.3442094964e-01   4.3346376770e-01  -2.2405104073e-01   1.2453424797e-01   1.9244746857e-01
   4.3635753672e-01   4.3537813158e-01  -2.9905059516e-01   3.0961730171e-01   2.2901474836e-01
   4.3835654627e-01   4.3733694186e-01  -3.8216446097e-01   4.9501692146e-01   2.4928113019e-01
   4.4043662500e-01   4.3937615068e-01  -4.7317349294e-01   6.7811522927e-01   2.5177671931e-01
   4.4253985249e-01   4.4149709932e-01  -5.6890251416e-01   8.5160118943e-01   2.3587851063e-01
   4.4462320710e-01   4.4358260566e-01  -6.6455775536e-01   1.0077905098e+00   2.0329976057e-01
   4.4672758775e-01   4.4566380855e-01  -7.6031700457e-01   1.1488205191e+00   1.5525917903e-01
   4.4891196447e-01   4.4779136694e-01  -8.5623586793e-01   1.2759784099e+00   9.1822231011e-02
   4.5126594965e-01   4.5003256200e-01  -9.5220379988e-01   1.3898680859e+00   1.1709045697e-02
   4.5397375997e-01   4.5249933730e-01  -1.0487458812e+00   1.4912510511e+00  -9.0107466001e-02
   4.5735951527e-01   4.5544818263e-01  -1.1403808517e+00   1.5748293334e+00  -2.2062553658e-01
   4.6162797951e-01   4.5927084791e-01  -1.1978186147e+00   1.6204624040e+00  -3.6971970767e-01
   4.6651114958e-01   4.6398511111e-01  -1.1692895446e+00   1.6080791060e+00  -4.8800750180e-01
   4.7039569429e-01   4.6903718805e-01  -1.0717801212e+00   1.5638543184e+00  -5.2548590765e-01
   4.7279185709e-01   4.7175420054e-01  -9.7478138786e-01   1.5247993183e+00  -5.1546429269e-01
   4.7471013751e-01   4.7382951364e-01  -8.7875117292e-01   1.4890984577e+00  -4.8859136165e-01
   4.7637515518e-01   4.7559076137e-01  -7.8280042404e-01   1.4554207327e+00  -4.5161884081e-01
   4.7787857922e-01   4.7715954898e-01  -6.8690194240e-01   1.4231477708e+00  -4.0752605566e-01
   4.7926958189e-01   4.7859760947e-01  -5.9116493636e-01   1.3918667628e+00  -3.5806002665e-01
   4.8057834895e-01   4.7994155431e-01  -4.9535094853e-01   1.3611449240e+00  -3.0415867780e-01
   4.8182509209e-01   4.8121514360e-01  -3.9928474340e-01   1.3306263429e+00  -2.4642795074e-01
   4.8302447802e-01   4.8243504059e-01  -3.0350649008e-01   1.3002121168e+00  -1.8572472109e-01
   4.8418778828e-01   4.8361391545e-01  -2.0829197620e-01   1.2697433245e+00  -1.2267623430e-01
   4.8532376560e-01   4.8476166111e-01  -1.1155240659e-01   1.2383018265e+00  -5.6162699428e-02
   4.8643981443e-01   4.8588587009e-01  -1.6788483478e-02   1.2067927992e+00   1.1137839927e-02
   4.8754242565e-01   4.8699375878e-01   8.0064051234e-02   1.1736123573e+00   8.1904073375e-02
   4.8863737676e-01   4.8809109251e-01   1.7524684474e-01   1.1397820266e+00   1.5323229522e-01
   4.8973025032e-01   4.8918366101e-01   2.7088086094e-01   1.1042985311e+00   2.2652133446e-01
   4.9082651997e-01   4.9027683962e-01   3.6730254290e-01   1.0666881469e+00   3.0193747118e-01
   4.9193180318e-01   4.9137620032e-01   4.6222282622e-01   1.0275208002e+00   3.7755815741e-01
   4.9305229898e-01   4.9248740604e-01   5.5897968966e-01   9.8498867981e-01   4.5594847672e-01
   4.9419488176e-01   4.9361719191e-01   6.5393142197e-01   9.4021078327e-01   5.3406657802e-01
   4.9536771504e-01   4.9477257160e-01   7.5020422102e-01   8.9114443265e-01   6.1438565511e-01
   4.9658103552e-01   4.9596285849e-01   8.4599072586e-01   8.3788708173e-01   6.9533490832e-01
   4.9784778996e-01   4.9719921256e-01   9.4148247952e-01   7.7942364667e-01   7.7697671308e-01
   4.9924818369e-01   4.9849636737e-01   1.0418216455e+00   7.1066267690e-01   8.6368964474e-01