# time = 0.8
# Grid points = 474
# Pressure (Pa) = 101325
#             1_pos             2_posf             3_uvel             4_vvel             5_wvel
  -4.9917840810e-01  -5.0000000000e-01   1.1869504391e+00   5.8519437302e-01   9.2570941080e-01
  -4.9750814511e-01  -4.9835681619e-01   1.2901618321e+00   4.9973936323e-01   1.0106965667e+00
  -4.9566236670e-01  -4.9665947403e-01   1.3897576795e+00   3.9933983749e-01   1.0931202800e+00
  -4.9337913820e-01  -4.9466525936e-01   1.4893863062e+00   2.6771469711e-01   1.1755538772e+00
  -4.9070684198e-01  -4.9209301703e-01   1.5712592515e+00   1.0547962646e-01   1.2423602596e+00
  -4.8796632188e-01  -4.8932066692e-01   1.6143112633e+00  -6.6950827999e-02   1.2751747508e+00
  -4.8525041762e-01  -4.8661197685e-01   1.6149819851e+00  -2.3934299421e-01   1.2706789487e+00
  -4.8247325112e-01  -4.8388885839e-01   1.5733379869e+00  -4.1181166320e-01   1.2288230131e+00
  -4.7971240761e-01  -4.8105764385e-01   1.4921886451e+00  -5.7378352527e-01   1.1527133579e+00
  -4.7731406729e-01  -4.7836717138e-01   1.3927940561e+00  -7.0191622480e-01   1.0622237774e+00
  -4.7535629892e-01  -4.7626096320e-01   1.2929670345e+00  -7.9535301646e-01   9.7322328101e-01
  -4.7363463088e-01  -4.7445163464e-01   1.1936694617e+00  -8.6696657131e-01   8.8624908967e-01
  -4.7205820286e-01  -4.7281762713e-01   1.0944972691e+00  -9.2302864409e-01   8.0084629150e-01
  -4.7057922324e-01  -4.7129877858e-01   9.9507789804e-01  -9.6674127269e-01   7.1669998316e-01
  -4.6916801250e-01  -4.6985966791e-01   8.9626405522e-01  -9.9959005406e-01   6.3456808393e-01
  -4.6780432622e-01  -4.6847635709e-01   7.9652957265e-01  -1.0231504737e+00   5.5326896570e-01
  -4.6647318109e-01  -4.6713229535e-01   6.9772998169e-01  -1.0377006901e+00   4.7441733747e-01
  -4.6516256736e-01  -4.6581406684e-01   5.9871707315e-01  -1.0439872413e+00   3.9719753686e-01
  -4.6386252316e-01  -4.6451106789e-01   4.9912191538e-01  -1.0421625923e+00   3.2150278645e-01
  -4.6256404824e-01  -4.6321397844e-01   3.9991137739e-01  -1.0323211689e+00   2.4825725447e-01
  -4.6125861670e-01  -4.6191411803e-01   3.0089788152e-01  -1.0145132617e+00   1.7751194855e-01
  -4.5993776484e-01  -4.6060311536e-01   2.0204016677e-01  -9.8864687865e-01   1.0947295294e-01
  -4.5859242112e-01  -4.5927241432e-01   1.0234511454e-01  -9.5408684378e-01   4.3800768221e-02
  -4.5721266704e-01  -4.5791242792e-01   3.7019092175e-03  -9.1114107564e-01  -1.7906855881e-02
  -4.5578682495e-01  -4.5651290616e-01  -9.5950922243e-02  -8.5836432737e-01  -7.6480237804e-02
  -4.5430067193e-01  -4.5506074373e-01  -1.9486330180e-01  -7.9590739378e-01  -1.3030349250e-01
  -4.5273610223e-01  -4.5354060013e-01  -2.9418381788e-01  -7.2212701467e-01  -1.7929889600e-01
  -4.5106864371e-01  -4.5193160433e-01  -3.9324779105e-01  -6.3615892526e-01  -2.2216895179e-01
  -4.4926329074e-01  -4.5020568309e-01  -4.9256879878e-01  -5.3568470222e-01  -2.5781996425e-01
  -4.4726609887e-01  -4.4832089838e-01  -5.9172563516e-01  -4.1835818487e-01  -2.8419623968e-01
  -4.4498442178e-01  -4.4621129935e-01  -6.9108228728e-01  -2.7933931861e-01  -2.9843273699e-01
  -4.4235257510e-01  -4.4375754422e-01  -7.8693574272e-01  -1.1746525953e-01  -2.9579729537e-01
  -4.3946564586e-01  -4.4094760599e-01  -8.6898748153e-01   5.4711998131e-02  -2.7343307344e-01
  -4.3633688466e-01  -4.3798368573e-01  -9.3154758878e-01   2.2758517998e-01  -2.3213042175e-01
  -4.3268516130e-01  -4.3469008358e-01  -9.7145405698e-01   4.0085465534e-01  -1.7209936109e-01
  -4.2755929390e-01  -4.3068023901e-01  -9.7153235126e-01   5.7709123552e-01  -9.0836165864e-02
  -4.2166997226e-01  -4.2443834879e-01  -9.0382255258e-01   6.8247823985e-01  -3.4113675577e-02
  -4.1704632770e-01  -4.1890159573e-01  -8.0273920255e-01   6.9578719763e-01  -3.4179420965e-02
  -4.1367958978e-01  -4.1519105967e-01  -7.0324090225e-01   6.7268988312e-01  -6.2493046710e-02
  -4.1084966285e-01  -4.1216811989e-01  -6.0408403669e-01   6.3704281507e-01  -1.0246687797e-01
  -4.0833775233e-01  -4.0953120581e-01  -5.0481104285e-01   5.9579426733e-01  -1.4782866825e-01
  -4.0603685963e-01  -4.0714429884e-01  -4.0578448786e-01   5.5207709048e-01  -1.9489999144e-01
  -4.0388289794e-01  -4.0492942043e-01  -3.0662310685e-01   5.0706622022e-01  -2.4167523968e-01
  -4.0183252169e-01  -4.0283637546e-01  -2.0752950761e-01   4.6138736984e-01  -2.8658560928e-01
  -3.9985311918e-01  -4.0082866791e-01  -1.0837297555e-01   4.1506316035e-01  -3.2862582486e-01
  -3.9791788163e-01  -3.9887757044e-01  -9.3690013493e-03   3.6798131901e-01  -3.6688807547e-01
  -3.9600259296e-01  -3.9695819283e-01   8.9867129155e-02   3.1950745068e-01  -4.0081932793e-01
  -3.9408304632e-01  -3.9504699309e-01   1.8907799967e-01   2.6907545015e-01  -4.2965694643e-01
  -3.9213230721e-01  -3.9311909955e-01   2.8814913971e-01   2.1577825688e-01  -4.5269504649e-01
  -3.9011678658e-01  -3.9114551487e-01   3.8732643042e-01   1.5808789424e-01  -4.6916169608e-01
  -3.8798888510e-01  -3.8908805828e-01   4.8658280553e-01   9.3871675106e-02  -4.7787838039e-01
  -3.8567048920e-01  -3.8688971191e-01   5.8587149766e-01   1.9557798674e-02  -4.7699996999e-01
  -3.8300187036e-01  -3.8445126649e-01   6.8560045196e-01  -7.2503588885e-02  -4.6288828173e-01
  -3.7960165421e-01  -3.8155247422e-01   7.8398124198e-01  -2.0065744826e-01  -4.2645203691e-01
  -3.7567331486e-01  -3.7765083420e-01   8.5171152099e-01  -3.6328759113e-01  -3.6463069041e-01
  -3.7184186692e-01  -3.7369579552e-01   8.6376765925e-01  -5.3520137414e-01  -2.9108618144e-01
  -3.6818376169e-01  -3.6998793832e-01   8.2259099865e-01  -7.0741739986e-01  -2.1651141865e-01
  -3.6476920525e-01  -3.6637958505e-01   7.3966346424e-01  -8.6920320839e-01  -1.4970502472e-01
  -3.6190222515e-01  -3.6315882545e-01   6.3986430958e-01  -1.0012505414e+00  -9.9288553408e-02
  -3.5955743529e-01  -3.6064562486e-01   5.4043155787e-01  -1.1031172033e+00  -6.3771150887e-02
  -3.5747581335e-01  -3.5846924571e-01   4.4104914057e-01  -1.1868936709e+00  -3.7189281882e-02
  -3.5554555589e-01  -3.5648238098e-01   3.4160736915e-01  -1.2572912023e+00  -1.6991136121e-02
  -3.5370428246e-01  -3.5460873079e-01   2.4263493042e-01  -1.3162565067e+00  -1.8266548820e-03
  -3.5191009141e-01  -3.5279983412e-01   1.4343907061e-01  -1.3653209206e+00   9.3408269934e-03
  -3.5013002733e-01  -3.5102034870e-01   4.4198749784e-02  -1.4046899441e+00   1.7117845523e-02
  -3.4833352158e-01  -3.4923970596e-01  -5.5188346125e-02  -1.4341359731e+00   2.2012866522e-02
  -3.4648782394e-01  -3.4742733720e-01  -1.5419540860e-01  -1.4527144253e+00   2.4461357342e-02
  -3.4455195495e-01  -3.4554831069e-01  -2.5349125578e-01  -1.4589131889e+00   2.4940321169e-02
  -3.4246600922e-01  -3.4355559922e-01  -3.5283260031e-01  -1.4496167834e+00   2.4002516652e-02
  -3.4012589732e-01  -3.4137641922e-01  -4.5224970525e-01  -1.4189728864e+00   2.2541208453e-02
  -3.3729386531e-01  -3.3887537541e-01  -5.5222644569e-01  -1.3530336499e+00   2.2511022355e-02
  -3.3373119516e-01  -3.3571235521e-01  -6.4211187871e-01  -1.2268533759e+00   2.9249771962e-02
  -3.3013995431e-01  -3.3175003512e-01  -6.9089964341e-01  -1.0564262982e+00   4.7461473068e-02
  -3.2713093899e-01  -3.2852987349e-01  -6.9768430431e-01  -8.8363999689e-01   7.4191951218e-02
  -3.2444947423e-01  -3.2573200448e-01  -6.7885832031e-01  -7.1089419984e-01   1.0745651075e-01
  -3.2194996463e-01  -3.2316694398e-01  -6.4215237446e-01  -5.3867093252e-01   1.4587717706e-01
  -3.1954784063e-01  -3.2073298528e-01  -5.9127673980e-01  -3.6588972724e-01   1.8864616078e-01
  -3.1718162262e-01  -3.1836269597e-01  -5.2878939593e-01  -1.9384853702e-01   2.3441730086e-01
  -3.1479564044e-01  -3.1600054927e-01  -4.5509732232e-01  -2.0920988499e-02   2.8248342346e-01
  -3.1232750552e-01  -3.1359073161e-01  -3.7082817179e-01   1.5136840883e-01   3.3096439658e-01
  -3.0974859368e-01  -3.1106427944e-01  -2.7644247412e-01   3.2043654642e-01   3.7702839073e-01
  -3.0714129829e-01  -3.0843290792e-01  -1.7747499799e-01   4.7469736550e-01   4.1476416612e-01
  -3.0455287342e-01  -3.0584968867e-01  -7.8500951135e-02   6.0621764339e-01   4.3929468713e-01
  -3.0192288339e-01  -3.0325605817e-01   2.0766865684e-02   7.1389575270e-01   4.4716527905e-01
  -2.9918504232e-01  -3.0058970861e-01   1.1970506223e-01   7.9354024839e-01   4.3347432763e-01
  -2.9625455536e-01  -2.9778037603e-01   2.1884410093e-01   8.3931320687e-01   3.9108348227e-01
  -2.9299442333e-01  -2.9472873469e-01   3.1803973492e-01   8.3981941042e-01   3.0854232330e-01
  -2.8955416173e-01  -2.9126011198e-01   4.0771341657e-01   7.8434328674e-01   1.8296716476e-01
  -2.8641489689e-01  -2.8784821147e-01   4.7381832223e-01   6.8748776560e-01   3.8799654152e-02
  -2.8367227528e-01  -2.8498158232e-01   5.1770262681e-01   5.7078641347e-01  -1.0536414200e-01
  -2.8109973593e-01  -2.8236296824e-01   5.4573160045e-01   4.4037339975e-01  -2.4906499817e-01
  -2.7855854486e-01  -2.7983650363e-01   5.5999822083e-01   2.9743467487e-01  -3.9284718629e-01
  -2.7591378759e-01  -2.7728058609e-01   5.5952064465e-01   1.4070060808e-01  -5.3697334233e-01
  -2.7306953365e-01  -2.7454698909e-01   5.4038352683e-01  -2.7798309554e-02  -6.7623764187e-01
  -2.6996238336e-01  -2.7159207822e-01   4.9614815249e-01  -2.0080664353e-01  -7.9857321117e-01
  -2.6657645717e-01  -2.6833268850e-01   4.1922931447e-01  -3.6330450578e-01  -8.8393837899e-01
  -2.6342123777e-01  -2.6482022584e-01   3.2114377789e-01  -4.8064650656e-01  -9.1028218836e-01
  -2.6083514468e-01  -2.6202224969e-01   2.2156612197e-01  -5.4623756697e-01  -8.8804902452e-01
  -2.5858769354e-01  -2.5964803967e-01   1.2247289365e-01  -5.7854674203e-01  -8.3588043287e-01
  -2.5655037453e-01  -2.5752734742e-01   2.3064490607e-02  -5.8764754862e-01  -7.6237687835e-01
  -2.5465278369e-01  -2.5557340165e-01  -7.5908107555e-02  -5.7898725582e-01  -6.7316610796e-01
  -2.5284972121e-01  -2.5373216573e-01  -1.7526173562e-01  -5.5598085480e-01  -5.7072624631e-01
  -2.5110888879e-01  -2.5196727669e-01  -2.7426836015e-01  -5.2108286788e-01  -4.5793035605e-01
  -2.4940443518e-01  -2.5025050088e-01  -3.7374888778e-01  -4.7555547929e-01  -3.3530626326e-01
  -2.4771352258e-01  -2.4855836948e-01  -4.7280842718e-01  -4.2084445232e-01  -2.0496609634e-01
  -2.4601470591e-01  -2.4686867567e-01  -5.7182611924e-01  -3.5744506693e-01  -6.7139406955e-02
  -2.4431234304e-01  -2.4516073614e-01  -6.6915547664e-01  -2.8686098703e-01   7.5360446333e-02
  -2.4261819605e-01  -2.4346394993e-01  -7.6285694227e-01  -2.1092088273e-01   2.1917941358e-01
  -2.4091346566e-01  -2.4177244216e-01  -8.5238823574e-01  -1.3030768407e-01   3.6310417327e-01
  -2.3916427906e-01  -2.4005448915e-01  -9.3743725898e-01  -4.5096051137e-02   5.0659892253e-01
  -2.3732807788e-01  -2.3827406896e-01  -1.0182435997e+00   4.6083794747e-02   6.5072639555e-01
  -2.3534180132e-01  -2.3638208681e-01  -1.0932068895e+00   1.4403600735e-01   7.9436571057e-01
  -2.3309001431e-01  -2.3430151584e-01  -1.1607459690e+00   2.5286615379e-01   9.3878134120e-01
  -2.3027701721e-01  -2.3187851277e-01  -1.2146553157e+00   3.8158596030e-01   1.0842349888e+00
  -2.2645548597e-01  -2.2867552165e-01  -1.2280013445e+00   5.3919567193e-01   1.2108487931e+00
  -2.2235484195e-01  -2.2423545029e-01  -1.1649349548e+00   6.8396895337e-01   1.2546030822e+00
  -2.1926377134e-01  -2.2047423360e-01  -1.0631055357e+00   7.7566201805e-01   1.2244301497e+00
  -2.1707588367e-01  -2.1805330907e-01  -9.6320251200e-01   8.3171766940e-01   1.1721415318e+00
  -2.1524632204e-01  -2.1609845826e-01  -8.6378856815e-01   8.7353573771e-01   1.1117144005e+00
  -2.1362140285e-01  -2.1439418582e-01  -7.6447865905e-01   9.0718608437e-01   1.0471769323e+00
  -2.1213035299e-01  -2.1284861988e-01  -6.6522711309e-01   9.3538340880e-01   9.8049149981e-01
  -2.1073297734e-01  -2.1141208611e-01  -5.6608458687e-01   9.5962003538e-01   9.1284110028e-01
  -2.0940352536e-01  -2.1005386857e-01  -4.6706333536e-01   9.8081597590e-01   8.4497851099e-01
  -2.0812417356e-01  -2.0875318216e-01  -3.6756790004e-01   9.9967716209e-01   7.7702676788e-01
  -2.0688161592e-01  -2.0749516496e-01  -2.6829298365e-01   1.0164604757e+00   7.0987066534e-01
  -2.0566526556e-01  -2.0626806687e-01  -1.6895115725e-01   1.0314923038e+00   6.4364843309e-01
  -2.0446637627e-01  -2.0506246426e-01  -6.9891474759e-02   1.0449052803e+00   5.7887476520e-01
  -2.0327734466e-01  -2.0387028829e-01   2.9027456278e-02   1.0568394143e+00   5.1570393121e-01
  -2.0209126970e-01  -2.0268440103e-01   1.2791811653e-01   1.0673637538e+00   4.5430321282e-01
  -2.0090147165e-01  -2.0149813836e-01   2.2786148772e-01   1.0765634468e+00   3.9429084063e-01
  -1.9970122365e-01  -2.0030480494e-01   3.2682345567e-01   1.0842001939e+00   3.3715104061e-01
  -1.9848348986e-01  -1.9909764236e-01   4.2588196814e-01   1.0902839301e+00   2.8249704918e-01
  -1.9724048137e-01  -1.9786933735e-01   5.2503282066e-01   1.0946499685e+00   2.3064932161e-01
  -1.9596323099e-01  -1.9661162539e-01   6.2411775254e-01   1.0970607824e+00   1.8204719797e-01
  -1.9464093815e-01  -1.9531483659e-01   7.2327184902e-01   1.0971957700e+00   1.3704816831e-01
  -1.9325989426e-01  -1.9396703971e-01   8.2268023627e-01   1.0945872842e+00   9.6111097967e-02
  -1.9180212350e-01  -1.9255274881e-01   9.2180037246e-01   1.0886032474e+00   6.0126628693e-02
  -1.9024256431e-01  -1.9105149818e-01   1.0210673910e+00   1.0782831666e+00   2.9809644374e-02
  -1.8854366466e-01  -1.8943363044e-01   1.1203378172e+00   1.0621752170e+00   6.4765496562e-03
  -1.8664397079e-01  -1.8765369889e-01   1.2196517119e+00   1.0378420572e+00  -7.9443692405e-03
  -1.8442730585e-01  -1.8563424269e-01   1.3191105910e+00   1.0006493219e+00  -1.0083948420e-02
  -1.8160313917e-01  -1.8322036901e-01   1.4194370852e+00   9.3889118031e-01   7.7442902947e-03
  -1.7756259117e-01  -1.7998590933e-01   1.5109099262e+00   8.2247495907e-01   6.4684644567e-02
  -1.7303185648e-01  -1.7513927301e-01   1.5481451457e+00   6.5702493511e-01   1.5374023947e-01
  -1.6908706558e-01  -1.7092443995e-01   1.5268121908e+00   4.8484494629e-01   2.3781297859e-01
  -1.6556874658e-01  -1.6724969121e-01   1.4700996445e+00   3.1252439934e-01   3.0610317616e-01
  -1.6230329771e-01  -1.6388780195e-01   1.3895681321e+00   1.4064214576e-01   3.5619346903e-01
  -1.5930533986e-01  -1.6071879347e-01   1.2943261695e+00  -2.5224839066e-02   3.8695519288e-01
  -1.5665937975e-01  -1.5789188625e-01   1.1951116254e+00  -1.7551375890e-01   3.9979384121e-01
  -1.5431114807e-01  -1.5542687324e-01   1.0959391859e+00  -3.1070638577e-01   3.9911615999e-01
  -1.5216225868e-01  -1.5319542290e-01   9.9672275815e-01  -4.3466378633e-01   3.8831270451e-01
  -1.5015713276e-01  -1.5112909446e-01   8.9770446414e-01  -5.4912057440e-01   3.6956995632e-01
  -1.4825992434e-01  -1.4918517106e-01   7.9851009117e-01  -6.5568798147e-01   3.4428463386e-01
  -1.4644521115e-01  -1.4733467761e-01   6.9946934598e-01  -7.5470019748e-01   3.1357431254e-01
  -1.4469345284e-01  -1.4555574469e-01   6.0025025696e-01  -8.4687356709e-01   2.7808291838e-01
  -1.4298867368e-01  -1.4383116098e-01   5.0114759934e-01  -9.3208084112e-01   2.3843475859e-01
  -1.4131690759e-01  -1.4214618637e-01   4.0226547463e-01  -1.0102438603e+00   1.9504299755e-01
  -1.3966534044e-01  -1.4048762881e-01   3.0269808144e-01  -1.0817912907e+00   1.4766161317e-01
  -1.3802137227e-01  -1.3884305207e-01   2.0385794995e-01  -1.1452964729e+00   9.7001926190e-02
  -1.3637181817e-01  -1.3719969246e-01   1.0464839947e-01  -1.2008762782e+00   4.2411624600e-02
  -1.3470202479e-01  -1.3554394387e-01   5.3684212968e-03  -1.2473376411e+00  -1.6279305254e-02
  -1.3299460342e-01  -1.3386010571e-01  -9.3685616215e-02  -1.2832197271e+00  -7.9405768095e-02
  -1.3122742364e-01  -1.3212910114e-01  -1.9282365918e-01  -1.3067020375e+00  -1.4799446969e-01
  -1.2936992205e-01  -1.3032574614e-01  -2.9207733714e-01  -1.3147917618e+00  -2.2342885492e-01
  -1.2737607576e-01  -1.2841409796e-01  -3.9132445793e-01  -1.3027751351e+00  -3.0782308207e-01
  -1.2516795232e-01  -1.2633805357e-01  -4.9056562274e-01  -1.2625456503e+00  -4.0505917982e-01
  -1.2259649311e-01  -1.2399785107e-01  -5.9003692988e-01  -1.1773280745e+00  -5.2345130438e-01
  -1.1978118372e-01  -1.2119513514e-01  -6.7631436872e-01  -1.0364720827e+00  -6.5804791899e-01
  -1.1722127913e-01  -1.1836723231e-01  -7.3306911383e-01  -8.6539554685e-01  -7.8459158605e-01
  -1.1509287231e-01  -1.1607532595e-01  -7.6377618755e-01  -6.9223875562e-01  -8.9251053736e-01
  -1.1322832905e-01  -1.1411041867e-01  -7.7857611113e-01  -5.1951103357e-01  -9.8842864714e-01
  -1.1153107570e-01  -1.1234623943e-01  -7.8274419139e-01  -3.4705371193e-01  -1.0764267244e+00
  -1.0994725144e-01  -1.1071591197e-01  -7.7919440783e-01  -1.7399164134e-01  -1.1590975704e+00
  -1.0844209005e-01  -1.0917859092e-01  -7.6982771842e-01  -1.7387448978e-03  -1.2371105434e+00
  -1.0699069130e-01  -1.0770558918e-01  -7.5589930308e-01   1.7084192290e-01  -1.3118848515e+00
  -1.0557379342e-01  -1.0627579343e-01  -7.3829355763e-01   3.4398657859e-01  -1.3840939292e+00
  -1.0417484262e-01  -1.0487179340e-01  -7.1798638014e-01   5.1565721536e-01  -1.4533337794e+00
  -1.0277836491e-01  -1.0347789183e-01  -6.9519210163e-01   6.8907851091e-01  -1.5211819285e+00
  -1.0136848770e-01  -1.0207883800e-01  -6.7079903999e-01   8.6134052668e-01  -1.5866561451e+00
  -9.9927160114e-02  -1.0065813741e-01  -6.4512788257e-01   1.0337530161e+00  -1.6503436525e+00
  -9.8431492431e-02  -9.9196182820e-02  -6.1860453170e-01   1.2066984761e+00  -1.7123124918e+00
  -9.6849353975e-02  -9.7666802042e-02  -5.9195453736e-01   1.3790997551e+00  -1.7719451987e+00
  -9.5128935434e-02  -9.6031905908e-02  -5.6573132646e-01   1.5522066435e+00  -1.8291240590e+00
  -9.3169554815e-02  -9.4225964960e-02  -5.4120439271e-01   1.7258410648e+00  -1.8824916344e+00
  -9.0693116826e-02  -9.2113144671e-02  -5.2121731644e-01   1.9008995815e+00  -1.9285429976e+00
  -8.6064311804e-02  -8.9273088982e-02  -5.2786117427e-01   2.0601782448e+00  -1.9332665317e+00
  -8.1038906322e-02  -8.2855534627e-02  -5.9548108978e-01   1.9967926583e+00  -1.8210447182e+00
  -7.8108252031e-02  -7.9222278017e-02  -6.6738525563e-01   1.8225661216e+00  -1.6841422740e+00
  -7.6119770026e-02  -7.6994226045e-02  -7.2771192894e-01   1.6483079619e+00  -1.5603571154e+00
  -7.4493656872e-02  -7.5245314008e-02  -7.8244396636e-01   1.4750773003e+00  -1.4413905872e+00
  -7.3066926550e-02  -7.3741999736e-02  -8.3369250492e-01   1.3015917983e+00  -1.3240304331e+00
  -7.1768786630e-02  -7.2391853364e-02  -8.8174721013e-01   1.1294914592e+00  -1.2083581151e+00
  -7.0560251636e-02  -7.1145719897e-02  -9.2742341991e-01   9.5740945449e-01  -1.0928872866e+00
  -6.9417550346e-02  -6.9974783374e-02  -9.7139263273e-01   7.8349998919e-01  -9.7601748711e-01
  -6.8324055410e-02  -6.8860317318e-02  -1.0127023672e+00   6.1212179802e-01  -8.6042097416e-01
  -6.7267461975e-02  -6.7787793503e-02  -1.0523560353e+00   4.3955422444e-01  -7.4339258763e-01
  -6.6238617133e-02  -6.6747130448e-02  -1.0902775089e+00   2.6606526210e-01  -6.2492430515e-01
  -6.5229849759e-02  -6.5730103818e-02  -1.1260005179e+00   9.3802093682e-02  -5.0632533630e-01
  -6.4234582529e-02  -6.4729595701e-02  -1.1597942007e+00  -7.8569437662e-02  -3.8653567614e-01
  -6.3247023061e-02  -6.3739569357e-02  -1.1916203267e+00  -2.5120881419e-01  -2.6528154482e-01
  -6.2261713444e-02  -6.2754476766e-02  -1.2213871111e+00  -4.2419592085e-01  -1.4232568558e-01
  -6.1273271772e-02  -6.1768950123e-02  -1.2488196989e+00  -5.9663127958e-01  -1.8119391913e-02
  -6.0276158330e-02  -6.0777593420e-02  -1.2738476907e+00  -7.6900346699e-01   1.0789763117e-01
  -5.9264388663e-02  -5.9774723239e-02  -1.2962548156e+00  -9.4125358418e-01   2.3593941528e-01
  -5.8231038661e-02  -5.8754054088e-02  -1.3159100372e+00  -1.1148313584e+00   3.6744021341e-01
  -5.7167898835e-02  -5.7708023234e-02  -1.3321627083e+00  -1.2873346909e+00   5.0099795776e-01
  -5.6065022706e-02  -5.6627774435e-02  -1.3445850224e+00  -1.4584195482e+00   6.3679033232e-01
  -5.4910797379e-02  -5.5502270977e-02  -1.3527336262e+00  -1.6325143740e+00   7.7912913586e-01
  -5.3708034454e-02  -5.4319323781e-02  -1.3553469429e+00  -1.8010720107e+00   9.2193538169e-01
  -5.2463138266e-02  -5.3096745126e-02  -1.3516594465e+00  -1.9634021495e+00   1.0654533940e+00
  -5.1166546254e-02  -5.1829531406e-02  -1.3406965454e+00  -2.1171285947e+00   1.2086907491e+00
  -4.9801008403e-02  -5.0503561102e-02  -1.3208286927e+00  -2.2623419338e+00   1.3534450212e+00
  -4.8342526768e-02  -4.9098455703e-02  -1.2905286392e+00  -2.3936035888e+00   1.4966732423e+00
  -4.6754581213e-02  -4.7586597833e-02  -1.2464941451e+00  -2.5094097553e+00   1.6405164644e+00
  -4.4974374735e-02  -4.5922564593e-02  -1.1837728651e+00  -2.6031281769e+00   1.7843949075e+00
  -4.2998052848e-02  -4.4026184878e-02  -1.0979739262e+00  -2.6615898646e+00   1.9215316381e+00
  -4.1070655474e-02  -4.1969920818e-02  -9.9913885653e-01  -2.6723275445e+00   2.0309871172e+00
  -3.9362305491e-02  -4.0171390129e-02  -8.9996766286e-01  -2.6434124814e+00   2.1066086711e+00
  -3.7805683954e-02  -3.8553220854e-02  -8.0063005123e-01  -2.5864696663e+00   2.1579857738e+00
  -3.6354604293e-02  -3.7058147054e-02  -7.0132036801e-01  -2.5083033960e+00   2.1905514909e+00
  -3.4979688191e-02  -3.5651061533e-02  -6.0231109248e-01  -2.4135295653e+00   2.2077869332e+00
  -3.3660687901e-02  -3.4308314849e-02  -5.0324796206e-01  -2.3047664617e+00   2.2120740563e+00
  -3.2382721616e-02  -3.3013060953e-02  -4.0389651982e-01  -2.1837522286e+00   2.2048887983e+00
  -3.1134000315e-02  -3.1752382279e-02  -3.0453257701e-01  -2.0523017309e+00   2.1872440926e+00
  -2.9904597774e-02  -3.0515618351e-02  -2.0527098768e-01  -1.9117637440e+00   2.1598857794e+00
  -2.8685747466e-02  -2.9293577198e-02  -1.0611707622e-01  -1.7630893307e+00   2.1232835306e+00
  -2.7469270579e-02  -2.8077917734e-02  -7.0148117145e-03  -1.6069175784e+00   2.0776357377e+00
  -2.6247064189e-02  -2.6860623423e-02   9.2106877956e-02  -1.4436723583e+00   2.0228821039e+00
  -2.5014821667e-02  -2.5633504956e-02   1.9094232794e-01  -1.2742750547e+00   1.9589673480e+00
  -2.3783464998e-02  -2.4396138378e-02   2.8785950193e-01  -1.1020017298e+00   1.8867675572e+00
  -2.2559798503e-02  -2.3170791618e-02   3.8169062448e-01  -9.2950684716e-01   1.8071137872e+00
  -2.1333573805e-02  -2.1948805389e-02   4.7265848607e-01  -7.5690663540e-01   1.7196950644e+00
  -2.0092652379e-02  -2.0718342222e-02   5.6099157184e-01  -5.8410901489e-01   1.6238096843e+00
  -1.8823713972e-02  -1.9466962537e-02   6.4671702338e-01  -4.1123340535e-01   1.5185194987e+00
  -1.7510956879e-02  -1.8180465406e-02   7.2959551706e-01  -2.3878830394e-01   1.4027311392e+00
  -1.6134263046e-02  -1.6841448352e-02   8.0974255377e-01  -6.6326686431e-02   1.2740500567e+00
  -1.4716027676e-02  -1.5427077741e-02   8.8430768682e-01   1.0020436276e-01   1.1346387780e+00
  -1.3323109993e-02  -1.4004977611e-02   9.4968204303e-01   2.5253391245e-01   9.9002460091e-01
  -1.1982185388e-02  -1.2641242376e-02   1.0035091268e+00   3.8423401291e-01   8.4702880840e-01
  -1.0682244316e-02  -1.1323128401e-02   1.0476941945e+00   4.9882159038e-01   7.0347753926e-01
  -9.4147914636e-03  -1.0041360232e-02   1.0827672594e+00   5.9685589755e-01   5.5967764167e-01
  -8.1726570787e-03  -8.7882226952e-03   1.1092229146e+00   6.7892086109e-01   4.1587994404e-01
  -6.9495966886e-03  -7.5570914623e-03   1.1275283633e+00   7.4563836774e-01   2.7221168826e-01
  -5.7399918747e-03  -6.3421019150e-03   1.1380975970e+00   7.9759949444e-01   1.2870271449e-01
  -4.5386011756e-03  -5.1378818345e-03   1.1412734546e+00   8.3531228400e-01  -1.4689632917e-02
  -3.3403364641e-03  -3.9393205168e-03   1.1373165098e+00   8.5916421941e-01  -1.5805579295e-01
  -2.1400090595e-03  -2.7413524114e-03   1.1262792460e+00   8.6937230668e-01  -3.0246937459e-01
  -9.3212634877e-04  -1.5386657077e-03   1.1084076684e+00   8.6589601552e-01  -4.4605553104e-01
   2.8931424925e-04  -3.2558698988e-04   1.0837638127e+00   8.4891796252e-01  -5.8953434502e-01
   1.5311812089e-03   9.0421548837e-04   1.0523006280e+00   8.1829574862e-01  -7.3310192203e-01
   2.8016617177e-03   2.1581469294e-03   1.0139443058e+00   7.7376001827e-01  -8.7660981586e-01
   4.1109605850e-03   3.4451765061e-03   9.6841358320e-01   7.1470457918e-01  -1.0202577789e+00
   5.4725294366e-03   4.7767446639e-03   9.1514250482e-01   6.3998923615e-01  -1.1644343792e+00
   6.9046774823e-03   6.1683142094e-03   8.5396974359e-01   5.4892138010e-01  -1.3079229395e+00
   8.4340799804e-03   7.6410407552e-03   7.8371223654e-01   4.3916108213e-01  -1.4513589096e+00
   1.0104145255e-02   9.2271192055e-03   7.0218426940e-01   3.0635407254e-01  -1.5955179691e+00
   1.1941516552e-02   1.0981171305e-02   6.0904223019e-01   1.4877575780e-01  -1.7362141927e+00
   1.3844002375e-02   1.2901861799e-02   5.1147050460e-01  -2.2003111188e-02  -1.8597604797e+00
   1.5719327137e-02   1.4786142951e-02   4.1559637104e-01  -1.9502316333e-01  -1.9583499579e+00
   1.7600566921e-02   1.6652511322e-02   3.2268399502e-01  -3.6738632366e-01  -2.0315816178e+00
   1.9538400328e-02   1.8548622520e-02   2.3191520183e-01  -5.4013604473e-01  -2.0793703807e+00
   2.1598120379e-02   2.0528178135e-02   1.4316975505e-01  -7.1318610997e-01  -2.0982186696e+00
   2.3888292623e-02   2.2668062623e-02   5.6392602211e-02  -8.8623237442e-01  -2.0801184047e+00
   2.6618799763e-02   2.5108522624e-02  -2.8409460028e-02  -1.0581697818e+00  -2.0057174249e+00
   2.9401618874e-02   2.8129076902e-02  -9.3004012270e-02  -1.1884660488e+00  -1.8762265451e+00
   3.1692531966e-02   3.0674160846e-02  -1.2866963047e-01  -1.2557932324e+00  -1.7314057331e+00
   3.3600221992e-02   3.2710903086e-02  -1.4640580507e-01  -1.2817686165e+00  -1.5873292102e+00
   3.5300111210e-02   3.4489540898e-02  -1.5351575134e-01  -1.2809591427e+00  -1.4429632732e+00
   3.6869555690e-02   3.6110681521e-02  -1.5324276080e-01  -1.2599379401e+00  -1.2995331436e+00
   3.8351830203e-02   3.7628429858e-02  -1.4745474439e-01  -1.2221775876e+00  -1.1558971911e+00
   3.9774323875e-02   3.9075230547e-02  -1.3728397955e-01  -1.1697844041e+00  -1.0123823435e+00
   4.1156420734e-02   4.0473417203e-02  -1.2339460355e-01  -1.1035596245e+00  -8.6811349592e-01
   4.2513044807e-02   4.1839424264e-02  -1.0651098503e-01  -1.0251284077e+00  -7.2487217044e-01
   4.3856500443e-02   4.3186665349e-02  -8.6893462667e-02  -9.3427548264e-01  -5.8134977377e-01
   4.5197538296e-02   4.4526335537e-02  -6.4727045881e-02  -8.3064737634e-01  -4.3707131480e-01
   4.6546249027e-02   4.5868741055e-02  -4.0566167152e-02  -7.1576192112e-01  -2.9418710195e-01
   4.7912792377e-02   4.7223756999e-02  -1.4064311746e-02  -5.8693069245e-01  -1.4980936283e-01
   4.9307828469e-02   4.8601827754e-02   1.4137024392e-02  -4.4627448183e-01  -6.9349275757e-03
   5.0743392454e-02   5.0013829184e-02   4.4544002637e-02  -2.9025290117e-01   1.3723523523e-01
   5.2207825414e-02   5.1472955725e-02   7.6251570565e-02  -1.2255143496e-01   2.7852255538e-01
   5.3650667067e-02   5.2942695103e-02   1.0788320119e-01   4.9946875386e-02   4.1156697303e-01
   5.5047776467e-02   5.4358639031e-02   1.3846924070e-01   2.2176334810e-01   5.3348913038e-01
   5.6414013560e-02   5.5736913904e-02   1.6851556938e-01   3.9540784970e-01   6.4730578267e-01
   5.7762323677e-02   5.7091113216e-02   1.9747083371e-01   5.6730989519e-01   7.5171712015e-01
   5.9104466362e-02   5.8433534137e-02   2.2577540403e-01   7.3965455387e-01   8.4898084582e-01
   6.0451808752e-02   5.9775398588e-02   2.5356298267e-01   9.1298419065e-01   9.3994565893e-01
   6.1816225066e-02   6.1128218917e-02   2.8042490754e-01   1.0844100687e+00   1.0236839169e+00
   6.3211375120e-02   6.2504231215e-02   3.0706613401e-01   1.2581956597e+00   1.1026802018e+00
   6.4653930942e-02   6.3918519026e-02   3.3289116797e-01   1.4303105975e+00   1.1753989348e+00
   6.6165814248e-02   6.5389342859e-02   3.5821299446e-01   1.6027271169e+00   1.2430296981e+00
   6.7779318088e-02   6.6942285637e-02   3.8304239431e-01   1.7757332067e+00   1.3058175870e+00
   6.9546485745e-02   6.8616350540e-02   4.0712774761e-01   1.9482168790e+00   1.3634499934e+00
   7.1567532276e-02   7.0476620951e-02   4.3045154940e-01   2.1219250084e+00   1.4164040767e+00
   7.4104885422e-02   7.2658443602e-02   4.5214282635e-01   2.2965735171e+00   1.4640289557e+00
   7.7526520153e-02   7.5551327241e-02   4.6629177383e-01   2.4478449920e+00   1.4990816916e+00
   8.1476905976e-02   7.9501713064e-02   4.5854067533e-01   2.4955343525e+00   1.5043210383e+00
   8.5477905063e-02   8.3452098887e-02   4.2048789235e-01   2.3978872464e+00   1.4755874372e+00
   8.8741837857e-02   8.7503711239e-02   3.6664790982e-01   2.2181663466e+00   1.4305282626e+00
   9.0981550477e-02   8.9979964474e-02   3.1723387068e-01   2.0443780988e+00   1.3884905300e+00
   9.2861396960e-02   9.1983136480e-02   2.6860602128e-01   1.8713476852e+00   1.3466911586e+00
   9.4541878575e-02   9.3739657440e-02   2.2004174198e-01   1.6981022258e+00   1.3043582691e+00
   9.6096131064e-02   9.5344099709e-02   1.7173207330e-01   1.5258233780e+00   1.2614602939e+00
   9.7565832357e-02   9.6848162418e-02   1.2337711152e-01   1.3535313224e+00   1.2175189247e+00
   9.8977729923e-02   9.8283502295e-02   7.4762589099e-02   1.1803463489e+00   1.1720867652e+00
   1.0035123539e-01   9.9671957551e-02   2.6549055828e-02   1.0083662796e+00   1.1255169950e+00
   1.0170158899e-01   1.0103051323e-01  -2.1865498168e-02   8.3506646567e-01   1.0769192672e+00
   1.0304161504e-01   1.0237266476e-01  -6.9548015322e-02   6.6329489325e-01   1.0268762674e+00
   1.0438312125e-01   1.0371056532e-01  -1.1709229799e-01   4.9027273676e-01   9.7433661681e-01
   1.0573772454e-01   1.0505567718e-01  -1.6379610394e-01   3.1771127659e-01   9.1951491657e-01
   1.0711777092e-01   1.0641977189e-01  -2.0943853234e-01   1.4535374652e-01   8.6199843869e-01
   1.0853732118e-01   1.0781576996e-01  -2.5365621735e-01  -2.6865711997e-02   8.0135113004e-01
   1.1001381601e-01   1.0925887241e-01  -2.9616141828e-01  -1.9994502966e-01   7.3662994740e-01
   1.1157029742e-01   1.1076875960e-01  -3.3593184540e-01  -3.7285504807e-01   6.6742542602e-01
   1.1323910999e-01   1.1237183524e-01  -3.7177256104e-01  -5.4513509641e-01   5.9287503205e-01
   1.1507083258e-01   1.1410638474e-01  -4.0212329784e-01  -7.1774571938e-01   5.1090771100e-01
   1.1715595752e-01   1.1603528043e-01  -4.2378283095e-01  -8.9093147418e-01   4.1841593026e-01
   1.1969438156e-01   1.1827663460e-01  -4.2969421375e-01  -1.0648679098e+00   3.0898351840e-01
   1.2294359536e-01   1.2111212852e-01  -4.0300563168e-01  -1.2258810338e+00   1.7734466610e-01
   1.2658882411e-01   1.2477506220e-01  -3.2903426012e-01  -1.3276566218e+00   4.4098552597e-02
   1.2978377682e-01   1.2840258601e-01  -2.2975691204e-01  -1.3522773219e+00  -5.7170651048e-02
   1.3235774354e-01   1.3116496762e-01  -1.3012910737e-01  -1.3319330801e+00  -1.2703047973e-01
   1.3465455028e-01   1.3355051945e-01  -3.0781845112e-02  -1.2881331824e+00  -1.8053509114e-01
   1.3682756115e-01   1.3575858111e-01   6.8756817397e-02  -1.2280198256e+00  -2.2395784541e-01
   1.3897182370e-01   1.3789654119e-01   1.6785834957e-01  -1.1548696378e+00  -2.6024654286e-01
   1.4117369974e-01   1.4004710620e-01   2.6727923988e-01  -1.0685397007e+00  -2.9179372081e-01
   1.4354874708e-01   1.4230029328e-01   3.6679821512e-01  -9.6697615119e-01  -3.2025892868e-01
   1.4633888714e-01   1.4479720088e-01   4.6701093622e-01  -8.4174122922e-01  -3.4805397093e-01
   1.4981236160e-01   1.4788057341e-01   5.5640872374e-01  -6.8555043793e-01  -3.7705864750e-01
   1.5385946366e-01   1.5174414979e-01   5.9960893758e-01  -5.1324476265e-01  -4.0706306568e-01
   1.5819320894e-01   1.5597477754e-01   5.6321213276e-01  -3.5069572055e-01  -4.3749784121e-01
   1.6184740152e-01   1.6041164034e-01   4.6833522891e-01  -2.3508742943e-01  -4.6180520474e-01
   1.6440447902e-01   1.6328316269e-01   3.6805615278e-01  -1.6751407886e-01  -4.7688943981e-01
   1.6650136438e-01   1.6552579535e-01   2.6849542298e-01  -1.2037688617e-01  -4.8704493139e-01
   1.6837033901e-01   1.6747693341e-01   1.6916038736e-01  -8.4556553326e-02  -4.9367929093e-01
   1.7010830122e-01   1.6926374462e-01   6.9740715182e-02  -5.6351599136e-02  -4.9722702608e-01
   1.7177006805e-01   1.7095285781e-01  -2.9479579320e-02  -3.3998211450e-02  -4.9776076893e-01
   1.7339327517e-01   1.7258727828e-01  -1.2854249749e-01  -1.6419643073e-02  -4.9519688744e-01
   1.7500830949e-01   1.7419927206e-01  -2.2788686469e-01  -2.9863424234e-03  -4.8925345859e-01
   1.7664414492e-01   1.7581734693e-01  -3.2697147005e-01   6.4764050961e-03  -4.7953723935e-01
   1.7833348868e-01   1.7747094292e-01  -4.2640328381e-01   1.1978103060e-02  -4.6531593142e-01
   1.8011963246e-01   1.7919603443e-01  -5.2561541645e-01   1.3100476319e-02  -4.4562114922e-01
   1.8207106981e-01   1.8104323049e-01  -6.2513349809e-01   8.9124606552e-03  -4.1857121007e-01
   1.8432341455e-01   1.8309890913e-01  -7.2477093279e-01  -2.7756873809e-03  -3.8066570461e-01
   1.8730324195e-01   1.8554791997e-01  -8.2625863034e-01  -2.9221890667e-02  -3.2076295384e-01
   1.9198932527e-01   1.8905856393e-01  -9.0241468656e-01  -9.3445553712e-02  -2.1283024154e-01
   1.9726099767e-01   1.9492008661e-01  -8.6777594901e-01  -1.8888580234e-01  -9.1916122491e-02
   2.0095746375e-01   1.9960190873e-01  -7.6579030277e-01  -2.6426463650e-01  -2.2200112128e-02
   2.0338988416e-01   2.0231301878e-01  -6.6574060723e-01  -3.1402847166e-01   1.0112054690e-02
   2.0540576969e-01   2.0446674954e-01  -5.6608058304e-01  -3.5347678927e-01   2.6512742906e-02
   2.0720180342e-01   2.0634478985e-01  -4.6691541252e-01  -3.8593243991e-01   3.2108543082e-02
   2.0886272091e-01   2.0805881699e-01  -3.6754897591e-01  -4.1299862025e-01   2.9188503171e-02
   2.1043552366e-01   2.0966662483e-01  -2.6847365397e-01  -4.3518711160e-01   1.8964420542e-02
   2.1195075282e-01   2.1120442249e-01  -1.6915028217e-01  -4.5291729059e-01   2.0938408645e-03
   2.1343051381e-01   2.1269708315e-01  -6.9898336546e-02  -4.6619236291e-01  -2.0970411768e-02
   2.1489263354e-01   2.1416394446e-01   2.9238254925e-02  -4.7493816077e-01  -4.9959723193e-02
   2.1635282734e-01   2.1562132261e-01   1.2834966727e-01  -4.7894622650e-01  -8.4790224093e-02
   2.1782637853e-01   2.1708433207e-01   2.2753914358e-01  -4.7783148555e-01  -1.2553562850e-01
   2.1932969182e-01   2.1856842500e-01   3.2680963286e-01  -4.7100249791e-01  -1.7237397542e-01
   2.2088202986e-01   2.2009095864e-01   4.2594635409e-01  -4.5764904198e-01  -2.2550348280e-01
   2.2250829290e-01   2.2167310109e-01   5.2521570588e-01  -4.3651169821e-01  -2.8557825345e-01
   2.2424396686e-01   2.2334348470e-01   6.2446641139e-01  -4.0574543743e-01  -3.5334033342e-01
   2.2614578731e-01   2.2514444901e-01   7.2380371934e-01  -3.6223243208e-01  -4.3025568304e-01
   2.2832036589e-01   2.2714712560e-01   8.2324487049e-01  -3.0020107455e-01  -5.1893903477e-01
   2.3104116554e-01   2.2949360617e-01   9.2380748936e-01  -2.0456422095e-01  -6.2676154748e-01
   2.3446740230e-01   2.3258872491e-01   1.0084660474e+00  -6.0129235821e-02  -7.4802881538e-01
   2.3803867974e-01   2.3634607970e-01   1.0454917535e+00   1.1226722715e-01  -8.4765827054e-01
   2.4135828121e-01   2.3973127978e-01   1.0311103241e+00   2.8489880689e-01  -9.0648202256e-01
   2.4464229029e-01   2.4298528263e-01   9.7294580712e-01   4.5747946939e-01  -9.2704481313e-01
   2.4774388155e-01   2.4629929796e-01   8.8277665944e-01   6.1285079034e-01  -9.1069367153e-01
   2.5038396827e-01   2.4918846514e-01   7.8293046819e-01   7.3254758695e-01  -8.6943541241e-01
   2.5265231116e-01   2.5157947139e-01   6.8361672500e-01   8.2153585678e-01  -8.1504225127e-01
   2.5473031395e-01   2.5372515093e-01   5.8427320879e-01   8.8916844701e-01  -7.5129244047e-01
   2.5670511721e-01   2.5573547696e-01   4.8488884313e-01   9.3903680009e-01  -6.7996666484e-01
   2.5863194685e-01   2.5767475745e-01   3.8579567509e-01   9.7258755671e-01  -6.0223017913e-01
   2.6055367048e-01   2.5958913624e-01   2.8674829564e-01   9.9033862418e-01  -5.1831652134e-01
   2.6251072899e-01   2.6151820472e-01   1.8745158292e-01   9.9164105732e-01  -4.2795314658e-01
   2.6454940182e-01   2.6350325326e-01   8.8023306070e-02   9.7468247634e-01  -3.3082698617e-01
   2.6673238471e-01   2.6559555038e-01  -1.1105125979e-02   9.3644286339e-01  -2.2651727548e-01
   2.6916222718e-01   2.6786921904e-01  -1.1045279361e-01   8.7091893958e-01  -1.1277315216e-01
   2.7205175754e-01   2.7045523533e-01  -2.1025112570e-01   7.6534919356e-01   1.4478209126e-02
   2.7542659499e-01   2.7364827974e-01  -2.9858754549e-01   6.1401841056e-01   1.4535914514e-01
   2.7889122059e-01   2.7720491024e-01  -3.5702499929e-01   4.4099086124e-01   2.5400760802e-01
   2.8234944938e-01   2.8057753094e-01  -3.8399594807e-01   2.6777835507e-01   3.3105638365e-01
   2.8629386712e-01   2.8412136782e-01  -3.8338947112e-01   9.3272878107e-02   3.7807080851e-01
   2.9276767405e-01   2.8846636642e-01  -3.4217509580e-01  -7.4644311660e-02   3.6523379406e-01
   3.0061497953e-01   2.9706898168e-01  -3.0224848042e-01  -4.8832614643e-02   2.6050292392e-01
   3.0637126398e-01   3.0416097737e-01  -3.2373860514e-01   1.2390348485e-01   1.6805437163e-01
   3.1056872481e-01   3.0858155059e-01  -3.7905585812e-01   2.9819008706e-01   1.2353734453e-01
   3.1463802338e-01   3.1255589902e-01  -4.6001242722e-01   4.6906116854e-01   1.1673515716e-01
   3.1872411652e-01   3.1672014775e-01  -5.5721380852e-01   6.1244264131e-01   1.5561779214e-01
   3.2287356189e-01   3.2072808529e-01  -6.5630036160e-01   7.0337734845e-01   2.4698190991e-01
   3.2687829824e-01   3.2501903849e-01  -7.3505854626e-01   7.2606221331e-01   3.8043368134e-01
   3.3033830393e-01   3.2873755799e-01  -7.7656271014e-01   6.9032396363e-01   5.2481311749e-01
   3.3344961879e-01   3.3193904987e-01  -7.8440833371e-01   6.1761958403e-01   6.6866455097e-01
   3.3648870306e-01   3.3496018770e-01  -7.6031570275e-01   5.1621227158e-01   8.1258406345e-01
   3.3967017916e-01   3.3801721842e-01  -6.9889398158e-01   3.8722204412e-01   9.5574385669e-01
   3.4270881407e-01   3.4132313990e-01  -6.0692659905e-01   2.5260306422e-01   1.0748902518e+00
   3.4523117408e-01   3.4409448823e-01  -5.0713362520e-01   1.3893131619e-01   1.1534203723e+00
   3.4737466320e-01   3.4636785992e-01  -4.0771509024e-01   4.5090459702e-02   1.2012324229e+00
   3.4931156545e-01   3.4838146648e-01  -3.0860972938e-01  -3.5038739196e-02   1.2270483689e+00
   3.5112509625e-01   3.5024166442e-01  -2.0916843318e-01  -1.0502132823e-01   1.2348055927e+00
   3.5286583623e-01   3.5200852807e-01  -1.0988358006e-01  -1.6636375768e-01   1.2262146800e+00
   3.5457029672e-01   3.5372314438e-01  -1.0606692473e-02  -2.2049234224e-01   1.2019973701e+00
   3.5626879955e-01   3.5541744907e-01   8.8493860208e-02  -2.6832807341e-01   1.1621075303e+00
   3.5799061964e-01   3.5712015003e-01   1.8767281000e-01  -3.1082515748e-01   1.1055431238e+00
   3.5976860714e-01   3.5886108925e-01   2.8686946620e-01  -3.4871368899e-01   1.0304278680e+00
   3.6164560677e-01   3.6067612502e-01   3.8620678246e-01  -3.8287039087e-01   9.3331921672e-01
   3.6366197227e-01   3.6261508852e-01   4.8434009084e-01  -4.1400555312e-01   8.1033880639e-01
   3.6568115675e-01   3.6470885602e-01   5.7231292438e-01  -4.4118546723e-01   6.6936176736e-01
   3.6754825006e-01   3.6665345748e-01   6.4248041261e-01  -4.6413060270e-01   5.2575876986e-01
   3.6928695524e-01   3.6844304263e-01   6.9759735122e-01  -4.8510425002e-01   3.8182196026e-01
   3.7094160435e-01   3.7013086785e-01   7.4002848674e-01  -5.0570194778e-01   2.3865160471e-01
   3.7254251576e-01   3.7175234086e-01   7.7205050078e-01  -5.2748162490e-01   9.4181614292e-02
   3.7411286219e-01   3.7333269067e-01   7.9426484697e-01  -5.5107580334e-01  -4.9147753681e-02
   3.7567245930e-01   3.7489303370e-01   8.0778024192e-01  -5.7754299617e-01  -1.9260414467e-01
   3.7723981263e-01   3.7645188489e-01   8.1306140315e-01  -6.0778081371e-01  -3.3633393222e-01
   3.7883443336e-01   3.7802774038e-01   8.1031407506e-01  -6.4274457870e-01  -4.8036826211e-01
   3.8047891362e-01   3.7964112633e-01   7.9962768386e-01  -6.8323852169e-01  -6.2372869788e-01
   3.8220252201e-01   3.8131670090e-01   7.8069887255e-01  -7.3092552798e-01  -7.6758851981e-01
   3.8404748900e-01   3.8308834311e-01   7.5299376696e-01  -7.8740214141e-01  -9.1109625248e-01
   3.8608416343e-01   3.8500663490e-01   7.1487084880e-01  -8.5616936113e-01  -1.0555009159e+00
   3.8845280006e-01   3.8716169196e-01   6.6368665641e-01  -9.4212249701e-01  -1.1995591381e+00
   3.9152402103e-01   3.8974390817e-01   5.9071703850e-01  -1.0598048793e+00  -1.3442673409e+00
   3.9540749083e-01   3.9330413390e-01   4.9749551318e-01  -1.2063212688e+00  -1.4525648860e+00
   3.9998842425e-01   3.9751084777e-01   3.9801769384e-01  -1.3531698749e+00  -1.4682562853e+00
   4.0461283637e-01   4.0246600073e-01   3.1692886287e-01  -1.4452443993e+00  -1.3701706727e+00
   4.0824270461e-01   4.0675967201e-01   2.6746728863e-01  -1.4604039147e+00  -1.2230387406e+00
   4.1098573482e-01   4.0972573721e-01   2.3655021914e-01  -1.4304016619e+00  -1.0786811038e+00
   4.1339891324e-01   4.1224573243e-01   2.1155084259e-01  -1.3726028333e+00  -9.3456734070e-01
   4.1565410983e-01   4.1455209406e-01   1.8816729366e-01  -1.2920389737e+00  -7.9104534097e-01
   4.1784309690e-01   4.1675612559e-01   1.6345934884e-01  -1.1893564350e+00  -6.4702446224e-01
   4.2003306119e-01   4.1893006820e-01   1.3516089138e-01  -1.0644905157e+00  -5.0343865689e-01
   4.2228473499e-01   4.2113605417e-01   1.0052909705e-01  -9.1489030884e-01  -3.6007240225e-01
   4.2453237295e-01   4.2343341581e-01   5.8829750299e-02  -7.4692307808e-01  -2.2509615101e-01
   4.2665741155e-01   4.2563133009e-01   1.1798555779e-02  -5.7442623688e-01  -1.0864251190e-01
   4.2866541872e-01   4.2768349302e-01  -4.0290389490e-02  -4.0173191296e-01  -1.0840797909e-02
   4.3060534923e-01   4.2964734442e-01  -9.7837173289e-02  -2.2934950368e-01   7.0194111671e-02
   4.3251356087e-01   4.3156335404e-01  -1.6150371764e-01  -5.6860432010e-02   1.3584646705e-01
   4.3442094964e-01   4.3346376770e-01  -2.3198379277e-01   1.1592593898e-01   1.8656163846e-01
   4.3635753672e-01   4.3537813158e-01  -3.0963900616e-01   2.8821475473e-01   2.2201063898e-01
   4.3835654627e-01   4.3733694186e-01  -3.9569583662e-01   4.6079825243e-01   2.4165727894e-01
   4.4043662500e-01   4.3937615068e-01  -4.8992737719e-01   6.3123952066e-01   2.4407661672e-01
   4.4253985249e-01   4.4149709932e-01  -5.8904602125e-01   7.9273291409e-01   2.2866469783e-01
   4.4462320710e-01   4.4358260566e-01  -6.8808826004e-01   9.3812533265e-01   1.9708237845e-01
   4.4672758775e-01   4.4566380855e-01  -7.8723817852e-01   1.0694063577e+00   1.5051109723e-01
   4.4891196447e-01   4.4779136694e-01  -8.8655335341e-01   1.1877742010e+00   8.9014317917e-02
   4.5126594965e-01   4.5003256200e-01  -9.8591932694e-01   1.2937910189e+00   1.1351313488e-02
   4.5397375997e-01   4.5249933730e-01  -1.0858797754e+00   1.3881656712e+00  -8.7351257647e-02
   4.5735951527e-01   4.5544818263e-01  -1.1807593676e+00   1.4659664096e+00  -2.1387759585e-01
   4.6162797951e-01   4.5927084791e-01  -1.2402309311e+00   1.5084449404e+00  -3.5841191207e-01
   4.6651114958e-01   4.6398511111e-01  -1.2106918314e+00   1.4969175434e+00  -4.7308200989e-01
   4.7039569429e-01   4.6903718805e-01  -1.1097299708e+00   1.4557497487e+00  -5.0941415047e-01
   4.7279185709e-01   4.7175420054e-01  -1.0092968556e+00   1.4193944019e+00  -4.9969899610e-01
   4.7471013751e-01   4.7382951364e-01  -9.0986654298e-01   1.3861613444e+00  -4.7364790049e-01
   4.7637515518e-01   4.7559076137e-01  -8.1051850579e-01   1.3548115753e+00  -4.3780609706e-01
   4.7787857922e-01   4.7715954898e-01  -7.1122458341e-01   1.3247694666e+00  -3.9506179280e-01
   4.7926958189e-01   4.7859760947e-01  -6.1209785145e-01   1.2956507445e+00  -3.4710857806e-01
   4.8057834895e-01   4.7994155431e-01  -5.1289140977e-01   1.2670525407e+00  -2.9485569178e-01
   4.8182509209e-01   4.8121514360e-01  -4.1342381845e-01   1.2386435463e+00  -2.3889054376e-01
   4.8302447802e-01   4.8243504059e-01  -3.1425437216e-01   1.2103316958e+00  -1.8004380358e-01
   4.8418778828e-01   4.8361391545e-01  -2.1566862325e-01   1.1819690536e+00  -1.1892353348e-01
   4.8532376560e-01   4.8476166111e-01  -1.1550381894e-01   1.1527009471e+00  -5.4444189174e-02
   4.8643981443e-01   4.8588587009e-01  -1.7384609849e-02   1.1233699827e+00   1.0798088641e-02
   4.8754242565e-01   4.8699375878e-01   8.2897164651e-02   1.0924831445e+00   7.9400066787e-02
   4.8863737676e-01   4.8809109251e-01   1.8145008073e-01   1.0609913457e+00   1.4854684397e-01
   4.8973025032e-01   4.8918366101e-01   2.8047019913e-01   1.0279606624e+00   2.1959446846e-01
   4.9082651997e-01   4.9027683962e-01   3.8030587578e-01   9.9295011778e-01   2.9270413475e-01
   4.9193180318e-01   4.9137620032e-01   4.7858699792e-01   9.5649024228e-01   3.6601209246e-01
   4.9305229898e-01   4.9248740604e-01   5.7876973254e-01   9.1689819171e-01   4.4200497621e-01
   4.9419488176e-01   4.9361719191e-01   6.7708342692e-01   8.7521561275e-01   5.1773396449e-01
   4.9536771504e-01   4.9477257160e-01   7.7676496914e-01   8.2954103059e-01   5.9559661217e-01
   4.9658103552e-01   4.9596285849e-01   8.7594300596e-01   7.7996516362e-01   6.7407015936e-01
   4.9784778996e-01   4.9719921256e-01   9.7481586361e-01   7.2554309823e-01   7.5321507318e-01
   4.9924818369e-01   4.9849636737e-01   1.0787077785e+00   6.6153534022e-01   8.3727601547e-01