# time = 0.2
# Grid points = 474
# Pressure (Pa) = 101325
#             1_pos             2_posf             3_uvel             4_vvel             5_wvel
  -4.9917840810e-01  -5.0000000000e-01   1.3080643257e+00   5.1161741406e-01   8.9492329523e-01
  -4.9750814511e-01  -4.9835681619e-01   1.4218074014e+00   4.3690658540e-01   9.7708388342e-01
  -4.9566236670e-01  -4.9665947403e-01   1.5315660297e+00   3.4913021249e-01   1.0567662645e+00
  -4.9337913820e-01  -4.9466525936e-01   1.6413608321e+00   2.3405421181e-01   1.1364581613e+00
  -4.9070684198e-01  -4.9209301703e-01   1.7315882384e+00   9.2216865478e-02   1.2010425251e+00
  -4.8796632188e-01  -4.8932066692e-01   1.7790334962e+00  -5.8533985566e-02   1.2327654666e+00
  -4.8525041762e-01  -4.8661197685e-01   1.7797729394e+00  -2.0925134443e-01   1.2284189580e+00
  -4.8247325112e-01  -4.8388885839e-01   1.7338799310e+00  -3.6003556967e-01   1.1879548163e+00
  -4.7971240761e-01  -4.8105764385e-01   1.6444504944e+00  -5.0164273095e-01   1.1143761582e+00
  -4.7731406729e-01  -4.7836717138e-01   1.5349140362e+00  -6.1366530737e-01   1.0268958590e+00
  -4.7535629892e-01  -4.7626096320e-01   1.4249009628e+00  -6.9535427921e-01   9.4085516733e-01
  -4.7363463088e-01  -4.7445163464e-01   1.3154713257e+00  -7.5796384136e-01   8.5677342096e-01
  -4.7205820286e-01  -4.7281762713e-01   1.2061798356e+00  -8.0697720272e-01   7.7421082909e-01
  -4.7057922324e-01  -4.7129877858e-01   1.0966159239e+00  -8.4519380977e-01   6.9286295723e-01
  -4.6916801250e-01  -4.6985966791e-01   9.8771930840e-01  -8.7391247615e-01   6.1346251637e-01
  -4.6780432622e-01  -4.6847635709e-01   8.7780809560e-01  -8.9451060120e-01   5.3486717451e-01
  -4.6647318109e-01  -4.6713229535e-01   7.6892715301e-01  -9.0723137151e-01   4.5863793927e-01
  -4.6516256736e-01  -4.6581406684e-01   6.5981111080e-01  -9.1272746227e-01   3.8398627442e-01
  -4.6386252316e-01  -4.6451106789e-01   5.5005339207e-01  -9.1113216880e-01   3.1080895379e-01
  -4.6256404824e-01  -4.6321397844e-01   4.4071952378e-01  -9.0252804496e-01   2.3999941018e-01
  -4.6125861670e-01  -4.6191411803e-01   3.3160278795e-01  -8.8695905802e-01   1.7160695508e-01
  -4.5993776484e-01  -4.6060311536e-01   2.2265771291e-01  -8.6434478186e-01   1.0583081942e-01
  -4.5859242112e-01  -4.5927241432e-01   1.1278984206e-01  -8.3412989977e-01   4.2342796188e-02
  -4.5721266704e-01  -4.5791242792e-01   4.0811299349e-03  -7.9658361671e-01  -1.7312502342e-02
  -4.5578682495e-01  -4.5651290616e-01  -1.0574024968e-01  -7.5044239416e-01  -7.3937777126e-02
  -4.5430067193e-01  -4.5506074373e-01  -2.1474564320e-01  -6.9583806821e-01  -1.2597088332e-01
  -4.5273610223e-01  -4.5354060013e-01  -3.2420084327e-01  -6.3133398337e-01  -1.7333667818e-01
  -4.5106864371e-01  -4.5193160433e-01  -4.3337334980e-01  -5.5617453803e-01  -2.1478081441e-01
  -4.4926329074e-01  -4.5020568309e-01  -5.4282915051e-01  -4.6833280134e-01  -2.4924596469e-01
  -4.4726609887e-01  -4.4832089838e-01  -6.5210406606e-01  -3.6575759277e-01  -2.7474479687e-01
  -4.4498442178e-01  -4.4621129935e-01  -7.6159923582e-01  -2.4421739212e-01  -2.8850754294e-01
  -4.4235257510e-01  -4.4375754422e-01  -8.6723380108e-01  -1.0269555923e-01  -2.8595941777e-01
  -4.3946564586e-01  -4.4094760599e-01  -9.5765836845e-01   4.7834057909e-02  -2.6433861598e-01
  -4.3633688466e-01  -4.3798368573e-01  -1.0266024101e+00   1.9897209490e-01  -2.2440922375e-01
  -4.3268516130e-01  -4.3469008358e-01  -1.0705812678e+00   3.5045658846e-01  -1.6637428186e-01
  -4.2755929390e-01  -4.3068023901e-01  -1.0706679312e+00   5.0453509951e-01  -8.7813347259e-02
  -4.2166997226e-01  -4.2443834879e-01  -9.9604928933e-01   5.9667179602e-01  -3.2977170160e-02
  -4.1704632770e-01  -4.1890159573e-01  -8.8465145654e-01   6.0830726845e-01  -3.3040842187e-02
  -4.1367958978e-01  -4.1519105967e-01  -7.7500031897e-01   5.8811378504e-01  -6.0413028918e-02
  -4.1084966285e-01  -4.1216811989e-01  -6.6572542185e-01   5.5694841067e-01  -9.9057665572e-02
  -4.0833775233e-01  -4.0953120581e-01  -5.5632253130e-01   5.2088582200e-01  -1.4291108687e-01
  -4.0603685963e-01  -4.0714429884e-01  -4.4719122010e-01   4.8266498244e-01  -1.8841719176e-01
  -4.0388289794e-01  -4.0492942043e-01  -3.3791132359e-01   4.4331310531e-01  -2.3363706976e-01
  -4.0183252169e-01  -4.0283637546e-01  -2.2870612644e-01   4.0337723542e-01  -2.7705408815e-01
  -3.9985311918e-01  -4.0082866791e-01  -1.1943157727e-01   3.6287715074e-01  -3.1769640307e-01
  -3.9791788163e-01  -3.9887757044e-01  -1.0325156250e-02   3.2171469598e-01  -3.5468639353e-01
  -3.9600259296e-01  -3.9695819283e-01   9.9037107208e-02   2.7933523843e-01  -3.8748941928e-01
  -3.9408304632e-01  -3.9504699309e-01   2.0837153014e-01   2.3524385044e-01  -4.1536820706e-01
  -3.9213230721e-01  -3.9311909955e-01   3.1755196214e-01   1.8864751700e-01  -4.3764034822e-01
  -3.9011678658e-01  -3.9114551487e-01   4.2684937548e-01   1.3821037408e-01  -4.5355958433e-01
  -3.8798888510e-01  -3.8908805828e-01   5.3623394403e-01   8.2067878180e-02  -4.6198659581e-01
  -3.8567048920e-01  -3.8688971191e-01   6.4565413180e-01   1.7097312290e-02  -4.6113761920e-01
  -3.8300187036e-01  -3.8445126649e-01   7.5555951833e-01  -6.3389359721e-02  -4.4749547272e-01
  -3.7960165421e-01  -3.8155247422e-01   8.6397920524e-01  -1.7543057817e-01  -4.1227123748e-01
  -3.7567331486e-01  -3.7765083420e-01   9.3862083996e-01  -3.1761330909e-01  -3.5250610995e-01
  -3.7184186692e-01  -3.7369579552e-01   9.5190736793e-01  -4.6791235138e-01  -2.8140762486e-01
  -3.6818376169e-01  -3.6998793832e-01   9.0652924312e-01  -6.1847555305e-01  -2.0931307997e-01
  -3.6476920525e-01  -3.6637958505e-01   8.1513999500e-01  -7.5991987161e-01  -1.4472849278e-01
  -3.6190222515e-01  -3.6315882545e-01   7.0515752554e-01  -8.7536471884e-01  -9.5988706807e-02
  -3.5955743529e-01  -3.6064562486e-01   5.9557881636e-01  -9.6442352060e-01  -6.1652469546e-02
  -3.5747581335e-01  -3.5846924571e-01   4.8605555953e-01  -1.0376666140e+00  -3.5954583516e-02
  -3.5554555589e-01  -3.5648238098e-01   3.7646687840e-01  -1.0992129085e+00  -1.6428107083e-02
  -3.5370428246e-01  -3.5460873079e-01   2.6739540829e-01  -1.1507643534e+00  -1.7678821283e-03
  -3.5191009141e-01  -3.5279983412e-01   1.5807770827e-01  -1.1936597485e+00   9.0282801978e-03
  -3.5013002733e-01  -3.5102034870e-01   4.8710999028e-02  -1.2280787557e+00   1.6546744502e-02
  -3.4833352158e-01  -3.4923970596e-01  -6.0817474558e-02  -1.2538223869e+00   2.1279067514e-02
  -3.4648782394e-01  -3.4742733720e-01  -1.6992715069e-01  -1.2700648221e+00   2.3646235228e-02
  -3.4455195495e-01  -3.4554831069e-01  -2.7935509643e-01  -1.2754840651e+00   2.4109390415e-02
  -3.4246600922e-01  -3.4355559922e-01  -3.8883320513e-01  -1.2673563434e+00   2.3202912842e-02
  -3.4012589732e-01  -3.4137641922e-01  -4.9839483832e-01  -1.2405651444e+00   2.1790368251e-02
  -3.3729386531e-01  -3.3887537541e-01  -6.0857327019e-01  -1.1829162755e+00   2.1761397763e-02
  -3.3373119516e-01  -3.3571235521e-01  -7.0763078629e-01  -1.0726004631e+00   2.8276318839e-02
  -3.3013995431e-01  -3.3175003512e-01  -7.6139712933e-01  -9.2360103217e-01   4.5882650798e-02
  -3.2713093899e-01  -3.2852987349e-01  -7.6887440300e-01  -7.7253905554e-01   7.1724408940e-02
  -3.2444947423e-01  -3.2573200448e-01  -7.4812773979e-01  -6.2151252144e-01   1.0388291854e-01
  -3.2194996463e-01  -3.2316694398e-01  -7.0767665607e-01  -4.7094284036e-01   1.4102604014e-01
  -3.1954784063e-01  -3.2073298528e-01  -6.5161002041e-01  -3.1988538685e-01   1.8237285431e-01
  -3.1718162262e-01  -3.1836269597e-01  -5.8274682388e-01  -1.6947492048e-01   2.2662196947e-01
  -3.1479564044e-01  -3.1600054927e-01  -5.0153557573e-01  -1.8289551578e-02   2.7308973208e-01
  -3.1232750552e-01  -3.1359073161e-01  -4.0866796950e-01   1.3233788508e-01   3.1995853458e-01
  -3.0974859368e-01  -3.1106427944e-01  -3.0465151971e-01   2.8014905155e-01   3.6449071994e-01
  -3.0714129829e-01  -3.0843290792e-01  -1.9558573491e-01   4.1501460169e-01   4.0097162462e-01
  -3.0455287342e-01  -3.0584968867e-01  -8.6512656572e-02   5.2999875535e-01   4.2468639924e-01
  -3.0192288339e-01  -3.0325605817e-01   2.2884226154e-02   6.2413838764e-01   4.3229525576e-01
  -2.9918504232e-01  -3.0058970861e-01   1.3191792517e-01   6.9376903743e-01   4.1905958318e-01
  -2.9625455536e-01  -2.9778037603e-01   2.4117304904e-01   7.3378677171e-01   3.7807841535e-01
  -2.9299442333e-01  -2.9472873469e-01   3.5049066405e-01   7.3422907588e-01   2.9828211278e-01
  -2.8955416173e-01  -2.9126011198e-01   4.4931485211e-01   6.8572765422e-01   1.7688288796e-01
  -2.8641489689e-01  -2.8784821147e-01   5.2216540449e-01   6.0104946666e-01   3.7509595086e-02
  -2.8367227528e-01  -2.8498158232e-01   5.7052800645e-01   4.9902069222e-01  -1.0186010338e-01
  -2.8109973593e-01  -2.8236296824e-01   6.0141742731e-01   3.8500424393e-01  -2.4078225431e-01
  -2.7855854486e-01  -2.7983650363e-01   6.1714021013e-01   2.6003695917e-01  -3.7978303056e-01
  -2.7591378759e-01  -2.7728058609e-01   6.1661432704e-01   1.2300883864e-01  -5.1911633425e-01
  -2.7306953365e-01  -2.7454698909e-01   5.9552490322e-01  -2.4304907123e-02  -6.5374945787e-01
  -2.6996238336e-01  -2.7159207822e-01   5.4677619375e-01  -1.7556104224e-01  -7.7201680544e-01
  -2.6657645717e-01  -2.6833268850e-01   4.6200895182e-01  -3.1762808790e-01  -8.5454318143e-01
  -2.6342123777e-01  -2.6482022584e-01   3.5391502649e-01  -4.2021659849e-01  -8.8001092504e-01
  -2.6083514468e-01  -2.6202224969e-01   2.4417658512e-01  -4.7756073541e-01  -8.5851710071e-01
  -2.5858769354e-01  -2.5964803967e-01   1.3497191276e-01  -5.0580747146e-01  -8.0808333771e-01
  -2.5655037453e-01  -2.5752734742e-01   2.5419842485e-02  -5.1376379286e-01  -7.3702409622e-01
  -2.5465278369e-01  -2.5557340165e-01  -8.3652000936e-02  -5.0619209343e-01  -6.5077997509e-01
  -2.5284972121e-01  -2.5373216573e-01  -1.9314379332e-01  -4.8607800041e-01  -5.5174668985e-01
  -2.5110888879e-01  -2.5196727669e-01  -3.0225320559e-01  -4.5556743449e-01  -4.4270176082e-01
  -2.4940443518e-01  -2.5025050088e-01  -4.1188490673e-01  -4.1576388526e-01  -3.2415546128e-01
  -2.4771352258e-01  -2.4855836948e-01  -5.2105268617e-01  -3.6793134467e-01  -1.9814968177e-01
  -2.4601470591e-01  -2.4686867567e-01  -6.3017437113e-01  -3.1250282098e-01  -6.4906340168e-02
  -2.4431234304e-01  -2.4516073614e-01  -7.3743546158e-01  -2.5079292893e-01   7.2854761820e-02
  -2.4261819605e-01  -2.4346394993e-01  -8.4069848182e-01  -1.8440042766e-01   2.1189111150e-01
  -2.4091346566e-01  -2.4177244216e-01  -9.3936581483e-01  -1.1392238497e-01   3.5102973596e-01
  -2.3916427906e-01  -2.4005448915e-01  -1.0330935154e+00  -3.9424075100e-02   4.8975265042e-01
  -2.3732807788e-01  -2.3827406896e-01  -1.1221456222e+00   4.0292060463e-02   6.2908724891e-01
  -2.3534180132e-01  -2.3638208681e-01  -1.2047584658e+00   1.2592906565e-01   7.6794992460e-01
  -2.3309001431e-01  -2.3430151584e-01  -1.2791895539e+00   2.2107631504e-01   9.0756310300e-01
  -2.3027701721e-01  -2.3187851277e-01  -1.3386001700e+00   3.3361248419e-01   1.0481797858e+00
  -2.2645548597e-01  -2.2867552165e-01  -1.3533084273e+00   4.7140615416e-01   1.1705831462e+00
  -2.2235484195e-01  -2.2423545029e-01  -1.2838070532e+00   5.9797709412e-01   1.2128824474e+00
  -2.1926377134e-01  -2.2047423360e-01  -1.1715871118e+00   6.7814142497e-01   1.1837129290e+00
  -2.1707588367e-01  -2.1805330907e-01  -1.0614900508e+00   7.2714899877e-01   1.1331631602e+00
  -2.1524632204e-01  -2.1609845826e-01  -9.5193194243e-01   7.6370906701e-01   1.0747455146e+00
  -2.1362140285e-01  -2.1439418582e-01  -8.4248846648e-01   7.9312833374e-01   1.0123542150e+00
  -2.1213035299e-01  -2.1284861988e-01  -7.3310929772e-01   8.1778018244e-01   9.4788637685e-01
  -2.1073297734e-01  -2.1141208611e-01  -6.2385026551e-01   8.3896930958e-01   8.8248565768e-01
  -2.0940352536e-01  -2.1005386857e-01  -5.1472487771e-01   8.5750005510e-01   8.1687980162e-01
  -2.0812417356e-01  -2.0875318216e-01  -4.0507691675e-01   8.7398959340e-01   7.5118775308e-01
  -2.0688161592e-01  -2.0749516496e-01  -2.9567197400e-01   8.8866251073e-01   6.8626488301e-01
  -2.0566526556e-01  -2.0626806687e-01  -1.8619329210e-01   9.0180415739e-01   6.2224482421e-01
  -2.0446637627e-01  -2.0506246426e-01  -7.7025543122e-02   9.1353049233e-01   5.5962515471e-01
  -2.0327734466e-01  -2.0387028829e-01   3.1987092614e-02   9.2396392147e-01   4.9855501370e-01
  -2.0209126970e-01  -2.0268440103e-01   1.4096857294e-01   9.3316481132e-01   4.3919611969e-01
  -2.0090147165e-01  -2.0149813836e-01   2.5111018286e-01   9.4120760229e-01   3.8117939811e-01
  -1.9970122365e-01  -2.0030480494e-01   3.6017024656e-01   9.4788396112e-01   3.2593971793e-01
  -1.9848348986e-01  -1.9909764236e-01   4.6933670564e-01   9.5320257153e-01   2.7310317636e-01
  -1.9724048137e-01  -1.9786933735e-01   5.7860492647e-01   9.5701945320e-01   2.2297957144e-01
  -1.9596323099e-01  -1.9661162539e-01   6.8780049936e-01   9.5912694434e-01   1.7599363249e-01
  -1.9464093815e-01  -1.9531483659e-01   7.9707229366e-01   9.5924475246e-01   1.3249096030e-01
  -1.9325989426e-01  -1.9396703971e-01   9.0662432595e-01   9.5696402798e-01   9.2915159385e-02
  -1.9180212350e-01  -1.9255274881e-01   1.0158586936e+00   9.5173216616e-01   5.8127252283e-02
  -1.9024256431e-01  -1.9105149818e-01   1.1252549314e+00   9.4270943665e-01   2.8818346972e-02
  -1.8854366466e-01  -1.8943363044e-01   1.2346549255e+00   9.2862655400e-01   6.2610681866e-03
  -1.8664397079e-01  -1.8765369889e-01   1.3441028260e+00   9.0735262543e-01  -7.6804279416e-03
  -1.8442730585e-01  -1.8563424269e-01   1.4537105109e+00   8.7483596697e-01  -9.7490281880e-03
  -1.8160313917e-01  -1.8322036901e-01   1.5642743571e+00   8.2084252692e-01   7.4861089113e-03
  -1.7756259117e-01  -1.7998590933e-01   1.6650811671e+00   7.1906321318e-01   6.2532594026e-02
  -1.7303185648e-01  -1.7513927301e-01   1.7061160105e+00   5.7441522453e-01   1.4862630525e-01
  -1.6908706558e-01  -1.7092443995e-01   1.6826064234e+00   4.2388351049e-01   2.2990293695e-01
  -1.6556874658e-01  -1.6724969121e-01   1.6201071453e+00   2.7322894483e-01   2.9592193551e-01
  -1.6230329771e-01  -1.6388780195e-01   1.5313584446e+00   1.2295757957e-01   3.4434631534e-01
  -1.5930533986e-01  -1.6071879347e-01   1.4263982591e+00  -2.2054816591e-02   3.7408494224e-01
  -1.5665937975e-01  -1.5789188625e-01   1.3170601281e+00  -1.5344778947e-01   3.8649656698e-01
  -1.5431114807e-01  -1.5542687324e-01   1.2077683903e+00  -2.7164253863e-01   3.8584137934e-01
  -1.5216225868e-01  -1.5319542290e-01   1.0984281700e+00  -3.8001467563e-01   3.7539717374e-01
  -1.5015713276e-01  -1.5112909446e-01   9.8930629526e-01  -4.8008071948e-01   3.5727771577e-01
  -1.4825992434e-01  -1.4918517106e-01   8.7999036981e-01  -5.7324931969e-01   3.3283327312e-01
  -1.4644521115e-01  -1.4733467761e-01   7.7084374272e-01  -6.5981264772e-01   3.0314425436e-01
  -1.4469345284e-01  -1.4555574469e-01   6.6150056849e-01  -7.4039698111e-01   2.6883317067e-01
  -1.4298867368e-01  -1.4383116098e-01   5.5228570016e-01  -8.1489106936e-01   2.3050356711e-01
  -1.4131690759e-01  -1.4214618637e-01   4.4331386107e-01  -8.8322657974e-01   1.8855486786e-01
  -1.3966534044e-01  -1.4048762881e-01   3.3358682321e-01  -9.4577828129e-01   1.4274923316e-01
  -1.3802137227e-01  -1.3884305207e-01   2.2466124764e-01  -1.0012988892e+00   9.3774328085e-02
  -1.3637181817e-01  -1.3719969246e-01   1.1532854977e-01  -1.0498905798e+00   4.0999535146e-02
  -1.3470202479e-01  -1.3554394387e-01   5.9182281645e-03  -1.0905102919e+00  -1.5739504233e-02
  -1.3299460342e-01  -1.3386010571e-01  -1.0324310946e-01  -1.1218808624e+00  -7.6766555740e-02
  -1.3122742364e-01  -1.3212910114e-01  -2.1249703767e-01  -1.1424106839e+00  -1.4307417839e-01
  -1.2936992205e-01  -1.3032574614e-01  -3.2187841658e-01  -1.1494832327e+00  -2.1599980548e-01
  -1.2737607576e-01  -1.2841409796e-01  -4.3125259058e-01  -1.1389774072e+00  -2.9758728121e-01
  -1.2516795232e-01  -1.2633805357e-01  -5.4062023049e-01  -1.1038059335e+00  -3.9158952353e-01
  -1.2259649311e-01  -1.2399785107e-01  -6.5024154280e-01  -1.0293027339e+00  -5.0604417213e-01
  -1.1978118372e-01  -1.2119513514e-01  -7.4532275931e-01  -9.0615655955e-01  -6.3616436204e-01
  -1.1722127913e-01  -1.1836723231e-01  -8.0786885649e-01  -7.5658949582e-01  -7.5849941243e-01
  -1.1509287231e-01  -1.1607532595e-01  -8.4170941428e-01  -6.0520374296e-01  -8.6282916020e-01
  -1.1322832905e-01  -1.1411041867e-01  -8.5801967661e-01  -4.5419312176e-01  -9.5555718659e-01
  -1.1153107570e-01  -1.1234623943e-01  -8.6261323577e-01  -3.0341890991e-01  -1.0406285825e+00
  -1.0994725144e-01  -1.1071591197e-01  -8.5870141082e-01  -1.5211598910e-01  -1.1205499184e+00
  -1.0844209005e-01  -1.0917859092e-01  -8.4837912963e-01  -1.5205082584e-03  -1.1959682917e+00
  -1.0699069130e-01  -1.0770558918e-01  -8.3302965030e-01   1.4936153044e-01  -1.2682557103e+00
  -1.0557379342e-01  -1.0627579343e-01  -8.1362761159e-01   3.0073664462e-01  -1.3380632118e+00
  -1.0417484262e-01  -1.0487179340e-01  -7.9124848903e-01   4.5082306743e-01  -1.4050002354e+00
  -1.0277836491e-01  -1.0347789183e-01  -7.6612848715e-01   6.0244003718e-01  -1.4705918413e+00
  -1.0136848770e-01  -1.0207883800e-01  -7.3924656398e-01   7.5304348356e-01  -1.5338884655e+00
  -9.9927160114e-02  -1.0065813741e-01  -7.1095613106e-01   9.0377848489e-01  -1.5954578007e+00
  -9.8431492431e-02  -9.9196182820e-02  -6.8172655013e-01   1.0549794474e+00  -1.6553656240e+00
  -9.6849353975e-02  -9.7666802042e-02  -6.5235740504e-01   1.2057046514e+00  -1.7130150061e+00
  -9.5128935434e-02  -9.6031905908e-02  -6.2345859629e-01   1.3570467524e+00  -1.7682921451e+00
  -9.3169554815e-02  -9.4225964960e-02  -5.9642915756e-01   1.5088500672e+00  -1.8198847443e+00
  -9.0693116826e-02  -9.2113144671e-02  -5.7440283264e-01   1.6618984424e+00  -1.8644044310e+00
  -8.6064311804e-02  -8.9273088982e-02  -5.8172487616e-01   1.8011510525e+00  -1.8689706698e+00
  -8.1038906322e-02  -8.2855534627e-02  -6.5624473443e-01   1.7457351599e+00  -1.7604808905e+00
  -7.8108252031e-02  -7.9222278017e-02  -7.3548585868e-01   1.5934143530e+00  -1.6281313925e+00
  -7.6119770026e-02  -7.6994226045e-02  -8.0196811186e-01   1.4410658651e+00  -1.5084629674e+00
  -7.4493656872e-02  -7.5245314008e-02  -8.6228485060e-01   1.2896156737e+00  -1.3934529305e+00
  -7.3066926550e-02  -7.3741999736e-02  -9.1876263333e-01   1.1379426755e+00  -1.2799958510e+00
  -7.1768786630e-02  -7.2391853364e-02  -9.7172068543e-01   9.8748067706e-01  -1.1681704795e+00
  -7.0560251636e-02  -7.1145719897e-02  -1.0220575412e+00   8.3703470407e-01  -1.0565398998e+00
  -6.9417550346e-02  -6.9974783374e-02  -1.0705132175e+00   6.8499103566e-01  -9.4355687764e-01
  -6.8324055410e-02  -6.8860317318e-02  -1.1160380458e+00   5.3516037942e-01  -8.3180479793e-01
  -6.7267461975e-02  -6.7787793503e-02  -1.1597378233e+00   3.8428988073e-01  -7.1866846656e-01
  -6.6238617133e-02  -6.6747130448e-02  -1.2015286541e+00   2.3261383836e-01  -6.0414012771e-01
  -6.5229849759e-02  -6.5730103818e-02  -1.2408966920e+00   8.2009468025e-02  -4.8948544986e-01
  -6.4234582529e-02  -6.4729595701e-02  -1.2781385373e+00  -6.8689642244e-02  -3.7367968087e-01
  -6.3247023061e-02  -6.3739569357e-02  -1.3132120584e+00  -2.1962292277e-01  -2.5645814594e-01
  -6.2261713444e-02  -6.2754476766e-02  -1.3460161051e+00  -3.7086021444e-01  -1.3759147872e-01
  -6.1273271772e-02  -6.1768950123e-02  -1.3762477770e+00  -5.2161513126e-01  -1.7515963743e-02
  -6.0276158330e-02  -6.0777593420e-02  -1.4038294913e+00  -6.7231482067e-01   1.0431006015e-01
  -5.9264388663e-02  -5.9774723239e-02  -1.4285229092e+00  -8.2290778918e-01   2.2809350654e-01
  -5.8231038661e-02  -5.8754054088e-02  -1.4501836226e+00  -9.7466148869e-01   3.5522092899e-01
  -5.7167898835e-02  -5.7708023234e-02  -1.4680945949e+00  -1.1254758383e+00   4.8433688899e-01
  -5.6065022706e-02  -5.6627774435e-02  -1.4817843671e+00  -1.2750500602e+00   6.1561316136e-01
  -5.4910797379e-02  -5.5502270977e-02  -1.4907643444e+00  -1.4272558065e+00   7.5321814581e-01
  -5.3708034454e-02  -5.4319323781e-02  -1.4936442256e+00  -1.5746205607e+00   8.9127502721e-01
  -5.2463138266e-02  -5.3096745126e-02  -1.4895803721e+00  -1.7165408070e+00   1.0300200044e+00
  -5.1166546254e-02  -5.1829531406e-02  -1.4774987480e+00  -1.8509391110e+00   1.1684936594e+00
  -4.9801008403e-02  -5.0503561102e-02  -1.4556035301e+00  -1.9778946707e+00   1.3084337842e+00
  -4.8342526768e-02  -4.9098455703e-02  -1.4222116344e+00  -2.0926527051e+00   1.4468986126e+00
  -4.6754581213e-02  -4.7586597833e-02  -1.3736838668e+00  -2.1938984849e+00   1.5859579913e+00
  -4.4974374735e-02  -4.5922564593e-02  -1.3045625566e+00  -2.2758336337e+00   1.7250514237e+00
  -4.2998052848e-02  -4.4026184878e-02  -1.2100088009e+00  -2.3269449105e+00   1.8576273603e+00
  -4.1070655474e-02  -4.1969920818e-02  -1.1010887559e+00  -2.3363325588e+00   1.9634426548e+00
  -3.9362305491e-02  -4.0171390129e-02  -9.9179831143e-01  -2.3110530342e+00   2.0365492526e+00
  -3.7805683954e-02  -3.8553220854e-02  -8.8232448342e-01  -2.2612697089e+00   2.0862177060e+00
  -3.6354604293e-02  -3.7058147054e-02  -7.7288144485e-01  -2.1929313703e+00   2.1177003911e+00
  -3.4979688191e-02  -3.5651061533e-02  -6.6376947552e-01  -2.1100735536e+00   2.1343626451e+00
  -3.3660687901e-02  -3.4308314849e-02  -5.5459816273e-01  -2.0149853472e+00   2.1385072061e+00
  -3.2382721616e-02  -3.3013060953e-02  -4.4510912464e-01  -1.9091863568e+00   2.1315609257e+00
  -3.1134000315e-02  -3.1752382279e-02  -3.3560631449e-01  -1.7942632633e+00   2.1145030495e+00
  -2.9904597774e-02  -3.0515618351e-02  -2.2621630475e-01  -1.6713952598e+00   2.0880546126e+00
  -2.8685747466e-02  -2.9293577198e-02  -1.1694496213e-01  -1.5414138318e+00   2.0526696661e+00
  -2.7469270579e-02  -2.8077917734e-02  -7.7305375850e-03  -1.4048777140e+00   2.0085400030e+00
  -2.6247064189e-02  -2.6860623423e-02   1.0150529394e-01  -1.2621574849e+00   1.9556073312e+00
  -2.5014821667e-02  -2.5633504956e-02   2.1042567921e-01  -1.1140586828e+00   1.8938182071e+00
  -2.3783464998e-02  -2.4396138378e-02   3.1723205379e-01  -9.6344546813e-01   1.8240195807e+00
  -2.2559798503e-02  -2.3170791618e-02   4.2063748614e-01  -8.1263855678e-01   1.7470148684e+00
  -2.1333573805e-02  -2.1948805389e-02   5.2088750075e-01  -6.6173956465e-01   1.6625034380e+00
  -2.0092652379e-02  -2.0718342222e-02   6.1823389799e-01  -5.1066799049e-01   1.5698069204e+00
  -1.8823713972e-02  -1.9466962537e-02   7.1270659029e-01  -3.5952824064e-01   1.4680183663e+00
  -1.7510956879e-02  -1.8180465406e-02   8.0404183568e-01  -2.0876488008e-01   1.3560807680e+00
  -1.6134263046e-02  -1.6841448352e-02   8.9236692287e-01  -5.7987091944e-02   1.2316792098e+00
  -1.4716027676e-02  -1.5427077741e-02   9.7454055367e-01   8.7605771472e-02   1.0969042978e+00
  -1.3323109993e-02  -1.4004977611e-02   1.0465856135e+00   2.2078269305e-01   9.5709950836e-01
  -1.1982185388e-02  -1.2641242376e-02   1.1059051530e+00   3.3592391932e-01   8.1885927148e-01
  -1.0682244316e-02  -1.1323128401e-02   1.1545988370e+00   4.3610418886e-01   6.8008202163e-01
  -9.4147914636e-03  -1.0041360232e-02   1.1932507599e+00   5.2181243926e-01   5.4106440251e-01
  -8.1726570787e-03  -8.7882226952e-03   1.2224059818e+00   5.9355917983e-01   4.0204890108e-01
  -6.9495966886e-03  -7.5570914623e-03   1.2425793777e+00   6.5188810712e-01   2.6315852788e-01
  -5.7399918747e-03  -6.3421019150e-03   1.2542271818e+00   6.9731598158e-01   1.2442213091e-01
  -4.5386011756e-03  -5.1378818345e-03   1.2577272154e+00   7.3028696934e-01  -1.4201526704e-02
  -3.3403364641e-03  -3.9393205168e-03   1.2533666404e+00   7.5113983480e-01  -1.5279987618e-01
  -2.1400090595e-03  -2.7413524114e-03   1.2412032968e+00   7.6006429842e-01  -2.9241082241e-01
  -9.3212634877e-04  -1.5386657077e-03   1.2215082896e+00   7.5702492776e-01  -4.3122186875e-01
   2.8931424925e-04  -3.2558698988e-04   1.1943499852e+00   7.4218137807e-01  -5.6992915076e-01
   1.5311812089e-03   9.0421548837e-04   1.1596765323e+00   7.1540915392e-01  -7.0872225237e-01
   2.8016617177e-03   2.1581469294e-03   1.1174065911e+00   6.7647276604e-01  -8.4745766434e-01
   4.1109605850e-03   3.4451765061e-03   1.0672302000e+00   6.2484223870e-01  -9.8632849653e-01
   5.4725294366e-03   4.7767446639e-03   1.0085236560e+00   5.5952073345e-01  -1.1257103954e+00
   6.9046774823e-03   6.1683142094e-03   9.4110917001e-01   4.7990272453e-01  -1.2644271463e+00
   8.4340799804e-03   7.6410407552e-03   8.6368296428e-01   3.8394248257e-01  -1.4030930678e+00
   1.0104145255e-02   9.2271192055e-03   7.7383630303e-01   2.6783320122e-01  -1.5424580464e+00
   1.1941516552e-02   1.0981171305e-02   6.7119050997e-01   1.3006712535e-01  -1.6784753652e+00
   1.3844002375e-02   1.2901861799e-02   5.6366302755e-01  -1.9239774941e-02  -1.7979130956e+00
   1.5719327137e-02   1.4786142951e-02   4.5800633221e-01  -1.7050604645e-01  -1.8932239841e+00
   1.7600566921e-02   1.6652511322e-02   3.5561357928e-01  -3.2119798973e-01  -1.9640203552e+00
   1.9538400328e-02   1.8548622520e-02   2.5558310940e-01  -4.7222786298e-01  -2.0102199598e+00
   2.1598120379e-02   2.0528178135e-02   1.5778241293e-01  -6.2352028509e-01  -2.0284415359e+00
   2.3888292623e-02   2.2668062623e-02   6.2150809687e-02  -7.7480934102e-01  -2.0109433192e+00
   2.6618799763e-02   2.5108522624e-02  -3.1304235254e-02  -9.2512888862e-01  -1.9390167216e+00
   2.9401618874e-02   2.8129076902e-02  -1.0248993722e-01  -1.0390427855e+00  -1.8138322634e+00
   3.1692531966e-02   3.0674160846e-02  -1.4179492773e-01  -1.0979047073e+00  -1.6738276418e+00
   3.3600221992e-02   3.2710903086e-02  -1.6134102677e-01  -1.1206140070e+00  -1.5345425280e+00
   3.5300111210e-02   3.4489540898e-02  -1.6917664465e-01  -1.1199061165e+00  -1.3949776047e+00
   3.6869555690e-02   3.6110681521e-02  -1.6887600506e-01  -1.1015277241e+00  -1.2563173516e+00
   3.8351830203e-02   3.7628429858e-02  -1.6249761564e-01  -1.0685147981e+00  -1.1174581064e+00
   3.9774323875e-02   3.9075230547e-02  -1.5128928718e-01  -1.0227088292e+00  -9.7871592576e-01
   4.1156420734e-02   4.0473417203e-02  -1.3598292503e-01  -9.6481031132e-01  -8.3924480746e-01
   4.2513044807e-02   4.1839424264e-02  -1.1737680736e-01  -8.9624007371e-01  -7.0076702846e-01
   4.3856500443e-02   4.3186665349e-02  -9.5757839623e-02  -8.1680990915e-01  -5.6201751338e-01
   4.5197538296e-02   4.4526335537e-02  -7.1329910664e-02  -7.2621078592e-01  -4.2253706669e-01
   4.6546249027e-02   4.5868741055e-02  -4.4704022004e-02  -6.2576970156e-01  -2.8440448752e-01
   4.7912792377e-02   4.7223756999e-02  -1.5498308472e-02  -5.1313624326e-01  -1.4482803607e-01
   4.9307828469e-02   4.8601827754e-02   1.5580283009e-02  -3.9016455883e-01  -6.7048819618e-03
   5.0743392454e-02   5.0013829184e-02   4.9089553273e-02  -2.5375938934e-01   1.3267092565e-01
   5.2207825414e-02   5.1472955725e-02   8.4032109657e-02  -1.0714284830e-01   2.6925977529e-01
   5.3650667067e-02   5.2942695103e-02   1.1889098241e-01   4.3667420923e-02   3.9787985401e-01
   5.5047776467e-02   5.4358639031e-02   1.5259758686e-01   1.9388156742e-01   5.1574755405e-01
   5.6414013560e-02   5.5736913904e-02   1.8570941547e-01   3.4569389598e-01   6.2577930817e-01
   5.7762323677e-02   5.7091113216e-02   2.1761886212e-01   4.9598283678e-01   7.2671852918e-01
   5.9104466362e-02   5.8433534137e-02   2.4881122612e-01   6.4665873319e-01   8.2074784028e-01
   6.0451808752e-02   5.9775398588e-02   2.7943385085e-01   7.9819575962e-01   9.0868771693e-01
   6.1816225066e-02   6.1128218917e-02   3.0903638025e-01   9.4806837868e-01   9.8964136307e-01
   6.3211375120e-02   6.2504231215e-02   3.3839569322e-01   1.1000040191e+00   1.0660107381e+00
   6.4653930942e-02   6.3918519026e-02   3.6685553998e-01   1.2504790504e+00   1.1363113261e+00
   6.6165814248e-02   6.5389342859e-02   3.9476083785e-01   1.4012177399e+00   1.2016931505e+00
   6.7779318088e-02   6.6942285637e-02   4.2212346697e-01   1.5524718681e+00   1.2623931563e+00
   6.9546485745e-02   6.8616350540e-02   4.4866613438e-01   1.7032692568e+00   1.3181091301e+00
   7.1567532276e-02   7.0476620951e-02   4.7436954557e-01   1.8551371473e+00   1.3693023655e+00
   7.4104885422e-02   7.2658443602e-02   4.9827385468e-01   2.0078271793e+00   1.4153436275e+00
   7.7526520153e-02   7.5551327241e-02   5.1386627066e-01   2.1400793606e+00   1.4492308248e+00
   8.1476905976e-02   7.9501713064e-02   5.0532417059e-01   2.1817727708e+00   1.4542960024e+00
   8.5477905063e-02   8.3452098887e-02   4.6338868802e-01   2.0964028274e+00   1.4265178896e+00
   8.8741837857e-02   8.7503711239e-02   4.0405523750e-01   1.9392782066e+00   1.3829570420e+00
   9.0981550477e-02   8.9979964474e-02   3.4959933870e-01   1.7873403244e+00   1.3423171573e+00
   9.2861396960e-02   9.1983136480e-02   2.9600985061e-01   1.6360649933e+00   1.3019077069e+00
   9.4541878575e-02   9.3739657440e-02   2.4249042027e-01   1.4846016532e+00   1.2609824807e+00
   9.6096131064e-02   9.5344099709e-02   1.8925158006e-01   1.3339833918e+00   1.2195109621e+00
   9.7565832357e-02   9.6848162418e-02   1.3596282635e-01   1.1833535821e+00   1.1770307487e+00
   9.8977729923e-02   9.8283502295e-02   8.2388029745e-02   1.0319431192e+00   1.1331093216e+00
   1.0035123539e-01   9.9671957551e-02   2.9255138516e-02   8.8158606634e-01   1.0880881173e+00
   1.0170158899e-01   1.0103051323e-01  -2.4099280952e-02   7.3007519760e-01   1.0411063956e+00
   1.0304161504e-01   1.0237266476e-01  -7.6646967536e-02   5.7990042215e-01   9.9272746670e-01
   1.0438312125e-01   1.0371056532e-01  -1.2904230922e-01   4.2863229484e-01   9.4193491372e-01
   1.0573772454e-01   1.0505567718e-01  -1.8051141028e-01   2.7776693651e-01   8.8893620229e-01
   1.0711777092e-01   1.0641977189e-01  -2.3081082832e-01   1.2707986322e-01   8.3333232945e-01
   1.0853732118e-01   1.0781576996e-01  -2.7954011919e-01  -2.3486504308e-02   7.7470174288e-01
   1.1001381601e-01   1.0925887241e-01  -3.2638217849e-01  -1.7480462886e-01   7.1213275951e-01
   1.1157029742e-01   1.1076875960e-01  -3.7021040362e-01  -3.2597474989e-01   6.4522953172e-01
   1.1323910999e-01   1.1237183524e-01  -4.0970792569e-01  -4.7659411948e-01   5.7315820906e-01
   1.1507083258e-01   1.1410638474e-01  -4.4315526420e-01  -6.2750251831e-01   4.9391660867e-01
   1.1715595752e-01   1.1603528043e-01  -4.6702453851e-01  -7.7891376423e-01   4.0450053742e-01
   1.1969438156e-01   1.1827663460e-01  -4.7353870601e-01  -9.3098135338e-01   2.9870719037e-01
   1.2294359536e-01   1.2111212852e-01  -4.4412641532e-01  -1.0717505523e+00   1.7144587318e-01
   1.2658882411e-01   1.2477506220e-01  -3.6260671136e-01  -1.1607302065e+00   4.2630759847e-02
   1.2978377682e-01   1.2840258601e-01  -2.5319898137e-01  -1.1822556318e+00  -5.5270800646e-02
   1.3235774354e-01   1.3116496762e-01  -1.4340514421e-01  -1.1644695045e+00  -1.2280747788e-01
   1.3465455028e-01   1.3355051945e-01  -3.3920533162e-02  -1.1261767730e+00  -1.7453281587e-01
   1.3682756115e-01   1.3575858111e-01   7.5774970267e-02  -1.0736216561e+00  -2.1651155791e-01
   1.3897182370e-01   1.3789654119e-01   1.8498870929e-01  -1.0096688154e+00  -2.5159347581e-01
   1.4117369974e-01   1.4004710620e-01   2.9455436681e-01  -9.3419330587e-01  -2.8209154163e-01
   1.4354874708e-01   1.4230029328e-01   4.0422808971e-01  -8.4539949749e-01  -3.0961011205e-01
   1.4633888714e-01   1.4479720088e-01   5.1466630933e-01  -7.3591051129e-01  -3.3648077482e-01
   1.4981236160e-01   1.4788057341e-01   6.1318599588e-01  -5.9935771271e-01  -3.6452079138e-01
   1.5385946366e-01   1.5174414979e-01   6.6079410254e-01  -4.4871608038e-01  -3.9352722252e-01
   1.5819320894e-01   1.5597477754e-01   6.2068315922e-01  -3.0660426192e-01  -4.2294960912e-01
   1.6184740152e-01   1.6041164034e-01   5.1612489903e-01  -2.0553125145e-01  -4.4644834068e-01
   1.6440447902e-01   1.6328316269e-01   4.0561329681e-01  -1.4645374346e-01  -4.6103072125e-01
   1.6650136438e-01   1.6552579535e-01   2.9589336744e-01  -1.0524295643e-01  -4.7084829503e-01
   1.6837033901e-01   1.6747693341e-01   1.8642217586e-01  -7.3926159874e-02  -4.7726184988e-01
   1.7010830122e-01   1.6926374462e-01   7.6857719882e-02  -4.9267258766e-02  -4.8069143842e-01
   1.7177006805e-01   1.7095285781e-01  -3.2487008272e-02  -2.9724205037e-02  -4.8120727544e-01
   1.7339327517e-01   1.7258727828e-01  -1.4165829757e-01  -1.4355630417e-02  -4.7872850873e-01
   1.7500830949e-01   1.7419927206e-01  -2.5113975231e-01  -2.6111356286e-03  -4.7298258955e-01
   1.7664414492e-01   1.7581734693e-01  -3.6033493740e-01   5.6620267801e-03  -4.6358935298e-01
   1.7833348868e-01   1.7747094292e-01  -4.6991275900e-01   1.0472167344e-02  -4.4984085320e-01
   1.8011963246e-01   1.7919603443e-01  -5.7924848292e-01   1.1453600869e-02  -4.3080091046e-01
   1.8207106981e-01   1.8104323049e-01  -6.8892137513e-01   7.7923287094e-03  -4.0465041970e-01
   1.8432341455e-01   1.8309890913e-01  -7.9872580024e-01  -2.4260727142e-03  -3.6800538391e-01
   1.8730324195e-01   1.8554791997e-01  -9.1056929121e-01  -2.5546973283e-02  -3.1009465799e-01
   1.9198932527e-01   1.8905856393e-01  -9.9449630802e-01  -8.1695563708e-02  -2.0575133197e-01
   1.9726099767e-01   1.9492008661e-01  -9.5632304104e-01  -1.6513604068e-01  -8.8858489765e-02
   2.0095746375e-01   1.9960190873e-01  -8.4393078447e-01  -2.3103758542e-01  -2.1461176588e-02
   2.0338988416e-01   2.0231301878e-01  -7.3367201804e-01  -2.7454474097e-01   9.7762275838e-03
   2.0540576969e-01   2.0446674954e-01  -6.2384268217e-01  -3.0903336515e-01   2.5631317744e-02
   2.0720180342e-01   2.0634478985e-01  -5.1455869277e-01  -3.3740852101e-01   3.1040855960e-02
   2.0886272091e-01   2.0805881699e-01  -4.0505289851e-01  -3.6107183396e-01   2.8217762842e-02
   2.1043552366e-01   2.0966662483e-01  -2.9586792314e-01  -3.8047073697e-01   1.8333536293e-02
   2.1195075282e-01   2.1120442249e-01  -1.8640958611e-01  -3.9597187856e-01   2.0238534666e-03
   2.1343051381e-01   2.1269708315e-01  -7.7029963199e-02  -4.0757806031e-01  -2.0273520226e-02
   2.1489263354e-01   2.1416394446e-01   3.2222534773e-02  -4.1522443912e-01  -4.8298903487e-02
   2.1635282734e-01   2.1562132261e-01   1.4144728382e-01  -4.1872876669e-01  -8.1971216002e-02
   2.1782637853e-01   2.1708433207e-01   2.5075806140e-01  -4.1775438401e-01  -1.2136172002e-01
   2.1932969182e-01   2.1856842500e-01   3.6015811668e-01  -4.1178421287e-01  -1.6664253296e-01
   2.2088202986e-01   2.2009095864e-01   4.6941075144e-01  -4.0010990050e-01  -2.1800527952e-01
   2.2250829290e-01   2.2167310109e-01   5.7880954627e-01  -3.8163037500e-01  -2.7608230850e-01
   2.2424396686e-01   2.2334348470e-01   6.8818778602e-01  -3.5473258287e-01  -3.4159098597e-01
   2.2614578731e-01   2.2514444901e-01   7.9766145574e-01  -3.1669070203e-01  -4.1594851658e-01
   2.2832036589e-01   2.2714712560e-01   9.0724954936e-01  -2.6245879062e-01  -5.0168267016e-01
   2.3104116554e-01   2.2949360617e-01   1.0180735142e+00  -1.7884661748e-01  -6.0591945306e-01
   2.3446740230e-01   2.3258872491e-01   1.1113705124e+00  -5.2571679469e-02  -7.2315379121e-01
   2.3803867974e-01   2.3634607970e-01   1.1521741509e+00   9.8149248098e-02  -8.1946980574e-01
   2.4135828121e-01   2.3973127978e-01   1.1363250412e+00   2.4907586073e-01  -8.7633708250e-01
   2.4464229029e-01   2.4298528263e-01   1.0722251892e+00   3.9995807258e-01  -8.9621574557e-01
   2.4774388155e-01   2.4629929796e-01   9.7285495000e-01   5.3579476310e-01  -8.8040806432e-01
   2.5038396827e-01   2.4918846514e-01   8.6282025264e-01   6.4044232219e-01  -8.4052160761e-01
   2.5265231116e-01   2.5157947139e-01   7.5337236740e-01   7.1824234375e-01  -7.8793710175e-01
   2.5473031395e-01   2.5372515093e-01   6.4389169399e-01   7.7737174050e-01  -7.2630713730e-01
   2.5670511721e-01   2.5573547696e-01   5.3436602215e-01   8.2097040172e-01  -6.5735317617e-01
   2.5863194685e-01   2.5767475745e-01   4.2516127998e-01   8.5030308043e-01  -5.8220172009e-01
   2.6055367048e-01   2.5958913624e-01   3.1600701648e-01   8.6582256770e-01  -5.0107853955e-01
   2.6251072899e-01   2.6151820472e-01   2.0657799635e-01   8.6696151084e-01  -4.1372015387e-01
   2.6454940182e-01   2.6350325326e-01   9.7004008411e-02   8.5213540021e-01  -3.1982390816e-01
   2.6673238471e-01   2.6559555038e-01  -1.2239513315e-02   8.1870392374e-01  -2.1898303512e-01
   2.6916222718e-01   2.6786921904e-01  -1.2172460907e-01   7.6141859657e-01  -1.0902153382e-01
   2.7205175754e-01   2.7045523533e-01  -2.3170630713e-01   6.6912241369e-01   1.3997959658e-02
   2.7542659499e-01   2.7364827974e-01  -3.2905645519e-01   5.3681870199e-01   1.4052625044e-01
   2.7889122059e-01   2.7720491024e-01  -3.9345669736e-01   3.8554607831e-01   2.4556136389e-01
   2.8234944938e-01   2.8057753094e-01  -4.2317956669e-01   2.3411166480e-01   3.2004762650e-01
   2.8629386712e-01   2.8412136782e-01  -4.2251098264e-01   8.1546765681e-02   3.6549832161e-01
   2.9276767405e-01   2.8846636642e-01  -3.7709082505e-01  -6.5258326405e-02   3.5308794899e-01
   3.0061497953e-01   2.9706898168e-01  -3.3309002892e-01  -4.2692118101e-02   2.5183998291e-01
   3.0637126398e-01   3.0416097737e-01  -3.5677316199e-01   1.0832584179e-01   1.6246613924e-01
   3.1056872481e-01   3.0858155059e-01  -4.1773519008e-01   2.6069947175e-01   1.1942985861e-01
   3.1463802338e-01   3.1255589902e-01  -5.0695279978e-01   4.1008709965e-01   1.1285420417e-01
   3.1872411652e-01   3.1672014775e-01  -6.1407284687e-01   5.3544146085e-01   1.5044406686e-01
   3.2287356189e-01   3.2072808529e-01  -7.2327040736e-01   6.1494324070e-01   2.3877002787e-01
   3.2687829824e-01   3.2501903849e-01  -8.1006524259e-01   6.3477623163e-01   3.6778386603e-01
   3.3033830393e-01   3.2873755799e-01  -8.5580459161e-01   6.0353158512e-01   5.0736183758e-01
   3.3344961879e-01   3.3193904987e-01  -8.6445083677e-01   5.3996849685e-01   6.4642927574e-01
   3.3648870306e-01   3.3496018770e-01  -8.3789981505e-01   4.5131123803e-01   7.8556245157e-01
   3.3967017916e-01   3.3801721842e-01  -7.7021061287e-01   3.3853899777e-01   9.2396109053e-01
   3.4270881407e-01   3.4132313990e-01  -6.6885884446e-01   2.2084562973e-01   1.0391448730e+00
   3.4523117408e-01   3.4409448823e-01  -5.5888294905e-01   1.2146574178e-01   1.1150631293e+00
   3.4737466320e-01   3.4636785992e-01  -4.4931969476e-01   3.9423375586e-02   1.1612848993e+00
   3.4931156545e-01   3.4838146648e-01  -3.4010156612e-01  -3.0631322567e-02   1.1862420834e+00
   3.5112509625e-01   3.5024166442e-01  -2.3051321786e-01  -9.1815164110e-02   1.1937411173e+00
   3.5286583623e-01   3.5200852807e-01  -1.2109727015e-01  -1.4544519090e-01   1.1854356984e+00
   3.5457029672e-01   3.5372314438e-01  -1.1690093457e-02  -1.9276838686e-01   1.1620235618e+00
   3.5626879955e-01   3.5541744907e-01   9.7522764044e-02  -2.3458994730e-01   1.1234601080e+00
   3.5799061964e-01   3.5712015003e-01   2.0682202985e-01  -2.7174410809e-01   1.0687766225e+00
   3.5976860714e-01   3.5886108925e-01   3.1614082385e-01  -3.0486917147e-01   9.9615921923e-01
   3.6164560677e-01   3.6067612502e-01   4.2561465138e-01  -3.3473163475e-01   9.0227983598e-01
   3.6366197227e-01   3.6261508852e-01   5.3376164097e-01  -3.6195248621e-01   7.8338908846e-01
   3.6568115675e-01   3.6470885602e-01   6.3071140037e-01  -3.8571538871e-01   6.4710022497e-01
   3.6754825006e-01   3.6665345748e-01   7.0803896067e-01  -4.0577592612e-01   5.0827275993e-01
   3.6928695524e-01   3.6844304263e-01   7.6878021664e-01  -4.2411282745e-01   3.6912260585e-01
   3.7094160435e-01   3.7013086785e-01   8.1554121379e-01  -4.4212102695e-01   2.3071343346e-01
   3.7254251576e-01   3.7175234086e-01   8.5083095040e-01  -4.6116258166e-01   9.1047858643e-02
   3.7411286219e-01   3.7333269067e-01   8.7531225023e-01  -4.8179048462e-01  -4.7515015880e-02
   3.7567245930e-01   3.7489303370e-01   8.9020696613e-01  -5.0493016565e-01  -1.8620068160e-01
   3.7723981263e-01   3.7645188489e-01   8.9602723682e-01  -5.3136637970e-01  -3.2515064602e-01
   3.7883443336e-01   3.7802774038e-01   8.9299980232e-01  -5.6193433742e-01  -4.6439502058e-01
   3.8047891362e-01   3.7964112633e-01   8.8122321397e-01  -5.9733715261e-01  -6.0298790878e-01
   3.8220252201e-01   3.8131670090e-01   8.6036316443e-01  -6.3902863754e-01  -7.4206357410e-01
   3.8404748900e-01   3.8308834311e-01   8.2983130474e-01  -6.8840460118e-01  -8.8079885903e-01
   3.8608416343e-01   3.8500663490e-01   7.8781862386e-01  -7.4852586220e-01  -1.0204012486e+00
   3.8845280006e-01   3.8716169196e-01   7.3141192872e-01  -8.2367223909e-01  -1.1596687231e+00
   3.9152402103e-01   3.8974390817e-01   6.5099688365e-01  -9.2655852159e-01  -1.2995645745e+00
   3.9540749083e-01   3.9330413390e-01   5.4826343693e-01  -1.0546534440e+00  -1.4042606491e+00
   3.9998842425e-01   3.9751084777e-01   4.3863519523e-01  -1.1830386881e+00  -1.4194302740e+00
   4.0461283637e-01   4.0246600073e-01   3.4927212179e-01  -1.2635364644e+00  -1.3246066019e+00
   4.0824270461e-01   4.0675967201e-01   2.9476335523e-01  -1.2767897190e+00  -1.1823676351e+00
   4.1098573482e-01   4.0972573721e-01   2.6069129825e-01  -1.2505594124e+00  -1.0428106685e+00
   4.1339891324e-01   4.1224573243e-01   2.3314072902e-01  -1.2000273942e+00  -9.0348943784e-01
   4.1565410983e-01   4.1455209406e-01   2.0737083008e-01  -1.1295925884e+00  -7.6474026425e-01
   4.1784309690e-01   4.1675612559e-01   1.8014135844e-01  -1.0398200758e+00  -6.2550877270e-01
   4.2003306119e-01   4.1893006820e-01   1.4895496475e-01  -9.3065328713e-01  -4.8669785313e-01
   4.2228473499e-01   4.2113605417e-01   1.1078894376e-01  -7.9986203598e-01  -3.4809914353e-01
   4.2453237295e-01   4.2343341581e-01   6.4834180918e-02  -6.5301304088e-01  -2.1761138765e-01
   4.2665741155e-01   4.2563133009e-01   1.3003525838e-02  -5.0220395693e-01  -1.0503024459e-01
   4.2866541872e-01   4.2768349302e-01  -4.4400948619e-02  -3.5122223534e-01  -1.0480732741e-02
   4.3060534923e-01   4.2964734442e-01  -1.0782015649e-01  -2.0051322414e-01   6.7859577032e-02
   4.3251356087e-01   4.3156335404e-01  -1.7798356439e-01  -4.9710971100e-02   1.3132890179e-01
   4.3442094964e-01   4.3346376770e-01  -2.5565573543e-01   1.0135119359e-01   1.8035780169e-01
   4.3635753672e-01   4.3537813158e-01  -3.4123517370e-01   2.5197835234e-01   2.1462823004e-01
   4.3835654627e-01   4.3733694186e-01  -4.3607350800e-01   4.0286313579e-01   2.3362183122e-01
   4.4043662500e-01   4.3937615068e-01  -5.3992067230e-01   5.5187502252e-01   2.3596104804e-01
   4.4253985249e-01   4.4149709932e-01  -6.4915358230e-01   6.9306403311e-01   2.2106199821e-01
   4.4462320710e-01   4.4358260566e-01  -7.5830224538e-01   8.2017641909e-01   1.9053028923e-01
   4.4672758775e-01   4.4566380855e-01  -8.6756953507e-01   9.3495161412e-01   1.4550807261e-01
   4.4891196447e-01   4.4779136694e-01  -9.7701890519e-01   1.0384371793e+00   8.6056703158e-02
   4.5126594965e-01   4.5003256200e-01  -1.0865242181e+00   1.1311245896e+00   1.0976715948e-02
   4.5397375997e-01   4.5249933730e-01  -1.1966846220e+00   1.2136335747e+00  -8.4443161498e-02
   4.5735951527e-01   4.5544818263e-01  -1.3012456609e+00   1.2816524365e+00  -2.0676152816e-01
   4.6162797951e-01   4.5927084791e-01  -1.3667855721e+00   1.3187900644e+00  -3.4648909084e-01
   4.6651114958e-01   4.6398511111e-01  -1.3342321578e+00   1.3087118149e+00  -4.5734578013e-01
   4.7039569429e-01   4.6903718805e-01  -1.2229680802e+00   1.2727198349e+00  -4.9246984321e-01
   4.7279185709e-01   4.7175420054e-01  -1.1122867643e+00   1.2409352937e+00  -4.8307795033e-01
   4.7471013751e-01   4.7382951364e-01  -1.0027106013e+00   1.2118804993e+00  -4.5789337792e-01
   4.7637515518e-01   4.7559076137e-01  -8.9322512384e-01   1.1844722204e+00  -4.2324369434e-01
   4.7787857922e-01   4.7715954898e-01  -7.8379929350e-01   1.1582071990e+00  -3.8192105730e-01
   4.7926958189e-01   4.7859760947e-01  -6.7455772140e-01   1.1327494738e+00  -3.3556273557e-01
   4.8057834895e-01   4.7994155431e-01  -5.6522831206e-01   1.1077468275e+00  -2.8504773134e-01
   4.8182509209e-01   4.8121514360e-01  -4.5561111025e-01   1.0829096057e+00  -2.3094392020e-01
   4.8302447802e-01   4.8243504059e-01  -3.4632247971e-01   1.0581573179e+00  -1.7405434642e-01
   4.8418778828e-01   4.8361391545e-01  -2.3767710945e-01   1.0333606282e+00  -1.1496685039e-01
   4.8532376560e-01   4.8476166111e-01  -1.2729156023e-01   1.0077723197e+00  -5.2631992468e-02
   4.8643981443e-01   4.8588587009e-01  -1.9160338754e-02   9.8212906060e-01   1.0440429441e-02
   4.8754242565e-01   4.8699375878e-01   9.1354113860e-02   9.5512554805e-01   7.6760816969e-02
   4.8863737676e-01   4.8809109251e-01   1.9996329635e-01   9.2759313974e-01   1.4360788719e-01
   4.8973025032e-01   4.8918366101e-01   3.0908735447e-01   8.9871533203e-01   2.1229258772e-01
   4.9082651997e-01   4.9027683962e-01   4.1911019075e-01   8.6810659177e-01   2.8297075140e-01
   4.9193180318e-01   4.9137620032e-01   5.2741984848e-01   8.3623074715e-01   3.5384061228e-01
   4.9305229898e-01   4.9248740604e-01   6.3782516023e-01   8.0161653532e-01   4.2730610308e-01
   4.9419488176e-01   4.9361719191e-01   7.4617071930e-01   7.6517463911e-01   5.0051647427e-01
   4.9536771504e-01   4.9477257160e-01   8.5602370466e-01   7.2524265362e-01   5.7578954122e-01
   4.9658103552e-01   4.9596285849e-01   9.6532181262e-01   6.8189989220e-01   6.5165318737e-01
   4.9784778996e-01   4.9719921256e-01   1.0742836080e+00   6.3432024469e-01   7.2816586750e-01
   4.9924818369e-01   4.9849636737e-01   1.1887766126e+00   5.7836010925e-01   8.0943107043e-01