# time = 1.4
# Grid points = 474
# Pressure (Pa) = 101325
#             1_pos             2_posf             3_uvel             4_vvel             5_wvel
  -4.9917840810e-01  -5.0000000000e-01   1.1196559414e+00   6.7666315542e-01   9.9315263781e-01
  -4.9750814511e-01  -4.9835681619e-01   1.2170152544e+00   5.7785165069e-01   1.0843318524e+00
  -4.9566236670e-01  -4.9665947403e-01   1.3109639604e+00   4.6175978117e-01   1.1727608871e+00
  -4.9337913820e-01  -4.9466525936e-01   1.4049434795e+00   3.0956170573e-01   1.2612005809e+00
  -4.9070684198e-01  -4.9209301703e-01   1.4821739094e+00   1.2196930819e-01   1.3328745595e+00
  -4.8796632188e-01  -4.8932066692e-01   1.5227844092e+00  -7.7412092076e-02   1.3680801125e+00
  -4.8525041762e-01  -4.8661197685e-01   1.5234165202e+00  -2.7674929715e-01   1.3632570504e+00
  -4.8247325112e-01  -4.8388885839e-01   1.4841330381e+00  -4.7617503970e-01   1.3183519014e+00
  -4.7971240761e-01  -4.8105764385e-01   1.4075840905e+00  -6.6346338826e-01   1.2366973869e+00
  -4.7731406729e-01  -4.7836717138e-01   1.3138244632e+00  -8.1162351939e-01   1.1396152111e+00
  -4.7535629892e-01  -4.7626096320e-01   1.2196570364e+00  -9.1966474544e-01   1.0441305534e+00
  -4.7363463088e-01  -4.7445163464e-01   1.1259891119e+00  -1.0024717451e+00   9.5081979697e-01
  -4.7205820286e-01  -4.7281762713e-01   1.0324395090e+00  -1.0672965546e+00   8.5919489721e-01
  -4.7057922324e-01  -4.7129877858e-01   9.3865678124e-01  -1.1178416938e+00   7.6891801347e-01
  -4.6916801250e-01  -4.6985966791e-01   8.4544528402e-01  -1.1558249582e+00   6.8080228751e-01
  -4.6780432622e-01  -4.6847635709e-01   7.5136537302e-01  -1.1830680863e+00   5.9358000435e-01
  -4.6647318109e-01  -4.6713229535e-01   6.5816737524e-01  -1.1998927096e+00   5.0898351653e-01
  -4.6516256736e-01  -4.6581406684e-01   5.6476817872e-01  -1.2071620529e+00   4.2613773664e-01
  -4.6386252316e-01  -4.6451106789e-01   4.7081976821e-01  -1.2050524130e+00   3.4492810857e-01
  -4.6256404824e-01  -4.6321397844e-01   3.7723419341e-01  -1.1936729726e+00   2.6634613318e-01
  -4.6125861670e-01  -4.6191411803e-01   2.8383451116e-01  -1.1730818835e+00   1.9044653499e-01
  -4.5993776484e-01  -4.6060311536e-01   1.9058179958e-01  -1.1431727760e+00   1.1745041342e-01
  -4.5859242112e-01  -4.5927241432e-01   9.6539248122e-02  -1.1032111982e+00   4.6993534285e-02
  -4.5721266704e-01  -4.5791242792e-01   3.4889287448e-03  -1.0535531928e+00  -1.9209944783e-02
  -4.5578682495e-01  -4.5651290616e-01  -9.0513749062e-02  -9.9252762534e-01  -8.2050836956e-02
  -4.5430067193e-01  -4.5506074373e-01  -1.8381793251e-01  -9.2030885679e-01  -1.3979552794e-01
  -4.5273610223e-01  -4.5354060013e-01  -2.7750708507e-01  -8.3499678795e-01  -1.9236063118e-01
  -4.5106864371e-01  -4.5193160433e-01  -3.7095421144e-01  -7.3559206874e-01  -2.3835411800e-01
  -4.4926329074e-01  -4.5020568309e-01  -4.6464376619e-01  -6.1941390782e-01  -2.7660260946e-01
  -4.4726609887e-01  -4.4832089838e-01  -5.5817842040e-01  -4.8374943974e-01  -3.0490063974e-01
  -4.4498442178e-01  -4.4621129935e-01  -6.5190151466e-01  -3.2300211127e-01  -3.2017442958e-01
  -4.4235257510e-01  -4.4375754422e-01  -7.4231998642e-01  -1.3582732081e-01  -3.1734704475e-01
  -4.3946564586e-01  -4.4094760599e-01  -8.1971924224e-01   6.3261079306e-02  -2.9335349591e-01
  -4.3633688466e-01  -4.3798368573e-01  -8.7873198943e-01   2.6315420971e-01  -2.4904171392e-01
  -4.3268516130e-01  -4.3469008358e-01  -9.1637549173e-01   4.6350561825e-01  -1.8463702802e-01
  -4.2755929390e-01  -4.3068023901e-01  -9.1644892495e-01   6.6728798987e-01  -9.7453334415e-02
  -4.2166997226e-01  -4.2443834879e-01  -8.5257771358e-01   7.8914720574e-01  -3.6598397719e-02
  -4.1704632770e-01  -4.1890159573e-01  -7.5722525918e-01   8.0453670673e-01  -3.6669179576e-02
  -4.1367958978e-01  -4.1519105967e-01  -6.6336805086e-01   7.7782964690e-01  -6.7045905127e-02
  -4.1084966285e-01  -4.1216811989e-01  -5.6983293622e-01   7.3661131520e-01  -1.0993237195e-01
  -4.0833775233e-01  -4.0953120581e-01  -4.7618828425e-01   6.8891599739e-01  -1.5859935305e-01
  -4.0603685963e-01  -4.0714429884e-01  -3.8277610382e-01   6.3836620372e-01  -2.0910041815e-01
  -4.0388289794e-01  -4.0492942043e-01  -2.8923674651e-01   5.8632051114e-01  -2.5928383440e-01
  -4.0183252169e-01  -4.0283637546e-01  -1.9576133461e-01   5.3350242905e-01  -3.0746649624e-01
  -3.9985311918e-01  -4.0082866791e-01  -1.0222656666e-01   4.7993811283e-01  -3.5256988462e-01
  -3.9791788163e-01  -3.9887757044e-01  -8.8357184948e-03   4.2549773908e-01  -3.9362004510e-01
  -3.9600259296e-01  -3.9695819283e-01   8.4774109144e-02   3.6944775645e-01  -4.3002365043e-01
  -3.9408304632e-01  -3.9504699309e-01   1.7836009054e-01   3.1113357480e-01  -4.6096249784e-01
  -3.9213230721e-01  -3.9311909955e-01   2.7181424041e-01   2.4950635757e-01  -4.8567927048e-01
  -3.9011678658e-01  -3.9114551487e-01   3.6536849259e-01   1.8279930352e-01  -5.0334579149e-01
  -3.8798888510e-01  -3.8908805828e-01   4.5899730527e-01   1.0854638247e-01  -5.1269767602e-01
  -3.8567048920e-01  -3.8688971191e-01   5.5265654607e-01   2.2617514555e-02  -5.1175535274e-01
  -3.8300187036e-01  -3.8445126649e-01   6.4673099692e-01  -8.3832838013e-02  -4.9661554912e-01
  -3.7960165421e-01  -3.8155247422e-01   7.3953354261e-01  -2.3201699160e-01  -4.5752456266e-01
  -3.7567331486e-01  -3.7765083420e-01   8.0342313766e-01  -4.2006625048e-01  -3.9119879622e-01
  -3.7184186692e-01  -3.7369579552e-01   8.1479499028e-01  -6.1885039920e-01  -3.1229558257e-01
  -3.6818376169e-01  -3.6998793832e-01   7.7595208531e-01  -8.1798421289e-01  -2.3228693327e-01
  -3.6476920525e-01  -3.6637958505e-01   6.9772543472e-01  -1.0050576844e+00  -1.6061257993e-01
  -3.6190222515e-01  -3.6315882545e-01   6.0358384381e-01  -1.1577445585e+00  -1.0652232869e-01
  -3.5955743529e-01  -3.6064562486e-01   5.0978802059e-01  -1.2755334682e+00  -6.8416741397e-02
  -3.5747581335e-01  -3.5846924571e-01   4.1603976080e-01  -1.3724046544e+00  -3.9897759588e-02
  -3.5554555589e-01  -3.5648238098e-01   3.2223557266e-01  -1.4538057535e+00  -1.8227640407e-02
  -3.5370428246e-01  -3.5460873079e-01   2.2887415919e-01  -1.5219877482e+00  -1.9579580404e-03
  -3.5191009141e-01  -3.5279983412e-01   1.3530203480e-01  -1.5787213280e+00   1.0023487970e-02
  -3.5013002733e-01  -3.5102034870e-01   4.1688011257e-02  -1.6242441135e+00   1.8367425621e-02
  -3.4833352158e-01  -3.4923970596e-01  -5.2064425136e-02  -1.6582929270e+00   2.3619367198e-02
  -3.4648782394e-01  -3.4742733720e-01  -1.4545833113e-01  -1.6797755463e+00   2.6246505232e-02
  -3.4455195495e-01  -3.4554831069e-01  -2.3912460195e-01  -1.6869435182e+00   2.6760596006e-02
  -3.4246600922e-01  -3.4355559922e-01  -3.3283373400e-01  -1.6761944098e+00   2.5754665948e-02
  -3.4012589732e-01  -3.4137641922e-01  -4.2661425641e-01  -1.6407611774e+00   2.4187052429e-02
  -3.3729386531e-01  -3.3887537541e-01  -5.2092256728e-01  -1.5645159170e+00   2.4154771077e-02
  -3.3373119516e-01  -3.3571235521e-01  -6.0571150729e-01  -1.4186138690e+00   3.1384479326e-02
  -3.3013995431e-01  -3.3175003512e-01  -6.5173269353e-01  -1.2215490840e+00   5.0922885833e-02
  -3.2713093899e-01  -3.2852987349e-01  -6.5813216203e-01  -1.0217561998e+00   7.9600647859e-02
  -3.2444947423e-01  -3.2573200448e-01  -6.4037300153e-01  -8.2201007575e-01   1.1528850585e-01
  -3.2194996463e-01  -3.2316694398e-01  -6.0574760092e-01  -6.2286810202e-01   1.5650810433e-01
  -3.1954784063e-01  -3.2073298528e-01  -5.5775587297e-01  -4.2308094393e-01   2.0239280494e-01
  -3.1718162262e-01  -3.1836269597e-01  -4.9881077350e-01  -2.2414943199e-01   2.5149837373e-01
  -3.1479564044e-01  -3.1600054927e-01  -4.2929620095e-01  -2.4192989380e-02   3.0306611041e-01
  -3.1232750552e-01  -3.1359073161e-01  -3.4980422421e-01   1.7502559341e-01   3.5507890130e-01
  -3.0974859368e-01  -3.1106427944e-01  -2.6076926569e-01   3.7051946909e-01   4.0449859634e-01
  -3.0714129829e-01  -3.0843290792e-01  -1.6741232564e-01   5.4889165926e-01   4.4498329741e-01
  -3.0455287342e-01  -3.0584968867e-01  -7.4049235653e-02   7.0096896463e-01   4.7130065381e-01
  -3.0192288339e-01  -3.0325605817e-01   1.9590924758e-02   8.2547757947e-01   4.7974428571e-01
  -2.9918504232e-01  -3.0058970861e-01   1.1292010534e-01   9.1757093867e-01   4.6505545765e-01
  -2.9625455536e-01  -2.9778037603e-01   2.0643868999e-01   9.7049866030e-01   4.1957573036e-01
  -2.9299442333e-01  -2.9472873469e-01   3.0001059679e-01   9.7108446357e-01   3.3102043085e-01
  -2.8955416173e-01  -2.9126011198e-01   3.8460030552e-01   9.0693789544e-01   1.9629580880e-01
  -2.8641489689e-01  -2.8784821147e-01   4.4695737471e-01   7.9494424628e-01   4.1624327108e-02
  -2.8367227528e-01  -2.8498158232e-01   4.8835357604e-01   6.6000277010e-01  -1.1304308552e-01
  -2.8109973593e-01  -2.8236296824e-01   5.1479331939e-01   5.0920643308e-01  -2.6721376939e-01
  -2.7855854486e-01  -2.7983650363e-01   5.2825092600e-01   3.4392655880e-01  -4.2147165860e-01
  -2.7591378759e-01  -2.7728058609e-01   5.2780021458e-01   1.6269506923e-01  -5.7609852030e-01
  -2.7306953365e-01  -2.7454698909e-01   5.0974781649e-01  -3.2140199345e-02  -7.2550923038e-01
  -2.6996238336e-01  -2.7159207822e-01   4.6802005862e-01  -2.3218982447e-01  -8.5675772539e-01
  -2.6657645717e-01  -2.6833268850e-01   3.9546178479e-01  -4.2008635699e-01  -9.4834211443e-01
  -2.6342123777e-01  -2.6482022584e-01   3.0293688382e-01  -5.5576930173e-01  -9.7660490173e-01
  -2.6083514468e-01  -2.6202224969e-01   2.0900452711e-01  -6.3161267835e-01  -9.5275150191e-01
  -2.5858769354e-01  -2.5964803967e-01   1.1552917971e-01  -6.6897223224e-01  -8.9678164888e-01
  -2.5655037453e-01  -2.5752734742e-01   2.1756557828e-02  -6.7949596751e-01  -8.1792241501e-01
  -2.5465278369e-01  -2.5557340165e-01  -7.1604941827e-02  -6.6948255385e-01  -7.2221157511e-01
  -2.5284972121e-01  -2.5373216573e-01  -1.6532584954e-01  -6.4288074700e-01  -6.1230780127e-01
  -2.5110888879e-01  -2.5196727669e-01  -2.5871940978e-01  -6.0252870579e-01  -4.9129348381e-01
  -2.4940443518e-01  -2.5025050088e-01  -3.5255999088e-01  -5.4988589681e-01  -3.5973490201e-01
  -2.4771352258e-01  -2.4855836948e-01  -4.4600343769e-01  -4.8662405073e-01  -2.1989807263e-01
  -2.4601470591e-01  -2.4686867567e-01  -5.3940739684e-01  -4.1331586108e-01  -7.2029270711e-02
  -2.4431234304e-01  -2.4516073614e-01  -6.3121872771e-01  -3.3170000526e-01   8.0853163871e-02
  -2.4261819605e-01  -2.4346394993e-01  -7.1960783544e-01  -2.4389096375e-01   2.3515080516e-01
  -2.4091346566e-01  -2.4177244216e-01  -8.0406318392e-01  -1.5067840518e-01   3.8956192948e-01
  -2.3916427906e-01  -2.4005448915e-01  -8.8429036859e-01  -5.2148657075e-02   5.4351169495e-01
  -2.3732807788e-01  -2.3827406896e-01  -9.6051539139e-01   5.3282154181e-02   6.9814026435e-01
  -2.3534180132e-01  -2.3638208681e-01  -1.0312286118e+00   1.6654387968e-01   8.5224508389e-01
  -2.3309001431e-01  -2.3430151584e-01  -1.0949385033e+00   2.9238379345e-01   1.0071827456e+00
  -2.3027701721e-01  -2.3187851277e-01  -1.1457913364e+00   4.4122218303e-01   1.1632339888e+00
  -2.2645548597e-01  -2.2867552165e-01  -1.1583804549e+00   6.2346616560e-01   1.2990725836e+00
  -2.2235484195e-01  -2.2423545029e-01  -1.0988892280e+00   7.9086777583e-01   1.3460144011e+00
  -2.1926377134e-01  -2.2047423360e-01  -1.0028326642e+00   8.9689294476e-01   1.3136426928e+00
  -2.1707588367e-01  -2.1805330907e-01  -9.0859335087e-01   9.6171057326e-01   1.2575440247e+00
  -2.1524632204e-01  -2.1609845826e-01  -8.1481541937e-01   1.0100652845e+00   1.1927139002e+00
  -2.1362140285e-01  -2.1439418582e-01  -7.2113564312e-01   1.0489756587e+00   1.1234739756e+00
  -2.1213035299e-01  -2.1284861988e-01  -6.2751093500e-01   1.0815807020e+00   1.0519295965e+00
  -2.1073297734e-01  -2.1141208611e-01  -5.3398907718e-01   1.1096059883e+00   9.7934995039e-01
  -2.0940352536e-01  -2.1005386857e-01  -4.4058162836e-01   1.1341153265e+00   9.0654266009e-01
  -2.0812417356e-01  -2.0875318216e-01  -3.4672688754e-01   1.1559249879e+00   8.3363972333e-01
  -2.0688161592e-01  -2.0749516496e-01  -2.5308017225e-01   1.1753320013e+00   7.6159040140e-01
  -2.0566526556e-01  -2.0626806687e-01  -1.5937034859e-01   1.1927137691e+00   6.9054299418e-01
  -2.0446637627e-01  -2.0506246426e-01  -6.5926681527e-02   1.2082236537e+00   6.2104969669e-01
  -2.0327734466e-01  -2.0387028829e-01   2.7384205265e-02   1.2220235483e+00   5.5327601797e-01
  -2.0209126970e-01  -2.0268440103e-01   1.2066841519e-01   1.2341932928e+00   4.8740142742e-01
  -2.0090147165e-01  -2.0149813836e-01   2.1494564466e-01   1.2448313487e+00   4.2301633751e-01
  -1.9970122365e-01  -2.0030480494e-01   3.0829709980e-01   1.2536621605e+00   3.6171311935e-01
  -1.9848348986e-01  -1.9909764236e-01   4.0173961484e-01   1.2606972202e+00   3.0307682747e-01
  -1.9724048137e-01  -1.9786933735e-01   4.9526922236e-01   1.2657461000e+00   2.4745126571e-01
  -1.9596323099e-01  -1.9661162539e-01   5.8873663248e-01   1.2685341460e+00   1.9530778508e-01
  -1.9464093815e-01  -1.9531483659e-01   6.8226926984e-01   1.2686906458e+00   1.4702992250e-01
  -1.9325989426e-01  -1.9396703971e-01   7.7604176218e-01   1.2656748588e+00   1.0310997651e-01
  -1.9180212350e-01  -1.9255274881e-01   8.6954232297e-01   1.2587559094e+00   6.4503483012e-02
  -1.9024256431e-01  -1.9105149818e-01   9.6318141068e-01   1.2468231790e+00   3.1977412834e-02
  -1.8854366466e-01  -1.8943363044e-01   1.0568236770e+00   1.2281979185e+00   6.9440862972e-03
  -1.8664397079e-01  -1.8765369889e-01   1.1505068987e+00   1.2000618247e+00  -8.5277118871e-03
  -1.8442730585e-01  -1.8563424269e-01   1.2443268126e+00   1.1570561711e+00  -1.0823333730e-02
  -1.8160313917e-01  -1.8322036901e-01   1.3389650217e+00   1.0856454844e+00   8.3037522034e-03
  -1.7756259117e-01  -1.7998590933e-01   1.4252512596e+00   9.5103351293e-01   6.9392765137e-02
  -1.7303185648e-01  -1.7513927301e-01   1.4603746471e+00   7.5972347231e-01   1.6493713032e-01
  -1.6908706558e-01  -1.7092443995e-01   1.4402503832e+00   5.6063137842e-01   2.5513573149e-01
  -1.6556874658e-01  -1.6724969121e-01   1.3867524168e+00   3.6137666533e-01   3.2840195870e-01
  -1.6230329771e-01  -1.6388780195e-01   1.3107859486e+00   1.6262870282e-01   3.8214229402e-01
  -1.5930533986e-01  -1.6071879347e-01   1.2209431071e+00  -2.9163814803e-02   4.1514580912e-01
  -1.5665937975e-01  -1.5789188625e-01   1.1273530049e+00  -2.0294338396e-01   4.2892036076e-01
  -1.5431114807e-01  -1.5542687324e-01   1.0338027031e+00  -3.5926707225e-01   4.2819376091e-01
  -1.5216225868e-01  -1.5319542290e-01   9.4021096886e-01  -5.0259944073e-01   4.1660360659e-01
  -1.5015713276e-01  -1.5112909446e-01   8.4680618594e-01  -6.3494622793e-01   3.9649568820e-01
  -1.4825992434e-01  -1.4918517106e-01   7.5323534902e-01  -7.5817050598e-01   3.6936849225e-01
  -1.4644521115e-01  -1.4733467761e-01   6.5980946834e-01  -8.7265869983e-01   3.3642102019e-01
  -1.4469345284e-01  -1.4555574469e-01   5.6621538954e-01  -9.7923912172e-01   2.9834411628e-01
  -1.4298867368e-01  -1.4383116098e-01   4.7273117454e-01  -1.0777646334e+00   2.5580757365e-01
  -1.4131690759e-01  -1.4214618637e-01   3.7945502211e-01  -1.1681448596e+00   2.0925465934e-01
  -1.3966534044e-01  -1.4048762881e-01   2.8553248454e-01  -1.2508754699e+00   1.5842142892e-01
  -1.3802137227e-01  -1.3884305207e-01   1.9229601162e-01  -1.3243068132e+00   1.0407102410e-01
  -1.3637181817e-01  -1.3719969246e-01   9.8711100282e-02  -1.3885740306e+00   4.5503608249e-02
  -1.3470202479e-01  -1.3554394387e-01   5.0597949547e-03  -1.4422975779e+00  -1.7463222180e-02
  -1.3299460342e-01  -1.3386010571e-01  -8.8378332882e-02  -1.4837882895e+00  -8.5188776186e-02
  -1.3122742364e-01  -1.3212910114e-01  -1.8189564827e-01  -1.5109411201e+00  -1.5877456750e-01
  -1.2936992205e-01  -1.3032574614e-01  -2.7552197401e-01  -1.5202954780e+00  -2.3970484354e-01
  -1.2737607576e-01  -1.2841409796e-01  -3.6914202460e-01  -1.5064008287e+00  -3.3024780802e-01
  -1.2516795232e-01  -1.2633805357e-01  -4.6275633035e-01  -1.4598836038e+00  -4.3456834723e-01
  -1.2259649311e-01  -1.2399785107e-01  -5.5658752712e-01  -1.3613465730e+00  -5.6158641305e-01
  -1.1978118372e-01  -1.2119513514e-01  -6.3797265595e-01  -1.1984747192e+00  -7.0598974980e-01
  -1.1722127913e-01  -1.1836723231e-01  -6.9150880055e-01  -1.0006587380e+00  -8.4175352232e-01
  -1.1509287231e-01  -1.1607532595e-01  -7.2047408724e-01  -8.0043730038e-01  -9.5753564967e-01
  -1.1322832905e-01  -1.1411041867e-01  -7.3443411186e-01  -6.0071196322e-01  -1.0604425925e+00
  -1.1153107570e-01  -1.1234623943e-01  -7.3836508673e-01  -4.0129926831e-01  -1.1548524749e+00
  -1.0994725144e-01  -1.1071591197e-01  -7.3501577375e-01  -2.0118728496e-01  -1.2435470039e+00
  -1.0844209005e-01  -1.0917859092e-01  -7.2617935902e-01  -2.0109389386e-03  -1.3272443002e+00
  -1.0699069130e-01  -1.0770558918e-01  -7.1303985264e-01   1.9754441910e-01  -1.4074669741e+00
  -1.0557379342e-01  -1.0627579343e-01  -6.9643150705e-01   3.9775192475e-01  -1.4849375251e+00
  -1.0417484262e-01  -1.0487179340e-01  -6.7727489952e-01   5.9625502493e-01  -1.5592225148e+00
  -1.0277836491e-01  -1.0347789183e-01  -6.5577219483e-01   7.9678241935e-01  -1.6320144132e+00
  -1.0136848770e-01  -1.0207883800e-01  -6.3276135976e-01   9.9596933876e-01  -1.7022594167e+00
  -9.9927160114e-02  -1.0065813741e-01  -6.0854489439e-01   1.1953302522e+00  -1.7705875351e+00
  -9.8431492431e-02  -9.9196182820e-02  -5.8352455292e-01   1.3953074398e+00  -1.8370717665e+00
  -9.6849353975e-02  -9.7666802042e-02  -5.5838475527e-01   1.5946553868e+00  -1.9010496550e+00
  -9.5128935434e-02  -9.6031905908e-02  -5.3364754765e-01   1.7948192247e+00  -1.9623949109e+00
  -9.3169554815e-02  -9.4225964960e-02  -5.1051045327e-01   1.9955930372e+00  -2.0196511901e+00
  -9.0693116826e-02  -9.2113144671e-02  -4.9165583998e-01   2.1980135041e+00  -2.0690581928e+00
  -8.6064311804e-02  -8.9273088982e-02  -4.9792246307e-01   2.3821875501e+00  -2.0741261483e+00
  -8.1038906322e-02  -8.2855534627e-02  -5.6170912781e-01   2.3088943148e+00  -1.9537276304e+00
  -7.8108252031e-02  -7.9222278017e-02  -6.2953758481e-01   2.1074355324e+00  -1.8068500546e+00
  -7.6119770026e-02  -7.6994226045e-02  -6.8644490781e-01   1.9059402464e+00  -1.6740455109e+00
  -7.4493656872e-02  -7.5245314008e-02  -7.3807476943e-01   1.7056330846e+00  -1.5464106955e+00
  -7.3066926550e-02  -7.3741999736e-02  -7.8641862711e-01   1.5050312653e+00  -1.4204993012e+00
  -7.1768786630e-02  -7.2391853364e-02  -8.3174971786e-01   1.3060311247e+00  -1.2963987278e+00
  -7.0560251636e-02  -7.1145719897e-02  -8.7483716196e-01   1.1070521927e+00  -1.1725143296e+00
  -6.9417550346e-02  -6.9974783374e-02  -9.1631439714e-01   9.0596016966e-01  -1.0471290323e+00
  -6.8324055410e-02  -6.8860317318e-02  -9.5528292197e-01   7.0779507234e-01  -9.2310980317e-01
  -6.7267461975e-02  -6.7787793503e-02  -9.9268927894e-01   5.0825469418e-01  -7.9755437617e-01
  -6.6238617133e-02  -6.6747130448e-02  -1.0284616549e+00   3.0764891668e-01  -6.7045414509e-01
  -6.5229849759e-02  -6.5730103818e-02  -1.0621602048e+00   1.0846053297e-01  -5.4321371287e-01
  -6.4234582529e-02  -6.4729595701e-02  -1.0940388151e+00  -9.0853146462e-02  -4.1469584004e-01
  -6.3247023061e-02  -6.3739569357e-02  -1.1240614239e+00  -2.9047653145e-01  -2.8460679904e-01
  -6.2261713444e-02  -6.2754476766e-02  -1.1521414510e+00  -4.9050199314e-01  -1.5269204671e-01
  -6.1273271772e-02  -6.1768950123e-02  -1.1780196202e+00  -6.8988946251e-01  -1.9435759860e-02
  -6.0276158330e-02  -6.0777593420e-02  -1.2016295264e+00  -8.8920388190e-01   1.1576318014e-01
  -5.9264388663e-02  -5.9774723239e-02  -1.2227671606e+00  -1.0883771461e+00   2.5313439858e-01
  -5.8231038661e-02  -5.8754054088e-02  -1.2413089236e+00  -1.2890855781e+00   3.9421664989e-01
  -5.7167898835e-02  -5.7708023234e-02  -1.2566410454e+00  -1.4885516243e+00   5.3750570645e-01
  -5.6065022706e-02  -5.6627774435e-02  -1.2683599733e+00  -1.6863774774e+00   6.8319219668e-01
  -5.4910797379e-02  -5.5502270977e-02  -1.2760475151e+00  -1.8876837567e+00   8.3590208238e-01
  -5.3708034454e-02  -5.4319323781e-02  -1.2785135760e+00  -2.0825873616e+00   9.8911344610e-01
  -5.2463138266e-02  -5.3096745126e-02  -1.2750360300e+00  -2.2702900849e+00   1.1430884105e+00
  -5.1166546254e-02  -5.1829531406e-02  -1.2646955294e+00  -2.4480443248e+00   1.2967622378e+00
  -4.9801008403e-02  -5.0503561102e-02  -1.2459549196e+00  -2.6159548251e+00   1.4520634696e+00
  -4.8342526768e-02  -4.9098455703e-02  -1.2173735132e+00  -2.7677329428e+00   1.6057274153e+00
  -4.6754581213e-02  -4.7586597833e-02  -1.1758362912e+00  -2.9016398200e+00   1.7600511131e+00
  -4.4974374735e-02  -4.5922564593e-02  -1.1166716585e+00  -3.0100065551e+00   1.9144125181e+00
  -4.2998052848e-02  -4.4026184878e-02  -1.0357376228e+00  -3.0776058079e+00   2.0615408986e+00
  -4.1070655474e-02  -4.1969920818e-02  -9.4250631474e-01  -3.0900216552e+00   2.1789710680e+00
  -3.9362305491e-02  -4.0171390129e-02  -8.4895772545e-01  -3.0565869400e+00   2.2601021133e+00
  -3.7805683954e-02  -3.8553220854e-02  -7.5525200139e-01  -2.9907436672e+00   2.3152222149e+00
  -3.6354604293e-02  -3.7058147054e-02  -6.6157250626e-01  -2.9003596613e+00   2.3501603025e+00
  -3.4979688191e-02  -3.5651061533e-02  -5.6817629493e-01  -2.7907722926e+00   2.3686511279e+00
  -3.3660687901e-02  -3.4308314849e-02  -4.7472920427e-01  -2.6650090923e+00   2.3732501992e+00
  -3.2382721616e-02  -3.3013060953e-02  -3.8101007928e-01  -2.5250798790e+00   2.3655409933e+00
  -3.1134000315e-02  -3.1752382279e-02  -2.8727910261e-01  -2.3730831851e+00   2.3466102495e+00
  -2.9904597774e-02  -3.0515618351e-02  -1.9364462299e-01  -2.2105786027e+00   2.3172581522e+00
  -2.8685747466e-02  -2.9293577198e-02  -1.0011166728e-01  -2.0386658475e+00   2.2779885952e+00
  -2.7469270579e-02  -2.8077917734e-02  -6.6273839209e-03  -1.8580838966e+00   2.2290144257e+00
  -2.6247064189e-02  -2.6860623423e-02   8.6875268447e-02  -1.6693228728e+00   2.1702709542e+00
  -2.5014821667e-02  -2.5633504956e-02   1.8010795165e-01  -1.4734481741e+00   2.1016988742e+00
  -2.3783464998e-02  -2.4396138378e-02   2.7153114473e-01  -1.2742479213e+00   2.0242381135e+00
  -2.2559798503e-02  -2.3170791618e-02   3.6004326847e-01  -1.0747914785e+00   1.9387802857e+00
  -2.1333573805e-02  -2.1948805389e-02   4.4585448250e-01  -8.7521323955e-01   1.8449917594e+00
  -2.0092652379e-02  -2.0718342222e-02   5.2918031988e-01  -6.7540673072e-01   1.7421197034e+00
  -1.8823713972e-02  -1.9466962537e-02   6.1004638511e-01  -4.7551003541e-01   1.6291576166e+00
  -1.7510956879e-02  -1.8180465406e-02   6.8822692382e-01  -2.7611112822e-01   1.5049324695e+00
  -1.6134263046e-02  -1.6841448352e-02   7.6383089555e-01  -7.6693110020e-02   1.3668752460e+00
  -1.4716027676e-02  -1.5427077741e-02   8.3416943485e-01   1.1586738674e-01   1.2173060506e+00
  -1.3323109993e-02  -1.4004977611e-02   8.9583823322e-01   2.9200665511e-01   1.0621549206e+00
  -1.1982185388e-02  -1.2641242376e-02   9.4661435943e-01   4.4429203115e-01   9.0874015200e-01
  -1.0682244316e-02  -1.1323128401e-02   9.8829506792e-01   5.7679015006e-01   7.5472948636e-01
  -9.4147914636e-03  -1.0041360232e-02   1.0213803240e+00   6.9014767748e-01   6.0045212658e-01
  -8.1726570787e-03  -8.7882226952e-03   1.0463366812e+00   7.8503980955e-01   4.4617717419e-01
  -6.9495966886e-03  -7.5570914623e-03   1.0636048563e+00   8.6218563583e-01   2.9204113977e-01
  -5.7399918747e-03  -6.3421019150e-03   1.0735753716e+00   9.2226862046e-01   1.3807603567e-01
  -4.5386011756e-03  -5.1378818345e-03   1.0765716304e+00   9.6587621499e-01  -1.5763903286e-02
  -3.3403364641e-03  -3.9393205168e-03   1.0728394346e+00   9.9345646744e-01  -1.6957570670e-01
  -2.1400090595e-03  -2.7413524114e-03   1.0624282954e+00   1.0052603041e+00  -3.2451120684e-01
  -9.3212634877e-04  -1.5386657077e-03   1.0455702662e+00   1.0012408572e+00  -4.7855895667e-01
   2.8931424925e-04  -3.2558698988e-04   1.0223238678e+00   9.8160928809e-01  -6.3249150436e-01
   1.5311812089e-03   9.0421548837e-04   9.9264471681e-01   9.4620094072e-01  -7.8651924324e-01
   2.8016617177e-03   2.1581469294e-03   9.5646318823e-01   8.9470435851e-01  -9.4048291070e-01
   4.1109605850e-03   3.4451765061e-03   9.1351396353e-01   8.2641860021e-01  -1.0945968114e+00
   5.4725294366e-03   4.7767446639e-03   8.6326317140e-01   7.4002525584e-01  -1.2492778209e+00
   6.9046774823e-03   6.1683142094e-03   8.0555862604e-01   6.3472345824e-01  -1.4032206139e+00
   8.4340799804e-03   7.6410407552e-03   7.3928433188e-01   5.0780754265e-01  -1.5571069319e+00
   1.0104145255e-02   9.2271192055e-03   6.6237848091e-01   3.5424265714e-01  -1.7117689580e+00
   1.1941516552e-02   1.0981171305e-02   5.7451692685e-01   1.7203464416e-01  -1.8627157777e+00
   1.3844002375e-02   1.2901861799e-02   4.8247674376e-01  -2.5437226502e-02  -1.9952630893e+00
   1.5719327137e-02   1.4786142951e-02   3.9203784273e-01  -2.2550061731e-01  -2.1010352472e+00
   1.7600566921e-02   1.6652511322e-02   3.0439272618e-01  -4.2480447806e-01  -2.1796020324e+00
   1.9538400328e-02   1.8548622520e-02   2.1876960222e-01  -6.2455535674e-01  -2.2308721636e+00
   2.1598120379e-02   2.0528178135e-02   1.3505504358e-01  -8.2465356764e-01  -2.2510932318e+00
   2.3888292623e-02   2.2668062623e-02   5.3197101765e-02  -1.0247474419e+00  -2.2316736912e+00
   2.6618799763e-02   2.5108522624e-02  -2.6797852222e-02  -1.2235592358e+00  -2.1518513910e+00
   2.9401618874e-02   2.8129076902e-02  -8.7730947339e-02  -1.3742213707e+00  -2.0129254773e+00
   3.1692531966e-02   3.0674160846e-02  -1.2137505828e-01  -1.4520722275e+00  -1.8575528725e+00
   3.3600221992e-02   3.2710903086e-02  -1.3810609494e-01  -1.4821079000e+00  -1.7029788978e+00
   3.5300111210e-02   3.4489540898e-02  -1.4481326784e-01  -1.4811721822e+00  -1.5480944931e+00
   3.6869555690e-02   3.6110681521e-02  -1.4455600926e-01  -1.4568655977e+00  -1.3942141303e+00
   3.8351830203e-02   3.7628429858e-02  -1.3909634313e-01  -1.4132035011e+00  -1.2401129901e+00
   3.9774323875e-02   3.9075230547e-02  -1.2950235869e-01  -1.3526214339e+00  -1.0861418140e+00
   4.1156420734e-02   4.0473417203e-02  -1.1640054457e-01  -1.2760458687e+00  -9.3136173425e-01
   4.2513044807e-02   4.1839424264e-02  -1.0047420272e-01  -1.1853559774e+00  -7.7768406965e-01
   4.3856500443e-02   4.3186665349e-02  -8.1968914088e-02  -1.0803028450e+00  -6.2370488305e-01
   4.5197538296e-02   4.4526335537e-02  -6.1059198827e-02  -9.6047775188e-01  -4.6891457584e-01
   4.6546249027e-02   4.5868741055e-02  -3.8268056075e-02  -8.2763576701e-01  -3.1562012332e-01
   4.7912792377e-02   4.7223756999e-02  -1.3268614141e-02  -6.7866826661e-01  -1.6072335644e-01
   4.9307828469e-02   4.8601827754e-02   1.3334000301e-02  -5.1602752068e-01  -7.4394482457e-03
   5.0743392454e-02   5.0013829184e-02   4.2017257519e-02  -3.3561977853e-01   1.4723456182e-01
   5.2207825414e-02   5.1472955725e-02   7.1927414054e-02  -1.4170656486e-01   2.9881566281e-01
   5.3650667067e-02   5.2942695103e-02   1.0176597391e-01   5.7753258156e-02   4.4155327793e-01
   5.5047776467e-02   5.4358639031e-02   1.3061824567e-01   2.5642468771e-01   5.7235827211e-01
   5.6414013560e-02   5.5736913904e-02   1.5896143041e-01   4.5720988109e-01   6.9446719484e-01
   5.7762323677e-02   5.7091113216e-02   1.8627542437e-01   6.5598028376e-01   8.0648554017e-01
   5.9104466362e-02   5.8433534137e-02   2.1297563338e-01   8.5526249079e-01   9.1083550177e-01
   6.0451808752e-02   5.9775398588e-02   2.3918817943e-01   1.0556836382e+00   1.0084276136e+00
   6.1816225066e-02   6.1128218917e-02   2.6452756176e-01   1.2539034773e+00   1.0982666512e+00
   6.3211375120e-02   6.2504231215e-02   2.8965877719e-01   1.4548518621e+00   1.1830182136e+00
   6.4653930942e-02   6.3918519026e-02   3.1402008288e-01   1.6538684773e+00   1.2610348485e+00
   6.6165814248e-02   6.5389342859e-02   3.3790672319e-01   1.8532338189e+00   1.3335928066e+00
   6.7779318088e-02   6.6942285637e-02   3.6132886817e-01   2.0532808882e+00   1.4009550401e+00
   6.9546485745e-02   6.8616350540e-02   3.8404916044e-01   2.2527238921e+00   1.4627861668e+00
   7.1567532276e-02   7.0476620951e-02   4.0605109240e-01   2.4535827424e+00   1.5195981091e+00
   7.4104885422e-02   7.2658443602e-02   4.2651307127e-01   2.6555289581e+00   1.5706925649e+00
   7.7526520153e-02   7.5551327241e-02   4.3986028270e-01   2.8304442855e+00   1.6082989333e+00
   8.1476905976e-02   7.9501713064e-02   4.3254878679e-01   2.8855875001e+00   1.6139199501e+00
   8.5477905063e-02   8.3452098887e-02   3.9665314325e-01   2.7726779865e+00   1.5830930846e+00
   8.8741837857e-02   8.7503711239e-02   3.4586511305e-01   2.5648664474e+00   1.5347513494e+00
   9.0981550477e-02   8.9979964474e-02   2.9925211002e-01   2.3639148487e+00   1.4896511771e+00
   9.2861396960e-02   9.1983136480e-02   2.5338072560e-01   2.1638395368e+00   1.4448067299e+00
   9.4541878575e-02   9.3739657440e-02   2.0756930764e-01   1.9635155683e+00   1.3993898929e+00
   9.6096131064e-02   9.5344099709e-02   1.6199806971e-01   1.7643092954e+00   1.3533667960e+00
   9.7565832357e-02   9.6848162418e-02   1.1638410893e-01   1.5650877521e+00   1.3062242839e+00
   9.8977729923e-02   9.8283502295e-02   7.0525303662e-02   1.3648337289e+00   1.2574823651e+00
   1.0035123539e-01   9.9671957551e-02   2.5044760136e-02   1.1659729407e+00   1.2075199467e+00
   1.0170158899e-01   1.0103051323e-01  -2.0625407126e-02   9.6558613347e-01   1.1553818172e+00
   1.0304161504e-01   1.0237266476e-01  -6.5605031964e-02   7.6696643830e-01   1.1016931094e+00
   1.0438312125e-01   1.0371056532e-01  -1.1045425816e-01   5.6690069651e-01   1.0453258475e+00
   1.0573772454e-01   1.0505567718e-01  -1.5451065186e-01   3.6736766512e-01   9.8651026389e-01
   1.0711777092e-01   1.0641977189e-01  -1.9756583617e-01   1.6807044661e-01   9.2480355939e-01
   1.0853732118e-01   1.0781576996e-01  -2.3927704561e-01  -3.1067109351e-02   8.5973790947e-01
   1.1001381601e-01   1.0925887241e-01  -2.7937285427e-01  -2.3119890827e-01   7.9030156220e-01
   1.1157029742e-01   1.1076875960e-01  -3.1688892688e-01  -4.3113492921e-01   7.1605521532e-01
   1.1323910999e-01   1.1237183524e-01  -3.5069806948e-01  -6.3034249255e-01   6.3607348762e-01
   1.1507083258e-01   1.1410638474e-01  -3.7932847294e-01  -8.2993226809e-01   5.4813442649e-01
   1.1715595752e-01   1.1603528043e-01  -3.9976040030e-01  -1.0301870213e+00   4.4890407897e-01
   1.1969438156e-01   1.1827663460e-01  -4.0533698598e-01  -1.2313097045e+00   3.3149877827e-01
   1.2294359536e-01   1.2111212852e-01  -3.8016177340e-01  -1.4174890019e+00   1.9026898871e-01
   1.2658882411e-01   1.2477506220e-01  -3.1038427111e-01  -1.5351717214e+00   4.7314624765e-02
   1.2978377682e-01   1.2840258601e-01  -2.1673532690e-01  -1.5636401461e+00  -6.1333194300e-02
   1.3235774354e-01   1.3116496762e-01  -1.2275571197e-01  -1.5401156222e+00  -1.3628324200e-01
   1.3465455028e-01   1.3355051945e-01  -2.9040690491e-02  -1.4894693324e+00  -1.9368647758e-01
   1.3682756115e-01   1.3575858111e-01   6.4854913000e-02  -1.4199597922e+00  -2.4027332449e-01
   1.3897182370e-01   1.3789654119e-01   1.5833819802e-01  -1.3353757668e+00  -2.7920635162e-01
   1.4117369974e-01   1.4004710620e-01   2.5212276971e-01  -1.2355519928e+00  -3.1305241770e-01
   1.4354874708e-01   1.4230029328e-01   3.4599991087e-01  -1.1181135843e+00  -3.4359198947e-01
   1.4633888714e-01   1.4479720088e-01   4.4053154589e-01  -9.7330394551e-01  -3.7341261086e-01
   1.4981236160e-01   1.4788057341e-01   5.2486151172e-01  -7.9270004189e-01  -4.0453103086e-01
   1.5385946366e-01   1.5174414979e-01   5.6561314281e-01  -5.9346263774e-01  -4.3672195991e-01
   1.5819320894e-01   1.5597477754e-01   5.3128049220e-01  -4.0550710509e-01  -4.6937440932e-01
   1.6184740152e-01   1.6041164034e-01   4.4178310821e-01  -2.7182941270e-01  -4.9545279389e-01
   1.6440447902e-01   1.6328316269e-01   3.4718964260e-01  -1.9369459926e-01  -5.1163595936e-01
   1.6650136438e-01   1.6552579535e-01   2.5327371485e-01  -1.3919013958e-01  -5.2253124030e-01
   1.6837033901e-01   1.6747693341e-01   1.5957063846e-01  -9.7771380431e-02  -5.2964882124e-01
   1.7010830122e-01   1.6926374462e-01   6.5787690704e-02  -6.5158296104e-02  -5.3345487376e-01
   1.7177006805e-01   1.7095285781e-01  -2.7807210181e-02  -3.9311387952e-02  -5.3402732565e-01
   1.7339327517e-01   1.7258727828e-01  -1.2125368074e-01  -1.8985612523e-02  -5.3127645326e-01
   1.7500830949e-01   1.7419927206e-01  -2.1496566553e-01  -3.4530207376e-03  -5.2489979290e-01
   1.7664414492e-01   1.7581734693e-01  -3.0843263801e-01   7.4884111831e-03  -5.1447545149e-01
   1.7833348868e-01   1.7747094292e-01  -4.0222715777e-01   1.3849668898e-02  -4.9921777438e-01
   1.8011963246e-01   1.7919603443e-01  -4.9581447886e-01   1.5147100692e-02  -4.7808782029e-01
   1.8207106981e-01   1.8104323049e-01  -5.8969043819e-01   1.0304111105e-02  -4.4906680496e-01
   1.8432341455e-01   1.8309890913e-01  -6.8367903445e-01  -3.2113076768e-03  -4.0839927692e-01
   1.8730324195e-01   1.8554791997e-01  -7.7941309357e-01  -3.3791523735e-02  -3.4413176160e-01
   1.9198932527e-01   1.8905856393e-01  -8.5125193385e-01  -1.0805384895e-01  -2.2833482719e-01
   1.9726099767e-01   1.9492008661e-01  -8.1857765157e-01  -2.1841158872e-01  -9.8610854275e-02
   2.0095746375e-01   1.9960190873e-01  -7.2237452173e-01  -3.0557197993e-01  -2.3815450798e-02
   2.0338988416e-01   2.0231301878e-01  -6.2799740985e-01  -3.6311366587e-01   1.0850836811e-02
   2.0540576969e-01   2.0446674954e-01  -5.3398780497e-01  -4.0872748308e-01   2.8446323525e-02
   2.0720180342e-01   2.0634478985e-01  -4.4044494916e-01  -4.4625565595e-01   3.4449670461e-02
   2.0886272091e-01   2.0805881699e-01  -3.4671220009e-01  -4.7755196389e-01   3.1316706128e-02
   2.1043552366e-01   2.0966662483e-01  -2.5325402742e-01  -5.0320818387e-01   2.0347521030e-02
   2.1195075282e-01   2.1120442249e-01  -1.5956183758e-01  -5.2370924079e-01   2.2475689421e-03
   2.1343051381e-01   2.1269708315e-01  -6.5936994921e-02  -5.3905884328e-01  -2.2497332721e-02
   2.1489263354e-01   2.1416394446e-01   2.7579062746e-02  -5.4917123166e-01  -5.3598998694e-02
   2.1635282734e-01   2.1562132261e-01   1.2107139848e-01  -5.5380536601e-01  -9.0967449535e-02
   2.1782637853e-01   2.1708433207e-01   2.1463740347e-01  -5.5251598377e-01  -1.3468177096e-01
   2.1932969182e-01   2.1856842500e-01   3.0827986198e-01  -5.4461920205e-01  -1.8493297489e-01
   2.2088202986e-01   2.2009095864e-01   4.0179617330e-01  -5.2917816123e-01  -2.4193372232e-01
   2.2250829290e-01   2.2167310109e-01   4.9543763833e-01  -5.0473659134e-01  -3.0638577658e-01
   2.2424396686e-01   2.2334348470e-01   5.8906156496e-01  -4.6916108271e-01  -3.7908525186e-01
   2.2614578731e-01   2.2514444901e-01   6.8276724890e-01  -4.1884648563e-01  -4.6160492359e-01
   2.2832036589e-01   2.2714712560e-01   7.7657097931e-01  -3.4711908043e-01  -5.5675004299e-01
   2.3104116554e-01   2.2949360617e-01   8.7143275510e-01  -2.3653357284e-01  -6.7242885790e-01
   2.3446740230e-01   2.3258872491e-01   9.5129235302e-01  -6.9522772403e-02  -8.0253205933e-01
   2.3803867974e-01   2.3634607970e-01   9.8621970044e-01   1.2981971102e-01  -9.0942086859e-01
   2.4135828121e-01   2.3973127978e-01   9.7265435849e-01   3.2943381504e-01  -9.7253077207e-01
   2.4464229029e-01   2.4298528263e-01   9.1778813276e-01   5.2898882849e-01  -9.9459193674e-01
   2.4774388155e-01   2.4629929796e-01   8.3273164205e-01   7.0864449218e-01  -9.7704953171e-01
   2.5038396827e-01   2.4918846514e-01   7.3854656998e-01   8.4704959524e-01  -9.3278520075e-01
   2.5265231116e-01   2.5157947139e-01   6.4486362290e-01   9.4994638020e-01  -8.7442891025e-01
   2.5473031395e-01   2.5372515093e-01   5.5115249584e-01   1.0281495573e+00  -8.0603421004e-01
   2.5670511721e-01   2.5573547696e-01   4.5740275678e-01   1.0858119178e+00  -7.2951153134e-01
   2.5863194685e-01   2.5767475745e-01   3.6392763495e-01   1.1246062166e+00  -6.4611103225e-01
   2.6055367048e-01   2.5958913624e-01   2.7049563718e-01   1.1451313102e+00  -5.5608326664e-01
   2.6251072899e-01   2.6151820472e-01   1.7682837071e-01   1.1466368210e+00  -4.5913583031e-01
   2.6454940182e-01   2.6350325326e-01   8.3036920798e-02   1.1270270927e+00  -3.5493284155e-01
   2.6673238471e-01   2.6559555038e-01  -1.0471773821e-02   1.0828100766e+00  -2.4302287461e-01
   2.6916222718e-01   2.6786921904e-01  -1.0418738999e-01   1.0070441702e+00  -1.2099105832e-01
   2.7205175754e-01   2.7045523533e-01  -1.9832828895e-01   8.8497321874e-01   1.5532200363e-02
   2.7542659499e-01   2.7364827974e-01  -2.8165727715e-01   7.0998877180e-01   1.5594953879e-01
   2.7889122059e-01   2.7720491024e-01  -3.3678245156e-01   5.0991647459e-01   2.7251452594e-01
   2.8234944938e-01   2.8057753094e-01  -3.6222504959e-01   3.0963047325e-01   3.5517741427e-01
   2.8629386712e-01   2.8412136782e-01  -3.6165366577e-01   1.0784955445e-01   4.0561760064e-01
   2.9276767405e-01   2.8846636642e-01  -3.2277649762e-01  -8.6313079912e-02   3.9184549092e-01
   3.0061497953e-01   2.9706898168e-01  -2.8511320218e-01  -5.6466673098e-02   2.7948383140e-01
   3.0637126398e-01   3.0416097737e-01  -3.0538413346e-01   1.4326832224e-01   1.8029925154e-01
   3.1056872481e-01   3.0858155059e-01  -3.5756446088e-01   3.4479596696e-01   1.3253854346e-01
   3.1463802338e-01   3.1255589902e-01  -4.3393057584e-01   5.4237408927e-01   1.2524062815e-01
   3.1872411652e-01   3.1672014775e-01  -5.2562069894e-01   7.0816581756e-01   1.6695620020e-01
   3.2287356189e-01   3.2072808529e-01  -6.1908941412e-01   8.1331320559e-01   2.6497713482e-01
   3.2687829824e-01   3.2501903849e-01  -6.9338261325e-01   8.3954323497e-01   4.0815229088e-01
   3.3033830393e-01   3.2873755799e-01  -7.3253414241e-01   7.9821867156e-01   5.6305131854e-01
   3.3344961879e-01   3.3193904987e-01  -7.3993553546e-01   7.1415025374e-01   7.1738386442e-01
   3.3648870306e-01   3.3496018770e-01  -7.1720951910e-01   5.9689271678e-01   8.7178942973e-01
   3.3967017916e-01   3.3801721842e-01  -6.5927088646e-01   4.4774115798e-01   1.0253798893e+00
   3.4270881407e-01   3.4132313990e-01  -5.7251834974e-01   2.9208121294e-01   1.1532072852e+00
   3.4523117408e-01   3.4409448823e-01  -4.7838373038e-01   1.6064266847e-01   1.2374590643e+00
   3.4737466320e-01   3.4636785992e-01  -3.8460218259e-01   5.2134654197e-02   1.2887546311e+00
   3.4931156545e-01   3.4838146648e-01  -2.9111595599e-01  -4.0518520650e-02   1.3164514411e+00
   3.5112509625e-01   3.5024166442e-01  -1.9731276381e-01  -1.2143912865e-01   1.3247737578e+00
   3.5286583623e-01   3.5200852807e-01  -1.0365707805e-01  -1.9236908426e-01   1.3155568034e+00
   3.5457029672e-01   3.5372314438e-01  -1.0008845710e-02  -2.5495763721e-01   1.2895749051e+00
   3.5626879955e-01   3.5541744907e-01   8.3473106511e-02  -3.1026973127e-01   1.2467785710e+00
   3.5799061964e-01   3.5712015003e-01   1.7702906754e-01  -3.5940871339e-01   1.1860927572e+00
   3.5976860714e-01   3.5886108925e-01   2.7060178931e-01  -4.0321878947e-01   1.1055044773e+00
   3.6164560677e-01   3.6067612502e-01   3.6430725942e-01  -4.4271370855e-01   1.0013203638e+00
   3.6366197227e-01   3.6261508852e-01   4.5687705257e-01  -4.7871477731e-01   8.6937948085e-01
   3.6568115675e-01   3.6470885602e-01   5.3986247579e-01  -5.1014239184e-01   7.1813075633e-01
   3.6754825006e-01   3.6665345748e-01   6.0605205207e-01  -5.3667338353e-01   5.6406477869e-01
   3.6928695524e-01   3.6844304263e-01   6.5804438036e-01  -5.6092479193e-01   4.0964069721e-01
   3.7094160435e-01   3.7013086785e-01   6.9807012935e-01  -5.8474153368e-01   2.5603894066e-01
   3.7254251576e-01   3.7175234086e-01   7.2827690308e-01  -6.0992503207e-01   1.0104288331e-01
   3.7411286219e-01   3.7333269067e-01   7.4923204788e-01  -6.3720667505e-01  -5.2729421405e-02
   3.7567245930e-01   3.7489303370e-01   7.6198142068e-01  -6.6781041626e-01  -2.0663797975e-01
   3.7723981263e-01   3.7645188489e-01   7.6696338899e-01  -7.0277416148e-01  -3.6083982944e-01
   3.7883443336e-01   3.7802774038e-01   7.6437202927e-01  -7.4320255052e-01  -5.1536838429e-01
   3.8047891362e-01   3.7964112633e-01   7.5429169268e-01  -7.9002551727e-01  -6.6917391807e-01
   3.8220252201e-01   3.8131670090e-01   7.3643621806e-01  -8.4516585646e-01  -8.2351519227e-01
   3.8404748900e-01   3.8308834311e-01   7.1030199189e-01  -9.1046965645e-01  -9.7747868925e-01
   3.8608416343e-01   3.8500663490e-01   6.7434055289e-01  -9.8998512901e-01  -1.1324044225e+00
   3.8845280006e-01   3.8716169196e-01   6.2605829130e-01  -1.0893727364e+00  -1.2869584137e+00
   3.9152402103e-01   3.8974390817e-01   5.5722562557e-01  -1.2254489721e+00  -1.4422096389e+00
   3.9540749083e-01   3.9330413390e-01   4.6928905610e-01  -1.3948661282e+00  -1.5583972428e+00
   3.9998842425e-01   3.9751084777e-01   3.7545068212e-01  -1.5646676104e+00  -1.5752314339e+00
   4.0461283637e-01   4.0246600073e-01   2.9895865824e-01  -1.6711339106e+00  -1.4699989955e+00
   4.0824270461e-01   4.0675967201e-01   2.5230093042e-01  -1.6886632970e+00  -1.3121469448e+00
   4.1098573482e-01   4.0972573721e-01   2.2313648478e-01  -1.6539720231e+00  -1.1572714440e+00
   4.1339891324e-01   4.1224573243e-01   1.9955432363e-01  -1.5871395235e+00  -1.0026576476e+00
   4.1565410983e-01   4.1455209406e-01   1.7749646022e-01  -1.4939837917e+00  -8.4867877392e-01
   4.1784309690e-01   4.1675612559e-01   1.5418936293e-01  -1.3752522171e+00  -6.9416470918e-01
   4.2003306119e-01   4.1893006820e-01   1.2749539534e-01  -1.2308699909e+00  -5.4011744832e-01
   4.2228473499e-01   4.2113605417e-01   9.4827246491e-02  -1.0578875071e+00  -3.8630576422e-01
   4.2453237295e-01   4.2343341581e-01   5.5492324037e-02  -8.6366722636e-01  -2.4149539315e-01
   4.2665741155e-01   4.2563133009e-01   1.1127901902e-02  -6.6420933848e-01  -1.1655718170e-01
   4.2866541872e-01   4.2768349302e-01  -3.8007477518e-02  -4.6452308548e-01  -1.1629857549e-02
   4.3060534923e-01   4.2964734442e-01  -9.2291225000e-02  -2.6519748865e-01   7.5309051061e-02
   4.3251356087e-01   4.3156335404e-01  -1.5234773647e-01  -6.5748551655e-02   1.4574465107e-01
   4.3442094964e-01   4.3346376770e-01  -2.1883144908e-01   1.3404415603e-01   2.0015476341e-01
   4.3635753672e-01   4.3537813158e-01  -2.9208347087e-01   3.3326154274e-01   2.3818643350e-01
   4.3835654627e-01   4.3733694186e-01  -3.7326074123e-01   5.3281966981e-01   2.5926440636e-01
   4.4043662500e-01   4.3937615068e-01  -4.6214922289e-01   7.2990073771e-01   2.6185992343e-01
   4.4253985249e-01   4.4149709932e-01  -5.5564772286e-01   9.1663538480e-01   2.4532503102e-01
   4.4462320710e-01   4.4358260566e-01  -6.4907416799e-01   1.0847524890e+00   2.1144159644e-01
   4.4672758775e-01   4.4566380855e-01  -7.4260220233e-01   1.2365526022e+00   1.6147713443e-01
   4.4891196447e-01   4.4779136694e-01  -8.3628613432e-01   1.3734212175e+00   9.5499730712e-02
   4.5126594965e-01   4.5003256200e-01  -9.3001799060e-01   1.4960083594e+00   1.2178258062e-02
   4.5397375997e-01   4.5249933730e-01  -1.0243106101e+00   1.6051336897e+00  -9.3715695184e-02
   4.5735951527e-01   4.5544818263e-01  -1.1138104271e+00   1.6950946547e+00  -2.2946062776e-01
   4.6162797951e-01   4.5927084791e-01  -1.1699097618e+00   1.7442126706e+00  -3.8452560930e-01
   4.6651114958e-01   4.6398511111e-01  -1.1420451657e+00   1.7308838322e+00  -5.0755057653e-01
   4.7039569429e-01   4.6903718805e-01  -1.0468074179e+00   1.6832818791e+00  -5.4653001456e-01
   4.7279185709e-01   4.7175420054e-01  -9.5206852668e-01   1.6412444811e+00  -5.3610717460e-01
   4.7471013751e-01   4.7382951364e-01  -8.5827561041e-01   1.6028173569e+00  -5.0815816551e-01
   4.7637515518e-01   4.7559076137e-01  -7.6456032078e-01   1.5665678634e+00  -4.6970510409e-01
   4.7787857922e-01   4.7715954898e-01  -6.7089608915e-01   1.5318304065e+00  -4.2384663014e-01
   4.7926958189e-01   4.7859760947e-01  -5.7738957774e-01   1.4981606526e+00  -3.7239972750e-01
   4.8057834895e-01   4.7994155431e-01  -4.8380788380e-01   1.4650927672e+00  -3.1633988180e-01
   4.8182509209e-01   4.8121514360e-01  -3.8997985395e-01   1.4322436592e+00  -2.5629730114e-01
   4.8302447802e-01   4.8243504059e-01  -2.9643307198e-01   1.3995068726e+00  -1.9316317600e-01
   4.8418778828e-01   4.8361391545e-01  -2.0343689991e-01   1.3667113496e+00  -1.2758987094e-01
   4.8532376560e-01   4.8476166111e-01  -1.0895120810e-01   1.3328688368e+00  -5.8412752535e-02
   4.8643981443e-01   4.8588587009e-01  -1.6395138012e-02   1.2989536333e+00   1.1582891070e-02
   4.8754242565e-01   4.8699375878e-01   7.8200877358e-02   1.2632393728e+00   8.5183019614e-02
   4.8863737676e-01   4.8809109251e-01   1.7116604897e-01   1.2268255891e+00   1.5936764595e-01
   4.8973025032e-01   4.8918366101e-01   2.6457192513e-01   1.1886323900e+00   2.3559161636e-01
   4.9082651997e-01   4.9027683962e-01   3.5874710976e-01   1.1481498747e+00   3.1402786995e-01
   4.9193180318e-01   4.9137620032e-01   4.5145587023e-01   1.1059914913e+00   3.9267686838e-01
   4.9305229898e-01   4.9248740604e-01   5.4595841394e-01   1.0602113727e+00   4.7420641699e-01
   4.9419488176e-01   4.9361719191e-01   6.3869787643e-01   1.0120139684e+00   5.5545285059e-01
   4.9536771504e-01   4.9477257160e-01   7.3272761772e-01   9.5920060813e-01   6.3898840532e-01
   4.9658103552e-01   4.9596285849e-01   8.2628238510e-01   9.0187618601e-01   7.2317937749e-01
   4.9784778996e-01   4.9719921256e-01   9.1954925728e-01   8.3894809813e-01   8.0809064106e-01
   4.9924818369e-01   4.9849636737e-01   1.0175505859e+00   7.6493607365e-01   8.9827611911e-01