# time = 2
# Grid points = 474
# Pressure (Pa) = 101325
#             1_pos             2_posf             3_uvel             4_vvel             5_wvel
  -4.9917840810e-01  -5.0000000000e-01   1.1090500710e+00   7.8700195605e-01   1.0962955805e+00
  -4.9750814511e-01  -4.9835681619e-01   1.2054863856e+00   6.7207874466e-01   1.1969444356e+00
  -4.9566236670e-01  -4.9665947403e-01   1.2985443265e+00   5.3705745643e-01   1.2945575219e+00
  -4.9337913820e-01  -4.9466525936e-01   1.3916326187e+00   3.6004255834e-01   1.3921824368e+00
  -4.9070684198e-01  -4.9209301703e-01   1.4681303674e+00   1.4186196346e-01   1.4713004791e+00
  -4.8796632188e-01  -4.8932066692e-01   1.5083551359e+00  -9.0030032067e-02   1.5101626551e+00
  -4.8525041762e-01  -4.8661197685e-01   1.5089803469e+00  -3.2187074276e-01   1.5048390069e+00
  -4.8247325112e-01  -4.8388885839e-01   1.4700682009e+00  -5.5381454400e-01   1.4552705089e+00
  -4.7971240761e-01  -4.8105764385e-01   1.3942437671e+00  -7.7164196240e-01   1.3651359878e+00
  -4.7731406729e-01  -4.7836717138e-01   1.3013719151e+00  -9.4396104964e-01   1.2579714929e+00
  -4.7535629892e-01  -4.7626096320e-01   1.2080963060e+00  -1.0696195299e+00   1.1525703686e+00
  -4.7363463088e-01  -4.7445163464e-01   1.1153155761e+00  -1.1659291438e+00   1.0495688832e+00
  -4.7205820286e-01  -4.7281762713e-01   1.0226521229e+00  -1.2413244308e+00   9.4842831758e-01
  -4.7057922324e-01  -4.7129877858e-01   9.2975781283e-01  -1.3001116371e+00   8.4877575100e-01
  -4.6916801250e-01  -4.6985966791e-01   8.3742937107e-01  -1.3442886562e+00   7.5150877780e-01
  -4.6780432622e-01  -4.6847635709e-01   7.4424078576e-01  -1.3759742797e+00   6.5522802734e-01
  -4.6647318109e-01  -4.6713229535e-01   6.5192579655e-01  -1.3955425789e+00   5.6184576771e-01
  -4.6516256736e-01  -4.6581406684e-01   5.5941154976e-01  -1.4039975376e+00   4.7039603108e-01
  -4.6386252316e-01  -4.6451106789e-01   4.6635332581e-01  -1.4015442007e+00   3.8075236554e-01
  -4.6256404824e-01  -4.6321397844e-01   3.7365453100e-01  -1.3883095515e+00   2.9400924580e-01
  -4.6125861670e-01  -4.6191411803e-01   2.8113989734e-01  -1.3643612248e+00   2.1022708115e-01
  -4.5993776484e-01  -4.6060311536e-01   1.8877087089e-01  -1.3295755070e+00   1.2964993471e-01
  -4.5859242112e-01  -4.5927241432e-01   9.5619518623e-02  -1.2830981916e+00   5.1875746128e-02
  -4.5721266704e-01  -4.5791242792e-01   3.4510244675e-03  -1.2253433719e+00  -2.1203301269e-02
  -4.5578682495e-01  -4.5651290616e-01  -8.9660773109e-02  -1.1543674288e+00  -9.0570534234e-02
  -4.5430067193e-01  -4.5506074373e-01  -1.8208066587e-01  -1.0703731498e+00  -1.5431229162e-01
  -4.5273610223e-01  -4.5354060013e-01  -2.7488184778e-01  -9.7115061451e-01  -2.1233652385e-01
  -4.5106864371e-01  -4.5193160433e-01  -3.6744326425e-01  -8.5553752036e-01  -2.6310662953e-01
  -4.4926329074e-01  -4.5020568309e-01  -4.6024477541e-01  -7.2041595595e-01  -3.0532736329e-01
  -4.4726609887e-01  -4.4832089838e-01  -5.5289281422e-01  -5.6263070351e-01  -3.3656420382e-01
  -4.4498442178e-01  -4.4621129935e-01  -6.4572745968e-01  -3.7567265421e-01  -3.5342413342e-01
  -4.4235257510e-01  -4.4375754422e-01  -7.3528875120e-01  -1.5797795098e-01  -3.5030294215e-01
  -4.3946564586e-01  -4.4094760599e-01  -8.1195418268e-01   7.3572994631e-02  -3.2381733319e-01
  -4.3633688466e-01  -4.3798368573e-01  -8.7040734051e-01   3.0605993860e-01  -2.7490331345e-01
  -4.3268516130e-01  -4.3469008358e-01  -9.0769373703e-01   5.3907995124e-01  -2.0380963024e-01
  -4.2755929390e-01  -4.3068023901e-01  -9.0776597921e-01   7.7609050818e-01  -1.0757128828e-01
  -4.2166997226e-01  -4.2443834879e-01  -8.4449941392e-01   9.1782003037e-01  -4.0396433468e-02
  -4.1704632770e-01  -4.1890159573e-01  -7.5004992750e-01   9.3571935581e-01  -4.0475095435e-02
  -4.1367958978e-01  -4.1519105967e-01  -6.5708156317e-01   9.0465798686e-01  -7.4007231390e-02
  -4.1084966285e-01  -4.1216811989e-01  -5.6443224384e-01   8.5671918790e-01  -1.2134835830e-01
  -4.0833775233e-01  -4.0953120581e-01  -4.7167442426e-01   8.0124728925e-01  -1.7507035987e-01
  -4.0603685963e-01  -4.0714429884e-01  -3.7914687826e-01   7.4245547183e-01  -2.3081692941e-01
  -4.0388289794e-01  -4.0492942043e-01  -2.8649336856e-01   6.8192383735e-01  -2.8621285678e-01
  -4.0183252169e-01  -4.0283637546e-01  -1.9390321298e-01   6.2049386532e-01  -3.3940022734e-01
  -3.9985311918e-01  -4.0082866791e-01  -1.0125428340e-01   5.5819597471e-01  -3.8918850646e-01
  -3.9791788163e-01  -3.9887757044e-01  -8.7479363513e-03   4.9487917071e-01  -4.3450258235e-01
  -3.9600259296e-01  -3.9695819283e-01   8.3975283971e-02   4.2969029129e-01  -4.7468750471e-01
  -3.9408304632e-01  -3.9504699309e-01   1.7667484409e-01   3.6186800760e-01  -5.0884008884e-01
  -3.9213230721e-01  -3.9311909955e-01   2.6924377243e-01   2.9019246014e-01  -5.3612435970e-01
  -3.9011678658e-01  -3.9114551487e-01   3.6191179354e-01   2.1260875631e-01  -5.5562612313e-01
  -3.8798888510e-01  -3.8908805828e-01   4.5465358915e-01   1.2624875779e-01  -5.6594966937e-01
  -3.8567048920e-01  -3.8688971191e-01   5.4742541481e-01   2.6308938702e-02  -5.6490981905e-01
  -3.8300187036e-01  -3.8445126649e-01   6.4060834589e-01  -9.7498579009e-02  -5.4819788778e-01
  -3.7960165421e-01  -3.8155247422e-01   7.3253109314e-01  -2.6984497337e-01  -5.0504709624e-01
  -3.7567331486e-01  -3.7765083420e-01   7.9581437850e-01  -4.8855697729e-01  -4.3183266675e-01
  -3.7184186692e-01  -3.7369579552e-01   8.0707717608e-01  -7.1975454641e-01  -3.4473418638e-01
  -3.6818376169e-01  -3.6998793832e-01   7.6860077027e-01  -9.5135903179e-01  -2.5641519358e-01
  -3.6476920525e-01  -3.6637958505e-01   6.9111370610e-01  -1.1689368092e+00  -1.7729592026e-01
  -3.6190222515e-01  -3.6315882545e-01   5.9786268073e-01  -1.3465210244e+00  -1.1758703069e-01
  -3.5955743529e-01  -3.6064562486e-01   5.0495439807e-01  -1.4835168553e+00  -7.5523053642e-02
  -3.5747581335e-01  -3.5846924571e-01   4.1209337805e-01  -1.5961841446e+00  -4.4041394874e-02
  -3.5554555589e-01  -3.5648238098e-01   3.1917706876e-01  -1.6908588146e+00  -2.0119956301e-02
  -3.5370428246e-01  -3.5460873079e-01   2.2669943190e-01  -1.7701588886e+00  -2.1598756038e-03
  -3.5191009141e-01  -3.5279983412e-01   1.3401315645e-01  -1.8361437861e+00   1.1066568651e-02
  -3.5013002733e-01  -3.5102034870e-01   4.1285450889e-02  -1.8890898740e+00   2.0277689365e-02
  -3.4833352158e-01  -3.4923970596e-01  -5.1579286134e-02  -1.9286910629e+00   2.6075656429e-02
  -3.4648782394e-01  -3.4742733720e-01  -1.4408881503e-01  -1.9536770333e+00   2.8976181030e-02
  -3.4455195495e-01  -3.4554831069e-01  -2.3686805060e-01  -1.9620142368e+00   2.9544171352e-02
  -3.4246600922e-01  -3.4355559922e-01  -3.2968964894e-01  -1.9495128352e+00   2.8434238788e-02
  -3.4012589732e-01  -3.4137641922e-01  -4.2258184224e-01  -1.9083023661e+00   2.6704243162e-02
  -3.3729386531e-01  -3.3887537541e-01  -5.1599664140e-01  -1.8196251483e+00   2.6668973030e-02
  -3.3373119516e-01  -3.3571235521e-01  -5.9998193392e-01  -1.6499330180e+00   3.4649760287e-02
  -3.3013995431e-01  -3.3175003512e-01  -6.4556644941e-01  -1.4207355002e+00   5.6217348901e-02
  -3.2713093899e-01  -3.2852987349e-01  -6.5190452276e-01  -1.1883648765e+00   8.7873304050e-02
  -3.2444947423e-01  -3.2573200448e-01  -6.3431280037e-01  -9.5604853725e-01   1.2726730497e-01
  -3.2194996463e-01  -3.2316694398e-01  -6.0001460289e-01  -7.2443479088e-01   1.7276749178e-01
  -3.1954784063e-01  -3.2073298528e-01  -5.5247668647e-01  -4.9207060359e-01   2.2341723228e-01
  -3.1718162262e-01  -3.1836269597e-01  -4.9408915424e-01  -2.6070153696e-01   2.7762230798e-01
  -3.1479564044e-01  -3.1600054927e-01  -4.2523225604e-01  -2.8140371635e-02   3.3454521784e-01
  -3.1232750552e-01  -3.1359073161e-01  -3.4649245107e-01   2.0356266562e-01   3.9195935454e-01
  -3.0974859368e-01  -3.1106427944e-01  -2.5830004540e-01   4.3093370155e-01   4.4651102960e-01
  -3.0714129829e-01  -3.0843290792e-01  -1.6582662284e-01   6.3839126054e-01   4.9119971861e-01
  -3.0455287342e-01  -3.0584968867e-01  -7.3347156978e-02   8.1526636917e-01   5.2024967135e-01
  -3.0192288339e-01  -3.0325605817e-01   1.9406720649e-02   9.6007752524e-01   5.2956955978e-01
  -2.9918504232e-01  -3.0058970861e-01   1.1185253414e-01   1.0671878990e+00   5.1335448145e-01
  -2.9625455536e-01  -2.9778037603e-01   2.0448593750e-01   1.1287464207e+00   4.6315059156e-01
  -2.9299442333e-01  -2.9472873469e-01   2.9717214095e-01   1.1294283327e+00   3.6539734005e-01
  -2.8955416173e-01  -2.9126011198e-01   3.8096115380e-01   1.0548227834e+00   2.1667972506e-01
  -2.8641489689e-01  -2.8784821147e-01   4.4272796344e-01   9.2456823705e-01   4.5943746043e-02
  -2.8367227528e-01  -2.8498158232e-01   4.8373230815e-01   7.6762394034e-01  -1.2478759112e-01
  -2.8109973593e-01  -2.8236296824e-01   5.0992176353e-01   5.9223945116e-01  -2.9497050242e-01
  -2.7855854486e-01  -2.7983650363e-01   5.2325196244e-01   4.0000970849e-01  -4.6524958283e-01
  -2.7591378759e-01  -2.7728058609e-01   5.2280548965e-01   1.8922724868e-01  -6.3593585674e-01
  -2.7306953365e-01  -2.7454698909e-01   5.0492393606e-01  -3.7377285471e-02  -8.0086410706e-01
  -2.6996238336e-01  -2.7159207822e-01   4.6359112016e-01  -2.7004656012e-01  -9.4574365944e-01
  -2.6657645717e-01  -2.6833268850e-01   3.9171961633e-01  -4.8858129594e-01  -1.0468394036e+00
  -2.6342123777e-01  -2.6482022584e-01   3.0007048899e-01  -6.4638880577e-01  -1.0780368749e+00
  -2.6083514468e-01  -2.6202224969e-01   2.0702723951e-01  -7.3459952671e-01  -1.0517054065e+00
  -2.5858769354e-01  -2.5964803967e-01   1.1443668138e-01  -7.7805138503e-01  -9.8992190124e-01
  -2.5655037453e-01  -2.5752734742e-01   2.1551668571e-02  -7.9029167205e-01  -9.0287174193e-01
  -2.5465278369e-01  -2.5557340165e-01  -7.0926108603e-02  -7.7864609193e-01  -7.9721978662e-01
  -2.5284972121e-01  -2.5373216573e-01  -1.6375988752e-01  -7.4770727541e-01  -6.7590082933e-01
  -2.5110888879e-01  -2.5196727669e-01  -2.5626941355e-01  -7.0077615718e-01  -5.4231739978e-01
  -2.4940443518e-01  -2.5025050088e-01  -3.4922172518e-01  -6.3955018406e-01  -3.9709458507e-01
  -2.4771352258e-01  -2.4855836948e-01  -4.4178065769e-01  -5.6597366786e-01  -2.4273375470e-01
  -2.4601470591e-01  -2.4686867567e-01  -5.3430047198e-01  -4.8071268558e-01  -7.9506759249e-02
  -2.4431234304e-01  -2.4516073614e-01  -6.2524272865e-01  -3.8578940737e-01   8.9254567891e-02
  -2.4261819605e-01  -2.4346394993e-01  -7.1279515088e-01  -2.8366308178e-01   2.5957805802e-01
  -2.4091346566e-01  -2.4177244216e-01  -7.9645104391e-01  -1.7525213459e-01   4.3002678757e-01
  -2.3916427906e-01  -2.4005448915e-01  -8.7591878867e-01  -6.0656967348e-02   5.9996620951e-01
  -2.3732807788e-01  -2.3827406896e-01  -9.5142224537e-01   6.1964553743e-02   7.7065490370e-01
  -2.3534180132e-01  -2.3638208681e-01  -1.0214660599e+00   1.9369390850e-01   9.4076540815e-01
  -2.3309001431e-01  -2.3430151584e-01  -1.0845728160e+00   3.4005245632e-01   1.1117951960e+00
  -2.3027701721e-01  -2.3187851277e-01  -1.1349441748e+00   5.1315962228e-01   1.2840541157e+00
  -2.2645548597e-01  -2.2867552165e-01  -1.1474139325e+00   7.2511964199e-01   1.4340008179e+00
  -2.2235484195e-01  -2.2423545029e-01  -1.0884855821e+00   9.1981761192e-01   1.4858174644e+00
  -2.1926377134e-01  -2.2047423360e-01  -9.9333805531e-01   1.0431315311e+00   1.4500829024e+00
  -2.1707588367e-01  -2.1805330907e-01  -8.9999063633e-01   1.1185187253e+00   1.3881571514e+00
  -2.1524632204e-01  -2.1609845826e-01  -8.0710026070e-01   1.1747586055e+00   1.3165931157e+00
  -2.1362140285e-01  -2.1439418582e-01  -7.1430713173e-01   1.2200141817e+00   1.2401612897e+00
  -2.1213035299e-01  -2.1284861988e-01  -6.2156856680e-01   1.2579362964e+00   1.1611856771e+00
  -2.1073297734e-01  -2.1141208611e-01  -5.2893189418e-01   1.2905318895e+00   1.0810672819e+00
  -2.0940352536e-01  -2.1005386857e-01  -4.3640856241e-01   1.3190382310e+00   1.0006976059e+00
  -2.0812417356e-01  -2.0875318216e-01  -3.4344218693e-01   1.3444046943e+00   9.2022235172e-01
  -2.0688161592e-01  -2.0749516496e-01  -2.5068188276e-01   1.3669767363e+00   8.4068937512e-01
  -2.0566526556e-01  -2.0626806687e-01  -1.5785908276e-01   1.3871932987e+00   7.6226237646e-01
  -2.0446637627e-01  -2.0506246426e-01  -6.5299935813e-02   1.4052327487e+00   6.8555090387e-01
  -2.0327734466e-01  -2.0387028829e-01   2.7127671143e-02   1.4212833775e+00   6.1073765535e-01
  -2.0209126970e-01  -2.0268440103e-01   1.1952883607e-01   1.4354380439e+00   5.3802073953e-01
  -2.0090147165e-01  -2.0149813836e-01   2.1291360095e-01   1.4478112698e+00   4.6694802309e-01
  -1.9970122365e-01  -2.0030480494e-01   3.0538133414e-01   1.4580825563e+00   3.9927727326e-01
  -1.9848348986e-01  -1.9909764236e-01   3.9793924217e-01   1.4662652749e+00   3.3455044248e-01
  -1.9724048137e-01  -1.9786933735e-01   4.9058339246e-01   1.4721379463e+00   2.7314704281e-01
  -1.9596323099e-01  -1.9661162539e-01   5.8316590519e-01   1.4753811307e+00   2.1558738161e-01
  -1.9464093815e-01  -1.9531483659e-01   6.7581299441e-01   1.4755636680e+00   1.6229483036e-01
  -1.9325989426e-01  -1.9396703971e-01   7.6869762888e-01   1.4720566454e+00   1.1381281832e-01
  -1.9180212350e-01  -1.9255274881e-01   8.6131286043e-01   1.4640100083e+00   7.1196128472e-02
  -1.9024256431e-01  -1.9105149818e-01   9.5406525093e-01   1.4501320435e+00   3.5291389900e-02
  -1.8854366466e-01  -1.8943363044e-01   1.0468207185e+00   1.4284702652e+00   7.6576118174e-03
  -1.8664397079e-01  -1.8765369889e-01   1.1396166578e+00   1.3957468203e+00  -9.4215499343e-03
  -1.8442730585e-01  -1.8563424269e-01   1.2325478544e+00   1.3457291935e+00  -1.1956016936e-02
  -1.8160313917e-01  -1.8322036901e-01   1.3262893484e+00   1.2626748335e+00   9.1572567023e-03
  -1.7756259117e-01  -1.7998590933e-01   1.4117574477e+00   1.1061136051e+00   7.6590826573e-02
  -1.7303185648e-01  -1.7513927301e-01   1.4465467864e+00   8.8360893858e-01   1.8205869022e-01
  -1.6908706558e-01  -1.7092443995e-01   1.4266116916e+00   6.5205304521e-01   2.8162587677e-01
  -1.6556874658e-01  -1.6724969121e-01   1.3736190514e+00   4.2030789031e-01   3.6250224886e-01
  -1.6230329771e-01  -1.6388780195e-01   1.2983708049e+00   1.8915204494e-01   4.2182486415e-01
  -1.5930533986e-01  -1.6071879347e-01   1.2093777455e+00  -3.3914243582e-02   4.5825696944e-01
  -1.5665937975e-01  -1.5789188625e-01   1.1166731014e+00  -2.3603041324e-01   4.7346295674e-01
  -1.5431114807e-01  -1.5542687324e-01   1.0240080404e+00  -4.1784435650e-01   4.7266165526e-01
  -1.5216225868e-01  -1.5319542290e-01   9.3130205835e-01  -5.8454862330e-01   4.5986847529e-01
  -1.5015713276e-01  -1.5112909446e-01   8.3878135429e-01  -7.3847600678e-01   4.3767284611e-01
  -1.4825992434e-01  -1.4918517106e-01   7.4609624926e-01  -8.8179337204e-01   4.0772889390e-01
  -1.4644521115e-01  -1.4733467761e-01   6.5355479983e-01  -1.0149501543e+00   3.7136014888e-01
  -1.4469345284e-01  -1.4555574469e-01   5.6084680982e-01  -1.1389097314e+00   3.2932921028e-01
  -1.4298867368e-01  -1.4383116098e-01   4.6824770486e-01  -1.2535009729e+00   2.8237543503e-01
  -1.4131690759e-01  -1.4214618637e-01   3.7585475180e-01  -1.3586187673e+00   2.3098812773e-01
  -1.3966534044e-01  -1.4048762881e-01   2.8282159407e-01  -1.4548396109e+00   1.7487593573e-01
  -1.3802137227e-01  -1.3884305207e-01   1.9046806616e-01  -1.5402448586e+00   1.1488125166e-01
  -1.3637181817e-01  -1.3719969246e-01   9.7769465385e-02  -1.6149916911e+00   5.0231558717e-02
  -1.3470202479e-01  -1.3554394387e-01   5.0051725442e-03  -1.6774756169e+00  -1.9274495184e-02
  -1.3299460342e-01  -1.3386010571e-01  -8.7547878709e-02  -1.7257320365e+00  -9.4033541704e-02
  -1.3122742364e-01  -1.3212910114e-01  -1.8017926876e-01  -1.7573126600e+00  -1.7526150121e-01
  -1.2936992205e-01  -1.3032574614e-01  -2.7291851377e-01  -1.7681926159e+00  -2.6459678267e-01
  -1.2737607576e-01  -1.2841409796e-01  -3.6565138227e-01  -1.7520326124e+00  -3.6454317822e-01
  -1.2516795232e-01  -1.2633805357e-01  -4.5837833317e-01  -1.6979306390e+00  -4.7969816042e-01
  -1.2259649311e-01  -1.2399785107e-01  -5.5131975491e-01  -1.5833265781e+00  -6.1990815046e-01
  -1.1978118372e-01  -1.2119513514e-01  -6.3193258410e-01  -1.3938973017e+00  -7.7930924353e-01
  -1.1722127913e-01  -1.1836723231e-01  -6.8496005583e-01  -1.1638258652e+00  -9.2917366425e-01
  -1.1509287231e-01  -1.1607532595e-01  -7.1364946453e-01  -9.3095666380e-01  -1.0569812559e+00
  -1.1322832905e-01  -1.1411041867e-01  -7.2747579031e-01  -6.9866440843e-01  -1.1705765093e+00
  -1.1153107570e-01  -1.1234623943e-01  -7.3136809380e-01  -4.6673574216e-01  -1.2747922397e+00
  -1.0994725144e-01  -1.1071591197e-01  -7.2804908498e-01  -2.3399373893e-01  -1.3726990528e+00
  -1.0844209005e-01  -1.0917859092e-01  -7.1929497137e-01  -2.3399192430e-03  -1.4650896420e+00
  -1.0699069130e-01  -1.0770558918e-01  -7.0627853551e-01   2.2975472739e-01  -1.5536447537e+00
  -1.0557379342e-01  -1.0627579343e-01  -6.8982612388e-01   4.6260787086e-01  -1.6391619230e+00
  -1.0417484262e-01  -1.0487179340e-01  -6.7084960879e-01   6.9347869833e-01  -1.7211626855e+00
  -1.0277836491e-01  -1.0347789183e-01  -6.4954921379e-01   9.2670390567e-01  -1.8015152983e+00
  -1.0136848770e-01  -1.0207883800e-01  -6.2675499115e-01   1.1583700655e+00  -1.8790564981e+00
  -9.9927160114e-02  -1.0065813741e-01  -6.0276656558e-01   1.3902385927e+00  -1.9544817296e+00
  -9.8431492431e-02  -9.9196182820e-02  -5.7798188401e-01   1.6228238831e+00  -2.0278715712e+00
  -9.6849353975e-02  -9.7666802042e-02  -5.5307889389e-01   1.8546773263e+00  -2.0984947576e+00
  -9.5128935434e-02  -9.6031905908e-02  -5.2857469124e-01   2.0874796916e+00  -2.1662118823e+00
  -9.3169554815e-02  -9.4225964960e-02  -5.0565546677e-01   2.3209914781e+00  -2.2294153370e+00
  -9.0693116826e-02  -9.2113144671e-02  -4.8697819999e-01   2.5564183857e+00  -2.2839542604e+00
  -8.6064311804e-02  -8.9273088982e-02  -4.9318457980e-01   2.7706234544e+00  -2.2895488666e+00
  -8.1038906322e-02  -8.2855534627e-02  -5.5636813636e-01   2.6853786687e+00  -2.1566451528e+00
  -7.8108252031e-02  -7.9222278017e-02  -6.2355595222e-01   2.4510698592e+00  -1.9945119909e+00
  -7.6119770026e-02  -7.6994226045e-02  -6.7992598849e-01   2.2167186692e+00  -1.8479135602e+00
  -7.4493656872e-02  -7.5245314008e-02  -7.3106851071e-01   1.9837493700e+00  -1.7070218218e+00
  -7.3066926550e-02  -7.3741999736e-02  -7.7895614149e-01   1.7504373853e+00  -1.5680325180e+00
  -7.1768786630e-02  -7.2391853364e-02  -8.2385952072e-01   1.5189882629e+00  -1.4310421276e+00
  -7.0560251636e-02  -7.1145719897e-02  -8.6654050064e-01   1.2875638182e+00  -1.2942903765e+00
  -6.9417550346e-02  -6.9974783374e-02  -9.0762653916e-01   1.0536817310e+00  -1.1558818460e+00
  -6.8324055410e-02  -6.8860317318e-02  -9.4622760515e-01   8.2320384205e-01  -1.0189812833e+00
  -6.7267461975e-02  -6.7787793503e-02  -9.8328131254e-01   5.9112642642e-01  -8.8038497734e-01
  -6.6238617133e-02  -6.6747130448e-02  -1.0187165269e+00   3.5780989455e-01  -7.4008342882e-01
  -6.5229849759e-02  -6.5730103818e-02  -1.0520975495e+00   1.2614188321e-01  -5.9962713108e-01
  -6.4234582529e-02  -6.4729595701e-02  -1.0836758758e+00  -1.0567184805e-01  -4.5776072559e-01
  -6.3247023061e-02  -6.3739569357e-02  -1.1134157879e+00  -3.3784577892e-01  -3.1415997778e-01
  -6.2261713444e-02  -6.2754476766e-02  -1.1412315271e+00  -5.7048734240e-01  -1.6854390763e-01
  -6.1273271772e-02  -6.1768950123e-02  -1.1668662654e+00  -8.0238687593e-01  -2.1446982280e-02
  -6.0276158330e-02  -6.0777593420e-02  -1.1902542324e+00  -1.0342014409e+00   1.2779435041e-01
  -5.9264388663e-02  -5.9774723239e-02  -1.2111933521e+00  -1.2658518265e+00   2.7943356370e-01
  -5.8231038661e-02  -5.8754054088e-02  -1.2295612120e+00  -1.4992876955e+00   4.3516923115e-01
  -5.7167898835e-02  -5.7708023234e-02  -1.2447498338e+00  -1.7312785867e+00   5.9334088619e-01
  -5.6065022706e-02  -5.6627774435e-02  -1.2563594855e+00  -1.9613618256e+00   7.5415895335e-01
  -5.4910797379e-02  -5.5502270977e-02  -1.2639759846e+00  -2.1954929953e+00   9.2272985898e-01
  -5.3708034454e-02  -5.4319323781e-02  -1.2664204256e+00  -2.4221774602e+00   1.0918542881e+00
  -5.2463138266e-02  -5.3096745126e-02  -1.2629775189e+00  -2.6404868562e+00   1.2618215826e+00
  -5.1166546254e-02  -5.1829531406e-02  -1.2527366054e+00  -2.8472255569e+00   1.4314564103e+00
  -4.9801008403e-02  -5.0503561102e-02  -1.2341750985e+00  -3.0425153817e+00   1.6028876052e+00
  -4.8342526768e-02  -4.9098455703e-02  -1.2058659082e+00  -3.2190422619e+00   1.7725113837e+00
  -4.6754581213e-02  -4.7586597833e-02  -1.1647235204e+00  -3.3747837946e+00   1.9428633377e+00
  -4.4974374735e-02  -4.5922564593e-02  -1.1061205431e+00  -3.5008205799e+00   2.1132567782e+00
  -4.2998052848e-02  -4.4026184878e-02  -1.0259541004e+00  -3.5794423067e+00   2.2756657781e+00
  -4.1070655474e-02  -4.1969920818e-02  -9.3360642921e-01  -3.5938824262e+00   2.4052919151e+00
  -3.9362305491e-02  -4.0171390129e-02  -8.4094407204e-01  -3.5549956199e+00   2.4948487765e+00
  -3.7805683954e-02  -3.8553220854e-02  -7.4812577692e-01  -3.4784157371e+00   2.5556931097e+00
  -3.6354604293e-02  -3.7058147054e-02  -6.5533323911e-01  -3.3732935246e+00   2.5942592585e+00
  -3.4979688191e-02  -3.5651061533e-02  -5.6282112409e-01  -3.2458366611e+00   2.6146698810e+00
  -3.3660687901e-02  -3.4308314849e-02  -4.7025846133e-01  -3.0995663437e+00   2.6197459071e+00
  -3.2382721616e-02  -3.3013060953e-02  -3.7742620821e-01  -2.9368201095e+00   2.6112352777e+00
  -3.1134000315e-02  -3.1752382279e-02  -2.8458209897e-01  -2.7600386766e+00   2.5903376070e+00
  -2.9904597774e-02  -3.0515618351e-02  -1.9183346785e-01  -2.5710359429e+00   2.5579361910e+00
  -2.8685747466e-02  -2.9293577198e-02  -9.9185301952e-02  -2.3710909421e+00   2.5145872603e+00
  -2.7469270579e-02  -2.8077917734e-02  -6.5852548739e-03  -2.1610631478e+00   2.4605257698e+00
  -2.6247064189e-02  -2.6860623423e-02   8.6033077855e-02  -1.9415226006e+00   2.3956803118e+00
  -2.5014821667e-02  -2.5633504956e-02   1.7838408408e-01  -1.7137084215e+00   2.3199854233e+00
  -2.3783464998e-02  -2.4396138378e-02   2.6894280011e-01  -1.4820264233e+00   2.2344786690e+00
  -2.2559798503e-02  -2.3170791618e-02   3.5661806009e-01  -1.2500464610e+00   2.1401442775e+00
  -2.1333573805e-02  -2.1948805389e-02   4.4161803444e-01  -1.0179248408e+00   2.0366139654e+00
  -2.0092652379e-02  -2.0718342222e-02   5.2415621954e-01  -7.8553772540e-01   1.9230567101e+00
  -1.8823713972e-02  -1.9466962537e-02   6.0425798210e-01  -5.5304571183e-01   1.7983614741e+00
  -1.7510956879e-02  -1.8180465406e-02   6.8169970926e-01  -3.2113264768e-01   1.6612333981e+00
  -1.6134263046e-02  -1.6841448352e-02   7.5658934477e-01  -8.9197344361e-02   1.5088366433e+00
  -1.4716027676e-02  -1.5427077741e-02   8.2626344348e-01   1.3476225954e-01   1.3437323092e+00
  -1.3323109993e-02  -1.4004977611e-02   8.8734986091e-01   3.3962299245e-01   1.1724663683e+00
  -1.1982185388e-02  -1.2641242376e-02   9.3764664419e-01   5.1674021245e-01   1.0031172281e+00
  -1.0682244316e-02  -1.1323128401e-02   9.7893405836e-01   6.7084366435e-01   8.3311038258e-01
  -9.4147914636e-03  -1.0041360232e-02   1.0117073350e+00   8.0268545952e-01   6.6280922218e-01
  -8.1726570787e-03  -8.7882226952e-03   1.0364286111e+00   9.1305089191e-01   4.9251079406e-01
  -6.9495966886e-03  -7.5570914623e-03   1.0535344320e+00   1.0027763062e+00   3.2236578339e-01
  -5.7399918747e-03  -6.3421019150e-03   1.0634116247e+00   1.0726566124e+00   1.5240952410e-01
  -4.5386011756e-03  -5.1378818345e-03   1.0663805326e+00   1.1233750526e+00  -1.7408504918e-02
  -3.3403364641e-03  -3.9393205168e-03   1.0626846326e+00   1.1554527336e+00  -1.8719541296e-01
  -2.1400090595e-03  -2.7413524114e-03   1.0523729741e+00   1.1691814996e+00  -3.5822266365e-01
  -9.3212634877e-04  -1.5386657077e-03   1.0356754019e+00   1.1645068383e+00  -5.2826989982e-01
   2.8931424925e-04  -3.2558698988e-04   1.0126498878e+00   1.1416743441e+00  -6.9818990808e-01
   1.5311812089e-03   9.0421548837e-04   9.8325246900e-01   1.1004925127e+00  -8.6821493294e-01
   2.8016617177e-03   2.1581469294e-03   9.4741417759e-01   1.0405991015e+00  -1.0381691697e+00
   4.1109605850e-03   3.4451765061e-03   9.0487220561e-01   9.6117887416e-01  -1.2082891783e+00
   5.4725294366e-03   4.7767446639e-03   8.5509773380e-01   8.6069844183e-01  -1.3790351264e+00
   6.9046774823e-03   6.1683142094e-03   7.9794000692e-01   7.3822634660e-01  -1.5489661140e+00
   8.4340799804e-03   7.6410407552e-03   7.3229358938e-01   5.9061573954e-01  -1.7188346783e+00
   1.0104145255e-02   9.2271192055e-03   6.5611618037e-01   4.1201078789e-01  -1.8895594144e+00
   1.1941516552e-02   1.0981171305e-02   5.6908667009e-01   2.0009216158e-01  -2.0561829710e+00
   1.3844002375e-02   1.2901861799e-02   4.7791793475e-01  -2.9579267152e-02  -2.2024959763e+00
   1.5719327137e-02   1.4786142951e-02   3.8833516150e-01  -2.6226482293e-01  -2.3192529325e+00
   1.7600566921e-02   1.6652511322e-02   3.0151957263e-01  -4.9406703534e-01  -2.4059789498e+00
   1.9538400328e-02   1.8548622520e-02   2.1670667935e-01  -7.2638919339e-01  -2.4625732601e+00
   2.1598120379e-02   2.0528178135e-02   1.3378410909e-01  -9.5911536383e-01  -2.4848937243e+00
   2.3888292623e-02   2.2668062623e-02   5.2700361209e-02  -1.1918365505e+00  -2.4634564688e+00
   2.6618799763e-02   2.5108522624e-02  -2.6538358277e-02  -1.4230666995e+00  -2.3753429635e+00
   2.9401618874e-02   2.8129076902e-02  -8.6895833438e-02  -1.5982960181e+00  -2.2219874573e+00
   3.1692531966e-02   3.0674160846e-02  -1.2022251087e-01  -1.6888415021e+00  -2.0504773571e+00
   3.3600221992e-02   3.2710903086e-02  -1.3679606068e-01  -1.7237750755e+00  -1.8798490057e+00
   3.5300111210e-02   3.4489540898e-02  -1.4344053401e-01  -1.7226870809e+00  -1.7088780894e+00
   3.6869555690e-02   3.6110681521e-02  -1.4318641743e-01  -1.6944173799e+00  -1.5390155732e+00
   3.8351830203e-02   3.7628429858e-02  -1.3777907297e-01  -1.6436360726e+00  -1.3689094103e+00
   3.9774323875e-02   3.9075230547e-02  -1.2827648408e-01  -1.5731758395e+00  -1.1989467608e+00
   4.1156420734e-02   4.0473417203e-02  -1.1529921555e-01  -1.4841142264e+00  -1.0280912403e+00
   4.2513044807e-02   4.1839424264e-02  -9.9524096755e-02  -1.3786368190e+00  -8.5845267246e-01
   4.3856500443e-02   4.3186665349e-02  -8.1194389169e-02  -1.2564541183e+00  -6.8848130470e-01
   4.5197538296e-02   4.4526335537e-02  -6.0482960928e-02  -1.1170907614e+00  -5.1761461069e-01
   4.6546249027e-02   4.5868741055e-02  -3.7907854051e-02  -9.6258799363e-01  -3.4839916511e-01
   4.7912792377e-02   4.7223756999e-02  -1.3145294370e-02  -7.8933030928e-01  -1.7741502654e-01
   4.9307828469e-02   4.8601827754e-02   1.3205327910e-02  -6.0016983771e-01  -8.2112922510e-03
   5.0743392454e-02   5.0013829184e-02   4.1616964432e-02  -3.9034531257e-01   1.6252687973e-01
   5.2207825414e-02   5.1472955725e-02   7.1243960977e-02  -1.6481313029e-01   3.2985087953e-01
   5.3650667067e-02   5.2942695103e-02   1.0080011217e-01   6.7170095096e-02   4.8741288926e-01
   5.5047776467e-02   5.4358639031e-02   1.2937937586e-01   2.9823638927e-01   6.3180294845e-01
   5.6414013560e-02   5.5736913904e-02   1.5745443017e-01   5.3176112598e-01   7.6659375091e-01
   5.7762323677e-02   5.7091113216e-02   1.8451008499e-01   7.6294255700e-01   8.9024596554e-01
   5.9104466362e-02   5.8433534137e-02   2.1095781104e-01   9.9471925660e-01   1.0054333513e+00
   6.0451808752e-02   5.9775398588e-02   2.3692253395e-01   1.2278206193e+00   1.1131610096e+00
   6.1816225066e-02   6.1128218917e-02   2.6202239344e-01   1.4583617421e+00   1.2123303588e+00
   6.3211375120e-02   6.2504231215e-02   2.8691609746e-01   1.6920763297e+00   1.3058838377e+00
   6.4653930942e-02   6.3918519026e-02   3.1104721000e-01   1.9235441653e+00   1.3920028991e+00
   6.6165814248e-02   6.5389342859e-02   3.3470818324e-01   2.1554175972e+00   1.4720963408e+00
   6.7779318088e-02   6.6942285637e-02   3.5790909110e-01   2.3880839248e+00   1.5464544250e+00
   6.9546485745e-02   6.8616350540e-02   3.8041481981e-01   2.6200476956e+00   1.6147069401e+00
   7.1567532276e-02   7.0476620951e-02   4.0220902491e-01   2.8536581832e+00   1.6774189734e+00
   7.4104885422e-02   7.2658443602e-02   4.2247789672e-01   3.0885333424e+00   1.7338197017e+00
   7.7526520153e-02   7.5551327241e-02   4.3569932643e-01   3.2919700023e+00   1.7753315381e+00
   8.1476905976e-02   7.9501713064e-02   4.2845730434e-01   3.3561047129e+00   1.7815363031e+00
   8.5477905063e-02   8.3452098887e-02   3.9290124479e-01   3.2247842913e+00   1.7475081078e+00
   8.8741837857e-02   8.7503711239e-02   3.4259348394e-01   2.9830872751e+00   1.6941461708e+00
   9.0981550477e-02   8.9979964474e-02   2.9642122547e-01   2.7493687810e+00   1.6443624355e+00
   9.2861396960e-02   9.1983136480e-02   2.5098356483e-01   2.5166694622e+00   1.5948609796e+00
   9.4541878575e-02   9.3739657440e-02   2.0560530462e-01   2.2836809425e+00   1.5447276851e+00
   9.6096131064e-02   9.5344099709e-02   1.6046495830e-01   2.0519923700e+00   1.4939251605e+00
   9.7565832357e-02   9.6848162418e-02   1.1528229963e-01   1.8202860387e+00   1.4418869573e+00
   9.8977729923e-02   9.8283502295e-02   6.9857118947e-02   1.5873788750e+00   1.3880832341e+00
   1.0035123539e-01   9.9671957551e-02   2.4806630726e-02   1.3560921284e+00   1.3329322443e+00
   1.0170158899e-01   1.0103051323e-01  -2.0431680984e-02   1.1230305360e+00   1.2753795752e+00
   1.0304161504e-01   1.0237266476e-01  -6.4985973499e-02   8.9202420329e-01   1.2161152761e+00
   1.0438312125e-01   1.0371056532e-01  -1.0941109486e-01   6.5933603979e-01   1.1538942271e+00
   1.0573772454e-01   1.0505567718e-01  -1.5305087673e-01   4.2726745729e-01   1.0889705656e+00
   1.0711777092e-01   1.0641977189e-01  -1.9569891470e-01   1.9547314850e-01   1.0208555023e+00
   1.0853732118e-01   1.0781576996e-01  -2.3701568733e-01  -3.6135451413e-02   9.4903262211e-01
   1.1001381601e-01   1.0925887241e-01  -2.7673233932e-01  -2.6890039842e-01   8.7238509202e-01
   1.1157029742e-01   1.1076875960e-01  -3.1389366025e-01  -5.0143762396e-01   7.9042797614e-01
   1.1323910999e-01   1.1237183524e-01  -3.4738312384e-01  -7.3312758391e-01   7.0213977520e-01
   1.1507083258e-01   1.1410638474e-01  -3.7574285324e-01  -9.6526204091e-01   6.0506775616e-01
   1.1715595752e-01   1.1603528043e-01  -3.9598169362e-01  -1.1981698477e+00   4.9553168231e-01
   1.1969438156e-01   1.1827663460e-01  -4.0150578791e-01  -1.4320870069e+00   3.6593290640e-01
   1.2294359536e-01   1.2111212852e-01  -3.7656912320e-01  -1.6486239579e+00   2.1003501415e-01
   1.2658882411e-01   1.2477506220e-01  -3.0745224536e-01  -1.7854952085e+00   5.2233077449e-02
   1.2978377682e-01   1.2840258601e-01  -2.1468976391e-01  -1.8186050123e+00  -6.7699476495e-02
   1.3235774354e-01   1.3116496762e-01  -1.2159967796e-01  -1.7912440605e+00  -1.5043446059e-01
   1.3465455028e-01   1.3355051945e-01  -2.8771645346e-02  -1.7323389546e+00  -2.1380024555e-01
   1.3682756115e-01   1.3575858111e-01   6.4235290309e-02  -1.6514948134e+00  -2.6522627258e-01
   1.3897182370e-01   1.3789654119e-01   1.5683384261e-01  -1.5531181873e+00  -3.0820356904e-01
   1.4117369974e-01   1.4004710620e-01   2.4973087295e-01  -1.4370168578e+00  -3.4556559469e-01
   1.4354874708e-01   1.4230029328e-01   3.4271966145e-01  -1.3004286927e+00  -3.7927774069e-01
   1.4633888714e-01   1.4479720088e-01   4.3635687052e-01  -1.1320061989e+00  -4.1219631624e-01
   1.4981236160e-01   1.4788057341e-01   5.1988920149e-01  -9.2195294582e-01  -4.4654748976e-01
   1.5385946366e-01   1.5174414979e-01   5.6025600235e-01  -6.9022805268e-01  -4.8208236737e-01
   1.5819320894e-01   1.5597477754e-01   5.2624956078e-01  -4.7162497857e-01  -5.1812628459e-01
   1.6184740152e-01   1.6041164034e-01   4.3760053580e-01  -3.1615044646e-01  -5.4691296219e-01
   1.6440447902e-01   1.6328316269e-01   3.4390337746e-01  -2.2527554237e-01  -5.6477656820e-01
   1.6650136438e-01   1.6552579535e-01   2.5087720078e-01  -1.6188411520e-01  -5.7680304625e-01
   1.6837033901e-01   1.6747693341e-01   1.5806177783e-01  -1.1371212168e-01  -5.8465944630e-01
   1.7010830122e-01   1.6926374462e-01   6.5167180808e-02  -7.5781644403e-02  -5.8886036295e-01
   1.7177006805e-01   1.7095285781e-01  -2.7541199371e-02  -4.5720626879e-02  -5.8949182261e-01
   1.7339327517e-01   1.7258727828e-01  -1.2010259867e-01  -2.2081011751e-02  -5.8645478478e-01
   1.7500830949e-01   1.7419927206e-01  -2.1292703954e-01  -4.0161545043e-03  -5.7941537062e-01
   1.7664414492e-01   1.7581734693e-01  -3.0550883172e-01   8.7089118716e-03  -5.6790787176e-01
   1.7833348868e-01   1.7747094292e-01  -3.9841511646e-01   1.6106960308e-02  -5.5106503156e-01
   1.8011963246e-01   1.7919603443e-01  -4.9111621999e-01   1.7615476521e-02  -5.2774000502e-01
   1.8207106981e-01   1.8104323049e-01  -5.8410329918e-01   1.1982311790e-02  -4.9570433007e-01
   1.8432341455e-01   1.8309890913e-01  -6.7720205151e-01  -3.7374113967e-03  -4.5081250613e-01
   1.8730324195e-01   1.8554791997e-01  -7.7202994238e-01  -3.9304531799e-02  -3.7986953342e-01
   1.9198932527e-01   1.8905856393e-01  -8.4318939594e-01  -1.2567645477e-01  -2.5204528493e-01
   1.9726099767e-01   1.9492008661e-01  -8.1082576875e-01  -2.5402897448e-01  -1.0884800663e-01
   2.0095746375e-01   1.9960190873e-01  -7.1553454552e-01  -3.5540124261e-01  -2.6284618835e-02
   2.0338988416e-01   2.0231301878e-01  -6.2205169339e-01  -4.2232517897e-01   1.1981753690e-02
   2.0540576969e-01   2.0446674954e-01  -5.2893272056e-01  -4.7537628486e-01   3.1404312909e-02
   2.0720180342e-01   2.0634478985e-01  -4.3627597656e-01  -5.1902329989e-01   3.8030747375e-02
   2.0886272091e-01   2.0805881699e-01  -3.4343105962e-01  -5.5542227812e-01   3.4571950624e-02
   2.1043552366e-01   2.0966662483e-01  -2.5085805035e-01  -5.8526149489e-01   2.2463045573e-02
   2.1195075282e-01   2.1120442249e-01  -1.5805317789e-01  -6.0910494483e-01   2.4827534305e-03
   2.1343051381e-01   2.1269708315e-01  -6.5314955093e-02  -6.2695694350e-01  -2.4832649225e-02
   2.1489263354e-01   2.1416394446e-01   2.7315571519e-02  -6.3871774816e-01  -5.9165045796e-02
   2.1635282734e-01   2.1562132261e-01   1.1992266007e-01  -6.4410701513e-01  -1.0041511233e-01
   2.1782637853e-01   2.1708433207e-01   2.1260278194e-01  -6.4260687769e-01  -1.4867014977e-01
   2.1932969182e-01   2.1856842500e-01   3.0535869923e-01  -6.3342194003e-01  -2.0414100998e-01
   2.2088202986e-01   2.2009095864e-01   3.9798973554e-01  -6.1546258073e-01  -2.6706244170e-01
   2.2250829290e-01   2.2167310109e-01   4.9074482242e-01  -5.8703507100e-01  -3.3820909812e-01
   2.2424396686e-01   2.2334348470e-01   5.8348263341e-01  -5.4565813105e-01  -4.1845978173e-01
   2.2614578731e-01   2.2514444901e-01   6.7630154923e-01  -4.8713875966e-01  -5.0955062506e-01
   2.2832036589e-01   2.2714712560e-01   7.6921775116e-01  -4.0371502912e-01  -6.1457824774e-01
   2.3104116554e-01   2.2949360617e-01   8.6318227072e-01  -2.7509703301e-01  -7.4227229296e-01
   2.3446740230e-01   2.3258872491e-01   9.4228703418e-01  -8.0853196058e-02  -8.8588887761e-01
   2.3803867974e-01   2.3634607970e-01   9.7688510920e-01   1.5099401264e-01  -1.0038798154e+00
   2.4135828121e-01   2.3973127978e-01   9.6344951559e-01   3.8315683033e-01  -1.0735446636e+00
   2.4464229029e-01   2.4298528263e-01   9.0910396151e-01   6.1525065895e-01  -1.0978971847e+00
   2.4774388155e-01   2.4629929796e-01   8.2485375624e-01   8.2420018142e-01  -1.0785326690e+00
   2.5038396827e-01   2.4918846514e-01   7.3156108555e-01   9.8517282247e-01  -1.0296707367e+00
   2.5265231116e-01   2.5157947139e-01   6.3876554202e-01   1.1048472096e+00  -9.6525317818e-01
   2.5473031395e-01   2.5372515093e-01   5.4594191552e-01   1.1958014822e+00  -8.8975456581e-01
   2.5670511721e-01   2.5573547696e-01   4.5307990258e-01   1.2628655804e+00  -8.0528375758e-01
   2.5863194685e-01   2.5767475745e-01   3.6048978053e-01   1.3079850187e+00  -7.1322075907e-01
   2.6055367048e-01   2.5958913624e-01   2.6794225272e-01   1.3318563013e+00  -6.1384214677e-01
   2.6251072899e-01   2.6151820472e-01   1.7516155783e-01   1.3336066938e+00  -5.0682514428e-01
   2.6454940182e-01   2.6350325326e-01   8.2257717417e-02   1.3107988263e+00  -3.9179898175e-01
   2.6673238471e-01   2.6559555038e-01  -1.0366202586e-02   1.2593712449e+00  -2.6826534390e-01
   2.6916222718e-01   2.6786921904e-01  -1.0319528709e-01   1.1712504573e+00  -1.3355853354e-01
   2.7205175754e-01   2.7045523533e-01  -1.9644592215e-01   1.0292741916e+00   1.7144900255e-02
   2.7542659499e-01   2.7364827974e-01  -2.7898731137e-01   8.2575650767e-01   1.7214689251e-01
   2.7889122059e-01   2.7720491024e-01  -3.3359198373e-01   5.9306037247e-01   3.0081909511e-01
   2.8234944938e-01   2.8057753094e-01  -3.5879501055e-01   3.6011588386e-01   3.9206793081e-01
   2.8629386712e-01   2.8412136782e-01  -3.5823025772e-01   1.2543289647e-01   4.4774724217e-01
   2.9276767405e-01   2.8846636642e-01  -3.1972211955e-01  -1.0038929509e-01   4.3254487733e-01
   3.0061497953e-01   2.9706898168e-01  -2.8241477699e-01  -6.5675824326e-02   3.0851295247e-01
   3.0637126398e-01   3.0416097737e-01  -3.0249226143e-01   1.6662762825e-01   1.9902670434e-01
   3.1056872481e-01   3.0858155059e-01  -3.5417720787e-01   4.0101579836e-01   1.4630543715e-01
   3.1463802338e-01   3.1255589902e-01  -4.2981912325e-01   6.3081026237e-01   1.3824961055e-01
   3.1872411652e-01   3.1672014775e-01  -5.2064033089e-01   8.2363515176e-01   1.8429800613e-01
   3.2287356189e-01   3.2072808529e-01  -6.1322387222e-01   9.4592705301e-01   2.9249982070e-01
   3.2687829824e-01   3.2501903849e-01  -6.8681411286e-01   9.7643350357e-01   4.5054566383e-01
   3.3033830393e-01   3.2873755799e-01  -7.2559587554e-01   9.2837019087e-01   6.2153296610e-01
   3.3344961879e-01   3.3193904987e-01  -7.3292839200e-01   8.3059344704e-01   7.9189485824e-01
   3.3648870306e-01   3.3496018770e-01  -7.1041897917e-01   6.9421597428e-01   9.6233725275e-01
   3.3967017916e-01   3.3801721842e-01  -6.5303057911e-01   5.2074407100e-01   1.1318797537e+00
   3.4270881407e-01   3.4132313990e-01  -5.6710105205e-01   3.3970271607e-01   1.2729832683e+00
   3.4523117408e-01   3.4409448823e-01  -4.7385900839e-01   1.8683236357e-01   1.3659852699e+00
   3.4737466320e-01   3.4636785992e-01  -3.8096640882e-01   6.0631602057e-02   1.4226081499e+00
   3.4931156545e-01   3.4838146648e-01  -2.8836613310e-01  -4.7129022843e-02   1.4531812522e+00
   3.5112509625e-01   3.5024166442e-01  -1.9545173508e-01  -1.4124395751e-01   1.4623675814e+00
   3.5286583623e-01   3.5200852807e-01  -1.0268330596e-01  -2.2373915475e-01   1.4521929734e+00
   3.5457029672e-01   3.5372314438e-01  -9.9221310061e-03  -2.9653278828e-01   1.4235121801e+00
   3.5626879955e-01   3.5541744907e-01   8.2674462498e-02  -3.6086345005e-01   1.3762705719e+00
   3.5799061964e-01   3.5712015003e-01   1.7534448834e-01  -4.1801439356e-01   1.3092814504e+00
   3.5976860714e-01   3.5886108925e-01   2.6803124739e-01  -4.6896747596e-01   1.2203227597e+00
   3.6164560677e-01   3.6067612502e-01   3.6084964366e-01  -5.1490173919e-01   1.1053175359e+00
   3.6366197227e-01   3.6261508852e-01   4.5254328287e-01  -5.5677240922e-01   9.5967269160e-01
   3.6568115675e-01   3.6470885602e-01   5.3474344593e-01  -5.9332389810e-01   7.9271471290e-01
   3.6754825006e-01   3.6665345748e-01   6.0030686618e-01  -6.2418040412e-01   6.2264695771e-01
   3.6928695524e-01   3.6844304263e-01   6.5180750693e-01  -6.5238568811e-01   4.5218397637e-01
   3.7094160435e-01   3.7013086785e-01   6.9145489622e-01  -6.8008548672e-01   2.8262878985e-01
   3.7254251576e-01   3.7175234086e-01   7.2137630241e-01  -7.0937494578e-01   1.1153454283e-01
   3.7411286219e-01   3.7333269067e-01   7.4213368133e-01  -7.4110471378e-01  -5.8208798804e-02
   3.7567245930e-01   3.7489303370e-01   7.5476298656e-01  -7.7669831251e-01  -2.2810249657e-01
   3.7723981263e-01   3.7645188489e-01   7.5969842998e-01  -8.1736288423e-01  -3.9831989882e-01
   3.7883443336e-01   3.7802774038e-01   7.5713224498e-01  -8.6438318809e-01  -5.6889788886e-01
   3.8047891362e-01   3.7964112633e-01   7.4714797392e-01  -9.1884079252e-01  -7.3867771347e-01
   3.8220252201e-01   3.8131670090e-01   7.2946216337e-01  -9.8297201839e-01  -9.0904886577e-01
   3.8404748900e-01   3.8308834311e-01   7.0357595576e-01  -1.0589239774e+00  -1.0790029432e+00
   3.8608416343e-01   3.8500663490e-01   6.6795554266e-01  -1.1514049793e+00  -1.2500191195e+00
   3.8845280006e-01   3.8716169196e-01   6.2013089640e-01  -1.2669984836e+00  -1.4206248449e+00
   3.9152402103e-01   3.8974390817e-01   5.5195030061e-01  -1.4252630833e+00  -1.5920000480e+00
   3.9540749083e-01   3.9330413390e-01   4.6484636037e-01  -1.6223052624e+00  -1.7202542772e+00
   3.9998842425e-01   3.9751084777e-01   3.7189597766e-01  -1.8197946345e+00  -1.7388360986e+00
   4.0461283637e-01   4.0246600073e-01   2.9612731331e-01  -1.9436216502e+00  -1.6226735068e+00
   4.0824270461e-01   4.0675967201e-01   2.4991053623e-01  -1.9640098330e+00  -1.4484264788e+00
   4.1098573482e-01   4.0972573721e-01   2.2102163215e-01  -1.9236622750e+00  -1.2774653314e+00
   4.1339891324e-01   4.1224573243e-01   1.9766229807e-01  -1.8459325822e+00  -1.1067931546e+00
   4.1565410983e-01   4.1455209406e-01   1.7581295321e-01  -1.7375874367e+00  -9.3682189813e-01
   4.1784309690e-01   4.1675612559e-01   1.5272632307e-01  -1.5994961105e+00  -7.6625990282e-01
   4.2003306119e-01   4.1893006820e-01   1.2628502153e-01  -1.4315716049e+00  -5.9621322091e-01
   4.2228473499e-01   4.2113605417e-01   9.3926253593e-02  -1.2303833697e+00  -4.2642660126e-01
   4.2453237295e-01   4.2343341581e-01   5.4963998160e-02  -1.0044943611e+00  -2.6657618348e-01
   4.2665741155e-01   4.2563133009e-01   1.1020005809e-02  -7.7251370087e-01  -1.2866185402e-01
   4.2866541872e-01   4.2768349302e-01  -3.7649652475e-02  -5.4026742634e-01  -1.2836741633e-02
   4.3060534923e-01   4.2964734442e-01  -9.1418826730e-02  -3.0844060865e-01   8.3131684757e-02
   4.3251356087e-01   4.3156335404e-01  -1.5090600514e-01  -7.6470337471e-02   1.6088277951e-01
   4.3442094964e-01   4.3346376770e-01  -2.1675942848e-01   1.5589975679e-01   2.2094399366e-01
   4.3635753672e-01   4.3537813158e-01  -2.8931697677e-01   3.8760071627e-01   2.6292571775e-01
   4.3835654627e-01   4.3733694186e-01  -3.6972462513e-01   6.1969796904e-01   2.8619295463e-01
   4.4043662500e-01   4.3937615068e-01  -4.5777036849e-01   8.4891425454e-01   2.8905817081e-01
   4.4253985249e-01   4.4149709932e-01  -5.5038241750e-01   1.0660970647e+00   2.7080611273e-01
   4.4462320710e-01   4.4358260566e-01  -6.4292308935e-01   1.2616266239e+00   2.3340370426e-01
   4.4672758775e-01   4.4566380855e-01  -7.3556437948e-01   1.4381786043e+00   1.7825010263e-01
   4.4891196447e-01   4.4779136694e-01  -8.2836007583e-01   1.5973644144e+00   1.0542046293e-01
   4.5126594965e-01   4.5003256200e-01  -9.2120321746e-01   1.7399400729e+00   1.3445403774e-02
   4.5397375997e-01   4.5249933730e-01  -1.0146017547e+00   1.8668589010e+00  -1.0344651426e-01
   4.5735951527e-01   4.5544818263e-01  -1.1032528112e+00   1.9714885355e+00  -2.5328976170e-01
   4.6162797951e-01   4.5927084791e-01  -1.1588197960e+00   2.0286156421e+00  -4.2445976620e-01
   4.6651114958e-01   4.6398511111e-01  -1.1312185002e+00   2.0131137733e+00  -5.6026237600e-01
   4.7039569429e-01   4.6903718805e-01  -1.0368827235e+00   1.9577504539e+00  -6.0329068334e-01
   4.7279185709e-01   4.7175420054e-01  -9.4304131602e-01   1.9088589466e+00  -5.9178574053e-01
   4.7471013751e-01   4.7382951364e-01  -8.5013700096e-01   1.8641663623e+00  -5.6093434116e-01
   4.7637515518e-01   4.7559076137e-01  -7.5730962311e-01   1.8220064700e+00  -5.1848792949e-01
   4.7787857922e-01   4.7715954898e-01  -6.6453285205e-01   1.7816051509e+00  -4.6786697272e-01
   4.7926958189e-01   4.7859760947e-01  -5.7191233226e-01   1.7424456219e+00  -4.1107716745e-01
   4.8057834895e-01   4.7994155431e-01  -4.7921736371e-01   1.7039860932e+00  -3.4919531483e-01
   4.8182509209e-01   4.8121514360e-01  -3.8627841240e-01   1.6657810095e+00  -2.8291707734e-01
   4.8302447802e-01   4.8243504059e-01  -2.9361806133e-01   1.6277065555e+00  -2.1322620260e-01
   4.8418778828e-01   4.8361391545e-01  -2.0150311885e-01   1.5895637809e+00  -1.4084280883e-01
   4.8532376560e-01   4.8476166111e-01  -1.0791278736e-01   1.5502032971e+00  -6.4481311409e-02
   4.8643981443e-01   4.8588587009e-01  -1.6233807712e-02   1.5107582593e+00   1.2783734496e-02
   4.8754242565e-01   4.8699375878e-01   7.7465770117e-02   1.4692208173e+00   9.4027623809e-02
   4.8863737676e-01   4.8809109251e-01   1.6954994277e-01   1.4268697807e+00   1.7591672734e-01
   4.8973025032e-01   4.8918366101e-01   2.6207062701e-01   1.3824491793e+00   2.6005698443e-01
   4.9082651997e-01   4.9027683962e-01   3.5535331136e-01   1.3353659704e+00   3.4663929496e-01
   4.9193180318e-01   4.9137620032e-01   4.4718345037e-01   1.2863336224e+00   4.3345645690e-01
   4.9305229898e-01   4.9248740604e-01   5.4079035207e-01   1.2330889899e+00   5.2345334322e-01
   4.9419488176e-01   4.9361719191e-01   6.3265086003e-01   1.1770329064e+00   6.1313772336e-01
   4.9536771504e-01   4.9477257160e-01   7.2578939318e-01   1.1156082005e+00   7.0534897669e-01
   4.9658103552e-01   4.9596285849e-01   8.1845742595e-01   1.0489368650e+00   7.9828373022e-01
   4.9784778996e-01   4.9719921256e-01   9.1084025978e-01   9.7574813881e-01   8.9201359671e-01
   4.9924818369e-01   4.9849636737e-01   1.0079126318e+00   8.8966816490e-01   9.9156545818e-01