# time = 1.8
# Grid points = 474
# Pressure (Pa) = 101325
#             1_pos             2_posf             3_uvel             4_vvel             5_wvel
  -4.9917840810e-01  -5.0000000000e-01   1.1061902284e+00   7.4802838879e-01   1.0579909188e+00
  -4.9750814511e-01  -4.9835681619e-01   1.2023781515e+00   6.3879609330e-01   1.1551229956e+00
  -4.9566236670e-01  -4.9665947403e-01   1.2951964395e+00   5.1046098384e-01   1.2493253645e+00
  -4.9337913820e-01  -4.9466525936e-01   1.3880450631e+00   3.4221179328e-01   1.3435391289e+00
  -4.9070684198e-01  -4.9209301703e-01   1.4643459640e+00   1.3483545233e-01   1.4198926433e+00
  -4.8796632188e-01  -4.8932066692e-01   1.5044673936e+00  -8.5573264052e-02   1.4573968504e+00
  -4.8525041762e-01  -4.8661197685e-01   1.5050913272e+00  -3.0593319720e-01   1.4522591144e+00
  -4.8247325112e-01  -4.8388885839e-01   1.4662798051e+00  -5.2639107792e-01   1.4044224723e+00
  -4.7971240761e-01  -4.8105764385e-01   1.3906511110e+00  -7.3343158510e-01   1.3174372157e+00
  -4.7731406729e-01  -4.7836717138e-01   1.2980188717e+00  -8.9721732206e-01   1.2140170416e+00
  -4.7535629892e-01  -4.7626096320e-01   1.2049838507e+00  -1.0166530897e+00   1.1122986432e+00
  -4.7363463088e-01  -4.7445163464e-01   1.1124423931e+00  -1.1081933502e+00   1.0128960495e+00
  -4.7205820286e-01  -4.7281762713e-01   1.0200178820e+00  -1.1798549630e+00   9.1528936090e-01
  -4.7057922324e-01  -4.7129877858e-01   9.2736308769e-01  -1.2357309284e+00   8.1911868452e-01
  -4.6916801250e-01  -4.6985966791e-01   8.3527268477e-01  -1.2777202045e+00   7.2525025130e-01
  -4.6780432622e-01  -4.6847635709e-01   7.4232434023e-01  -1.3078366589e+00   6.3233358417e-01
  -4.6647318109e-01  -4.6713229535e-01   6.5024732583e-01  -1.3264358402e+00   5.4221413522e-01
  -4.6516256736e-01  -4.6581406684e-01   5.5797155492e-01  -1.3344720140e+00   4.5395968730e-01
  -4.6386252316e-01  -4.6451106789e-01   4.6515319717e-01  -1.3321400705e+00   3.6744820625e-01
  -4.6256404824e-01  -4.6321397844e-01   3.7269333085e-01  -1.3195607058e+00   2.8373592493e-01
  -4.6125861670e-01  -4.6191411803e-01   2.8041714027e-01  -1.2967982052e+00   2.0288114145e-01
  -4.5993776484e-01  -4.6060311536e-01   1.8828617123e-01  -1.2637349811e+00   1.2511939075e-01
  -4.5859242112e-01  -4.5927241432e-01   9.5374882214e-02  -1.2195591264e+00   5.0062660073e-02
  -4.5721266704e-01  -4.5791242792e-01   3.4439081456e-03  -1.1646642300e+00  -2.0462981422e-02
  -4.5578682495e-01  -4.5651290616e-01  -8.9427948823e-02  -1.0972029187e+00  -8.7406503473e-02
  -4.5430067193e-01  -4.5506074373e-01  -1.8160969448e-01  -1.0173679396e+00  -1.4892110973e-01
  -4.5273610223e-01  -4.5354060013e-01  -2.7417175766e-01  -9.2305880596e-01  -2.0491796802e-01
  -4.5106864371e-01  -4.5193160433e-01  -3.6649468457e-01  -8.1317077297e-01  -2.5391416768e-01
  -4.4926329074e-01  -4.5020568309e-01  -4.5905709978e-01  -6.8474032720e-01  -2.9465972164e-01
  -4.4726609887e-01  -4.4832089838e-01  -5.5146645153e-01  -5.3476849711e-01  -3.2480517424e-01
  -4.4498442178e-01  -4.4621129935e-01  -6.4406194489e-01  -3.5706850362e-01  -3.4107606529e-01
  -4.4235257510e-01  -4.4375754422e-01  -7.3339253581e-01  -1.5015393459e-01  -3.3806400176e-01
  -4.3946564586e-01  -4.4094760599e-01  -8.0986050745e-01   6.9930705835e-02  -3.1250389695e-01
  -4.3633688466e-01  -4.3798368573e-01  -8.6816314215e-01   2.9090497736e-01  -2.6529904757e-01
  -4.3268516130e-01  -4.3469008358e-01  -9.0535357307e-01   5.1238589892e-01  -1.9668950374e-01
  -4.2755929390e-01  -4.3068023901e-01  -9.0542580021e-01   7.3765970905e-01  -1.0381384213e-01
  -4.2166997226e-01  -4.2443834879e-01  -8.4232251222e-01   8.7237070519e-01  -3.8986047144e-02
  -4.1704632770e-01  -4.1890159573e-01  -7.4811668049e-01   8.8938351321e-01  -3.9061773804e-02
  -4.1367958978e-01  -4.1519105967e-01  -6.5538814062e-01   8.5986015295e-01  -7.1422057935e-02
  -4.1084966285e-01  -4.1216811989e-01  -5.6297782373e-01   8.1429512906e-01  -1.1710882322e-01
  -4.0833775233e-01  -4.0953120581e-01  -4.7045928728e-01   7.6157004234e-01  -1.6895350389e-01
  -4.0603685963e-01  -4.0714429884e-01  -3.7817042933e-01   7.0568943904e-01  -2.2275201139e-01
  -4.0388289794e-01  -4.0492942043e-01  -2.8575592932e-01   6.4815517460e-01  -2.7621212956e-01
  -4.0183252169e-01  -4.0283637546e-01  -1.9340461452e-01   5.8976705955e-01  -3.2754086360e-01
  -3.9985311918e-01  -4.0082866791e-01  -1.0099466961e-01   5.3055400686e-01  -3.7558927868e-01
  -3.9791788163e-01  -3.9887757044e-01  -8.7269294615e-03   4.7037249985e-01  -4.1931983039e-01
  -3.9600259296e-01  -3.9695819283e-01   8.3757137015e-02   4.0841162492e-01  -4.5810045364e-01
  -3.9408304632e-01  -3.9504699309e-01   1.7621761964e-01   3.4394775511e-01  -4.9105952394e-01
  -3.9213230721e-01  -3.9311909955e-01   2.6854782615e-01   2.7582143908e-01  -5.1739027793e-01
  -3.9011678658e-01  -3.9114551487e-01   3.6097689333e-01   2.0207954286e-01  -5.3621046607e-01
  -3.8798888510e-01  -3.8908805828e-01   4.5347957512e-01   1.1999595938e-01  -5.4617314935e-01
  -3.8567048920e-01  -3.8688971191e-01   5.4601225121e-01   2.5005035081e-02  -5.4516950605e-01
  -3.8300187036e-01  -3.8445126649e-01   6.3895503744e-01  -9.2671649622e-02  -5.2904141140e-01
  -3.7960165421e-01  -3.8155247422e-01   7.3064101268e-01  -2.5648354536e-01  -4.8739831731e-01
  -3.7567331486e-01  -3.7765083420e-01   7.9376152599e-01  -4.6436496303e-01  -4.1674215491e-01
  -3.7184186692e-01  -3.7369579552e-01   8.0499578069e-01  -6.8411357519e-01  -3.3268718683e-01
  -3.6818376169e-01  -3.6998793832e-01   7.6661913476e-01  -9.0424887846e-01  -2.4745444792e-01
  -3.6476920525e-01  -3.6637958505e-01   6.8933241832e-01  -1.1110520244e+00  -1.7110003579e-01
  -3.6190222515e-01  -3.6315882545e-01   5.9632230679e-01  -1.2798420800e+00  -1.1347777412e-01
  -3.5955743529e-01  -3.6064562486e-01   5.0365396010e-01  -1.4100537021e+00  -7.2883850709e-02
  -3.5747581335e-01  -3.5846924571e-01   4.1103269790e-01  -1.5171415401e+00  -4.2502463077e-02
  -3.5554555589e-01  -3.5648238098e-01   3.1835624795e-01  -1.6071277591e+00  -1.9417115495e-02
  -3.5370428246e-01  -3.5460873079e-01   2.2611730474e-01  -1.6825007373e+00  -2.0848139305e-03
  -3.5191009141e-01  -3.5279983412e-01   1.3367023234e-01  -1.7452179103e+00   1.0679261401e-02
  -3.5013002733e-01  -3.5102034870e-01   4.1181809679e-02  -1.7955419590e+00   1.9568324057e-02
  -3.4833352158e-01  -3.4923970596e-01  -5.1443317303e-02  -1.8331819511e+00   2.5163502671e-02
  -3.4648782394e-01  -3.4742733720e-01  -1.4371417965e-01  -1.8569304741e+00   2.7962489806e-02
  -3.4455195495e-01  -3.4554831069e-01  -2.3625408218e-01  -1.8648546799e+00   2.8510454220e-02
  -3.4246600922e-01  -3.4355559922e-01  -3.2883627242e-01  -1.8529722117e+00   2.7439136065e-02
  -3.4012589732e-01  -3.4137641922e-01  -4.2148891946e-01  -1.8138023528e+00   2.5769434743e-02
  -3.3729386531e-01  -3.3887537541e-01  -5.1466289185e-01  -1.7295163029e+00   2.5735262713e-02
  -3.3373119516e-01  -3.3571235521e-01  -5.9843178611e-01  -1.5682272194e+00   3.3437104423e-02
  -3.3013995431e-01  -3.3175003512e-01  -6.4389901926e-01  -1.3503795133e+00   5.4251093534e-02
  -3.2713093899e-01  -3.2852987349e-01  -6.5022103024e-01  -1.1295158876e+00   8.4801013657e-02
  -3.2444947423e-01  -3.2573200448e-01  -6.3267495653e-01  -9.0870389004e-01   1.2281863930e-01
  -3.2194996463e-01  -3.2316694398e-01  -5.9846548870e-01  -6.8855971489e-01   1.6672911762e-01
  -3.1954784063e-01  -3.2073298528e-01  -5.5105044452e-01  -4.6770227801e-01   2.1560923756e-01
  -3.1718162262e-01  -3.1836269597e-01  -4.9281376240e-01  -2.4779069776e-01   2.6792048098e-01
  -3.1479564044e-01  -3.1600054927e-01  -4.2413471618e-01  -2.6746065974e-02   3.2285461141e-01
  -3.1232750552e-01  -3.1359073161e-01  -3.4559825346e-01   1.9348291787e-01   3.7826282230e-01
  -3.0974859368e-01  -3.1106427944e-01  -2.5763357151e-01   4.0959440622e-01   4.3090860844e-01
  -3.0714129829e-01  -3.0843290792e-01  -1.6539890432e-01   6.0677852447e-01   4.7403604294e-01
  -3.0455287342e-01  -3.0584968867e-01  -7.3158193397e-02   7.7489463172e-01   5.0207118066e-01
  -3.0192288339e-01  -3.0325605817e-01   1.9356231963e-02   9.1253458761e-01   5.1106565393e-01
  -2.9918504232e-01  -3.0058970861e-01   1.1156339576e-01   1.0143406970e+00   4.9541739337e-01
  -2.9625455536e-01  -2.9778037603e-01   2.0395766920e-01   1.0728506714e+00   4.4696794847e-01
  -2.9299442333e-01  -2.9472873469e-01   2.9640460741e-01   1.0734986310e+00   3.5263059895e-01
  -2.8955416173e-01  -2.9126011198e-01   3.7997732080e-01   1.0025873628e+00   2.0910964737e-01
  -2.8641489689e-01  -2.8784821147e-01   4.4158467748e-01   8.7878286522e-01   4.4339636921e-02
  -2.8367227528e-01  -2.8498158232e-01   4.8248316479e-01   7.2961032798e-01  -1.2042594566e-01
  -2.8109973593e-01  -2.8236296824e-01   5.0860500556e-01   5.6291078121e-01  -2.8466230234e-01
  -2.7855854486e-01  -2.7983650363e-01   5.2190078461e-01   3.8020017909e-01  -4.4899149998e-01
  -2.7591378759e-01  -2.7728058609e-01   5.2145545508e-01   1.7985561302e-01  -6.1371369761e-01
  -2.7306953365e-01  -2.7454698909e-01   5.0362005214e-01  -3.5527487624e-02  -7.7287911081e-01
  -2.6996238336e-01  -2.7159207822e-01   4.6239392521e-01  -2.5667495769e-01  -9.1269642148e-01
  -2.6657645717e-01  -2.6833268850e-01   3.9070794505e-01  -4.6438776690e-01  -1.0102598833e+00
  -2.6342123777e-01  -2.6482022584e-01   2.9929539836e-01  -6.1438050748e-01  -1.0403674897e+00
  -2.6083514468e-01  -2.6202224969e-01   2.0649233058e-01  -6.9822287159e-01  -1.0149563216e+00
  -2.5858769354e-01  -2.5964803967e-01   1.1414078675e-01  -7.3952282145e-01  -9.5533187143e-01
  -2.5655037453e-01  -2.5752734742e-01   2.1495549003e-02  -7.5115678856e-01  -8.7132362893e-01
  -2.5465278369e-01  -2.5557340165e-01  -7.0743504006e-02  -7.4008771146e-01  -7.6936356852e-01
  -2.5284972121e-01  -2.5373216573e-01  -1.6333763962e-01  -7.1068079350e-01  -6.5228393930e-01
  -2.5110888879e-01  -2.5196727669e-01  -2.5560835939e-01  -6.6607350929e-01  -5.2336837893e-01
  -2.4940443518e-01  -2.5025050088e-01  -3.4832072194e-01  -6.0787924704e-01  -3.8322013477e-01
  -2.4771352258e-01  -2.4855836948e-01  -4.4064072121e-01  -5.3794603842e-01  -2.3425317196e-01
  -2.4601470591e-01  -2.4686867567e-01  -5.3292170382e-01  -4.5690697580e-01  -7.6729842973e-02
  -2.4431234304e-01  -2.4516073614e-01  -6.2362920198e-01  -3.6668409508e-01   8.6134442784e-02
  -2.4261819605e-01  -2.4346394993e-01  -7.1095561739e-01  -2.6961486710e-01   2.5050631571e-01
  -2.4091346566e-01  -2.4177244216e-01  -7.9439556364e-01  -1.6657223850e-01   4.1499906223e-01
  -2.3916427906e-01  -2.4005448915e-01  -8.7365817493e-01  -5.7651639669e-02   5.7900030835e-01
  -2.3732807788e-01  -2.3827406896e-01  -9.4896673439e-01   5.8897841414e-02   7.4372465668e-01
  -2.3534180132e-01  -2.3638208681e-01  -1.0188297492e+00   1.8410412670e-01   9.0789103318e-01
  -2.3309001431e-01  -2.3430151584e-01  -1.0817736194e+00   3.2321515569e-01   1.0729445912e+00
  -2.3027701721e-01  -2.3187851277e-01  -1.1320149803e+00   4.8775018955e-01   1.2391843689e+00
  -2.2645548597e-01  -2.2867552165e-01  -1.1444526054e+00   6.8921401202e-01   1.3838916601e+00
  -2.2235484195e-01  -2.2423545029e-01  -1.0856764500e+00   8.7427045094e-01   1.4338979154e+00
  -2.1926377134e-01  -2.2047423360e-01  -9.9077460286e-01   9.9147769097e-01   1.3994122401e+00
  -2.1707588367e-01  -2.1805330907e-01  -8.9766819831e-01   1.0631315337e+00   1.3396505313e+00
  -2.1524632204e-01  -2.1609845826e-01  -8.0501764786e-01   1.1165862359e+00   1.2705873118e+00
  -2.1362140285e-01  -2.1439418582e-01  -7.1246408607e-01   1.1596005761e+00   1.1968263888e+00
  -2.1213035299e-01  -2.1284861988e-01  -6.1996494146e-01   1.1956446076e+00   1.1206105613e+00
  -2.1073297734e-01  -2.1141208611e-01  -5.2756742054e-01   1.2266258871e+00   1.0432918801e+00
  -2.0940352536e-01  -2.1005386857e-01  -4.3528294250e-01   1.2537204154e+00   9.6573069613e-01
  -2.0812417356e-01  -2.0875318216e-01  -3.4255655909e-01   1.2778305518e+00   8.8806762261e-01
  -2.0688161592e-01  -2.0749516496e-01  -2.5003570948e-01   1.2992846478e+00   8.1131389955e-01
  -2.0566526556e-01  -2.0626806687e-01  -1.5745251966e-01   1.3184999084e+00   7.3562750799e-01
  -2.0446637627e-01  -2.0506246426e-01  -6.5132296326e-02   1.3356458685e+00   6.6159669648e-01
  -2.0327734466e-01  -2.0387028829e-01   2.7056732867e-02   1.3509014952e+00   5.8939777948e-01
  -2.0209126970e-01  -2.0268440103e-01   1.1921939502e-01   1.3643550490e+00   5.1922194346e-01
  -2.0090147165e-01  -2.0149813836e-01   2.1236312573e-01   1.3761153785e+00   4.5063285568e-01
  -1.9970122365e-01  -2.0030480494e-01   3.0459219977e-01   1.3858778601e+00   3.8532685913e-01
  -1.9848348986e-01  -1.9909764236e-01   3.9691122470e-01   1.3936552011e+00   3.2286191341e-01
  -1.9724048137e-01  -1.9786933735e-01   4.8931627916e-01   1.3992368902e+00   2.6360426943e-01
  -1.9596323099e-01  -1.9661162539e-01   5.8165986622e-01   1.4023193067e+00   2.0805605336e-01
  -1.9464093815e-01  -1.9531483659e-01   6.7406787583e-01   1.4024926417e+00   1.5662584314e-01
  -1.9325989426e-01  -1.9396703971e-01   7.6671283252e-01   1.3991591261e+00   1.0983807937e-01
  -1.9180212350e-01  -1.9255274881e-01   8.5908909906e-01   1.3915108016e+00   6.8710687079e-02
  -1.9024256431e-01  -1.9105149818e-01   9.5160219212e-01   1.3783199203e+00   3.4060712323e-02
  -1.8854366466e-01  -1.8943363044e-01   1.0441183815e+00   1.3577306849e+00   7.3926877159e-03
  -1.8664397079e-01  -1.8765369889e-01   1.1366749746e+00   1.3266275629e+00  -9.0895286457e-03
  -1.8442730585e-01  -1.8563424269e-01   1.2293665295e+00   1.2790866758e+00  -1.1535283765e-02
  -1.8160313917e-01  -1.8322036901e-01   1.3228663855e+00   1.2001450486e+00   8.8403804052e-03
  -1.7756259117e-01  -1.7998590933e-01   1.4081143846e+00   1.0513366565e+00   7.3917751165e-02
  -1.7303185648e-01  -1.7513927301e-01   1.4428145165e+00   8.3985044699e-01   1.7570028189e-01
  -1.6908706558e-01  -1.7092443995e-01   1.4229313764e+00   6.1976130717e-01   2.7178821142e-01
  -1.6556874658e-01  -1.6724969121e-01   1.3700759261e+00   3.9949231842e-01   3.4983836469e-01
  -1.6230329771e-01  -1.6388780195e-01   1.2950222353e+00   1.7978347945e-01   4.0708785805e-01
  -1.5930533986e-01  -1.6071879347e-01   1.2062591303e+00  -3.2236388910e-02   4.4224666713e-01
  -1.5665937975e-01  -1.5789188625e-01   1.1137939432e+00  -2.2434359543e-01   4.5692105124e-01
  -1.5431114807e-01  -1.5542687324e-01   1.0213681765e+00  -3.9715395197e-01   4.5614748827e-01
  -1.5216225868e-01  -1.5319542290e-01   9.2890154928e-01  -5.5560287072e-01   4.4380107811e-01
  -1.5015713276e-01  -1.5112909446e-01   8.3661968529e-01  -7.0190762374e-01   4.2238076865e-01
  -1.4825992434e-01  -1.4918517106e-01   7.4417381394e-01  -8.3812777138e-01   3.9348288537e-01
  -1.4644521115e-01  -1.4733467761e-01   6.5187120038e-01  -9.6469049264e-01   3.5838471161e-01
  -1.4469345284e-01  -1.4555574469e-01   5.5940245141e-01  -1.0825114579e+00   3.1782219856e-01
  -1.4298867368e-01  -1.4383116098e-01   4.6704228339e-01  -1.1914280112e+00   2.7250886891e-01
  -1.4131690759e-01  -1.4214618637e-01   3.7488771301e-01  -1.2913402461e+00   2.2291693002e-01
  -1.3966534044e-01  -1.4048762881e-01   2.8209456717e-01  -1.3827961095e+00   1.6876520795e-01
  -1.3802137227e-01  -1.3884305207e-01   1.8997927462e-01  -1.4639719696e+00   1.1086666353e-01
  -1.3637181817e-01  -1.3719969246e-01   9.7519774632e-02  -1.5350172222e+00   4.8475771501e-02
  -1.3470202479e-01  -1.3554394387e-01   4.9947245889e-03  -1.5944068311e+00  -1.8601783219e-02
  -1.3299460342e-01  -1.3386010571e-01  -8.7319659872e-02  -1.6402734844e+00  -9.0748771607e-02
  -1.3122742364e-01  -1.3212910114e-01  -1.7971221812e-01  -1.6702901320e+00  -1.6913862633e-01
  -1.2936992205e-01  -1.3032574614e-01  -2.7221239928e-01  -1.6806312154e+00  -2.5535250466e-01
  -1.2737607576e-01  -1.2841409796e-01  -3.6470628070e-01  -1.6652713665e+00  -3.5180670718e-01
  -1.2516795232e-01  -1.2633805357e-01  -4.5719434503e-01  -1.6138484461e+00  -4.6293805489e-01
  -1.2259649311e-01  -1.2399785107e-01  -5.4989646445e-01  -1.5049195206e+00  -5.9824890177e-01
  -1.1978118372e-01  -1.2119513514e-01  -6.3030194005e-01  -1.3248707611e+00  -7.5208021110e-01
  -1.1722127913e-01  -1.1836723231e-01  -6.8319325582e-01  -1.1061924829e+00  -8.9670801040e-01
  -1.1509287231e-01  -1.1607532595e-01  -7.1180924992e-01  -8.8485501118e-01  -1.0200496505e+00
  -1.1322832905e-01  -1.1411041867e-01  -7.2560047199e-01  -6.6406593050e-01  -1.1296755368e+00
  -1.1153107570e-01  -1.1234623943e-01  -7.2948327784e-01  -4.4362244428e-01  -1.2302496240e+00
  -1.0994725144e-01  -1.1071591197e-01  -7.2617336191e-01  -2.2240590539e-01  -1.3247352282e+00
  -1.0844209005e-01  -1.0917859092e-01  -7.1744234875e-01  -2.2236685452e-03  -1.4138973485e+00
  -1.0699069130e-01  -1.0770558918e-01  -7.0446000119e-01   2.1837756091e-01  -1.4993580035e+00
  -1.0557379342e-01  -1.0627579343e-01  -6.8805053619e-01   4.3969972268e-01  -1.5818868622e+00
  -1.0417484262e-01  -1.0487179340e-01  -6.6912346894e-01   6.5913773088e-01  -1.6610221816e+00
  -1.0277836491e-01  -1.0347789183e-01  -6.4787851651e-01   8.8081352708e-01  -1.7385669361e+00
  -1.0136848770e-01  -1.0207883800e-01  -6.2514358206e-01   1.1010074791e+00  -1.8133985128e+00
  -9.9927160114e-02  -1.0065813741e-01  -6.0121752137e-01   1.3213937765e+00  -1.8861880558e+00
  -9.8431492431e-02  -9.9196182820e-02  -5.7649725581e-01   1.5424613426e+00  -1.9570133282e+00
  -9.6849353975e-02  -9.7666802042e-02  -5.5165898056e-01   1.7628333039e+00  -2.0251686190e+00
  -9.5128935434e-02  -9.6031905908e-02  -5.2721846004e-01   1.9841071985e+00  -2.0905193929e+00
  -9.3169554815e-02  -9.4225964960e-02  -5.0435882186e-01   2.2060553881e+00  -2.1515142178e+00
  -9.0693116826e-02  -9.2113144671e-02  -4.8573018594e-01   2.4298238722e+00  -2.2041472773e+00
  -8.6064311804e-02  -8.9273088982e-02  -4.9192088638e-01   2.6334214857e+00  -2.2095463053e+00
  -8.1038906322e-02  -8.2855534627e-02  -5.5494108597e-01   2.5523981893e+00  -2.0812867170e+00
  -7.8108252031e-02  -7.9222278017e-02  -6.2195493881e-01   2.3296925580e+00  -1.9248191038e+00
  -7.6119770026e-02  -7.6994226045e-02  -6.7817894525e-01   2.1069466214e+00  -1.7833433817e+00
  -7.4493656872e-02  -7.5245314008e-02  -7.2918893462e-01   1.8855141338e+00  -1.6473749362e+00
  -7.3066926550e-02  -7.3741999736e-02  -7.7695243145e-01   1.6637559247e+00  -1.5132424437e+00
  -7.1768786630e-02  -7.2391853364e-02  -8.2173938102e-01   1.4437683234e+00  -1.3810390115e+00
  -7.0560251636e-02  -7.1145719897e-02  -8.6430966434e-01   1.2238041743e+00  -1.2490658758e+00
  -6.9417550346e-02  -6.9974783374e-02  -9.0528911354e-01   1.0015040839e+00  -1.1154938505e+00
  -6.8324055410e-02  -6.8860317318e-02  -9.4379000800e-01   7.8243961103e-01  -9.8337709489e-01
  -6.7267461975e-02  -6.7787793503e-02  -9.8074752961e-01   5.6185481872e-01  -8.4962384699e-01
  -6.6238617133e-02  -6.6747130448e-02  -1.0160907280e+00   3.4009226976e-01  -7.1422493926e-01
  -6.5229849759e-02  -6.5730103818e-02  -1.0493850354e+00   1.1989660341e-01  -5.7867668496e-01
  -6.4234582529e-02  -6.4729595701e-02  -1.0808812936e+00  -1.0043756882e-01  -4.4176759204e-01
  -6.3247023061e-02  -6.3739569357e-02  -1.1105438758e+00  -3.2111410543e-01  -3.0318475546e-01
  -6.2261713444e-02  -6.2754476766e-02  -1.1382872441e+00  -5.4223511935e-01  -1.6265701319e-01
  -6.1273271772e-02  -6.1768950123e-02  -1.1638552355e+00  -7.6265085127e-01  -2.0700155798e-02
  -6.0276158330e-02  -6.0777593420e-02  -1.1871822472e+00  -9.8298582462e-01   1.2332618262e-01
  -5.9264388663e-02  -5.9774723239e-02  -1.2080667239e+00  -1.2031647512e+00   2.6966661878e-01
  -5.8231038661e-02  -5.8754054088e-02  -1.2263865628e+00  -1.4250407459e+00   4.1996037344e-01
  -5.7167898835e-02  -5.7708023234e-02  -1.2415353619e+00  -1.6455433218e+00   5.7260500329e-01
  -5.6065022706e-02  -5.6627774435e-02  -1.2531144205e+00  -1.8642327166e+00   7.2780358109e-01
  -5.4910797379e-02  -5.5502270977e-02  -1.2607106060e+00  -2.0867695904e+00   8.9048410071e-01
  -5.3708034454e-02  -5.4319323781e-02  -1.2631480845e+00  -2.3022285287e+00   1.0536988157e+00
  -5.2463138266e-02  -5.3096745126e-02  -1.2597134124e+00  -2.5097271408e+00   1.2177269595e+00
  -5.1166546254e-02  -5.1829531406e-02  -1.2494982864e+00  -2.7062280503e+00   1.3814342718e+00
  -4.9801008403e-02  -5.0503561102e-02  -1.2309840432e+00  -2.8918470450e+00   1.5468752033e+00
  -4.8342526768e-02  -4.9098455703e-02  -1.2027472917e+00  -3.0596322540e+00   1.7105719010e+00
  -4.6754581213e-02  -4.7586597833e-02  -1.1617104749e+00  -3.2076614272e+00   1.8749713641e+00
  -4.4974374735e-02  -4.5922564593e-02  -1.1032581515e+00  -3.3274568618e+00   2.0394109110e+00
  -4.2998052848e-02  -4.4026184878e-02  -1.0232980705e+00  -3.4021852733e+00   2.1961450755e+00
  -4.1070655474e-02  -4.1969920818e-02  -9.3118833922e-01  -3.4159103924e+00   2.3212419401e+00
  -3.9362305491e-02  -4.0171390129e-02  -8.3876488888e-01  -3.3789493612e+00   2.4076696689e+00
  -3.7805683954e-02  -3.8553220854e-02  -7.4618601321e-01  -3.3061618330e+00   2.4663881705e+00
  -3.6354604293e-02  -3.7058147054e-02  -6.5363291302e-01  -3.2062454055e+00   2.5036069528e+00
  -3.4979688191e-02  -3.5651061533e-02  -5.6135957985e-01  -3.0851003499e+00   2.5233046153e+00
  -3.3660687901e-02  -3.4308314849e-02  -4.6903588632e-01  -2.9460734922e+00   2.5282035170e+00
  -3.2382721616e-02  -3.3013060953e-02  -3.7644334803e-01  -2.7913866140e+00   2.5199905210e+00
  -3.1134000315e-02  -3.1752382279e-02  -2.8383902851e-01  -2.6233595679e+00   2.4998233225e+00
  -2.9904597774e-02  -3.0515618351e-02  -1.9132998076e-01  -2.4437164264e+00   2.4685543520e+00
  -2.8685747466e-02  -2.9293577198e-02  -9.8921176082e-02  -2.2536728855e+00   2.4267204035e+00
  -2.7469270579e-02  -2.8077917734e-02  -6.5604013517e-03  -2.0540458572e+00   2.3745482217e+00
  -2.6247064189e-02  -2.6860623423e-02   8.5818577321e-02  -1.8453771538e+00   2.3119688940e+00
  -2.5014821667e-02  -2.5633504956e-02   1.7793088623e-01  -1.6288445346e+00   2.2389192435e+00
  -2.3783464998e-02  -2.4396138378e-02   2.6825550377e-01  -1.4086356331e+00   2.1564005752e+00
  -2.2559798503e-02  -2.3170791618e-02   3.5570408587e-01  -1.1881435226e+00   2.0653627227e+00
  -2.1333573805e-02  -2.1948805389e-02   4.4048426554e-01  -9.6751676956e-01   1.9654502715e+00
  -2.0092652379e-02  -2.0718342222e-02   5.2280898668e-01  -7.4663766967e-01   1.8558612374e+00
  -1.8823713972e-02  -1.9466962537e-02   6.0270354873e-01  -5.2565886784e-01   1.7355234052e+00
  -1.7510956879e-02  -1.8180465406e-02   6.7994491419e-01  -3.0523034772e-01   1.6031871600e+00
  -1.6134263046e-02  -1.6841448352e-02   7.5464074212e-01  -8.4780693125e-02   1.4561157545e+00
  -1.4716027676e-02  -1.5427077741e-02   8.2413447435e-01   1.2808822143e-01   1.2967807886e+00
  -1.3323109993e-02  -1.4004977611e-02   8.8506269363e-01   3.2280405335e-01   1.1314994916e+00
  -1.1982185388e-02  -1.2641242376e-02   9.3522915504e-01   4.9115025154e-01   9.6806798431e-01
  -1.0682244316e-02  -1.1323128401e-02   9.7640951962e-01   6.3762233940e-01   8.0400172554e-01
  -9.4147914636e-03  -1.0041360232e-02   1.0090977411e+00   7.6293518310e-01   6.3965140938e-01
  -8.1726570787e-03  -8.7882226952e-03   1.0337547637e+00   8.6783518816e-01   4.7530370469e-01
  -6.9495966886e-03  -7.5570914623e-03   1.0508160060e+00   9.5311728277e-01   3.1110403254e-01
  -5.7399918747e-03  -6.3421019150e-03   1.0606672958e+00   1.0195370125e+00   1.4708649334e-01
  -4.5386011756e-03  -5.1378818345e-03   1.0636281492e+00   1.0677437844e+00  -1.6797667776e-02
  -3.3403364641e-03  -3.9393205168e-03   1.0599414141e+00   1.0982328999e+00  -1.8065181675e-01
  -2.1400090595e-03  -2.7413524114e-03   1.0496560105e+00   1.1112817501e+00  -3.4570298906e-01
  -9.3212634877e-04  -1.5386657077e-03   1.0330011947e+00   1.1068385231e+00  -5.0980841160e-01
   2.8931424925e-04  -3.2558698988e-04   1.0100347868e+00   1.0851366508e+00  -6.7379107240e-01
   1.5311812089e-03   9.0421548837e-04   9.8071293742e-01   1.0459941122e+00  -8.3787510097e-01
   2.8016617177e-03   2.1581469294e-03   9.4496685734e-01   9.8906660315e-01  -1.0018908359e+00
   4.1109605850e-03   3.4451765061e-03   9.0253441730e-01   9.1357925830e-01  -1.1660665722e+00
   5.4725294366e-03   4.7767446639e-03   8.5288816350e-01   8.1807462288e-01  -1.3308463997e+00
   6.9046774823e-03   6.1683142094e-03   7.9587773368e-01   7.0166736583e-01  -1.4948397677e+00
   8.4340799804e-03   7.6410407552e-03   7.3040054694e-01   5.6136647186e-01  -1.6587729216e+00
   1.0104145255e-02   9.2271192055e-03   6.5441957746e-01   3.9160609239e-01  -1.8235323651e+00
   1.1941516552e-02   1.0981171305e-02   5.6761455657e-01   1.9018175368e-01  -1.9843339702e+00
   1.3844002375e-02   1.2901861799e-02   4.7668105235e-01  -2.8116250685e-02  -2.1255347381e+00
   1.5719327137e-02   1.4786142951e-02   3.8732947963e-01  -2.4927911054e-01  -2.2382122129e+00
   1.7600566921e-02   1.6652511322e-02   3.0073800888e-01  -4.6960236021e-01  -2.3219080941e+00
   1.9538400328e-02   1.8548622520e-02   2.1614412556e-01  -6.9041979649e-01  -2.3765251370e+00
   2.1598120379e-02   2.0528178135e-02   1.3343575460e-01  -9.1162122502e-01  -2.3980659386e+00
   2.3888292623e-02   2.2668062623e-02   5.2561545516e-02  -1.1328178986e+00  -2.3773780139e+00
   2.6618799763e-02   2.5108522624e-02  -2.6472270612e-02  -1.3525973421e+00  -2.2923436591e+00
   2.9401618874e-02   2.8129076902e-02  -8.6673505865e-02  -1.5191491206e+00  -2.1443469489e+00
   3.1692531966e-02   3.0674160846e-02  -1.1991375989e-01  -1.6052106502e+00  -1.9788299176e+00
   3.3600221992e-02   3.2710903086e-02  -1.3644418468e-01  -1.6384142034e+00  -1.8141637670e+00
   3.5300111210e-02   3.4489540898e-02  -1.4307119759e-01  -1.6373799957e+00  -1.6491669855e+00
   3.6869555690e-02   3.6110681521e-02  -1.4281745776e-01  -1.6105101339e+00  -1.4852398483e+00
   3.8351830203e-02   3.7628429858e-02  -1.3742381562e-01  -1.5622434509e+00  -1.3210775576e+00
   3.9774323875e-02   3.9075230547e-02  -1.2794552212e-01  -1.4952723512e+00  -1.1570537485e+00
   4.1156420734e-02   4.0473417203e-02  -1.1500153778e-01  -1.4106210188e+00  -9.9216825209e-01
   4.2513044807e-02   4.1839424264e-02  -9.9266946847e-02  -1.3103668091e+00  -8.2845717212e-01
   4.3856500443e-02   4.3186665349e-02  -8.0984380819e-02  -1.1942345579e+00  -6.6442490831e-01
   4.5197538296e-02   4.4526335537e-02  -6.0326261574e-02  -1.0617724419e+00  -4.9952859043e-01
   4.6546249027e-02   4.5868741055e-02  -3.7809296634e-02  -9.1492062410e-01  -3.3622581183e-01
   4.7912792377e-02   4.7223756999e-02  -1.3110545918e-02  -7.5024263795e-01  -1.7121612950e-01
   4.9307828469e-02   4.8601827754e-02   1.3172144010e-02  -5.7044937580e-01  -7.9246294561e-03
   5.0743392454e-02   5.0013829184e-02   4.1510504010e-02  -3.7101534894e-01   1.5684770511e-01
   5.2207825414e-02   5.1472955725e-02   7.1061059219e-02  -1.5665151351e-01   3.1832517636e-01
   5.3650667067e-02   5.2942695103e-02   1.0054092377e-01   6.3843904051e-02   4.7038176718e-01
   5.5047776467e-02   5.4358639031e-02   1.2904639713e-01   2.8346779218e-01   6.0972666387e-01
   5.6414013560e-02   5.5736913904e-02   1.5704893991e-01   5.0542837667e-01   7.3980772449e-01
   5.7762323677e-02   5.7091113216e-02   1.8403469514e-01   7.2516169251e-01   8.5913940249e-01
   5.9104466362e-02   5.8433534137e-02   2.1041407284e-01   9.4546079606e-01   9.7030203169e-01
   6.0451808752e-02   5.9775398588e-02   2.3631167723e-01   1.1670189624e+00   1.0742655934e+00
   6.1816225066e-02   6.1128218917e-02   2.6134663671e-01   1.3861436696e+00   1.1699698904e+00
   6.3211375120e-02   6.2504231215e-02   2.8617595716e-01   1.6082846887e+00   1.2602545498e+00
   6.4653930942e-02   6.3918519026e-02   3.1024464250e-01   1.8282902130e+00   1.3433645652e+00
   6.6165814248e-02   6.5389342859e-02   3.3384438926e-01   2.0486812462e+00   1.4206595094e+00
   6.7779318088e-02   6.6942285637e-02   3.5698524533e-01   2.2698259087e+00   1.4924195025e+00
   6.9546485745e-02   6.8616350540e-02   3.7943270495e-01   2.4903028034e+00   1.5582872675e+00
   7.1567532276e-02   7.0476620951e-02   4.0117046339e-01   2.7123448676e+00   1.6188081476e+00
   7.4104885422e-02   7.2658443602e-02   4.2138680926e-01   2.9355889761e+00   1.6732382521e+00
   7.7526520153e-02   7.5551327241e-02   4.3457391026e-01   3.1289514270e+00   1.7132996893e+00
   8.1476905976e-02   7.9501713064e-02   4.2735048479e-01   3.1899101925e+00   1.7192876619e+00
   8.5477905063e-02   8.3452098887e-02   3.9188627174e-01   3.0650928114e+00   1.6864483620e+00
   8.8741837857e-02   8.7503711239e-02   3.4170853659e-01   2.8353647113e+00   1.6349508064e+00
   9.0981550477e-02   8.9979964474e-02   2.9565563138e-01   2.6132200314e+00   1.5869064333e+00
   9.2861396960e-02   9.1983136480e-02   2.5033542816e-01   2.3920440562e+00   1.5391344781e+00
   9.4541878575e-02   9.3739657440e-02   2.0507447137e-01   2.1705932010e+00   1.4907527621e+00
   9.6096131064e-02   9.5344099709e-02   1.6005081159e-01   1.9503779187e+00   1.4417252016e+00
   9.7565832357e-02   9.6848162418e-02   1.1498494629e-01   1.7301457566e+00   1.3915051398e+00
   9.8977729923e-02   9.8283502295e-02   6.9677183014e-02   1.5087722269e+00   1.3395812484e+00
   1.0035123539e-01   9.9671957551e-02   2.4743140735e-02   1.2889388699e+00   1.2863571686e+00
   1.0170158899e-01   1.0103051323e-01  -2.0378242444e-02   1.0674185568e+00   1.2308153285e+00
   1.0304161504e-01   1.0237266476e-01  -6.4817377117e-02   8.4785172486e-01   1.1736216691e+00
   1.0438312125e-01   1.0371056532e-01  -1.0912767690e-01   6.2668634501e-01   1.1135745748e+00
   1.0573772454e-01   1.0505567718e-01  -1.5265466897e-01   4.0610986199e-01   1.0509193055e+00
   1.0711777092e-01   1.0641977189e-01  -1.9519248174e-01   1.8579406762e-01   9.8518415139e-01
   1.0853732118e-01   1.0781576996e-01  -2.3640247038e-01  -3.4345217930e-02   9.1587074282e-01
   1.1001381601e-01   1.0925887241e-01  -2.7601647321e-01  -2.5558359279e-01   8.4190127132e-01
   1.1157029742e-01   1.1076875960e-01  -3.1308174668e-01  -4.7660552928e-01   7.6280774828e-01
   1.1323910999e-01   1.1237183524e-01  -3.4648464743e-01  -6.9682216534e-01   6.7760437039e-01
   1.1507083258e-01   1.1410638474e-01  -3.7477106181e-01  -9.1746129869e-01   5.8392411098e-01
   1.1715595752e-01   1.1603528043e-01  -3.9495755701e-01  -1.1388355034e+00   4.7821533489e-01
   1.1969438156e-01   1.1827663460e-01  -4.0046729848e-01  -1.3611691087e+00   3.5314492167e-01
   1.2294359536e-01   1.2111212852e-01  -3.7559492858e-01  -1.5669832336e+00   2.0269441030e-01
   1.2658882411e-01   1.2477506220e-01  -3.0665642854e-01  -1.6970767802e+00   5.0406507281e-02
   1.2978377682e-01   1.2840258601e-01  -2.1413340063e-01  -1.7285471771e+00  -6.5335163921e-02
   1.3235774354e-01   1.3116496762e-01  -1.2128363310e-01  -1.7025413207e+00  -1.4517900598e-01
   1.3465455028e-01   1.3355051945e-01  -2.8695253342e-02  -1.6465533712e+00  -2.0633043949e-01
   1.3682756115e-01   1.3575858111e-01   6.4071557849e-02  -1.5697128046e+00  -2.5595930738e-01
   1.3897182370e-01   1.3789654119e-01   1.5643102893e-01  -1.4762079595e+00  -2.9743465555e-01
   1.4117369974e-01   1.4004710620e-01   2.4908819234e-01  -1.3658561382e+00  -3.3349093462e-01
   1.4354874708e-01   1.4230029328e-01   3.4183685360e-01  -1.2360319905e+00  -3.6602485950e-01
   1.4633888714e-01   1.4479720088e-01   4.3523221694e-01  -1.0759499545e+00  -3.9779292686e-01
   1.4981236160e-01   1.4788057341e-01   5.1854870248e-01  -8.7629870536e-01  -4.3094353324e-01
   1.5385946366e-01   1.5174414979e-01   5.5881096679e-01  -6.5604893478e-01  -4.6523655353e-01
   1.5819320894e-01   1.5597477754e-01   5.2489184945e-01  -4.4827107869e-01  -5.0002097293e-01
   1.6184740152e-01   1.6041164034e-01   4.3647120433e-01  -3.0049554655e-01  -5.2780187056e-01
   1.6440447902e-01   1.6328316269e-01   3.4301556415e-01  -2.1412064810e-01  -5.4504141429e-01
   1.6650136438e-01   1.6552579535e-01   2.5022922683e-01  -1.5386823960e-01  -5.5664780467e-01
   1.6837033901e-01   1.6747693341e-01   1.5765313017e-01  -1.0808159483e-01  -5.6422983611e-01
   1.7010830122e-01   1.6926374462e-01   6.4998085819e-02  -7.2029303289e-02  -5.6828412026e-01
   1.7177006805e-01   1.7095285781e-01  -2.7471203560e-02  -4.3456773459e-02  -5.6889367596e-01
   1.7339327517e-01   1.7258727828e-01  -1.1979387469e-01  -2.0987655860e-02  -5.6596292278e-01
   1.7500830949e-01   1.7419927206e-01  -2.1237889303e-01  -3.8172311498e-03  -5.5916964879e-01
   1.7664414492e-01   1.7581734693e-01  -3.0472187218e-01   8.2778315525e-03  -5.4806441747e-01
   1.7833348868e-01   1.7747094292e-01  -3.9738848887e-01   1.5309673916e-02  -5.3181027721e-01
   1.8011963246e-01   1.7919603443e-01  -4.8985043258e-01   1.6743637187e-02  -5.0930045574e-01
   1.8207106981e-01   1.8104323049e-01  -5.8259758720e-01   1.1389580993e-02  -4.7838436016e-01
   1.8432341455e-01   1.8309890913e-01  -6.7545608758e-01  -3.5515397759e-03  -4.3506134443e-01
   1.8730324195e-01   1.8554791997e-01  -7.7003918751e-01  -3.7357197277e-02  -3.6659748052e-01
   1.9198932527e-01   1.8905856393e-01  -8.4101471858e-01  -1.1945180549e-01  -2.4323988474e-01
   1.9726099767e-01   1.9492008661e-01  -8.0873411010e-01  -2.4144827282e-01  -1.0504625323e-01
   2.0095746375e-01   1.9960190873e-01  -7.1368837899e-01  -3.3780067631e-01  -2.5367691066e-02
   2.0338988416e-01   2.0231301878e-01  -6.2044648937e-01  -4.0141065198e-01   1.1561709819e-02
   2.0540576969e-01   2.0446674954e-01  -5.2756759670e-01  -4.5183478986e-01   3.0305750093e-02
   2.0720180342e-01   2.0634478985e-01  -4.3514977874e-01  -4.9332053398e-01   3.6700795657e-02
   2.0886272091e-01   2.0805881699e-01  -3.4254430308e-01  -5.2791717004e-01   3.3363015305e-02
   2.1043552366e-01   2.0966662483e-01  -2.5021005982e-01  -5.5627888855e-01   2.1677384217e-02
   2.1195075282e-01   2.1120442249e-01  -1.5764457525e-01  -5.7894175540e-01   2.3954139482e-03
   2.1343051381e-01   2.1269708315e-01  -6.5145591214e-02  -5.9590987178e-01  -2.3965358243e-02
   2.1489263354e-01   2.1416394446e-01   2.7245952111e-02  -6.0708843399e-01  -5.7097931525e-02
   2.1635282734e-01   2.1562132261e-01   1.1961409527e-01  -6.1221098109e-01  -9.6906452271e-02
   2.1782637853e-01   2.1708433207e-01   2.1205505987e-01  -6.1078529137e-01  -1.4347517049e-01
   2.1932969182e-01   2.1856842500e-01   3.0457159930e-01  -6.0205535723e-01  -1.9700757000e-01
   2.2088202986e-01   2.2009095864e-01   3.9696355273e-01  -5.8498551524e-01  -2.5773019676e-01
   2.2250829290e-01   2.2167310109e-01   4.8947920562e-01  -5.5796591100e-01  -3.2639063448e-01
   2.2424396686e-01   2.2334348470e-01   5.8197759069e-01  -5.1863813824e-01  -4.0383697734e-01
   2.2614578731e-01   2.2514444901e-01   6.7455682537e-01  -4.6301683462e-01  -4.9174469118e-01
   2.2832036589e-01   2.2714712560e-01   7.6723303178e-01  -3.8372444558e-01  -5.9310218880e-01
   2.3104116554e-01   2.2949360617e-01   8.6095474161e-01  -2.6147582892e-01  -7.1633406791e-01
   2.3446740230e-01   2.3258872491e-01   9.3985489750e-01  -7.6851156690e-02  -8.5493211274e-01
   2.3803867974e-01   2.3634607970e-01   9.7436316019e-01   1.4351484196e-01  -9.6879999685e-01
   2.4135828121e-01   2.3973127978e-01   9.6096174558e-01   3.6418091493e-01  -1.0360305082e+00
   2.4464229029e-01   2.4298528263e-01   9.0675598146e-01   5.8478149747e-01  -1.0595320882e+00
   2.4774388155e-01   2.4629929796e-01   8.2272282080e-01   7.8338394797e-01  -1.0408442739e+00
   2.5038396827e-01   2.4918846514e-01   7.2967064652e-01   9.3638536563e-01  -9.9368979149e-01
   2.5265231116e-01   2.5157947139e-01   6.3711440800e-01   1.0501336307e+00  -9.3152325134e-01
   2.5473031395e-01   2.5372515093e-01   5.4453022265e-01   1.1365840102e+00  -8.5866286884e-01
   2.5670511721e-01   2.5573547696e-01   4.5190780243e-01   1.2003272639e+00  -7.7714381131e-01
   2.5863194685e-01   2.5767475745e-01   3.5955661880e-01   1.2432125634e+00  -6.8829786222e-01
   2.6055367048e-01   2.5958913624e-01   2.6724796500e-01   1.2659019217e+00  -5.9239193393e-01
   2.6251072899e-01   2.6151820472e-01   1.7470679296e-01   1.2675658232e+00  -4.8911452953e-01
   2.6454940182e-01   2.6350325326e-01   8.2042844760e-02   1.2458875968e+00  -3.7810783569e-01
   2.6673238471e-01   2.6559555038e-01  -1.0341846369e-02   1.1970069119e+00  -2.5889095058e-01
   2.6916222718e-01   2.6786921904e-01  -1.0293109701e-01   1.1132500786e+00  -1.2889132742e-01
   2.7205175754e-01   2.7045523533e-01  -1.9594070041e-01   9.7830470532e-01   1.6545933539e-02
   2.7542659499e-01   2.7364827974e-01  -2.7826858213e-01   7.8486543865e-01   1.6613154240e-01
   2.7889122059e-01   2.7720491024e-01  -3.3273181466e-01   5.6369258726e-01   2.9030742482e-01
   2.8234944938e-01   2.8057753094e-01  -3.5786931211e-01   3.4228361952e-01   3.7836765549e-01
   2.8629386712e-01   2.8412136782e-01  -3.5730556123e-01   1.1922218851e-01   4.3210129183e-01
   2.9276767405e-01   2.8846636642e-01  -3.1889644523e-01  -9.5417324370e-02   4.1743009895e-01
   3.0061497953e-01   2.9706898168e-01  -2.8168562115e-01  -6.2422983178e-02   2.9773222587e-01
   3.0637126398e-01   3.0416097737e-01  -3.0171186958e-01   1.5837675147e-01   1.9207175479e-01
   3.1056872481e-01   3.0858155059e-01  -3.5326394598e-01   3.8115804206e-01   1.4119270506e-01
   3.1463802338e-01   3.1255589902e-01  -4.2871110426e-01   5.9957316422e-01   1.3341833381e-01
   3.1872411652e-01   3.1672014775e-01  -5.1929824328e-01   7.8284949788e-01   1.7785761078e-01
   3.2287356189e-01   3.2072808529e-01  -6.1164294765e-01   8.9908567781e-01   2.8227848454e-01
   3.2687829824e-01   3.2501903849e-01  -6.8504311274e-01   9.2808162935e-01   4.3480171258e-01
   3.3033830393e-01   3.2873755799e-01  -7.2372444516e-01   8.8239855647e-01   5.9981422351e-01
   3.3344961879e-01   3.3193904987e-01  -7.3103758028e-01   7.8946382068e-01   7.6422321341e-01
   3.3648870306e-01   3.3496018770e-01  -7.0858570428e-01   6.5983982453e-01   9.2870993078e-01
   3.3967017916e-01   3.3801721842e-01  -6.5134475613e-01   4.9495826637e-01   1.0923282472e+00
   3.4270881407e-01   3.4132313990e-01  -5.6563634389e-01   3.2288204083e-01   1.2285013522e+00
   3.4523117408e-01   3.4409448823e-01  -4.7263441015e-01   1.7758175253e-01   1.3182537504e+00
   3.4737466320e-01   3.4636785992e-01  -3.7998112758e-01   5.7630357067e-02   1.3728982104e+00
   3.4931156545e-01   3.4838146648e-01  -2.8761949149e-01  -4.4794071545e-02   1.4024031409e+00
   3.5112509625e-01   3.5024166442e-01  -1.9494460410e-01  -1.3424855679e-01   1.4112686091e+00
   3.5286583623e-01   3.5200852807e-01  -1.0241536297e-01  -2.1265872440e-01   1.4014496617e+00
   3.5457029672e-01   3.5372314438e-01  -9.8934067104e-03  -2.8184775968e-01   1.3737711828e+00
   3.5626879955e-01   3.5541744907e-01   8.2464344968e-02  -3.4299291916e-01   1.3281804510e+00
   3.5799061964e-01   3.5712015003e-01   1.7489529157e-01  -3.9731391036e-01   1.2635322336e+00
   3.5976860714e-01   3.5886108925e-01   2.6734287748e-01  -4.4574396973e-01   1.1776821180e+00
   3.6164560677e-01   3.6067612502e-01   3.5992170440e-01  -4.8940375499e-01   1.0666955986e+00
   3.6366197227e-01   3.6261508852e-01   4.5137861157e-01  -5.2920118951e-01   9.2614007829e-01
   3.6568115675e-01   3.6470885602e-01   5.3336648238e-01  -5.6394284534e-01   7.6501613888e-01
   3.6754825006e-01   3.6665345748e-01   5.9876050969e-01  -5.9327151130e-01   6.0089105714e-01
   3.6928695524e-01   3.6844304263e-01   6.5012802706e-01  -6.2008022333e-01   4.3638453408e-01
   3.7094160435e-01   3.7013086785e-01   6.8967286883e-01  -6.4640846361e-01   2.7275406325e-01
   3.7254251576e-01   3.7175234086e-01   7.1951681465e-01  -6.7424763042e-01   1.0763829119e-01
   3.7411286219e-01   3.7333269067e-01   7.4022037756e-01  -7.0440624749e-01  -5.6173797724e-02
   3.7567245930e-01   3.7489303370e-01   7.5281683823e-01  -7.3823734587e-01  -2.2013100614e-01
   3.7723981263e-01   3.7645188489e-01   7.5773928996e-01  -7.7688829075e-01  -3.8440062496e-01
   3.7883443336e-01   3.7802774038e-01   7.5517947216e-01  -8.2158022011e-01  -5.4901824895e-01
   3.8047891362e-01   3.7964112633e-01   7.4522071547e-01  -8.7334114257e-01  -7.1286561480e-01
   3.8220252201e-01   3.8131670090e-01   7.2758029834e-01  -9.3429663636e-01  -8.7728366507e-01
   3.8404748900e-01   3.8308834311e-01   7.0176065507e-01  -1.0064874867e+00  -1.0412992351e+00
   3.8608416343e-01   3.8500663490e-01   6.6623193785e-01  -1.0943888456e+00  -1.2063398180e+00
   3.8845280006e-01   3.8716169196e-01   6.1853050290e-01  -1.2042581547e+00  -1.3709843260e+00
   3.9152402103e-01   3.8974390817e-01   5.5052568772e-01  -1.3546854512e+00  -1.5363714830e+00
   3.9540749083e-01   3.9330413390e-01   4.6364647917e-01  -1.5419700080e+00  -1.6601444676e+00
   3.9998842425e-01   3.9751084777e-01   3.7093611658e-01  -1.7296795521e+00  -1.6780772655e+00
   4.0461283637e-01   4.0246600073e-01   2.9536329772e-01  -1.8473744708e+00  -1.5659738673e+00
   4.0824270461e-01   4.0675967201e-01   2.4926609410e-01  -1.8667528771e+00  -1.3978155341e+00
   4.1098573482e-01   4.0972573721e-01   2.2045197036e-01  -1.8284032114e+00  -1.2328282037e+00
   4.1339891324e-01   4.1224573243e-01   1.9715309713e-01  -1.7545225873e+00  -1.0681197184e+00
   4.1565410983e-01   4.1455209406e-01   1.7536027125e-01  -1.6515425941e+00  -9.0408764436e-01
   4.1784309690e-01   4.1675612559e-01   1.5233330840e-01  -1.5202894526e+00  -7.3948546153e-01
   4.2003306119e-01   4.1893006820e-01   1.2596028196e-01  -1.3606804698e+00  -5.7538057808e-01
   4.2228473499e-01   4.2113605417e-01   9.3685002880e-02  -1.1694549727e+00  -4.1152666514e-01
   4.2453237295e-01   4.2343341581e-01   5.4823214118e-02  -9.5475188249e-01  -2.5726176075e-01
   4.2665741155e-01   4.2563133009e-01   1.0992488075e-02  -7.3425880300e-01  -1.2416645307e-01
   4.2866541872e-01   4.2768349302e-01  -3.7551756392e-02  -5.1351326585e-01  -1.2388522465e-02
   4.3060534923e-01   4.2964734442e-01  -9.1182399761e-02  -2.9316641578e-01   8.0226551289e-02
   4.3251356087e-01   4.3156335404e-01  -1.5051633259e-01  -7.2683216173e-02   1.5526083877e-01
   4.3442094964e-01   4.3346376770e-01  -2.1620012295e-01   1.4818000834e-01   2.1322335955e-01
   4.3635753672e-01   4.3537813158e-01  -2.8857077843e-01   3.6840723514e-01   2.5373811688e-01
   4.3835654627e-01   4.3733694186e-01  -3.6877132098e-01   5.8901113357e-01   2.7619230025e-01
   4.4043662500e-01   4.3937615068e-01  -4.5659029067e-01   8.0687673231e-01   2.7895734137e-01
   4.4253985249e-01   4.4149709932e-01  -5.4896380942e-01   1.0133047517e+00   2.6134298077e-01
   4.4462320710e-01   4.4358260566e-01  -6.4126613903e-01   1.1991517827e+00   2.2524741761e-01
   4.4672758775e-01   4.4566380855e-01  -7.3366883264e-01   1.3669609988e+00   1.7202092027e-01
   4.4891196447e-01   4.4779136694e-01  -8.2622554170e-01   1.5182640112e+00   1.0173601837e-01
   4.5126594965e-01   4.5003256200e-01  -9.1882958508e-01   1.6537794000e+00   1.2974674710e-02
   4.5397375997e-01   4.5249933730e-01  -1.0119876152e+00   1.7744132755e+00  -9.9832883072e-02
   4.5735951527e-01   4.5544818263e-01  -1.1004104395e+00   1.8738616985e+00  -2.4444037547e-01
   4.6162797951e-01   4.5927084791e-01  -1.1558345004e+00   1.9281598654e+00  -4.0962937831e-01
   4.6651114958e-01   4.6398511111e-01  -1.1283046342e+00   1.9134255458e+00  -5.4068668319e-01
   4.7039569429e-01   4.6903718805e-01  -1.0342121909e+00   1.8608036642e+00  -5.8221132923e-01
   4.7279185709e-01   4.7175420054e-01  -9.4061274820e-01   1.8143331362e+00  -5.7110824203e-01
   4.7471013751e-01   4.7382951364e-01  -8.4794795047e-01   1.7718536107e+00  -5.4133470841e-01
   4.7637515518e-01   4.7559076137e-01  -7.5535987335e-01   1.7317813635e+00  -5.0037131823e-01
   4.7787857922e-01   4.7715954898e-01  -6.6282225967e-01   1.6933806086e+00  -4.5151901990e-01
   4.7926958189e-01   4.7859760947e-01  -5.7044048442e-01   1.6561601534e+00  -3.9671342675e-01
   4.8057834895e-01   4.7994155431e-01  -4.7798444387e-01   1.6196050367e+00  -3.3699371378e-01
   4.8182509209e-01   4.8121514360e-01  -3.8528504197e-01   1.5832917665e+00  -2.7303123532e-01
   4.8302447802e-01   4.8243504059e-01  -2.9286351543e-01   1.5471026593e+00  -2.0577536559e-01
   4.8418778828e-01   4.8361391545e-01  -2.0098598544e-01   1.5108486168e+00  -1.3592106079e-01
   4.8532376560e-01   4.8476166111e-01  -1.0763686280e-01   1.4734371660e+00  -6.2227654353e-02
   4.8643981443e-01   4.8588587009e-01  -1.6194159926e-02   1.4359453515e+00   1.2337724827e-02
   4.8754242565e-01   4.8699375878e-01   7.7263939722e-02   1.3964647479e+00   9.0742920162e-02
   4.8863737676e-01   4.8809109251e-01   1.6911080349e-01   1.3562108415e+00   1.6977078100e-01
   4.8973025032e-01   4.8918366101e-01   2.6139306021e-01   1.3139898560e+00   2.5097113466e-01
   4.9082651997e-01   4.9027683962e-01   3.5443536008e-01   1.2692381156e+00   3.3452821091e-01
   4.9193180318e-01   4.9137620032e-01   4.4602886472e-01   1.2226337600e+00   4.1831192864e-01
   4.9305229898e-01   4.9248740604e-01   5.3939456127e-01   1.1720257117e+00   5.0516426513e-01
   4.9419488176e-01   4.9361719191e-01   6.3101837242e-01   1.1187454381e+00   5.9171501051e-01
   4.9536771504e-01   4.9477257160e-01   7.2391692492e-01   1.0603623964e+00   6.8070433409e-01
   4.9658103552e-01   4.9596285849e-01   8.1634619985e-01   9.9699253978e-01   7.7039187373e-01
   4.9784778996e-01   4.9719921256e-01   9.0849102273e-01   9.2742803533e-01   8.6084673960e-01
   4.9924818369e-01   4.9849636737e-01   1.0053133175e+00   8.4561065512e-01   9.5692016911e-01